Name,Time,A1,A2,A3,A4,A5,A6,A7,A8,A9,A10,A11,A12
pta,0,1392.549097,676.835613,410.525252,305.903568,213.170825,194.148737,141.838019,144.215778,99.038366,110.927156,125.193707,118.060431
pta,60,87.149578,82.394063,80.016306,56.238736,87.149578,44.349954,72.883034,51.483223,101.416124,63.372006,75.260791,32.461174
pta,120,222.68187,115.682673,84.77182,87.149578,144.215778,70.505277,56.238736,80.016306,118.060431,87.149578,115.682673,77.638548
pta,180,2362.695867,626.902352,360.592158,1083.436176,1140.503087,427.169624,225.059632,515.147074,681.591163,1306.948476,790.968895,1164.280978
pta,240,8029.253765,3772.75859,2224.782129,4612.150052,4407.651604,1261.770408,1192.814458,2593.345237,3078.424431,4785.736354,3347.121524,3951.098815
pta,300,13846.037281,7460.915335,4766.713179,9470.330806,8069.679665,2241.426878,3330.476545,5503.864508,6224.377046,10014.902979,6521.620083,7553.656477
pta,360,18887.908786,10181.366828,7199.338334,13387.05249,11677.17895,3337.610107,5639.405975,8362.173549,9641.549605,15182.577937,9249.173733,10970.885799
pta,420,21848.967223,13001.792676,9037.529364,15798.535682,14630.836029,4388.628519,7881.818303,11013.691267,13263.388644,18269.548965,11819.865191,14866.277154
pta,480,23537.652013,14528.573938,10540.45431,17513.253833,17256.400508,4956.94513,9670.086107,13187.28791,16966.252374,20735.881803,13458.397103,17420.501148
pta,540,25709.210317,15529.796778,11484.552927,18947.366713,19163.793939,5791.593159,10963.751557,15403.751408,19166.172264,22279.459539,16091.057816,18250.522584
pta,600,26536.939178,15945.98573,12069.566727,19741.728853,20978.476024,6990.077349,12649.828542,16752.209342,21142.584296,23494.839845,17575.089015,20712.098095
pta,660,27447.926527,16830.691721,12557.081494,20333.938094,21884.643293,6968.675688,13192.044204,17827.186793,22445.948901,24117.996984,18367.059234,21708.641498
pta,720,28703.821649,17306.344145,13104.052816,20645.503751,22928.770009,7893.70825,14307.402885,18852.234051,23392.566427,24236.920654,19810.700788,22376.974694
pta,780,28925.03249,17860.482786,12847.213643,21190.151974,23673.224027,8240.895467,14771.149343,19551.461754,24196.486586,23532.895104,19304.115202,23076.233194
pta,840,28658.628112,17344.396462,13572.548617,21004.638189,24470.011558,8450.159723,15472.719605,19882.051129,24734.023505,24156.052539,20326.803017,23413.972481
pta,900,28834.645191,17425.257693,13391.808795,20902.367953,23927.719481,8863.933839,15898.421169,20141.291234,24979.008343,23887.285569,20597.936397,23152.343331
pta,960,29669.542286,16714.157308,13230.094564,20999.881431,24056.156746,8956.676607,16473.954257,20322.046299,24624.613043,23870.636318,20122.264409,23839.716288
pta,1020,28772.801308,16726.048567,13632.002595,20119.886056,24196.486586,9988.744405,16809.287428,20188.858317,24660.290351,22707.575741,19958.158228,23718.414749
pta,1080,28499.26163,16305.099079,13113.565394,19644.216908,23887.285569,9451.306518,16742.696332,20193.615027,24550.87999,22115.348935,19710.810419,23092.88228
pta,1140,27569.233719,15841.343732,13846.037281,19144.767347,22788.442391,9432.282234,16721.292063,19931.996405,24082.319918,21853.724031,19370.708429,22614.817036
pta,1200,26993.620835,15936.472815,13115.943539,18129.229516,22319.892638,9710.512836,16951.98282,18971.149896,23140.451118,20888.097698,18868.882258,22258.053789
pta,1260,26094.531308,14697.425367,13087.405808,18114.959756,21775.236727,9898.37849,16447.793572,18790.397881,22488.760507,20264.965708,18531.162152,21026.043604
pta,1320,25307.241631,14438.202896,12542.812727,16942.469786,21230.584522,9874.598003,16031.602011,18521.64893,20864.313946,19285.088575,17625.032852,19691.783696
pta,1380,24075.184506,13919.760472,11703.338075,15865.125992,19727.458805,9180.2109,15415.642472,17720.164055,20067.562311,18716.670203,16286.073166,18942.610077
pta,1440,22790.820824,12954.229865,11577.298732,14818.713234,19170.928913,8614.242306,15096.962564,17215.969967,17839.078218,17035.221917,15572.604684,17613.141459
pta,1500,21699.127899,12240.791087,11308.574003,13572.548617,17758.216568,8378.819574,14473.875663,16148.13543,17035.221917,15353.808958,14385.882866,16145.757195
pta,1560,20160.318064,10628.442879,10269.355002,11903.09895,16942.469786,7967.425958,13596.330203,14754.501988,15282.462655,14519.061192,13593.952044,14445.337448
pta,1620,18921.205219,10533.320106,9722.403054,11082.655681,15850.856636,7410.977841,13115.943539,14121.905055,14362.101046,12942.339166,12842.457369,13211.069382
pta,1680,17848.591358,9391.855646,9344.29498,9976.854148,14492.901146,6887.825021,11998.223352,13156.372008,12844.835506,12202.741198,11665.288441,11672.422746
pta,1740,15915.068762,8283.699475,8852.043748,8954.298586,13934.029485,6400.34479,10897.165325,11855.536792,11139.729723,10376.367777,10504.783296,10447.709707
pta,1800,14913.841101,7772.430878,7955.536,7529.876686,12421.528309,5618.004675,10074.354314,10849.603764,9791.366355,9572.586434,9670.086107,9256.307822
pta,1860,13496.44759,6778.438955,7244.519755,6878.313184,11734.253416,5287.47422,9258.685852,10091.000695,8754.545072,8240.895467,8504.85388,8471.56178
pta,1920,11729.497209,5912.867529,6414.612462,5717.877456,10129.049581,4676.353161,8164.79951,9161.18668,7736.761098,7187.448491,7682.067466,7330.126727
pta,1980,11265.768377,5394.480333,6314.738812,5327.898735,9116.004177,4207.909438,7748.651023,8309.857491,6690.454619,6428.880137,7256.409607,6317.116755
pta,2040,9739.049363,4533.679655,5513.376182,4307.780459,8816.373487,3677.643965,6963.919765,7270.677431,5705.987832,5744.034633,6188.707956,5256.561369
pta,2100,8709.362798,3901.163512,4849.939602,3651.487463,7498.96297,3494.548631,5841.529642,6397.966845,5047.305465,4802.381635,5544.289132,4619.283728
pta,2160,7506.096903,3159.271249,4500.389207,3121.225677,6512.108288,2959.532199,5296.985869,5627.516363,4169.863368,3832.205287,5073.462423,3682.399694
pta,2220,6357.54179,3014.222604,3915.430738,2460.186757,6024.630346,2804.972563,4531.301766,5308.875431,3454.125043,3313.83157,4526.545987,3485.037197
pta,2280,5710.743682,2700.347747,3703.800476,2267.582919,5232.782262,2348.428918,4108.038543,4819.02692,3339.987961,3018.978293,3772.75859,2835.884466
pta,2340,5068.706612,2132.047163,3401.812194,1970.355684,4509.900762,2234.293414,3282.919482,4157.973975,2629.012725,2481.587212,3508.815785,2445.91979
pta,2400,4533.679655,1744.463723,3194.938989,1528.083601,4103.282789,1965.600057,3230.606745,3758.491389,2127.291526,2179.603542,3087.935817,2165.336625
pta,2460,3789.403661,1480.527609,2697.969912,1325.970829,3558.750844,1542.350404,2598.100901,3244.873851,1937.066302,1789.642064,2519.63248,1934.68849
pta,2520,3651.487463,1180.925507,2405.496731,1261.770408,3342.365816,1368.771138,2376.962819,2990.444163,1756.352758,1563.750614,2265.205097,1637.462491
pta,2580,3175.916192,1211.836783,2288.983322,1038.258233,2659.92456,1375.904525,1979.866938,2638.524057,1556.61721,1342.615391,2020.289782,1359.259956
pta,2640,2821.617432,919.369033,2103.513349,933.635728,2443.541962,1321.21524,1832.442621,2491.098527,1402.060283,1138.125298,1837.19824,1235.614696
pta,2700,2809.72824,743.413341,1937.066302,912.235687,2379.340645,1221.347947,1535.217002,2082.112995,1245.125863,974.058043,1592.284236,1073.925028
pta,2760,2365.073693,679.213388,1777.753025,843.280038,1970.355684,1178.547717,1333.104212,2253.315986,1249.881447,936.013511,1487.661006,881.324526
pta,2820,2231.915592,600.746848,1665.996139,733.902234,1792.019872,1107.21405,1397.30469,1910.910369,1021.613735,776.702226,1392.549097,833.768918
pta,2880,2039.312304,453.325072,1801.531106,669.702288,1504.305601,1033.502662,1364.015547,1608.928853,993.080316,733.902234,1404.43808,938.391293
pta,2940,1606.55105,455.70284,1442.482835,574.591352,1387.793505,890.835651,1204.70341,1673.129552,790.968895,598.369075,1226.10353,764.813337
ptada,0,11731.875312,653.057866,455.70284,263.103827,217.926348,184.637695,167.993374,132.326983,144.215778,120.43819,113.304915,82.394063
ptada,60,1568.506217,53.86098,89.527335,65.749763,106.17164,53.86098,77.638548,68.12752,32.461174,51.483223,56.238736,63.372006
ptada,120,1000.21367,53.86098,65.749763,82.394063,63.372006,53.86098,44.349954,51.483223,49.105467,30.083418,53.86098,58.616493
ptada,180,258.348301,110.927156,53.86098,194.148737,44.349954,75.260791,44.349954,94.282851,53.86098,39.594442,60.994249,60.994249
ptada,240,177.504414,182.259935,172.748894,486.613836,82.394063,65.749763,39.594442,203.65978,70.505277,89.527335,127.571466,70.505277
ptada,300,167.993374,182.259935,741.035564,705.368918,41.972198,56.238736,70.505277,434.302927,113.304915,172.748894,422.414089,227.437394
ptada,360,234.570679,234.570679,2036.934488,1014.480379,99.038366,82.394063,141.838019,557.946949,274.992641,479.480528,1045.391591,503.258224
ptada,420,379.614286,360.592158,3739.468458,1632.706884,301.14804,172.748894,103.793882,707.746694,550.813635,824.2578,1587.528631,957.413558
ptada,480,610.257939,550.813635,5753.546336,2013.156337,479.480528,260.726064,141.838019,1073.925028,971.680259,1316.459652,2350.806743,1570.884018
ptada,540,857.546719,650.680091,7477.561173,2781.194184,543.680322,448.569535,291.636985,1373.526729,1245.125863,1860.976339,2921.486723,2174.847903
ptada,600,1204.70341,672.080063,8381.197578,3356.632942,995.458101,669.702288,446.191767,1742.085916,1292.681715,2517.25465,3689.533287,3038.001052
ptada,660,1601.795445,864.68006,10014.902979,4124.683683,1140.503087,1109.591838,615.013486,2310.383732,1768.241794,3273.408072,3865.495457,3389.922914
ptada,720,1939.444115,933.635728,10136.183749,4300.64681,1509.061201,1311.704064,717.257798,2265.205097,1915.665993,3677.643965,4072.370396,3929.697967
ptada,780,2205.759563,952.657991,10459.600034,4478.988212,1827.687003,1665.996139,881.324526,2819.239594,1879.998823,3955.85456,4212.665198,4072.370396
ptada,840,2158.203168,1054.902735,10043.439614,4616.905836,1948.955365,2091.624262,1004.969239,3080.802277,1696.907602,4079.504024,4001.03415,4119.927928
ptada,900,2201.003922,969.302476,9881.732149,4305.402576,2006.022894,2381.718471,1333.104212,2843.017984,1730.196884,3727.579129,3637.220284,4205.531558
ptada,960,2148.691892,1069.169454,9244.417673,4098.527035,2277.094209,2486.342869,1364.015547,2800.216886,1406.815876,3993.900529,3178.294042,3984.389035
ptada,1020,2153.44753,788.591117,8737.898968,3753.735656,2086.868628,2450.675445,1325.970829,2633.768391,1190.436667,3675.266101,2940.509459,3639.598147
ptada,1080,1908.532557,793.346674,7691.579399,3375.655782,2179.603542,2548.166442,1364.015547,2436.40848,1190.436667,3049.890279,2467.320241,3087.935817
ptada,1140,1813.420149,698.235591,6685.698712,2862.040702,1979.866938,2488.720698,1221.347947,2139.180618,936.013511,3033.245362,2017.911967,2560.055596
ptada,1200,1558.995011,629.280126,5770.191819,2357.940217,1891.887878,2265.205097,1228.481321,1915.665993,626.902352,2407.874558,1687.396381,2236.671235
ptada,1260,1287.926129,560.324721,4697.754208,2003.645079,1597.03984,2129.669344,1114.347414,1604.173248,555.569178,2098.757714,1290.303922,1813.420149
ptada,1320,1140.503087,519.902614,3825.071681,1428.21605,1501.927802,1894.265689,1059.658308,1259.392615,538.92478,1746.84153,1052.524949,1720.685659
ptada,1380,1026.369305,396.258651,3071.290892,1242.748071,1309.32627,1558.995011,1019.235949,1164.280978,393.880884,1544.728205,745.791118,1216.592365
ptada,1440,916.991251,367.725456,2474.453726,976.435827,1164.280978,1411.57147,805.235567,1040.636019,298.770276,1226.10353,700.613366,945.524642
ptada,1500,669.702288,343.947801,1858.598529,719.635574,916.991251,1159.525399,707.746694,790.968895,241.703965,867.057841,484.236067,702.991142
ptada,1560,569.835808,239.326203,1428.21605,522.280385,764.813337,997.835885,674.457838,695.857815,172.748894,674.457838,315.414624,543.680322
ptada,1620,591.235757,236.948441,1178.547717,560.324721,481.858298,802.857788,505.635993,488.991606,187.015455,593.61353,374.858753,427.169624
ptada,1680,469.969452,298.770276,857.546719,322.547917,510.391533,648.302317,479.480528,412.903019,118.060431,512.769304,217.926348,401.014184
ptada,1740,367.725456,120.43819,719.635574,282.125931,334.436741,522.280385,517.524844,324.925682,89.527335,379.614286,170.371134,267.859352
ptada,1800,324.925682,148.971297,465.213915,222.68187,296.392512,441.436231,424.791856,241.703965,63.372006,286.881458,144.215778,177.504414
ptada,1860,208.415303,106.17164,410.525252,284.503694,253.592776,422.414089,279.748168,270.237115,94.282851,246.459489,106.17164,146.593538
ptada,1920,272.614878,146.593538,405.769718,99.038366,184.637695,310.659096,313.03686,201.28202,60.994249,170.371134,144.215778,182.259935
ptada,1980,175.126654,110.927156,313.03686,115.682673,184.637695,220.304109,244.081727,122.815948,70.505277,175.126654,127.571466,115.682673
ptada,2040,189.393216,137.082501,222.68187,118.060431,139.46026,206.037541,210.793064,118.060431,49.105467,184.637695,113.304915,87.149578
ptada,2100,172.748894,75.260791,139.46026,125.193707,113.304915,144.215778,217.926348,148.971297,63.372006,189.393216,87.149578,94.282851
ptada,2160,137.082501,68.12752,120.43819,99.038366,87.149578,210.793064,160.860094,108.549398,56.238736,129.949224,68.12752,87.149578
ptada,2220,115.682673,77.638548,103.793882,84.77182,60.994249,122.815948,177.504414,60.994249,60.994249,87.149578,87.149578,141.838019
ptada,2280,108.549398,101.416124,65.749763,99.038366,110.927156,120.43819,137.082501,82.394063,34.83893,96.660608,80.016306,72.883034
ptada,2340,101.416124,82.394063,103.793882,58.616493,72.883034,110.927156,113.304915,63.372006,94.282851,115.682673,46.72771,125.193707
ptada,2400,72.883034,53.86098,80.016306,101.416124,39.594442,156.104575,87.149578,68.12752,49.105467,103.793882,75.260791,58.616493
ptada,2460,58.616493,63.372006,75.260791,72.883034,60.994249,84.77182,80.016306,60.994249,44.349954,65.749763,70.505277,60.994249
ptada,2520,53.86098,101.416124,56.238736,58.616493,70.505277,110.927156,87.149578,58.616493,72.883034,41.972198,46.72771,44.349954
ptada,2580,68.12752,37.216686,51.483223,60.994249,37.216686,56.238736,96.660608,72.883034,60.994249,87.149578,39.594442,65.749763
ptada,2640,84.77182,53.86098,68.12752,56.238736,30.083418,72.883034,68.12752,68.12752,63.372006,53.86098,70.505277,82.394063
ptada,2700,39.594442,41.972198,89.527335,58.616493,60.994249,89.527335,89.527335,77.638548,53.86098,56.238736,65.749763,70.505277
ptada,2760,65.749763,91.905093,63.372006,39.594442,41.972198,103.793882,80.016306,41.972198,58.616493,77.638548,58.616493,49.105467
ptada,2820,53.86098,58.616493,70.505277,49.105467,68.12752,70.505277,82.394063,41.972198,32.461174,56.238736,49.105467,49.105467
ptada,2880,75.260791,101.416124,53.86098,46.72771,70.505277,89.527335,75.260791,56.238736,49.105467,53.86098,56.238736,41.972198
ptada,2940,37.216686,51.483223,63.372006,46.72771,77.638548,41.972198,75.260791,58.616493,44.349954,44.349954,65.749763,58.616493
2012,0,1095.325112,576.969124,436.680695,272.614878,244.081727,172.748894,103.793882,110.927156,165.615614,115.682673,82.394063,89.527335
2012,60,51.483223,63.372006,63.372006,80.016306,65.749763,53.86098,82.394063,65.749763,72.883034,46.72771,49.105467,53.86098
2012,120,58.616493,65.749763,44.349954,39.594442,68.12752,63.372006,51.483223,58.616493,80.016306,49.105467,32.461174,41.972198
2012,180,53.86098,68.12752,51.483223,63.372006,77.638548,39.594442,68.12752,56.238736,49.105467,22.950151,65.749763,63.372006
2012,240,46.72771,58.616493,34.83893,41.972198,53.86098,27.705662,68.12752,53.86098,32.461174,60.994249,32.461174,60.994249
2012,300,75.260791,44.349954,56.238736,63.372006,30.083418,32.461174,51.483223,41.972198,58.616493,39.594442,53.86098,49.105467
2012,360,46.72771,51.483223,51.483223,56.238736,51.483223,39.594442,53.86098,44.349954,32.461174,77.638548,49.105467,44.349954
2012,420,37.216686,39.594442,46.72771,44.349954,25.327906,39.594442,34.83893,34.83893,34.83893,41.972198,41.972198,41.972198
2012,480,34.83893,53.86098,49.105467,49.105467,84.77182,37.216686,53.86098,68.12752,56.238736,27.705662,58.616493,65.749763
2012,540,39.594442,41.972198,30.083418,58.616493,39.594442,37.216686,49.105467,51.483223,46.72771,56.238736,51.483223,53.86098
2012,600,44.349954,41.972198,37.216686,39.594442,89.527335,51.483223,34.83893,32.461174,49.105467,46.72771,46.72771,46.72771
2012,660,51.483223,65.749763,53.86098,89.527335,65.749763,65.749763,44.349954,56.238736,44.349954,58.616493,46.72771,51.483223
2012,720,49.105467,65.749763,49.105467,58.616493,49.105467,37.216686,60.994249,60.994249,41.972198,34.83893,41.972198,41.972198
2012,780,68.12752,34.83893,89.527335,27.705662,39.594442,80.016306,37.216686,60.994249,63.372006,51.483223,30.083418,34.83893
2012,840,56.238736,25.327906,41.972198,46.72771,34.83893,53.86098,34.83893,32.461174,37.216686,41.972198,68.12752,44.349954
2012,900,60.994249,30.083418,53.86098,44.349954,44.349954,51.483223,32.461174,72.883034,46.72771,18.19464,41.972198,27.705662
2012,960,96.660608,49.105467,56.238736,60.994249,56.238736,53.86098,72.883034,70.505277,41.972198,65.749763,41.972198,34.83893
2012,1020,49.105467,51.483223,37.216686,75.260791,49.105467,37.216686,70.505277,37.216686,56.238736,41.972198,68.12752,77.638548
2012,1080,39.594442,41.972198,51.483223,49.105467,58.616493,49.105467,39.594442,27.705662,56.238736,56.238736,53.86098,46.72771
2012,1140,44.349954,39.594442,37.216686,37.216686,63.372006,49.105467,49.105467,60.994249,39.594442,46.72771,58.616493,56.238736
2012,1200,80.016306,32.461174,37.216686,41.972198,39.594442,49.105467,70.505277,34.83893,53.86098,30.083418,82.394063,51.483223
2012,1260,46.72771,60.994249,56.238736,63.372006,37.216686,49.105467,46.72771,46.72771,49.105467,51.483223,51.483223,53.86098
2012,1320,39.594442,53.86098,53.86098,41.972198,53.86098,49.105467,75.260791,30.083418,41.972198,32.461174,68.12752,30.083418
2012,1380,44.349954,72.883034,37.216686,27.705662,49.105467,41.972198,41.972198,27.705662,39.594442,32.461174,63.372006,25.327906
2012,1440,30.083418,58.616493,46.72771,34.83893,41.972198,60.994249,32.461174,37.216686,22.950151,65.749763,53.86098,44.349954
2012,1500,49.105467,53.86098,58.616493,68.12752,51.483223,32.461174,51.483223,41.972198,89.527335,22.950151,70.505277,49.105467
2012,1560,53.86098,70.505277,32.461174,37.216686,70.505277,70.505277,51.483223,46.72771,37.216686,49.105467,49.105467,44.349954
2012,1620,63.372006,32.461174,53.86098,34.83893,70.505277,89.527335,60.994249,27.705662,39.594442,56.238736,25.327906,60.994249
2012,1680,75.260791,51.483223,65.749763,51.483223,41.972198,39.594442,77.638548,37.216686,41.972198,37.216686,60.994249,51.483223
2012,1740,44.349954,25.327906,41.972198,70.505277,34.83893,51.483223,56.238736,82.394063,44.349954,41.972198,46.72771,51.483223
2012,1800,72.883034,44.349954,49.105467,20.572395,53.86098,41.972198,56.238736,39.594442,56.238736,25.327906,51.483223,41.972198
2012,1860,39.594442,39.594442,68.12752,51.483223,68.12752,44.349954,51.483223,34.83893,22.950151,75.260791,129.949224,46.72771
2012,1920,51.483223,77.638548,56.238736,37.216686,37.216686,49.105467,56.238736,84.77182,39.594442,51.483223,34.83893,51.483223
2012,1980,44.349954,49.105467,49.105467,80.016306,53.86098,56.238736,39.594442,27.705662,77.638548,53.86098,49.105467,34.83893
2012,2040,27.705662,27.705662,44.349954,30.083418,34.83893,49.105467,41.972198,56.238736,58.616493,32.461174,46.72771,51.483223
2012,2100,27.705662,41.972198,37.216686,37.216686,27.705662,32.461174,56.238736,60.994249,37.216686,46.72771,37.216686,58.616493
2012,2160,75.260791,41.972198,49.105467,53.86098,82.394063,44.349954,58.616493,30.083418,37.216686,37.216686,46.72771,44.349954
2012,2220,51.483223,68.12752,46.72771,25.327906,37.216686,32.461174,39.594442,39.594442,37.216686,49.105467,34.83893,51.483223
2012,2280,46.72771,25.327906,58.616493,46.72771,30.083418,56.238736,32.461174,44.349954,27.705662,44.349954,44.349954,39.594442
2012,2340,39.594442,46.72771,49.105467,44.349954,39.594442,51.483223,56.238736,56.238736,37.216686,51.483223,39.594442,51.483223
2012,2400,51.483223,68.12752,46.72771,41.972198,34.83893,30.083418,46.72771,37.216686,30.083418,44.349954,41.972198,60.994249
2012,2460,70.505277,68.12752,37.216686,49.105467,60.994249,58.616493,44.349954,49.105467,75.260791,37.216686,103.793882,53.86098
2012,2520,65.749763,53.86098,41.972198,51.483223,39.594442,37.216686,39.594442,46.72771,56.238736,25.327906,41.972198,27.705662
2012,2580,51.483223,37.216686,63.372006,25.327906,39.594442,37.216686,39.594442,51.483223,51.483223,22.950151,39.594442,103.793882
2012,2640,32.461174,68.12752,56.238736,39.594442,32.461174,58.616493,41.972198,41.972198,37.216686,49.105467,63.372006,34.83893
2012,2700,53.86098,46.72771,44.349954,34.83893,53.86098,46.72771,89.527335,49.105467,41.972198,32.461174,39.594442,53.86098
2012,2760,46.72771,27.705662,37.216686,34.83893,44.349954,32.461174,32.461174,39.594442,27.705662,72.883034,49.105467,41.972198
2012,2820,41.972198,58.616493,27.705662,32.461174,65.749763,53.86098,30.083418,30.083418,25.327906,30.083418,30.083418,106.17164
2012,2880,39.594442,34.83893,39.594442,34.83893,51.483223,44.349954,63.372006,30.083418,34.83893,41.972198,51.483223,49.105467
2012,2940,70.505277,51.483223,39.594442,39.594442,49.105467,56.238736,46.72771,32.461174,37.216686,41.972198,132.326983,77.638548
1485,0,1157.14761,636.413447,410.525252,308.281332,241.703965,227.437394,184.637695,146.593538,125.193707,96.660608,91.905093,46.72771
1485,60,96.660608,51.483223,94.282851,70.505277,56.238736,68.12752,58.616493,72.883034,68.12752,70.505277,58.616493,60.994249
1485,120,51.483223,68.12752,34.83893,39.594442,51.483223,89.527335,49.105467,80.016306,53.86098,72.883034,37.216686,65.749763
1485,180,51.483223,70.505277,60.994249,60.994249,65.749763,49.105467,51.483223,41.972198,41.972198,51.483223,41.972198,32.461174
1485,240,56.238736,37.216686,44.349954,44.349954,80.016306,63.372006,34.83893,56.238736,41.972198,41.972198,44.349954,51.483223
1485,300,34.83893,58.616493,34.83893,53.86098,65.749763,65.749763,39.594442,58.616493,77.638548,56.238736,41.972198,37.216686
1485,360,53.86098,44.349954,30.083418,46.72771,46.72771,34.83893,60.994249,32.461174,44.349954,49.105467,37.216686,51.483223
1485,420,63.372006,32.461174,37.216686,58.616493,32.461174,72.883034,51.483223,65.749763,37.216686,46.72771,63.372006,51.483223
1485,480,44.349954,39.594442,51.483223,60.994249,39.594442,53.86098,44.349954,30.083418,63.372006,37.216686,60.994249,39.594442
1485,540,20.572395,60.994249,44.349954,41.972198,56.238736,49.105467,41.972198,58.616493,34.83893,80.016306,65.749763,51.483223
1485,600,44.349954,46.72771,37.216686,56.238736,37.216686,49.105467,39.594442,25.327906,49.105467,39.594442,46.72771,51.483223
1485,660,58.616493,63.372006,68.12752,89.527335,39.594442,37.216686,68.12752,53.86098,84.77182,53.86098,82.394063,34.83893
1485,720,34.83893,68.12752,56.238736,37.216686,49.105467,46.72771,63.372006,44.349954,41.972198,41.972198,39.594442,58.616493
1485,780,46.72771,46.72771,49.105467,70.505277,49.105467,53.86098,39.594442,77.638548,34.83893,46.72771,60.994249,58.616493
1485,840,39.594442,58.616493,39.594442,27.705662,37.216686,41.972198,56.238736,46.72771,46.72771,49.105467,60.994249,39.594442
1485,900,30.083418,53.86098,53.86098,46.72771,84.77182,37.216686,65.749763,60.994249,41.972198,41.972198,44.349954,30.083418
1485,960,53.86098,58.616493,56.238736,32.461174,56.238736,53.86098,56.238736,34.83893,34.83893,49.105467,32.461174,41.972198
1485,1020,34.83893,60.994249,49.105467,51.483223,58.616493,63.372006,46.72771,34.83893,68.12752,44.349954,39.594442,63.372006
1485,1080,46.72771,39.594442,75.260791,53.86098,41.972198,56.238736,58.616493,39.594442,46.72771,56.238736,37.216686,34.83893
1485,1140,41.972198,58.616493,39.594442,49.105467,44.349954,49.105467,41.972198,39.594442,32.461174,63.372006,53.86098,58.616493
1485,1200,34.83893,34.83893,46.72771,60.994249,37.216686,25.327906,49.105467,51.483223,58.616493,41.972198,46.72771,41.972198
1485,1260,58.616493,46.72771,30.083418,56.238736,41.972198,56.238736,56.238736,56.238736,44.349954,39.594442,56.238736,30.083418
1485,1320,53.86098,68.12752,49.105467,58.616493,56.238736,27.705662,34.83893,34.83893,30.083418,56.238736,32.461174,34.83893
1485,1380,44.349954,58.616493,39.594442,44.349954,68.12752,41.972198,39.594442,32.461174,44.349954,37.216686,51.483223,58.616493
1485,1440,46.72771,44.349954,44.349954,58.616493,46.72771,46.72771,37.216686,34.83893,63.372006,41.972198,41.972198,37.216686
1485,1500,44.349954,91.905093,41.972198,56.238736,44.349954,46.72771,56.238736,77.638548,37.216686,44.349954,39.594442,60.994249
1485,1560,68.12752,41.972198,77.638548,41.972198,58.616493,44.349954,30.083418,39.594442,37.216686,41.972198,63.372006,34.83893
1485,1620,58.616493,49.105467,25.327906,44.349954,60.994249,60.994249,41.972198,60.994249,75.260791,41.972198,46.72771,44.349954
1485,1680,32.461174,46.72771,46.72771,41.972198,34.83893,51.483223,49.105467,41.972198,41.972198,41.972198,34.83893,44.349954
1485,1740,44.349954,80.016306,51.483223,49.105467,37.216686,58.616493,56.238736,82.394063,20.572395,39.594442,44.349954,49.105467
1485,1800,58.616493,46.72771,65.749763,46.72771,46.72771,63.372006,39.594442,39.594442,70.505277,46.72771,68.12752,65.749763
1485,1860,58.616493,46.72771,60.994249,32.461174,56.238736,37.216686,51.483223,60.994249,30.083418,56.238736,65.749763,37.216686
1485,1920,37.216686,49.105467,20.572395,51.483223,39.594442,37.216686,82.394063,96.660608,37.216686,30.083418,58.616493,30.083418
1485,1980,39.594442,56.238736,115.682673,65.749763,51.483223,44.349954,34.83893,27.705662,41.972198,49.105467,34.83893,51.483223
1485,2040,32.461174,41.972198,37.216686,44.349954,39.594442,49.105467,37.216686,27.705662,58.616493,44.349954,39.594442,41.972198
1485,2100,46.72771,37.216686,65.749763,49.105467,46.72771,32.461174,25.327906,53.86098,58.616493,60.994249,56.238736,49.105467
1485,2160,51.483223,32.461174,53.86098,39.594442,51.483223,51.483223,65.749763,34.83893,46.72771,68.12752,49.105467,39.594442
1485,2220,27.705662,58.616493,65.749763,41.972198,32.461174,39.594442,46.72771,68.12752,49.105467,37.216686,30.083418,30.083418
1485,2280,46.72771,34.83893,39.594442,49.105467,41.972198,51.483223,49.105467,49.105467,30.083418,44.349954,56.238736,34.83893
1485,2340,60.994249,39.594442,37.216686,34.83893,22.950151,37.216686,30.083418,46.72771,56.238736,39.594442,58.616493,46.72771
1485,2400,49.105467,37.216686,80.016306,37.216686,25.327906,49.105467,46.72771,60.994249,44.349954,58.616493,87.149578,32.461174
1485,2460,44.349954,53.86098,58.616493,56.238736,32.461174,34.83893,65.749763,41.972198,56.238736,34.83893,87.149578,34.83893
1485,2520,56.238736,63.372006,37.216686,58.616493,41.972198,27.705662,34.83893,44.349954,32.461174,18.19464,56.238736,41.972198
1485,2580,51.483223,37.216686,20.572395,37.216686,60.994249,27.705662,46.72771,25.327906,49.105467,30.083418,115.682673,46.72771
1485,2640,39.594442,37.216686,32.461174,37.216686,27.705662,80.016306,56.238736,27.705662,34.83893,41.972198,51.483223,53.86098
1485,2700,39.594442,39.594442,56.238736,34.83893,30.083418,72.883034,53.86098,34.83893,68.12752,44.349954,41.972198,32.461174
1485,2760,39.594442,44.349954,56.238736,51.483223,46.72771,32.461174,53.86098,51.483223,77.638548,58.616493,30.083418,37.216686
1485,2820,58.616493,46.72771,39.594442,27.705662,25.327906,37.216686,34.83893,49.105467,37.216686,63.372006,56.238736,49.105467
1485,2880,60.994249,49.105467,34.83893,27.705662,84.77182,30.083418,41.972198,44.349954,53.86098,41.972198,34.83893,49.105467
1485,2940,51.483223,39.594442,49.105467,39.594442,34.83893,32.461174,27.705662,68.12752,30.083418,39.594442,68.12752,37.216686
2009,0,962.169125,626.902352,405.769718,279.748168,267.859352,232.192917,96.660608,139.46026,139.46026,101.416124,82.394063,94.282851
2009,60,77.638548,68.12752,72.883034,58.616493,91.905093,77.638548,56.238736,94.282851,72.883034,56.238736,63.372006,68.12752
2009,120,80.016306,68.12752,41.972198,87.149578,39.594442,68.12752,39.594442,84.77182,53.86098,51.483223,34.83893,63.372006
2009,180,41.972198,65.749763,34.83893,49.105467,51.483223,37.216686,44.349954,37.216686,39.594442,89.527335,32.461174,46.72771
2009,240,68.12752,39.594442,49.105467,49.105467,70.505277,49.105467,87.149578,60.994249,49.105467,65.749763,51.483223,51.483223
2009,300,44.349954,25.327906,46.72771,51.483223,37.216686,65.749763,63.372006,37.216686,44.349954,46.72771,46.72771,60.994249
2009,360,41.972198,49.105467,58.616493,58.616493,37.216686,56.238736,41.972198,46.72771,51.483223,30.083418,58.616493,37.216686
2009,420,72.883034,58.616493,51.483223,44.349954,49.105467,84.77182,41.972198,37.216686,46.72771,37.216686,56.238736,32.461174
2009,480,53.86098,46.72771,87.149578,53.86098,41.972198,60.994249,46.72771,44.349954,37.216686,49.105467,39.594442,37.216686
2009,540,72.883034,53.86098,56.238736,56.238736,58.616493,32.461174,49.105467,56.238736,34.83893,27.705662,39.594442,63.372006
2009,600,58.616493,60.994249,30.083418,65.749763,49.105467,44.349954,41.972198,34.83893,30.083418,41.972198,25.327906,41.972198
2009,660,34.83893,37.216686,39.594442,60.994249,51.483223,65.749763,44.349954,37.216686,34.83893,39.594442,63.372006,53.86098
2009,720,53.86098,32.461174,58.616493,75.260791,53.86098,51.483223,63.372006,65.749763,53.86098,53.86098,39.594442,44.349954
2009,780,49.105467,77.638548,46.72771,49.105467,34.83893,53.86098,75.260791,56.238736,49.105467,44.349954,75.260791,56.238736
2009,840,51.483223,51.483223,34.83893,63.372006,68.12752,56.238736,68.12752,56.238736,72.883034,27.705662,37.216686,51.483223
2009,900,56.238736,41.972198,30.083418,53.86098,41.972198,39.594442,58.616493,53.86098,51.483223,70.505277,51.483223,70.505277
2009,960,56.238736,39.594442,49.105467,44.349954,68.12752,39.594442,41.972198,46.72771,49.105467,34.83893,58.616493,41.972198
2009,1020,49.105467,87.149578,46.72771,65.749763,58.616493,53.86098,51.483223,68.12752,56.238736,58.616493,63.372006,32.461174
2009,1080,49.105467,101.416124,49.105467,37.216686,72.883034,37.216686,60.994249,30.083418,44.349954,22.950151,30.083418,75.260791
2009,1140,39.594442,82.394063,51.483223,115.682673,53.86098,63.372006,32.461174,46.72771,77.638548,70.505277,32.461174,60.994249
2009,1200,39.594442,44.349954,56.238736,58.616493,53.86098,53.86098,51.483223,46.72771,51.483223,49.105467,39.594442,75.260791
2009,1260,37.216686,49.105467,30.083418,34.83893,49.105467,53.86098,51.483223,49.105467,87.149578,46.72771,89.527335,58.616493
2009,1320,60.994249,63.372006,32.461174,46.72771,32.461174,22.950151,89.527335,32.461174,77.638548,53.86098,51.483223,63.372006
2009,1380,51.483223,34.83893,41.972198,44.349954,63.372006,58.616493,87.149578,41.972198,39.594442,77.638548,51.483223,44.349954
2009,1440,44.349954,75.260791,34.83893,39.594442,22.950151,27.705662,32.461174,41.972198,34.83893,39.594442,22.950151,41.972198
2009,1500,60.994249,46.72771,72.883034,72.883034,37.216686,51.483223,37.216686,51.483223,56.238736,34.83893,44.349954,49.105467
2009,1560,75.260791,84.77182,27.705662,41.972198,94.282851,32.461174,53.86098,70.505277,41.972198,51.483223,44.349954,34.83893
2009,1620,37.216686,49.105467,51.483223,65.749763,32.461174,49.105467,39.594442,34.83893,27.705662,30.083418,63.372006,44.349954
2009,1680,46.72771,106.17164,39.594442,68.12752,39.594442,41.972198,27.705662,46.72771,34.83893,37.216686,41.972198,46.72771
2009,1740,37.216686,58.616493,65.749763,30.083418,37.216686,44.349954,46.72771,34.83893,49.105467,37.216686,25.327906,37.216686
2009,1800,44.349954,37.216686,32.461174,51.483223,44.349954,99.038366,41.972198,39.594442,39.594442,41.972198,39.594442,65.749763
2009,1860,39.594442,46.72771,46.72771,60.994249,34.83893,27.705662,39.594442,46.72771,41.972198,41.972198,49.105467,49.105467
2009,1920,32.461174,22.950151,56.238736,58.616493,34.83893,25.327906,44.349954,58.616493,39.594442,58.616493,56.238736,56.238736
2009,1980,34.83893,39.594442,30.083418,46.72771,37.216686,53.86098,56.238736,44.349954,39.594442,20.572395,27.705662,46.72771
2009,2040,65.749763,37.216686,41.972198,51.483223,53.86098,53.86098,44.349954,53.86098,46.72771,34.83893,25.327906,41.972198
2009,2100,30.083418,41.972198,37.216686,49.105467,41.972198,30.083418,37.216686,39.594442,56.238736,41.972198,68.12752,41.972198
2009,2160,44.349954,60.994249,58.616493,44.349954,41.972198,41.972198,72.883034,46.72771,58.616493,30.083418,41.972198,65.749763
2009,2220,53.86098,39.594442,56.238736,32.461174,39.594442,51.483223,37.216686,65.749763,37.216686,32.461174,70.505277,68.12752
2009,2280,44.349954,56.238736,37.216686,44.349954,75.260791,49.105467,53.86098,44.349954,34.83893,41.972198,46.72771,37.216686
2009,2340,51.483223,32.461174,34.83893,46.72771,39.594442,27.705662,41.972198,44.349954,46.72771,51.483223,56.238736,37.216686
2009,2400,49.105467,56.238736,44.349954,65.749763,41.972198,39.594442,41.972198,46.72771,49.105467,39.594442,56.238736,27.705662
2009,2460,49.105467,32.461174,37.216686,46.72771,30.083418,51.483223,27.705662,32.461174,49.105467,96.660608,37.216686,63.372006
2009,2520,63.372006,49.105467,34.83893,58.616493,30.083418,30.083418,41.972198,53.86098,34.83893,53.86098,34.83893,51.483223
2009,2580,39.594442,65.749763,39.594442,34.83893,118.060431,44.349954,32.461174,32.461174,53.86098,41.972198,34.83893,37.216686
2009,2640,51.483223,41.972198,25.327906,39.594442,96.660608,65.749763,51.483223,34.83893,46.72771,68.12752,37.216686,49.105467
2009,2700,70.505277,32.461174,30.083418,51.483223,75.260791,41.972198,51.483223,58.616493,37.216686,25.327906,53.86098,44.349954
2009,2760,32.461174,72.883034,46.72771,51.483223,58.616493,51.483223,39.594442,34.83893,39.594442,37.216686,34.83893,44.349954
2009,2820,32.461174,44.349954,27.705662,30.083418,82.394063,72.883034,25.327906,63.372006,60.994249,34.83893,46.72771,49.105467
2009,2880,53.86098,37.216686,70.505277,27.705662,60.994249,46.72771,39.594442,27.705662,72.883034,39.594442,44.349954,53.86098
2009,2940,44.349954,37.216686,34.83893,32.461174,46.72771,39.594442,27.705662,25.327906,49.105467,96.660608,41.972198,41.972198
1857,0,928.880163,505.635993,341.570036,284.503694,260.726064,139.46026,184.637695,153.726816,75.260791,106.17164,108.549398,82.394063
1857,60,122.815948,63.372006,82.394063,89.527335,65.749763,58.616493,80.016306,75.260791,53.86098,70.505277,37.216686,68.12752
1857,120,60.994249,22.950151,77.638548,70.505277,60.994249,58.616493,58.616493,87.149578,34.83893,58.616493,58.616493,68.12752
1857,180,96.660608,53.86098,41.972198,58.616493,46.72771,58.616493,65.749763,70.505277,51.483223,49.105467,87.149578,58.616493
1857,240,1211.836783,225.059632,53.86098,103.793882,220.304109,46.72771,403.391951,412.903019,75.260791,65.749763,241.703965,175.126654
1857,300,9627.281358,657.813415,234.570679,683.968938,2162.958806,189.393216,3734.712726,1834.820431,301.14804,255.970539,993.080316,705.368918
1857,360,22181.944502,2010.778523,733.902234,2388.851948,8336.015515,595.991302,11230.097039,5280.340484,1119.10299,881.324526,2557.677765,2374.584994
1857,420,33404.08889,4155.596096,1475.772011,6176.818263,16695.131297,1397.30469,19996.211805,11037.472093,2783.572021,1882.376634,4600.260593,4624.039512
1857,480,37871.501558,7187.448491,2417.385864,10930.458434,22914.499393,2260.449452,28920.275261,18126.851223,4980.724155,3111.714287,6773.683043,8110.105585
1857,540,41080.67552,10138.561805,3375.655782,15786.644561,27041.191991,3420.835044,34196.215761,22334.163148,6911.604621,4024.812891,9272.954034,10400.148413
1857,600,40490.691707,11974.442241,4540.813324,18150.634162,28377.953029,4307.780459,37124.536606,24534.2306,9165.942735,5140.04381,11325.220641,12640.316019
1857,660,40440.7336,12968.498705,4985.479961,19092.44424,29341.291107,5318.387082,38406.751433,26741.494181,9536.915851,5629.894286,12395.368949,14238.435693
1857,720,37709.737856,13972.080198,5732.145006,19599.028487,28827.509356,5972.315816,38751.692137,27067.356139,10830.579148,6081.700781,13674.809486,14454.850186
1857,780,36020.754023,13838.902783,6290.95939,19989.076758,28342.274064,6348.030015,38401.99364,26884.207284,11463.150064,6481.194965,14266.973834,14970.917876
1857,840,32799.88928,13815.121125,6616.738087,19242.278683,27198.177006,6478.817017,38423.403709,25916.14173,11943.526807,6326.628526,14904.32831,14714.072711
1857,900,29881.241224,14124.283229,6647.651463,18585.863199,25994.633095,6704.722343,36734.404816,24474.768523,11831.755723,6157.794757,14461.984739,13544.010723
1857,960,26082.638657,12818.676008,6745.147573,17099.434993,23732.685509,6376.565343,34714.78955,21744.317507,12245.547325,6027.00828,14495.279331,12445.309553
1857,1020,22759.901211,12592.753423,7230.251935,15815.183254,22046.375014,5981.827546,32621.484756,20215.020224,11769.924978,5427.771153,14022.021786,11094.546103
1857,1080,19677.513657,11558.273942,6424.124245,14618.945081,20288.749283,6260.046152,29591.047317,17482.336259,11396.563416,4657.330012,13158.750154,9379.965476
1857,1140,16623.783798,10697.40696,6695.210527,12343.050255,18188.68688,5587.091697,27136.334387,14999.456278,10250.330524,4507.522874,12171.825676,7848.526462
1857,1200,14102.87966,9230.149497,6198.219712,10664.113948,16495.35846,5389.724503,24198.86506,12680.744248,9080.333798,3863.117588,10714.053472,6790.328738
1857,1260,10992.28853,8255.163467,6067.433168,8904.360161,13976.836538,4873.718596,21026.043604,10492.892961,7931.75609,3544.483681,9258.685852,5594.22546
1857,1320,9187.344983,7168.424745,5266.073015,7824.746585,12647.450411,4379.116978,17560.819354,8259.919468,6935.384227,2866.796382,8259.919468,4253.08917
1857,1380,7049.526437,6271.935858,5037.793846,6526.37598,11123.083123,3763.247122,15151.661264,6821.242181,6241.022627,2367.451518,6985.321424,3294.808745
1857,1440,5501.486589,5066.328706,4281.623751,5451.550319,9477.464915,3313.83157,12666.475459,5337.410388,5223.270621,1699.285408,5496.730753,2422.141518
1857,1500,4338.692943,4429.05258,3822.693813,4200.775799,7805.722687,2567.189089,10102.89097,4008.167771,4281.623751,1397.30469,4647.818439,2008.400708
1857,1560,3349.499379,3468.392189,3187.80544,3432.724328,6526.37598,1982.244752,8157.665517,2999.955538,3539.727961,1216.592365,3718.067667,1352.12657
1857,1620,2731.259611,2871.552062,2638.524057,2781.194184,5451.550319,1734.952497,6295.715274,2598.100901,2804.972563,867.057841,2862.040702,1111.969626
1857,1680,1832.442621,2269.960741,2327.028498,2065.468279,4657.330012,1340.237596,4916.520802,2058.33483,2246.182521,700.613366,2288.983322,783.83556
1857,1740,1383.037913,1768.241794,1715.930047,1744.463723,3152.137703,940.769076,3603.930209,1627.951277,1751.597144,550.813635,1758.730565,600.746848
1857,1800,1171.414347,1373.526729,1658.862726,1230.859112,2750.282301,890.835651,2662.302394,1211.836783,1325.970829,424.791856,1516.1946,436.680695
1857,1860,978.813611,1092.947325,1257.014823,1123.858567,2141.558436,693.480039,1944.19974,1012.102594,1195.192248,370.103221,1218.970156,496.124914
1857,1920,736.28001,838.524478,928.880163,812.368904,1906.154746,565.080264,1482.905408,693.480039,936.013511,274.992641,807.613346,305.903568
1857,1980,722.013351,760.057782,798.102231,679.213388,1404.43808,398.636418,1254.637031,607.880166,838.524478,160.860094,541.302551,217.926348
1857,2040,698.235591,524.658155,650.680091,593.61353,1230.859112,477.102759,912.235687,455.70284,695.857815,160.860094,519.902614,208.415303
1857,2100,626.902352,503.258224,481.858298,496.124914,1021.613735,305.903568,845.657818,488.991606,505.635993,170.371134,481.858298,194.148737
1857,2160,634.035673,343.947801,401.014184,403.391951,769.568892,320.170153,741.035564,450.947303,448.569535,215.548586,408.147485,184.637695
1857,2220,550.813635,384.369818,329.681211,396.258651,814.746683,225.059632,617.391259,524.658155,436.680695,167.993374,351.081096,232.192917
1857,2280,584.10244,422.414089,298.770276,372.480987,657.813415,217.926348,674.457838,472.347221,365.34769,175.126654,422.414089,239.326203
1857,2340,555.569178,370.103221,255.970539,332.058976,579.346896,201.28202,726.768904,522.280385,503.258224,201.28202,498.502684,401.014184
1857,2400,448.569535,624.524579,322.547917,255.970539,669.702288,194.148737,693.480039,467.591683,441.436231,222.68187,724.391127,370.103221
1857,2460,503.258224,581.724668,251.215014,372.480987,555.569178,148.971297,848.035598,531.791467,584.10244,334.436741,774.324448,334.436741
1857,2520,481.858298,733.902234,277.370404,346.325566,538.92478,179.882174,771.94667,427.169624,538.92478,270.237115,731.524457,327.303446
1857,2580,343.947801,679.213388,386.747585,358.214393,555.569178,167.993374,693.480039,439.058463,503.258224,398.636418,731.524457,310.659096
1857,2640,358.214393,676.835613,360.592158,365.34769,588.857985,160.860094,669.702288,355.836627,560.324721,424.791856,693.480039,206.037541
1857,2700,241.703965,569.835808,548.435864,324.925682,565.080264,208.415303,491.369375,439.058463,477.102759,412.903019,534.169238,232.192917
1857,2760,260.726064,560.324721,538.92478,286.881458,396.258651,187.015455,560.324721,384.369818,458.080609,353.458862,519.902614,144.215778
1857,2820,377.23652,548.435864,467.591683,260.726064,367.725456,284.503694,434.302927,403.391951,503.258224,381.992052,484.236067,139.46026
1857,2880,227.437394,538.92478,500.880454,279.748168,353.458862,246.459489,450.947303,315.414624,405.769718,424.791856,446.191767,175.126654
1857,2940,272.614878,408.147485,517.524844,189.393216,386.747585,267.859352,332.058976,320.170153,469.969452,362.969924,334.436741,170.371134
pa,0,836.146698,472.347221,332.058976,272.614878,232.192917,194.148737,201.28202,120.43819,137.082501,103.793882,108.549398,210.793064
pa,60,99.038366,96.660608,84.77182,148.971297,65.749763,44.349954,65.749763,65.749763,56.238736,68.12752,63.372006,63.372006
pa,120,191.770977,41.972198,30.083418,125.193707,1271.281578,63.372006,405.769718,191.770977,141.838019,260.726064,82.394063,567.458036
pa,180,5325.520822,246.459489,296.392512,717.257798,12005.357686,260.726064,5727.389156,924.124598,2369.829343,2788.327697,1837.19824,2590.967405
pa,240,14326.428328,1668.373943,1190.436667,1742.085916,24703.103142,950.280208,18890.287102,2971.421415,9591.610751,7624.99589,7320.614837,7080.43998
pa,300,20574.15273,4284.001633,2288.983322,2999.955538,32371.719089,2483.965041,28377.953029,5384.968673,16992.413228,13101.674672,12207.497433,12709.281834
pa,360,23587.59957,6436.013975,3682.399694,4357.716016,37155.461768,3920.186481,34445.987121,7517.986794,21775.236727,16238.508402,15180.199731,16711.779056
pa,420,24458.119149,8236.139468,4707.265787,5903.355807,37985.687898,5420.637405,36353.790268,8630.888384,24838.67713,19813.079132,17900.913652,19889.186166
pa,480,26679.651916,9615.391154,6153.038882,7187.448491,38214.061066,6516.864185,37019.866915,9857.951667,26624.945336,21385.17975,19518.165058,20643.125383
pa,540,26486.98978,10554.72272,6980.565499,7879.440314,38511.422938,7422.867718,35932.737533,10664.113948,26927.021264,22189.079744,20712.098095,21932.211413
pa,600,27157.741442,11208.694245,7629.751853,9311.00253,36479.868637,8283.699475,36306.213577,11175.40102,28247.130234,23818.310121,22236.648044,22726.603181
pa,660,26360.927152,11498.821505,8366.929555,9256.307822,35440.322738,8994.724953,35913.706953,12200.36308,27892.720462,24567.529383,21427.990788,23073.854753
pa,720,26101.666899,11358.513928,9372.831376,9824.659004,35071.608329,9529.781736,35847.09996,12095.72598,27823.741562,24225.028279,22512.544742,23199.912204
pa,780,26391.848156,11710.472383,9448.928482,10283.623364,34790.910756,9950.695587,35135.835878,12392.990826,27690.541094,25207.3444,22900.228779,24372.493852
pa,840,25076.526788,11662.910339,9596.366831,10207.525464,34755.228932,9710.512836,34124.852658,11948.283027,27157.741442,25347.676259,22217.620721,23532.895104
pa,900,24555.636959,11884.074083,9841.305334,10276.489183,32749.935973,9658.195897,34051.110853,12832.944824,27072.113257,24536.609084,21192.530359,23578.085747
pa,960,23361.646582,11425.100544,9974.476096,10559.478857,31096.736977,9774.720035,33306.560298,12578.484649,26389.469616,23727.928589,20279.235852,24003.830428
pa,1020,22205.728646,11163.510586,10171.854598,10561.856926,30466.389517,9808.012677,32792.753091,12709.281834,26394.226695,23668.46711,19882.051129,22954.932812
pa,1080,20678.800916,10376.367777,9791.366355,10628.442879,29624.348203,9356.185144,31429.752733,12019.626357,25040.849294,23078.611635,18757.101502,22845.524782
pa,1140,19311.250188,10088.622641,10026.793242,9613.013113,27764.27704,9144.540492,29384.106402,11636.751227,23877.771711,21116.422085,17677.354999,21884.643293
pa,1200,19116.227466,9234.905556,9741.427407,9715.268923,26482.232696,8994.724953,28373.195833,11769.924978,21953.617075,20452.856141,16407.36344,20738.260174
pa,1260,17237.374369,8561.926083,9765.207854,9693.866533,24772.079353,8064.923675,25837.650441,10901.921482,20143.669587,18935.475124,15051.77671,19301.736873
pa,1320,15268.193402,7781.942822,9277.710095,8959.054628,22379.353114,7613.105983,23466.298413,10245.574405,19004.446364,17984.153736,13593.952044,18229.117912
pa,1380,14397.773779,7377.686196,9111.248126,8321.747501,20155.561356,7070.928119,21713.398299,9360.94121,17208.835168,16426.389382,11824.621404,16906.795919
pa,1440,12395.368949,6742.769618,8607.108274,7900.842218,18153.012456,6633.38375,20160.318064,8250.407467,15239.654903,14245.570227,10504.783296,15151.661264
pa,1500,11299.061639,5420.637405,7919.866138,6771.305086,16502.493196,5900.977877,17263.535311,7551.278497,13788.961309,13008.9271,8497.719857,13577.304934
pa,1560,9477.464915,4987.857865,6944.896072,6136.393319,14343.075594,4852.317501,15234.898488,6823.620138,12155.178861,11734.253416,7296.835116,11765.168769
pa,1620,8350.283532,4357.716016,6245.778508,5477.707409,12597.509681,4157.973975,13275.27939,5784.459378,10552.344651,9708.134792,5874.820648,10121.915413
pa,1680,7479.93915,3775.136457,5946.158564,4405.273718,10763.993026,3520.705082,11677.17895,4916.520802,9303.868436,8566.682102,4788.114251,8657.046513
pa,1740,6336.140298,3023.733982,5154.311257,3977.255415,9194.479067,3301.942304,9941.183385,4255.467052,7484.695104,7427.623669,3958.232433,7070.928119
pa,1800,5185.224068,2498.232014,4521.790208,3520.705082,8114.861577,2733.637447,8262.297468,3442.235756,6112.61395,6378.943287,3294.808745,5817.750361
pa,1860,4210.287318,2017.911967,3596.796623,2928.620248,6856.911553,2120.158072,7223.118026,2664.680228,5327.898735,5147.177533,2631.390558,4702.509997
pa,1920,3556.372983,1806.286723,3232.984596,2662.302394,5755.924262,1834.820431,6036.520017,2386.474122,4238.821884,4400.517946,2227.15995,3806.048735
pa,1980,3092.69151,1497.172203,2854.907182,2189.114822,4752.445801,1585.150829,5071.084517,1903.776934,3366.144362,3506.437926,1692.151992,2823.995271
pa,2040,2208.137384,1302.192889,2372.207168,1906.154746,3984.389035,1530.461401,3941.587327,1656.484922,2778.816346,2819.239594,1430.593847,2310.383732
pa,2100,1818.175766,990.702532,1858.598529,1604.173248,3482.659338,1054.902735,3061.779508,1297.437302,2293.738968,2388.851948,1233.236904,1746.84153
pa,2160,1547.106006,871.813403,1872.865391,1325.970829,2462.564585,950.280208,2776.438509,1128.614144,1708.79663,1839.57605,1038.258233,1499.550002
pa,2220,1092.947325,729.14668,1318.837446,1045.391591,2179.603542,805.235567,2560.055596,883.702308,1618.440064,1746.84153,831.391139,1311.704064
pa,2280,926.50238,645.924543,1147.636453,914.613469,2046.445751,724.391127,1963.222244,707.746694,1211.836783,1280.792749,636.413447,969.302476
pa,2340,843.280038,541.302551,1026.369305,741.035564,1756.352758,676.835613,1820.553575,743.413341,1173.792137,1157.14761,567.458036,724.391127
pa,2400,800.48001,493.747145,812.368904,812.368904,1532.839202,624.524579,1585.150829,512.769304,1176.169927,840.902258,572.21358,693.480039
pa,2460,619.769032,510.391533,698.235591,617.391259,1394.926894,527.035926,1451.994027,434.302927,1040.636019,845.657818,529.413696,543.680322
pa,2520,576.969124,384.369818,538.92478,515.147074,1190.436667,405.769718,1150.014243,396.258651,890.835651,605.502393,648.302317,527.035926
pa,2580,469.969452,324.925682,572.21358,472.347221,1264.1482,389.125351,1066.791668,417.658554,783.83556,586.480212,505.635993,396.258651
pa,2640,450.947303,234.570679,467.591683,408.147485,1069.169454,341.570036,1043.013805,353.458862,707.746694,538.92478,512.769304,315.414624
pa,2700,362.969924,289.259221,405.769718,322.547917,955.035775,332.058976,819.502241,334.436741,598.369075,508.013763,429.547391,550.813635
pa,2760,332.058976,267.859352,367.725456,353.458862,726.768904,282.125931,752.92445,374.858753,584.10244,405.769718,353.458862,336.814506
pa,2820,277.370404,248.837252,339.192271,389.125351,579.346896,301.14804,702.991142,322.547917,550.813635,289.259221,274.992641,348.703331
pa,2880,265.48159,167.993374,334.436741,467.591683,493.747145,187.015455,541.302551,317.792388,505.635993,298.770276,239.326203,310.659096
pa,2940,258.348301,165.615614,274.992641,339.192271,455.70284,220.304109,557.946949,303.525804,460.458377,198.904259,248.837252,377.23652
pa20,0,790.968895,534.169238,396.258651,305.903568,222.68187,184.637695,165.615614,175.126654,103.793882,94.282851,96.660608,134.704742
pa20,60,75.260791,80.016306,63.372006,65.749763,101.416124,80.016306,77.638548,63.372006,89.527335,68.12752,75.260791,60.994249
pa20,120,46.72771,56.238736,72.883034,58.616493,82.394063,51.483223,39.594442,60.994249,72.883034,63.372006,65.749763,39.594442
pa20,180,65.749763,51.483223,60.994249,58.616493,44.349954,49.105467,58.616493,44.349954,60.994249,30.083418,56.238736,34.83893
pa20,240,46.72771,39.594442,60.994249,49.105467,68.12752,46.72771,84.77182,51.483223,70.505277,34.83893,44.349954,22.950151
pa20,300,49.105467,77.638548,58.616493,44.349954,30.083418,51.483223,34.83893,106.17164,53.86098,63.372006,49.105467,72.883034
pa20,360,46.72771,34.83893,51.483223,49.105467,53.86098,60.994249,41.972198,56.238736,63.372006,75.260791,70.505277,51.483223
pa20,420,51.483223,39.594442,44.349954,51.483223,41.972198,44.349954,39.594442,37.216686,56.238736,53.86098,44.349954,39.594442
pa20,480,53.86098,51.483223,44.349954,34.83893,80.016306,34.83893,44.349954,84.77182,77.638548,51.483223,37.216686,58.616493
pa20,540,41.972198,44.349954,51.483223,60.994249,37.216686,56.238736,46.72771,70.505277,75.260791,89.527335,32.461174,51.483223
pa20,600,39.594442,58.616493,46.72771,30.083418,34.83893,58.616493,65.749763,51.483223,56.238736,241.703965,46.72771,51.483223
pa20,660,46.72771,44.349954,46.72771,51.483223,46.72771,60.994249,34.83893,80.016306,37.216686,234.570679,46.72771,44.349954
pa20,720,70.505277,56.238736,39.594442,44.349954,32.461174,60.994249,51.483223,58.616493,46.72771,99.038366,44.349954,65.749763
pa20,780,60.994249,41.972198,46.72771,34.83893,34.83893,58.616493,77.638548,39.594442,51.483223,46.72771,39.594442,44.349954
pa20,840,51.483223,51.483223,89.527335,41.972198,25.327906,46.72771,72.883034,60.994249,41.972198,65.749763,49.105467,44.349954
pa20,900,75.260791,46.72771,49.105467,37.216686,65.749763,27.705662,49.105467,58.616493,44.349954,51.483223,70.505277,49.105467
pa20,960,37.216686,53.86098,44.349954,37.216686,46.72771,63.372006,58.616493,120.43819,44.349954,56.238736,51.483223,51.483223
pa20,1020,37.216686,39.594442,32.461174,51.483223,44.349954,56.238736,51.483223,139.46026,46.72771,63.372006,30.083418,72.883034
pa20,1080,39.594442,68.12752,46.72771,39.594442,41.972198,37.216686,39.594442,80.016306,49.105467,58.616493,30.083418,37.216686
pa20,1140,39.594442,51.483223,51.483223,51.483223,30.083418,58.616493,56.238736,58.616493,30.083418,144.215778,72.883034,84.77182
pa20,1200,44.349954,34.83893,49.105467,63.372006,41.972198,68.12752,58.616493,210.793064,46.72771,63.372006,41.972198,94.282851
pa20,1260,60.994249,65.749763,37.216686,44.349954,39.594442,84.77182,63.372006,108.549398,49.105467,39.594442,46.72771,65.749763
pa20,1320,22.950151,80.016306,41.972198,34.83893,53.86098,53.86098,37.216686,80.016306,60.994249,158.482335,51.483223,53.86098
pa20,1380,34.83893,51.483223,49.105467,56.238736,44.349954,53.86098,18.19464,65.749763,53.86098,65.749763,37.216686,58.616493
pa20,1440,41.972198,41.972198,41.972198,49.105467,44.349954,49.105467,44.349954,160.860094,46.72771,34.83893,60.994249,60.994249
pa20,1500,44.349954,30.083418,39.594442,56.238736,77.638548,84.77182,49.105467,99.038366,49.105467,49.105467,51.483223,41.972198
pa20,1560,41.972198,75.260791,32.461174,53.86098,39.594442,30.083418,68.12752,56.238736,41.972198,44.349954,25.327906,56.238736
pa20,1620,27.705662,63.372006,34.83893,30.083418,65.749763,56.238736,39.594442,77.638548,56.238736,70.505277,37.216686,65.749763
pa20,1680,41.972198,25.327906,49.105467,39.594442,68.12752,44.349954,53.86098,46.72771,32.461174,34.83893,32.461174,60.994249
pa20,1740,37.216686,44.349954,49.105467,39.594442,49.105467,34.83893,56.238736,53.86098,56.238736,37.216686,44.349954,39.594442
pa20,1800,37.216686,58.616493,34.83893,34.83893,49.105467,37.216686,72.883034,51.483223,46.72771,34.83893,46.72771,80.016306
pa20,1860,27.705662,58.616493,96.660608,65.749763,58.616493,77.638548,72.883034,60.994249,41.972198,65.749763,46.72771,77.638548
pa20,1920,46.72771,53.86098,39.594442,53.86098,49.105467,70.505277,41.972198,44.349954,68.12752,32.461174,37.216686,80.016306
pa20,1980,30.083418,39.594442,46.72771,53.86098,51.483223,65.749763,82.394063,77.638548,32.461174,58.616493,46.72771,65.749763
pa20,2040,68.12752,72.883034,25.327906,32.461174,68.12752,56.238736,58.616493,32.461174,30.083418,46.72771,51.483223,34.83893
pa20,2100,51.483223,30.083418,39.594442,60.994249,41.972198,37.216686,30.083418,58.616493,49.105467,56.238736,70.505277,27.705662
pa20,2160,39.594442,30.083418,39.594442,41.972198,82.394063,80.016306,39.594442,51.483223,58.616493,49.105467,53.86098,63.372006
pa20,2220,75.260791,34.83893,34.83893,53.86098,41.972198,51.483223,25.327906,41.972198,37.216686,49.105467,37.216686,51.483223
pa20,2280,46.72771,41.972198,39.594442,56.238736,37.216686,56.238736,53.86098,41.972198,34.83893,44.349954,32.461174,53.86098
pa20,2340,32.461174,37.216686,41.972198,77.638548,51.483223,44.349954,41.972198,60.994249,68.12752,44.349954,60.994249,65.749763
pa20,2400,51.483223,37.216686,82.394063,30.083418,34.83893,46.72771,75.260791,34.83893,46.72771,63.372006,65.749763,58.616493
pa20,2460,53.86098,25.327906,41.972198,53.86098,49.105467,63.372006,51.483223,37.216686,51.483223,32.461174,51.483223,58.616493
pa20,2520,51.483223,37.216686,41.972198,30.083418,27.705662,46.72771,25.327906,113.304915,51.483223,51.483223,39.594442,49.105467
pa20,2580,34.83893,37.216686,44.349954,56.238736,25.327906,56.238736,37.216686,58.616493,51.483223,118.060431,39.594442,58.616493
pa20,2640,37.216686,27.705662,68.12752,56.238736,46.72771,72.883034,34.83893,46.72771,41.972198,49.105467,32.461174,39.594442
pa20,2700,46.72771,32.461174,37.216686,44.349954,37.216686,41.972198,53.86098,30.083418,68.12752,75.260791,60.994249,49.105467
pa20,2760,22.950151,63.372006,34.83893,34.83893,58.616493,68.12752,34.83893,80.016306,53.86098,37.216686,37.216686,44.349954
pa20,2820,51.483223,37.216686,32.461174,51.483223,53.86098,65.749763,80.016306,91.905093,39.594442,32.461174,34.83893,65.749763
pa20,2880,39.594442,34.83893,49.105467,46.72771,39.594442,80.016306,156.104575,60.994249,49.105467,51.483223,51.483223,46.72771
pa20,2940,39.594442,58.616493,77.638548,41.972198,32.461174,34.83893,53.86098,110.927156,60.994249,82.394063,68.12752,82.394063
