Name,Time,A1,A2,A3,A4,A5,A6,A7,A8,A9,A10,A11,A12
pta,0,113.304915,118.060431,110.927156,115.682673,115.682673,106.17164,80.016306,68.12752,91.905093,63.372006,51.483223,77.638548
pta,60,56.238736,56.238736,44.349954,82.394063,65.749763,77.638548,72.883034,89.527335,77.638548,44.349954,65.749763,44.349954
pta,120,624.524579,210.793064,129.949224,574.591352,103.793882,348.703331,120.43819,1100.080687,1340.237596,488.991606,148.971297,667.324513
pta,180,4248.333408,1597.03984,1568.506217,12164.691326,555.569178,1694.529797,1190.436667,4590.749027,5254.183458,3775.136457,2274.716386,8345.527526
pta,240,10778.261476,5351.677871,5170.956615,24360.601457,2491.098527,5886.710296,5192.357795,12219.388022,10036.305454,8079.191644,6126.881571,19627.56854
pta,300,16997.169748,10067.220151,9418.014024,33211.410566,5601.359224,10573.747271,9391.855646,19299.358545,15377.591073,12359.697108,10583.259548,27381.326578
pta,360,22443.570479,14117.148706,14224.166626,36482.247476,8426.379666,14226.544804,12695.01304,24558.015444,20676.422547,15527.418562,14928.110291,32933.098251
pta,420,26184.915513,17501.362457,17606.006625,39639.029194,10288.379485,17993.666893,15574.982902,28325.623885,24351.087542,18255.279179,18538.297069,36451.322573
pta,480,28037.814206,20712.098095,20952.313866,39748.460183,12026.760694,20474.261408,17589.35868,31377.421594,26049.339244,20029.5087,21670.587107,38047.5389
pta,540,30314.155403,21927.454599,23371.16038,40397.91239,12818.676008,22020.212507,18968.771577,32419.293442,25625.962198,21133.070764,23551.92274,40324.164804
pta,600,32029.184586,24857.705077,25266.807022,41447.038625,13184.909764,23742.19935,20312.532865,33986.884174,25371.461344,22227.134382,26356.170076,40730.966848
pta,660,31969.71694,25150.260325,26280.056891,40723.829952,14193.250323,23873.014782,20716.854836,34476.911248,23727.928589,23178.506208,26586.888607,39788.902108
pta,720,32326.523481,25785.322958,27343.26949,40012.522532,14305.024705,23444.892346,21556.424042,34424.578116,22308.000548,22893.093473,28404.117614,40959.347849
pta,780,33758.523067,26163.508718,27947.427908,39453.472642,14269.352013,25071.769787,21083.124738,33658.615288,20367.23513,22717.08946,29629.105474,40493.070665
pta,840,34072.519757,27034.056316,28556.348095,38839.711728,14538.086685,24881.490016,21197.287128,32547.744335,18754.72319,23104.774487,29467.35843,39969.701552
pta,900,33268.500392,27559.719423,28480.232818,37131.673181,14162.334032,24769.700862,20752.530402,32219.481351,16228.995453,23064.340992,29495.902002,38297.322279
pta,960,32990.187878,26408.497932,28808.480465,36527.445431,13788.961309,24127.510871,20186.479962,30994.453844,14959.026878,23071.476313,29210.466737,37379.074835
pta,1020,32747.557245,26998.377949,29338.91248,34943.153385,13044.599231,23701.765533,19668.000299,29652.891832,13011.305242,22943.040628,29935.95003,35851.8576
pta,1080,31401.208471,26068.367478,28777.558528,34312.775632,12416.772061,23119.045137,19225.630398,28527.804857,11360.892021,22391.245215,30035.853162,35723.401405
pta,1140,31467.811765,26517.910832,28030.678442,32179.043251,11489.309119,22690.926734,18476.461142,27371.812305,10086.244586,22346.055242,29110.564635,33739.493004
pta,1200,29945.464608,25176.423854,27260.019672,31384.557656,11108.814611,22020.212507,17558.441077,25880.463862,9182.588927,21561.180833,28518.290447,31641.456327
pta,1260,28408.874812,24634.12699,25728.238471,29631.484109,10419.172927,21297.179353,15655.842346,23221.318206,7489.451059,21351.882291,27034.056316,29959.736479
pta,1320,27226.719769,23302.185376,24650.776401,27683.405361,9843.683381,19696.540376,15208.738208,22217.620721,6963.919765,19993.833456,26456.06874,28056.842913
pta,1380,25906.62763,22579.14064,22909.742521,25076.526788,8547.658029,18621.537815,13817.49929,20193.615027,5893.844086,18914.070268,24986.143834,25668.775506
pta,1440,23661.331736,20583.666196,20885.719323,23126.180464,7691.579399,17039.978439,12359.697108,17408.609786,5282.718396,18038.854409,22816.983582,22876.444428
pta,1500,22250.91854,18852.234051,18721.426825,20514.693595,6497.840599,15408.507834,11270.524556,15624.92549,4555.080665,15919.825218,21049.827405,20436.207604
pta,1560,20314.911223,17120.839364,17182.674243,19052.012771,5808.23865,13869.818948,9705.756749,13779.448651,4319.669874,15325.270429,18837.964161,18148.255868
pta,1620,18279.062156,15836.587281,15291.975491,16733.183323,5066.328706,12290.731594,8523.877943,12109.994668,3668.132509,12961.364285,17332.505111,16585.731825
pta,1680,16369.31157,13860.306281,13565.414143,15175.443319,4146.084583,10930.458434,7097.085739,10637.955163,3294.808745,11924.501931,14885.302729,14450.093817
pta,1740,14818.713234,12533.300217,11648.641732,12987.52383,3789.403661,9786.610263,6065.055233,9054.17553,3021.356138,10633.199021,13196.800498,12809.163465
pta,1800,13058.868087,11068.387176,9995.878561,11658.154137,3026.111827,8687.960678,5101.997296,8110.105585,2545.788611,9056.553554,11308.574003,11387.051043
pta,1860,10856.737996,9439.41634,8837.775642,9544.049966,2788.327697,7256.409607,4512.278651,6476.43907,2322.27285,7927.000109,9727.159142,10257.464703
pta,1920,9974.476096,8661.802538,7263.543519,8181.445494,2343.673269,5965.18202,3787.025793,5977.071681,2115.402437,6787.950781,8193.335485,8274.187471
pta,1980,8481.073807,7475.183196,6735.635752,6933.006266,2039.312304,5508.620345,3354.255088,5030.660132,1839.57605,5824.884144,7315.858892,7570.302334
pta,2040,7513.230837,6638.139654,5446.794485,5836.773785,1768.241794,4923.654506,2847.773663,4341.070827,1739.70811,5389.724503,5508.620345,6226.754986
pta,2100,6940.14015,5720.255381,4728.666843,4985.479961,1592.284236,4105.660666,2258.07163,3903.541383,1425.838252,3875.006937,4842.805905,5537.155373
pta,2160,5967.559952,5140.04381,4231.688241,4046.213765,1333.104212,3946.343071,1863.354149,3111.714287,1261.770408,3639.598147,4017.679268,4752.445801
pta,2220,5059.19499,4181.752763,3587.285177,3468.392189,1069.169454,3009.466915,1772.997409,2819.239594,1195.192248,2983.310632,3496.92649,4150.84034
pta,2280,4486.121877,3791.781528,2978.554945,2778.816346,940.769076,2640.901891,1530.461401,2210.515204,1012.102594,2633.768391,2959.532199,3848.850371
pta,2340,3691.911152,3337.610107,2474.453726,2524.388139,886.080089,2198.626102,1245.125863,2124.913708,902.724559,2091.624262,2424.519345,3161.649098
pta,2400,3294.808745,2636.146224,2362.695867,2227.15995,795.724452,2079.735178,1045.391591,1687.396381,812.368904,1834.820431,2082.112995,2843.017984
pta,2460,2655.168892,2426.897172,1965.600057,1908.532557,781.457782,1654.107117,881.324526,1392.549097,691.102264,1539.972604,1761.108372,2522.010309
pta,2520,2483.965041,2155.825349,1813.420149,1753.974951,619.769032,1437.72724,881.324526,1161.903189,664.946738,1233.236904,1449.616229,2165.336625
pta,2580,2086.868628,1682.640771,1440.105037,1482.905408,543.680322,1271.281578,790.968895,888.45787,579.346896,1040.636019,1237.992487,1879.998823
pta,2640,1782.50864,1539.972604,1218.970156,1221.347947,448.569535,1123.858567,705.368918,862.30228,593.61353,867.057841,995.458101,1537.594803
pta,2700,1492.416604,1214.214574,1012.102594,1133.369721,450.947303,950.280208,660.191189,831.391139,503.258224,802.857788,974.058043,1321.21524
pta,2760,1259.392615,1026.369305,914.613469,1147.636453,389.125351,916.991251,626.902352,581.724668,458.080609,610.257939,821.880021,1223.725738
pta,2820,1216.592365,905.102341,790.968895,867.057841,324.925682,760.057782,550.813635,626.902352,408.147485,548.435864,660.191189,1043.013805
pta,2880,936.013511,771.94667,781.457782,895.591214,379.614286,722.013351,441.436231,477.102759,374.858753,469.969452,648.302317,1000.21367
pta,2940,819.502241,624.524579,821.880021,755.302227,291.636985,672.080063,484.236067,462.836146,317.792388,267.859352,550.813635,750.546672
ptada,0,151.349056,120.43819,96.660608,70.505277,113.304915,99.038366,87.149578,51.483223,101.416124,68.12752,72.883034,89.527335
ptada,60,60.994249,72.883034,60.994249,65.749763,58.616493,41.972198,60.994249,41.972198,58.616493,41.972198,56.238736,58.616493
ptada,120,51.483223,34.83893,68.12752,91.905093,68.12752,41.972198,68.12752,27.705662,58.616493,46.72771,51.483223,46.72771
ptada,180,51.483223,51.483223,60.994249,177.504414,82.394063,60.994249,34.83893,122.815948,49.105467,39.594442,44.349954,91.905093
ptada,240,108.549398,37.216686,82.394063,144.215778,227.437394,32.461174,63.372006,396.258651,115.682673,49.105467,96.660608,82.394063
ptada,300,298.770276,46.72771,246.459489,244.081727,429.547391,89.527335,165.615614,764.813337,436.680695,189.393216,267.859352,241.703965
ptada,360,600.746848,56.238736,524.658155,294.014748,776.702226,246.459489,291.636985,1573.26182,1164.280978,358.214393,610.257939,408.147485
ptada,420,1083.436176,84.77182,893.213433,557.946949,1249.881447,574.591352,622.146805,2488.720698,2353.184567,617.391259,1019.235949,783.83556
ptada,480,1856.220719,115.682673,1447.238431,788.591117,1882.376634,824.2578,1268.903785,3485.037197,3249.629554,1221.347947,1525.705801,1316.459652
ptada,540,2728.881774,182.259935,1708.79663,897.968996,2303.250261,1356.882161,1903.776934,4607.394268,4540.813324,1839.57605,2239.049056,1841.953859
ptada,600,3373.277927,248.837252,2198.626102,1095.325112,2571.944752,1725.441271,2467.320241,5061.572896,5142.421717,2426.897172,2885.819105,2372.207168
ptada,660,3996.278402,298.770276,2462.564585,1111.969626,3304.320157,2155.825349,3223.473192,5893.844086,6348.030015,3175.916192,3240.118149,3104.580745
ptada,720,4543.191214,374.858753,2724.126103,1333.104212,3575.39587,2448.297618,3827.44955,6119.74776,6711.856205,3539.727961,3449.369328,3449.369328
ptada,780,5151.933349,527.035926,2598.100901,1166.658768,3406.567906,3045.134588,3991.522655,5805.860723,6752.28144,3920.186481,3577.773731,3530.216521
ptada,840,5556.178731,576.969124,2341.295444,1054.902735,3273.408072,3206.828239,4060.481017,5582.335855,7246.897725,3768.002856,3080.802277,3734.712726
ptada,900,5213.758981,764.813337,2248.560343,852.791158,3154.515551,3632.464558,4148.462462,5358.811613,6414.612462,3791.781528,3059.401662,3582.529454
ptada,960,5568.068332,760.057782,2281.849854,771.94667,2809.72824,3489.792914,3625.33097,4528.923876,6157.794757,3197.316839,2567.189089,3254.385257
ptada,1020,5299.363781,862.30228,1896.6435,648.302317,2510.121161,3684.777558,3382.789348,3891.652029,5475.329491,3161.649098,2186.737002,2764.549322
ptada,1080,4997.369478,798.102231,1613.684458,619.769032,2072.601728,3342.365816,3064.157354,2942.887301,4673.975267,2474.453726,1763.486179,2543.410781
ptada,1140,4262.600696,802.857788,1318.837446,465.213915,1639.840294,3154.515551,2614.745728,2560.055596,3751.357789,2110.646801,1501.927802,2022.667597
ptada,1200,3865.495457,767.191115,1140.503087,265.48159,1340.237596,2771.682834,2208.137384,1825.309194,3149.759854,1891.887878,1078.680602,1849.087289
ptada,1260,3130.737068,702.991142,1073.925028,225.059632,1142.880876,2548.166442,1685.018576,1537.594803,2636.146224,1390.171301,914.613469,1330.726417
ptada,1320,2526.765969,767.191115,691.102264,248.837252,924.124598,2053.579198,1547.106006,1207.081201,1948.955365,1014.480379,724.391127,1021.613735
ptada,1380,1987.00038,588.857985,674.457838,201.28202,714.880022,1832.442621,1209.458992,805.235567,1630.32908,897.968996,508.013763,843.280038
ptada,1440,1597.03984,560.324721,493.747145,160.860094,626.902352,1497.172203,1064.413881,638.791221,1226.10353,586.480212,374.858753,650.680091
ptada,1500,1285.548335,581.724668,469.969452,160.860094,484.236067,1218.970156,824.2578,453.325072,938.391293,453.325072,279.748168,541.302551
ptada,1560,1140.503087,536.547009,353.458862,151.349056,453.325072,1083.436176,631.6579,381.992052,736.28001,336.814506,251.215014,553.191406
ptada,1620,702.991142,403.391951,272.614878,115.682673,324.925682,817.124462,488.991606,377.23652,603.124621,277.370404,175.126654,305.903568
ptada,1680,584.10244,279.748168,120.43819,118.060431,203.65978,629.280126,410.525252,234.570679,429.547391,196.526498,165.615614,253.592776
ptada,1740,491.369375,322.547917,84.77182,82.394063,208.415303,576.969124,334.436741,175.126654,286.881458,189.393216,141.838019,198.904259
ptada,1800,336.814506,284.503694,137.082501,77.638548,137.082501,405.769718,170.371134,153.726816,305.903568,148.971297,108.549398,165.615614
ptada,1860,241.703965,296.392512,99.038366,75.260791,118.060431,310.659096,232.192917,118.060431,236.948441,99.038366,84.77182,170.371134
ptada,1920,132.326983,222.68187,63.372006,87.149578,125.193707,244.081727,160.860094,137.082501,177.504414,87.149578,56.238736,137.082501
ptada,1980,146.593538,191.770977,82.394063,84.77182,125.193707,208.415303,132.326983,137.082501,134.704742,84.77182,101.416124,82.394063
ptada,2040,134.704742,179.882174,84.77182,44.349954,46.72771,194.148737,103.793882,101.416124,115.682673,82.394063,65.749763,68.12752
ptada,2100,101.416124,160.860094,53.86098,87.149578,91.905093,125.193707,108.549398,37.216686,115.682673,68.12752,65.749763,108.549398
ptada,2160,129.949224,120.43819,77.638548,87.149578,49.105467,106.17164,72.883034,89.527335,108.549398,44.349954,49.105467,91.905093
ptada,2220,113.304915,115.682673,56.238736,65.749763,72.883034,120.43819,120.43819,87.149578,99.038366,70.505277,75.260791,68.12752
ptada,2280,87.149578,110.927156,65.749763,39.594442,70.505277,122.815948,75.260791,51.483223,72.883034,46.72771,56.238736,51.483223
ptada,2340,53.86098,84.77182,63.372006,65.749763,94.282851,72.883034,72.883034,63.372006,68.12752,82.394063,63.372006,65.749763
ptada,2400,72.883034,60.994249,51.483223,72.883034,84.77182,91.905093,60.994249,41.972198,72.883034,53.86098,58.616493,34.83893
ptada,2460,44.349954,91.905093,39.594442,58.616493,77.638548,106.17164,58.616493,84.77182,82.394063,39.594442,70.505277,46.72771
ptada,2520,41.972198,77.638548,58.616493,46.72771,68.12752,84.77182,60.994249,60.994249,56.238736,34.83893,27.705662,65.749763
ptada,2580,84.77182,37.216686,77.638548,65.749763,49.105467,60.994249,44.349954,44.349954,44.349954,44.349954,51.483223,41.972198
ptada,2640,44.349954,77.638548,58.616493,49.105467,34.83893,68.12752,84.77182,51.483223,53.86098,41.972198,72.883034,51.483223
ptada,2700,63.372006,63.372006,63.372006,51.483223,68.12752,63.372006,80.016306,53.86098,82.394063,58.616493,34.83893,58.616493
ptada,2760,56.238736,46.72771,56.238736,41.972198,41.972198,53.86098,41.972198,77.638548,25.327906,37.216686,30.083418,37.216686
ptada,2820,30.083418,101.416124,58.616493,30.083418,58.616493,44.349954,56.238736,39.594442,53.86098,44.349954,68.12752,49.105467
ptada,2880,32.461174,51.483223,68.12752,58.616493,56.238736,58.616493,53.86098,34.83893,44.349954,18.19464,41.972198,75.260791
ptada,2940,49.105467,44.349954,60.994249,34.83893,77.638548,37.216686,65.749763,27.705662,77.638548,39.594442,58.616493,41.972198
1863,0,158.482335,141.838019,122.815948,122.815948,77.638548,101.416124,58.616493,94.282851,44.349954,118.060431,68.12752,65.749763
1863,60,77.638548,158.482335,82.394063,60.994249,56.238736,41.972198,58.616493,56.238736,101.416124,106.17164,49.105467,41.972198
1863,120,75.260791,156.104575,56.238736,58.616493,56.238736,44.349954,56.238736,46.72771,37.216686,87.149578,27.705662,27.705662
1863,180,32.461174,182.259935,53.86098,58.616493,65.749763,46.72771,53.86098,37.216686,75.260791,101.416124,34.83893,68.12752
1863,240,58.616493,189.393216,49.105467,65.749763,63.372006,27.705662,56.238736,34.83893,34.83893,70.505277,58.616493,34.83893
1863,300,39.594442,229.815155,27.705662,70.505277,44.349954,44.349954,44.349954,37.216686,46.72771,99.038366,30.083418,134.704742
1863,360,39.594442,153.726816,41.972198,65.749763,46.72771,58.616493,41.972198,34.83893,41.972198,87.149578,39.594442,49.105467
1863,420,32.461174,277.370404,30.083418,44.349954,30.083418,27.705662,51.483223,37.216686,60.994249,46.72771,25.327906,30.083418
1863,480,51.483223,151.349056,41.972198,27.705662,32.461174,34.83893,51.483223,58.616493,51.483223,60.994249,103.793882,44.349954
1863,540,89.527335,236.948441,25.327906,53.86098,37.216686,53.86098,63.372006,46.72771,30.083418,99.038366,58.616493,68.12752
1863,600,60.994249,194.148737,60.994249,56.238736,49.105467,39.594442,41.972198,32.461174,60.994249,96.660608,60.994249,96.660608
1863,660,30.083418,234.570679,44.349954,41.972198,32.461174,51.483223,51.483223,60.994249,41.972198,122.815948,49.105467,49.105467
1863,720,25.327906,353.458862,80.016306,51.483223,32.461174,58.616493,30.083418,34.83893,51.483223,141.838019,32.461174,34.83893
1863,780,49.105467,251.215014,37.216686,37.216686,32.461174,56.238736,77.638548,53.86098,58.616493,129.949224,41.972198,44.349954
1863,840,53.86098,236.948441,32.461174,32.461174,44.349954,46.72771,51.483223,41.972198,53.86098,144.215778,44.349954,51.483223
1863,900,58.616493,296.392512,20.572395,44.349954,25.327906,37.216686,46.72771,25.327906,70.505277,151.349056,46.72771,41.972198
1863,960,25.327906,244.081727,34.83893,27.705662,53.86098,39.594442,39.594442,44.349954,37.216686,177.504414,44.349954,41.972198
1863,1020,44.349954,244.081727,53.86098,70.505277,49.105467,60.994249,70.505277,34.83893,37.216686,141.838019,30.083418,72.883034
1863,1080,34.83893,305.903568,51.483223,68.12752,18.19464,68.12752,27.705662,34.83893,30.083418,99.038366,37.216686,37.216686
1863,1140,56.238736,296.392512,56.238736,37.216686,39.594442,58.616493,58.616493,44.349954,46.72771,163.237854,87.149578,22.950151
1863,1200,37.216686,263.103827,53.86098,46.72771,30.083418,63.372006,39.594442,37.216686,44.349954,177.504414,49.105467,53.86098
1863,1260,65.749763,415.280787,58.616493,25.327906,39.594442,41.972198,53.86098,39.594442,34.83893,84.77182,46.72771,53.86098
1863,1320,46.72771,234.570679,27.705662,41.972198,41.972198,46.72771,30.083418,22.950151,39.594442,134.704742,49.105467,25.327906
1863,1380,46.72771,270.237115,30.083418,22.950151,46.72771,51.483223,49.105467,37.216686,53.86098,125.193707,46.72771,44.349954
1863,1440,60.994249,298.770276,34.83893,58.616493,51.483223,46.72771,63.372006,58.616493,25.327906,132.326983,58.616493,84.77182
1863,1500,51.483223,184.637695,41.972198,30.083418,27.705662,60.994249,34.83893,58.616493,37.216686,189.393216,51.483223,27.705662
1863,1560,49.105467,282.125931,34.83893,27.705662,58.616493,41.972198,27.705662,44.349954,30.083418,99.038366,75.260791,18.19464
1863,1620,60.994249,196.526498,41.972198,68.12752,46.72771,49.105467,49.105467,44.349954,68.12752,110.927156,51.483223,37.216686
1863,1680,39.594442,201.28202,84.77182,49.105467,30.083418,30.083418,53.86098,41.972198,80.016306,153.726816,51.483223,37.216686
1863,1740,37.216686,167.993374,37.216686,32.461174,30.083418,82.394063,34.83893,53.86098,63.372006,144.215778,37.216686,68.12752
1863,1800,39.594442,172.748894,32.461174,51.483223,22.950151,27.705662,46.72771,30.083418,51.483223,125.193707,53.86098,34.83893
1863,1860,44.349954,175.126654,39.594442,51.483223,30.083418,30.083418,65.749763,44.349954,53.86098,108.549398,25.327906,37.216686
1863,1920,39.594442,165.615614,46.72771,30.083418,37.216686,39.594442,27.705662,20.572395,63.372006,94.282851,44.349954,46.72771
1863,1980,56.238736,187.015455,56.238736,30.083418,34.83893,27.705662,41.972198,27.705662,39.594442,75.260791,30.083418,49.105467
1863,2040,49.105467,165.615614,34.83893,37.216686,58.616493,41.972198,56.238736,39.594442,49.105467,84.77182,37.216686,34.83893
1863,2100,41.972198,187.015455,56.238736,32.461174,49.105467,60.994249,65.749763,68.12752,30.083418,96.660608,22.950151,60.994249
1863,2160,75.260791,189.393216,25.327906,41.972198,27.705662,41.972198,68.12752,34.83893,37.216686,72.883034,51.483223,51.483223
1863,2220,32.461174,172.748894,32.461174,51.483223,41.972198,27.705662,60.994249,37.216686,30.083418,129.949224,51.483223,51.483223
1863,2280,53.86098,146.593538,30.083418,27.705662,34.83893,37.216686,84.77182,70.505277,30.083418,75.260791,44.349954,91.905093
1863,2340,44.349954,120.43819,63.372006,46.72771,37.216686,44.349954,41.972198,41.972198,27.705662,103.793882,34.83893,41.972198
1863,2400,39.594442,189.393216,44.349954,65.749763,25.327906,46.72771,46.72771,46.72771,32.461174,80.016306,46.72771,60.994249
1863,2460,84.77182,103.793882,30.083418,37.216686,41.972198,39.594442,49.105467,53.86098,34.83893,89.527335,34.83893,44.349954
1863,2520,30.083418,113.304915,41.972198,30.083418,32.461174,25.327906,41.972198,44.349954,41.972198,72.883034,77.638548,37.216686
1863,2580,63.372006,141.838019,32.461174,37.216686,41.972198,51.483223,51.483223,44.349954,58.616493,72.883034,37.216686,53.86098
1863,2640,60.994249,110.927156,77.638548,25.327906,37.216686,25.327906,63.372006,46.72771,58.616493,101.416124,60.994249,51.483223
1863,2700,51.483223,172.748894,39.594442,39.594442,46.72771,51.483223,34.83893,65.749763,41.972198,144.215778,53.86098,75.260791
1863,2760,75.260791,146.593538,30.083418,46.72771,27.705662,25.327906,70.505277,27.705662,68.12752,94.282851,75.260791,25.327906
1863,2820,41.972198,170.371134,39.594442,25.327906,39.594442,25.327906,68.12752,30.083418,49.105467,77.638548,22.950151,34.83893
1863,2880,49.105467,113.304915,34.83893,46.72771,56.238736,101.416124,80.016306,34.83893,30.083418,87.149578,53.86098,53.86098
1863,2940,68.12752,122.815948,44.349954,41.972198,56.238736,37.216686,51.483223,37.216686,46.72771,125.193707,65.749763,80.016306
2009,0,187.015455,148.971297,68.12752,127.571466,91.905093,96.660608,129.949224,70.505277,72.883034,113.304915,94.282851,103.793882
2009,60,44.349954,82.394063,56.238736,60.994249,75.260791,46.72771,68.12752,44.349954,27.705662,94.282851,75.260791,63.372006
2009,120,68.12752,70.505277,53.86098,39.594442,39.594442,30.083418,63.372006,49.105467,49.105467,41.972198,39.594442,41.972198
2009,180,70.505277,72.883034,39.594442,53.86098,46.72771,37.216686,58.616493,53.86098,65.749763,53.86098,30.083418,68.12752
2009,240,46.72771,30.083418,37.216686,58.616493,51.483223,60.994249,39.594442,77.638548,27.705662,44.349954,68.12752,56.238736
2009,300,46.72771,41.972198,56.238736,41.972198,51.483223,46.72771,44.349954,27.705662,51.483223,53.86098,37.216686,44.349954
2009,360,51.483223,32.461174,60.994249,49.105467,39.594442,39.594442,44.349954,53.86098,51.483223,56.238736,49.105467,41.972198
2009,420,49.105467,32.461174,25.327906,32.461174,37.216686,41.972198,53.86098,51.483223,53.86098,32.461174,49.105467,32.461174
2009,480,25.327906,56.238736,58.616493,60.994249,27.705662,41.972198,32.461174,53.86098,63.372006,44.349954,53.86098,53.86098
2009,540,53.86098,25.327906,49.105467,51.483223,49.105467,34.83893,41.972198,60.994249,77.638548,34.83893,58.616493,53.86098
2009,600,37.216686,27.705662,51.483223,41.972198,49.105467,41.972198,37.216686,34.83893,72.883034,30.083418,44.349954,46.72771
2009,660,37.216686,75.260791,37.216686,37.216686,32.461174,41.972198,39.594442,27.705662,39.594442,32.461174,25.327906,41.972198
2009,720,32.461174,25.327906,30.083418,72.883034,39.594442,49.105467,49.105467,39.594442,63.372006,80.016306,37.216686,46.72771
2009,780,53.86098,30.083418,32.461174,32.461174,37.216686,53.86098,49.105467,30.083418,44.349954,34.83893,65.749763,63.372006
2009,840,22.950151,27.705662,37.216686,41.972198,44.349954,32.461174,39.594442,53.86098,41.972198,49.105467,63.372006,51.483223
2009,900,44.349954,32.461174,30.083418,49.105467,72.883034,39.594442,53.86098,58.616493,25.327906,34.83893,49.105467,49.105467
2009,960,37.216686,53.86098,18.19464,32.461174,68.12752,22.950151,34.83893,53.86098,34.83893,58.616493,30.083418,39.594442
2009,1020,39.594442,51.483223,46.72771,20.572395,46.72771,25.327906,34.83893,70.505277,41.972198,53.86098,34.83893,49.105467
2009,1080,53.86098,58.616493,44.349954,25.327906,37.216686,72.883034,49.105467,58.616493,49.105467,46.72771,37.216686,41.972198
2009,1140,53.86098,49.105467,27.705662,37.216686,27.705662,60.994249,84.77182,53.86098,75.260791,46.72771,27.705662,75.260791
2009,1200,22.950151,46.72771,30.083418,41.972198,41.972198,22.950151,34.83893,46.72771,49.105467,49.105467,32.461174,37.216686
2009,1260,63.372006,27.705662,46.72771,63.372006,46.72771,41.972198,41.972198,44.349954,37.216686,32.461174,41.972198,68.12752
2009,1320,30.083418,41.972198,65.749763,44.349954,30.083418,39.594442,25.327906,37.216686,37.216686,39.594442,51.483223,56.238736
2009,1380,32.461174,37.216686,39.594442,41.972198,51.483223,37.216686,63.372006,41.972198,37.216686,22.950151,44.349954,60.994249
2009,1440,25.327906,56.238736,34.83893,49.105467,41.972198,25.327906,41.972198,44.349954,65.749763,34.83893,39.594442,53.86098
2009,1500,41.972198,34.83893,32.461174,60.994249,65.749763,27.705662,32.461174,65.749763,49.105467,37.216686,70.505277,56.238736
2009,1560,32.461174,39.594442,32.461174,39.594442,65.749763,27.705662,34.83893,58.616493,37.216686,41.972198,39.594442,49.105467
2009,1620,32.461174,77.638548,39.594442,41.972198,60.994249,22.950151,46.72771,51.483223,44.349954,37.216686,39.594442,63.372006
2009,1680,39.594442,60.994249,20.572395,51.483223,46.72771,49.105467,22.950151,44.349954,34.83893,44.349954,58.616493,37.216686
2009,1740,32.461174,37.216686,37.216686,65.749763,37.216686,53.86098,32.461174,30.083418,44.349954,37.216686,51.483223,68.12752
2009,1800,46.72771,56.238736,39.594442,27.705662,32.461174,53.86098,39.594442,39.594442,37.216686,34.83893,30.083418,53.86098
2009,1860,32.461174,68.12752,32.461174,46.72771,34.83893,37.216686,46.72771,44.349954,41.972198,53.86098,51.483223,44.349954
2009,1920,63.372006,49.105467,46.72771,39.594442,49.105467,27.705662,65.749763,41.972198,68.12752,30.083418,30.083418,30.083418
2009,1980,27.705662,25.327906,27.705662,41.972198,34.83893,32.461174,30.083418,70.505277,20.572395,30.083418,44.349954,63.372006
2009,2040,72.883034,41.972198,39.594442,44.349954,30.083418,41.972198,41.972198,53.86098,58.616493,77.638548,53.86098,65.749763
2009,2100,30.083418,32.461174,37.216686,30.083418,34.83893,49.105467,49.105467,27.705662,41.972198,30.083418,39.594442,37.216686
2009,2160,41.972198,37.216686,30.083418,27.705662,39.594442,39.594442,51.483223,56.238736,20.572395,56.238736,49.105467,49.105467
2009,2220,41.972198,72.883034,46.72771,46.72771,49.105467,53.86098,56.238736,49.105467,53.86098,41.972198,51.483223,46.72771
2009,2280,25.327906,22.950151,51.483223,34.83893,65.749763,25.327906,53.86098,30.083418,22.950151,51.483223,41.972198,37.216686
2009,2340,32.461174,30.083418,70.505277,30.083418,82.394063,30.083418,49.105467,87.149578,37.216686,41.972198,34.83893,63.372006
2009,2400,27.705662,60.994249,58.616493,53.86098,94.282851,30.083418,27.705662,49.105467,49.105467,37.216686,63.372006,37.216686
2009,2460,39.594442,53.86098,34.83893,51.483223,80.016306,20.572395,34.83893,46.72771,37.216686,49.105467,51.483223,39.594442
2009,2520,30.083418,58.616493,65.749763,60.994249,91.905093,75.260791,41.972198,25.327906,51.483223,46.72771,65.749763,39.594442
2009,2580,34.83893,20.572395,34.83893,58.616493,87.149578,30.083418,49.105467,53.86098,56.238736,34.83893,56.238736,60.994249
2009,2640,34.83893,39.594442,49.105467,51.483223,82.394063,44.349954,34.83893,94.282851,51.483223,41.972198,44.349954,22.950151
2009,2700,27.705662,41.972198,39.594442,70.505277,58.616493,56.238736,39.594442,37.216686,49.105467,53.86098,27.705662,34.83893
2009,2760,46.72771,46.72771,75.260791,34.83893,56.238736,56.238736,39.594442,30.083418,44.349954,25.327906,37.216686,32.461174
2009,2820,70.505277,27.705662,58.616493,39.594442,82.394063,39.594442,27.705662,41.972198,58.616493,60.994249,46.72771,39.594442
2009,2880,41.972198,22.950151,22.950151,53.86098,56.238736,41.972198,39.594442,34.83893,51.483223,37.216686,51.483223,53.86098
2009,2940,39.594442,41.972198,41.972198,51.483223,82.394063,37.216686,37.216686,49.105467,44.349954,44.349954,58.616493,25.327906
2008,0,196.526498,156.104575,115.682673,115.682673,115.682673,99.038366,70.505277,70.505277,60.994249,65.749763,84.77182,58.616493
2008,60,53.86098,87.149578,82.394063,58.616493,65.749763,87.149578,46.72771,58.616493,49.105467,44.349954,44.349954,51.483223
2008,120,53.86098,32.461174,58.616493,70.505277,65.749763,53.86098,34.83893,75.260791,60.994249,51.483223,46.72771,41.972198
2008,180,22.950151,63.372006,63.372006,60.994249,53.86098,60.994249,44.349954,65.749763,44.349954,63.372006,70.505277,51.483223
2008,240,37.216686,53.86098,27.705662,60.994249,51.483223,84.77182,65.749763,44.349954,58.616493,27.705662,53.86098,20.572395
2008,300,46.72771,32.461174,34.83893,34.83893,44.349954,77.638548,44.349954,34.83893,44.349954,46.72771,77.638548,46.72771
2008,360,37.216686,41.972198,46.72771,44.349954,56.238736,65.749763,30.083418,37.216686,32.461174,58.616493,49.105467,30.083418
2008,420,53.86098,72.883034,41.972198,58.616493,44.349954,49.105467,51.483223,37.216686,32.461174,51.483223,53.86098,49.105467
2008,480,63.372006,34.83893,32.461174,18.19464,30.083418,46.72771,34.83893,25.327906,39.594442,44.349954,32.461174,46.72771
2008,540,37.216686,30.083418,32.461174,46.72771,49.105467,46.72771,41.972198,46.72771,30.083418,32.461174,41.972198,49.105467
2008,600,37.216686,44.349954,44.349954,39.594442,32.461174,44.349954,37.216686,46.72771,37.216686,20.572395,60.994249,41.972198
2008,660,60.994249,46.72771,75.260791,49.105467,53.86098,53.86098,44.349954,20.572395,32.461174,53.86098,32.461174,39.594442
2008,720,25.327906,46.72771,51.483223,27.705662,60.994249,49.105467,70.505277,30.083418,46.72771,68.12752,39.594442,82.394063
2008,780,56.238736,56.238736,46.72771,44.349954,32.461174,39.594442,34.83893,49.105467,34.83893,46.72771,30.083418,56.238736
2008,840,51.483223,46.72771,34.83893,63.372006,72.883034,44.349954,39.594442,39.594442,53.86098,39.594442,51.483223,80.016306
2008,900,82.394063,46.72771,44.349954,27.705662,30.083418,60.994249,18.19464,41.972198,51.483223,49.105467,44.349954,30.083418
2008,960,25.327906,39.594442,49.105467,41.972198,49.105467,60.994249,44.349954,27.705662,41.972198,39.594442,87.149578,87.149578
2008,1020,37.216686,46.72771,34.83893,53.86098,37.216686,34.83893,56.238736,34.83893,51.483223,75.260791,46.72771,63.372006
2008,1080,32.461174,39.594442,27.705662,56.238736,68.12752,39.594442,68.12752,49.105467,53.86098,46.72771,34.83893,34.83893
2008,1140,46.72771,22.950151,20.572395,46.72771,46.72771,44.349954,56.238736,65.749763,56.238736,20.572395,70.505277,25.327906
2008,1200,39.594442,25.327906,39.594442,30.083418,34.83893,27.705662,49.105467,41.972198,37.216686,49.105467,46.72771,53.86098
2008,1260,30.083418,30.083418,60.994249,46.72771,25.327906,46.72771,51.483223,39.594442,46.72771,39.594442,53.86098,53.86098
2008,1320,34.83893,80.016306,41.972198,30.083418,27.705662,65.749763,27.705662,51.483223,27.705662,44.349954,41.972198,65.749763
2008,1380,56.238736,49.105467,51.483223,34.83893,27.705662,39.594442,32.461174,37.216686,49.105467,20.572395,70.505277,44.349954
2008,1440,51.483223,49.105467,32.461174,39.594442,51.483223,51.483223,27.705662,37.216686,39.594442,44.349954,87.149578,51.483223
2008,1500,32.461174,30.083418,58.616493,53.86098,27.705662,30.083418,41.972198,37.216686,41.972198,44.349954,106.17164,94.282851
2008,1560,58.616493,39.594442,34.83893,37.216686,39.594442,49.105467,34.83893,41.972198,56.238736,32.461174,72.883034,49.105467
2008,1620,39.594442,53.86098,22.950151,51.483223,30.083418,18.19464,25.327906,37.216686,72.883034,30.083418,82.394063,34.83893
2008,1680,27.705662,53.86098,49.105467,41.972198,37.216686,44.349954,53.86098,72.883034,37.216686,30.083418,82.394063,44.349954
2008,1740,18.19464,56.238736,51.483223,39.594442,27.705662,60.994249,32.461174,44.349954,20.572395,22.950151,51.483223,34.83893
2008,1800,37.216686,37.216686,68.12752,39.594442,53.86098,53.86098,37.216686,44.349954,22.950151,44.349954,58.616493,46.72771
2008,1860,41.972198,49.105467,32.461174,37.216686,65.749763,44.349954,46.72771,56.238736,34.83893,27.705662,70.505277,25.327906
2008,1920,25.327906,44.349954,39.594442,46.72771,46.72771,30.083418,44.349954,27.705662,37.216686,44.349954,70.505277,49.105467
2008,1980,32.461174,56.238736,49.105467,27.705662,51.483223,34.83893,51.483223,39.594442,44.349954,25.327906,37.216686,46.72771
2008,2040,34.83893,34.83893,51.483223,32.461174,72.883034,39.594442,37.216686,25.327906,34.83893,41.972198,60.994249,63.372006
2008,2100,46.72771,37.216686,68.12752,20.572395,41.972198,39.594442,51.483223,30.083418,53.86098,32.461174,37.216686,39.594442
2008,2160,34.83893,20.572395,27.705662,94.282851,51.483223,30.083418,46.72771,53.86098,32.461174,72.883034,63.372006,51.483223
2008,2220,56.238736,44.349954,46.72771,39.594442,44.349954,39.594442,49.105467,41.972198,37.216686,39.594442,60.994249,60.994249
2008,2280,58.616493,65.749763,30.083418,41.972198,49.105467,20.572395,49.105467,22.950151,53.86098,65.749763,51.483223,32.461174
2008,2340,30.083418,75.260791,37.216686,25.327906,30.083418,44.349954,34.83893,34.83893,18.19464,37.216686,34.83893,30.083418
2008,2400,30.083418,60.994249,22.950151,37.216686,41.972198,27.705662,27.705662,22.950151,32.461174,37.216686,63.372006,53.86098
2008,2460,49.105467,37.216686,25.327906,27.705662,27.705662,46.72771,32.461174,25.327906,37.216686,30.083418,32.461174,34.83893
2008,2520,60.994249,27.705662,32.461174,32.461174,22.950151,39.594442,32.461174,51.483223,32.461174,41.972198,53.86098,53.86098
2008,2580,39.594442,46.72771,56.238736,39.594442,20.572395,65.749763,46.72771,34.83893,39.594442,53.86098,56.238736,51.483223
2008,2640,25.327906,44.349954,39.594442,44.349954,49.105467,34.83893,44.349954,37.216686,44.349954,46.72771,49.105467,49.105467
2008,2700,34.83893,41.972198,37.216686,32.461174,27.705662,32.461174,58.616493,60.994249,53.86098,37.216686,80.016306,30.083418
2008,2760,70.505277,30.083418,46.72771,49.105467,51.483223,63.372006,27.705662,39.594442,46.72771,51.483223,37.216686,32.461174
2008,2820,46.72771,44.349954,25.327906,37.216686,34.83893,94.282851,51.483223,32.461174,27.705662,53.86098,46.72771,39.594442
2008,2880,39.594442,51.483223,41.972198,51.483223,63.372006,44.349954,60.994249,51.483223,44.349954,53.86098,37.216686,32.461174
2008,2940,39.594442,18.19464,51.483223,44.349954,41.972198,44.349954,68.12752,63.372006,60.994249,25.327906,51.483223,56.238736
1329,0,129.949224,108.549398,84.77182,75.260791,91.905093,65.749763,75.260791,80.016306,70.505277,70.505277,80.016306,80.016306
1329,60,49.105467,44.349954,63.372006,96.660608,44.349954,72.883034,41.972198,53.86098,75.260791,37.216686,46.72771,70.505277
1329,120,37.216686,53.86098,56.238736,46.72771,41.972198,37.216686,39.594442,63.372006,87.149578,39.594442,63.372006,75.260791
1329,180,63.372006,41.972198,53.86098,39.594442,68.12752,49.105467,46.72771,87.149578,137.082501,51.483223,37.216686,32.461174
1329,240,210.793064,301.14804,182.259935,370.103221,99.038366,120.43819,172.748894,272.614878,743.413341,284.503694,82.394063,60.994249
1329,300,1171.414347,1815.797958,1019.235949,1868.10977,510.391533,481.858298,662.568964,2457.808929,4940.299816,1554.239409,408.147485,374.858753
1329,360,3159.271249,6257.668211,3763.247122,4562.214336,2764.549322,1204.70341,1877.621012,7242.141785,10985.154286,4134.195194,1330.726417,1937.066302
1329,420,5625.138441,9018.505179,7130.377267,7646.397726,5646.539743,2317.517203,2835.884466,12469.090804,14780.662119,6402.722736,2800.216886,3924.942224
1329,480,7349.150512,10231.30605,9686.732405,9056.553554,7529.876686,3356.632942,3404.19005,14959.026878,14473.875663,7468.049265,4260.222814,5658.429357
1329,540,7377.686196,8837.775642,10528.56397,9246.795703,8141.019538,3646.731737,3563.506565,13536.876251,10316.916218,7303.969032,4562.214336,5499.108671
1329,600,6003.228943,6029.386214,9261.063883,7111.353535,6821.242181,3948.720943,3237.740298,10240.818286,5848.663428,5610.87091,4293.513162,4276.867987
1329,660,3901.163512,3439.857899,6804.596479,4547.946994,4757.201593,3111.714287,2148.691892,6887.825021,2950.020829,3454.125043,3328.098691,2493.476356
1329,720,2058.33483,1525.705801,4331.559292,2384.096296,2862.040702,2507.743331,1394.926894,4498.011319,1390.171301,1763.486179,2196.248282,1169.036558
1329,780,1033.502662,738.657787,2193.870462,1218.970156,1302.192889,1528.083601,636.413447,2733.637447,657.813415,919.369033,1535.217002,491.369375
1329,840,434.302927,265.48159,990.702532,676.835613,555.569178,883.702308,291.636985,1825.309194,348.703331,515.147074,964.546908,241.703965
1329,900,194.148737,151.349056,481.858298,348.703331,282.125931,569.835808,156.104575,1107.21405,201.28202,272.614878,491.369375,94.282851
1329,960,120.43819,113.304915,201.28202,196.526498,115.682673,348.703331,65.749763,676.835613,172.748894,215.548586,339.192271,99.038366
1329,1020,49.105467,82.394063,148.971297,139.46026,101.416124,260.726064,94.282851,488.991606,118.060431,156.104575,229.815155,53.86098
1329,1080,89.527335,89.527335,89.527335,53.86098,68.12752,151.349056,87.149578,469.969452,118.060431,103.793882,184.637695,58.616493
1329,1140,56.238736,32.461174,80.016306,63.372006,70.505277,137.082501,49.105467,236.948441,68.12752,75.260791,101.416124,46.72771
1329,1200,75.260791,65.749763,84.77182,70.505277,46.72771,77.638548,60.994249,203.65978,68.12752,82.394063,84.77182,56.238736
1329,1260,63.372006,53.86098,72.883034,46.72771,63.372006,108.549398,65.749763,201.28202,75.260791,56.238736,137.082501,56.238736
1329,1320,72.883034,53.86098,51.483223,41.972198,63.372006,89.527335,91.905093,110.927156,51.483223,44.349954,103.793882,65.749763
1329,1380,84.77182,51.483223,49.105467,41.972198,32.461174,77.638548,34.83893,108.549398,72.883034,53.86098,77.638548,65.749763
1329,1440,70.505277,72.883034,70.505277,70.505277,39.594442,60.994249,34.83893,91.905093,65.749763,39.594442,58.616493,25.327906
1329,1500,120.43819,65.749763,63.372006,44.349954,65.749763,56.238736,37.216686,127.571466,51.483223,75.260791,72.883034,60.994249
1329,1560,82.394063,120.43819,84.77182,75.260791,65.749763,58.616493,44.349954,87.149578,41.972198,80.016306,63.372006,44.349954
1329,1620,120.43819,120.43819,72.883034,82.394063,103.793882,60.994249,39.594442,106.17164,101.416124,87.149578,49.105467,63.372006
1329,1680,141.838019,94.282851,101.416124,37.216686,96.660608,63.372006,60.994249,103.793882,70.505277,58.616493,44.349954,63.372006
1329,1740,87.149578,113.304915,94.282851,65.749763,87.149578,51.483223,82.394063,120.43819,84.77182,39.594442,53.86098,82.394063
1329,1800,80.016306,122.815948,84.77182,37.216686,120.43819,41.972198,75.260791,106.17164,99.038366,68.12752,41.972198,58.616493
1329,1860,60.994249,118.060431,41.972198,37.216686,94.282851,56.238736,58.616493,72.883034,101.416124,60.994249,37.216686,87.149578
1329,1920,72.883034,120.43819,75.260791,32.461174,118.060431,41.972198,56.238736,160.860094,187.015455,49.105467,34.83893,39.594442
1329,1980,72.883034,110.927156,115.682673,30.083418,77.638548,37.216686,75.260791,127.571466,210.793064,80.016306,41.972198,80.016306
1329,2040,51.483223,68.12752,65.749763,68.12752,68.12752,60.994249,49.105467,115.682673,170.371134,53.86098,41.972198,44.349954
1329,2100,30.083418,101.416124,87.149578,56.238736,82.394063,60.994249,87.149578,101.416124,101.416124,99.038366,60.994249,46.72771
1329,2160,70.505277,141.838019,63.372006,60.994249,49.105467,46.72771,80.016306,118.060431,84.77182,77.638548,46.72771,58.616493
1329,2220,103.793882,132.326983,72.883034,44.349954,53.86098,44.349954,63.372006,113.304915,89.527335,87.149578,32.461174,63.372006
1329,2280,115.682673,106.17164,70.505277,30.083418,82.394063,39.594442,53.86098,80.016306,70.505277,80.016306,49.105467,34.83893
1329,2340,113.304915,132.326983,60.994249,53.86098,58.616493,46.72771,56.238736,77.638548,127.571466,56.238736,51.483223,41.972198
1329,2400,146.593538,99.038366,89.527335,68.12752,72.883034,30.083418,51.483223,99.038366,87.149578,80.016306,46.72771,34.83893
1329,2460,184.637695,163.237854,53.86098,49.105467,110.927156,46.72771,82.394063,110.927156,106.17164,120.43819,41.972198,53.86098
1329,2520,206.037541,210.793064,75.260791,46.72771,87.149578,51.483223,63.372006,120.43819,82.394063,129.949224,53.86098,51.483223
1329,2580,206.037541,227.437394,63.372006,41.972198,96.660608,53.86098,51.483223,129.949224,125.193707,125.193707,41.972198,51.483223
1329,2640,291.636985,220.304109,68.12752,70.505277,99.038366,56.238736,53.86098,113.304915,91.905093,58.616493,27.705662,56.238736
1329,2700,332.058976,232.192917,56.238736,72.883034,118.060431,58.616493,58.616493,125.193707,139.46026,89.527335,49.105467,63.372006
1329,2760,260.726064,348.703331,68.12752,103.793882,101.416124,49.105467,122.815948,113.304915,263.103827,63.372006,53.86098,49.105467
1329,2820,215.548586,201.28202,51.483223,82.394063,68.12752,58.616493,80.016306,91.905093,284.503694,56.238736,82.394063,51.483223
1329,2880,165.615614,270.237115,58.616493,58.616493,106.17164,65.749763,172.748894,72.883034,217.926348,58.616493,51.483223,44.349954
1329,2940,103.793882,220.304109,44.349954,77.638548,110.927156,89.527335,99.038366,75.260791,137.082501,77.638548,44.349954,60.994249
1485,0,120.43819,179.882174,91.905093,115.682673,70.505277,75.260791,70.505277,80.016306,82.394063,44.349954,141.838019,63.372006
1485,60,51.483223,60.994249,53.86098,41.972198,84.77182,44.349954,32.461174,82.394063,49.105467,70.505277,120.43819,65.749763
1485,120,75.260791,63.372006,63.372006,46.72771,49.105467,60.994249,58.616493,94.282851,49.105467,49.105467,89.527335,51.483223
1485,180,70.505277,46.72771,37.216686,46.72771,25.327906,44.349954,44.349954,46.72771,37.216686,39.594442,75.260791,41.972198
1485,240,30.083418,53.86098,46.72771,41.972198,41.972198,37.216686,34.83893,44.349954,58.616493,44.349954,72.883034,63.372006
1485,300,56.238736,44.349954,60.994249,30.083418,34.83893,49.105467,39.594442,27.705662,41.972198,37.216686,72.883034,20.572395
1485,360,46.72771,65.749763,34.83893,44.349954,46.72771,46.72771,72.883034,37.216686,37.216686,51.483223,56.238736,53.86098
1485,420,39.594442,51.483223,27.705662,60.994249,56.238736,32.461174,34.83893,60.994249,34.83893,37.216686,65.749763,27.705662
1485,480,82.394063,53.86098,44.349954,46.72771,41.972198,41.972198,60.994249,44.349954,68.12752,32.461174,84.77182,53.86098
1485,540,110.927156,32.461174,60.994249,27.705662,22.950151,51.483223,44.349954,39.594442,32.461174,22.950151,94.282851,34.83893
1485,600,253.592776,56.238736,51.483223,46.72771,30.083418,30.083418,39.594442,37.216686,58.616493,41.972198,89.527335,58.616493
1485,660,172.748894,68.12752,49.105467,41.972198,37.216686,44.349954,46.72771,46.72771,82.394063,32.461174,87.149578,37.216686
1485,720,258.348301,44.349954,37.216686,60.994249,30.083418,44.349954,32.461174,34.83893,49.105467,68.12752,120.43819,37.216686
1485,780,291.636985,39.594442,53.86098,60.994249,44.349954,49.105467,53.86098,60.994249,44.349954,49.105467,80.016306,72.883034
1485,840,332.058976,39.594442,72.883034,44.349954,37.216686,72.883034,46.72771,32.461174,22.950151,46.72771,170.371134,94.282851
1485,900,298.770276,49.105467,32.461174,49.105467,30.083418,25.327906,51.483223,39.594442,46.72771,58.616493,99.038366,30.083418
1485,960,310.659096,39.594442,37.216686,34.83893,41.972198,34.83893,46.72771,49.105467,27.705662,49.105467,165.615614,75.260791
1485,1020,129.949224,34.83893,49.105467,53.86098,49.105467,51.483223,146.593538,63.372006,44.349954,58.616493,167.993374,56.238736
1485,1080,129.949224,44.349954,46.72771,39.594442,68.12752,44.349954,68.12752,53.86098,70.505277,44.349954,172.748894,72.883034
1485,1140,103.793882,41.972198,39.594442,20.572395,32.461174,32.461174,41.972198,44.349954,51.483223,37.216686,196.526498,49.105467
1485,1200,84.77182,22.950151,27.705662,51.483223,32.461174,30.083418,44.349954,63.372006,60.994249,60.994249,127.571466,34.83893
1485,1260,137.082501,46.72771,39.594442,25.327906,41.972198,27.705662,37.216686,60.994249,82.394063,32.461174,194.148737,51.483223
1485,1320,87.149578,39.594442,46.72771,60.994249,44.349954,63.372006,34.83893,49.105467,53.86098,44.349954,137.082501,80.016306
1485,1380,125.193707,75.260791,30.083418,58.616493,56.238736,46.72771,37.216686,49.105467,77.638548,22.950151,234.570679,51.483223
1485,1440,53.86098,46.72771,30.083418,27.705662,34.83893,72.883034,30.083418,37.216686,49.105467,32.461174,167.993374,41.972198
1485,1500,108.549398,22.950151,49.105467,41.972198,37.216686,25.327906,106.17164,51.483223,94.282851,58.616493,194.148737,68.12752
1485,1560,27.705662,37.216686,32.461174,56.238736,27.705662,44.349954,46.72771,68.12752,30.083418,44.349954,191.770977,68.12752
1485,1620,91.905093,37.216686,75.260791,49.105467,34.83893,41.972198,118.060431,41.972198,106.17164,34.83893,167.993374,72.883034
1485,1680,49.105467,44.349954,49.105467,37.216686,46.72771,32.461174,22.950151,27.705662,37.216686,27.705662,139.46026,53.86098
1485,1740,60.994249,53.86098,27.705662,46.72771,37.216686,46.72771,37.216686,70.505277,58.616493,49.105467,153.726816,80.016306
1485,1800,156.104575,58.616493,46.72771,30.083418,22.950151,44.349954,41.972198,39.594442,60.994249,34.83893,144.215778,46.72771
1485,1860,101.416124,39.594442,46.72771,53.86098,25.327906,44.349954,58.616493,46.72771,63.372006,41.972198,103.793882,60.994249
1485,1920,101.416124,27.705662,41.972198,41.972198,46.72771,34.83893,46.72771,41.972198,68.12752,37.216686,129.949224,58.616493
1485,1980,44.349954,39.594442,46.72771,39.594442,75.260791,41.972198,41.972198,32.461174,58.616493,49.105467,167.993374,32.461174
1485,2040,87.149578,34.83893,44.349954,53.86098,27.705662,32.461174,91.905093,41.972198,60.994249,27.705662,153.726816,56.238736
1485,2100,94.282851,49.105467,49.105467,58.616493,44.349954,34.83893,39.594442,22.950151,37.216686,22.950151,153.726816,56.238736
1485,2160,96.660608,49.105467,65.749763,37.216686,49.105467,25.327906,30.083418,60.994249,51.483223,46.72771,148.971297,49.105467
1485,2220,41.972198,70.505277,46.72771,60.994249,41.972198,58.616493,34.83893,63.372006,63.372006,34.83893,177.504414,34.83893
1485,2280,58.616493,34.83893,32.461174,27.705662,22.950151,27.705662,34.83893,46.72771,32.461174,41.972198,215.548586,46.72771
1485,2340,37.216686,44.349954,34.83893,34.83893,32.461174,53.86098,49.105467,63.372006,53.86098,39.594442,177.504414,41.972198
1485,2400,56.238736,53.86098,60.994249,46.72771,41.972198,41.972198,53.86098,32.461174,44.349954,27.705662,201.28202,63.372006
1485,2460,32.461174,27.705662,46.72771,39.594442,53.86098,75.260791,44.349954,27.705662,37.216686,25.327906,177.504414,51.483223
1485,2520,60.994249,49.105467,30.083418,27.705662,46.72771,84.77182,34.83893,41.972198,44.349954,37.216686,115.682673,46.72771
1485,2580,68.12752,32.461174,39.594442,18.19464,56.238736,77.638548,53.86098,34.83893,32.461174,49.105467,129.949224,46.72771
1485,2640,39.594442,39.594442,39.594442,27.705662,22.950151,49.105467,44.349954,39.594442,53.86098,46.72771,172.748894,53.86098
1485,2700,46.72771,41.972198,34.83893,37.216686,39.594442,94.282851,46.72771,65.749763,39.594442,37.216686,177.504414,46.72771
1485,2760,60.994249,58.616493,44.349954,32.461174,41.972198,70.505277,80.016306,44.349954,60.994249,27.705662,134.704742,49.105467
1485,2820,49.105467,37.216686,87.149578,46.72771,49.105467,82.394063,53.86098,37.216686,49.105467,34.83893,115.682673,65.749763
1485,2880,39.594442,53.86098,63.372006,22.950151,84.77182,51.483223,49.105467,65.749763,58.616493,46.72771,132.326983,60.994249
1485,2940,39.594442,60.994249,58.616493,32.461174,34.83893,39.594442,37.216686,44.349954,34.83893,46.72771,89.527335,68.12752
2006,0,189.393216,158.482335,129.949224,87.149578,122.815948,101.416124,110.927156,82.394063,101.416124,75.260791,84.77182,106.17164
2006,60,82.394063,80.016306,37.216686,56.238736,80.016306,75.260791,56.238736,58.616493,53.86098,89.527335,49.105467,56.238736
2006,120,77.638548,44.349954,58.616493,30.083418,34.83893,99.038366,75.260791,49.105467,39.594442,60.994249,56.238736,56.238736
2006,180,41.972198,53.86098,56.238736,34.83893,41.972198,41.972198,46.72771,65.749763,56.238736,53.86098,75.260791,37.216686
2006,240,51.483223,46.72771,41.972198,51.483223,60.994249,49.105467,44.349954,68.12752,68.12752,58.616493,44.349954,87.149578
2006,300,44.349954,34.83893,51.483223,49.105467,68.12752,58.616493,65.749763,63.372006,58.616493,30.083418,39.594442,44.349954
2006,360,39.594442,49.105467,46.72771,65.749763,41.972198,65.749763,94.282851,56.238736,68.12752,58.616493,80.016306,68.12752
2006,420,82.394063,30.083418,32.461174,63.372006,53.86098,32.461174,27.705662,39.594442,68.12752,70.505277,56.238736,32.461174
2006,480,30.083418,65.749763,51.483223,63.372006,34.83893,58.616493,56.238736,60.994249,30.083418,82.394063,58.616493,58.616493
2006,540,30.083418,34.83893,44.349954,41.972198,30.083418,58.616493,32.461174,77.638548,51.483223,41.972198,51.483223,46.72771
2006,600,41.972198,32.461174,80.016306,87.149578,37.216686,58.616493,46.72771,58.616493,49.105467,49.105467,56.238736,32.461174
2006,660,56.238736,53.86098,51.483223,32.461174,84.77182,49.105467,49.105467,49.105467,56.238736,53.86098,46.72771,46.72771
2006,720,44.349954,32.461174,51.483223,37.216686,77.638548,70.505277,51.483223,34.83893,58.616493,44.349954,37.216686,30.083418
2006,780,51.483223,39.594442,46.72771,39.594442,58.616493,49.105467,60.994249,56.238736,94.282851,32.461174,51.483223,39.594442
2006,840,39.594442,41.972198,63.372006,37.216686,25.327906,60.994249,110.927156,37.216686,56.238736,72.883034,46.72771,46.72771
2006,900,44.349954,41.972198,60.994249,37.216686,37.216686,51.483223,91.905093,267.859352,51.483223,89.527335,30.083418,37.216686
2006,960,51.483223,51.483223,27.705662,34.83893,30.083418,58.616493,113.304915,53.86098,65.749763,49.105467,58.616493,72.883034
2006,1020,34.83893,51.483223,20.572395,46.72771,46.72771,39.594442,115.682673,103.793882,44.349954,32.461174,41.972198,44.349954
2006,1080,63.372006,41.972198,32.461174,99.038366,41.972198,77.638548,56.238736,68.12752,156.104575,39.594442,53.86098,51.483223
2006,1140,49.105467,30.083418,63.372006,34.83893,18.19464,82.394063,60.994249,68.12752,41.972198,46.72771,41.972198,75.260791
2006,1200,41.972198,60.994249,44.349954,41.972198,58.616493,41.972198,82.394063,84.77182,58.616493,41.972198,44.349954,41.972198
2006,1260,58.616493,53.86098,27.705662,51.483223,37.216686,30.083418,75.260791,49.105467,49.105467,25.327906,65.749763,96.660608
2006,1320,53.86098,44.349954,41.972198,53.86098,30.083418,30.083418,72.883034,58.616493,56.238736,56.238736,32.461174,37.216686
2006,1380,41.972198,53.86098,30.083418,37.216686,30.083418,51.483223,30.083418,34.83893,44.349954,18.19464,30.083418,32.461174
2006,1440,53.86098,39.594442,53.86098,46.72771,27.705662,30.083418,46.72771,89.527335,56.238736,63.372006,44.349954,65.749763
2006,1500,39.594442,30.083418,44.349954,60.994249,44.349954,65.749763,34.83893,44.349954,56.238736,91.905093,30.083418,49.105467
2006,1560,41.972198,53.86098,51.483223,46.72771,37.216686,94.282851,34.83893,58.616493,63.372006,46.72771,44.349954,25.327906
2006,1620,49.105467,53.86098,53.86098,56.238736,39.594442,84.77182,44.349954,56.238736,49.105467,27.705662,25.327906,89.527335
2006,1680,53.86098,44.349954,44.349954,53.86098,41.972198,37.216686,34.83893,68.12752,37.216686,37.216686,41.972198,84.77182
2006,1740,34.83893,27.705662,37.216686,32.461174,53.86098,60.994249,51.483223,39.594442,41.972198,41.972198,37.216686,46.72771
2006,1800,20.572395,41.972198,60.994249,30.083418,46.72771,46.72771,49.105467,53.86098,32.461174,20.572395,46.72771,56.238736
2006,1860,27.705662,60.994249,51.483223,46.72771,65.749763,51.483223,49.105467,46.72771,46.72771,46.72771,30.083418,41.972198
2006,1920,46.72771,46.72771,32.461174,37.216686,72.883034,60.994249,84.77182,49.105467,39.594442,41.972198,68.12752,44.349954
2006,1980,56.238736,30.083418,46.72771,58.616493,44.349954,53.86098,25.327906,34.83893,44.349954,41.972198,49.105467,34.83893
2006,2040,32.461174,56.238736,34.83893,46.72771,39.594442,44.349954,20.572395,60.994249,49.105467,22.950151,75.260791,60.994249
2006,2100,63.372006,37.216686,115.682673,39.594442,39.594442,30.083418,32.461174,53.86098,41.972198,39.594442,56.238736,46.72771
2006,2160,53.86098,37.216686,34.83893,41.972198,63.372006,41.972198,75.260791,34.83893,72.883034,39.594442,41.972198,65.749763
2006,2220,25.327906,30.083418,41.972198,53.86098,51.483223,63.372006,30.083418,63.372006,63.372006,34.83893,51.483223,82.394063
2006,2280,39.594442,51.483223,65.749763,70.505277,58.616493,129.949224,53.86098,37.216686,51.483223,44.349954,25.327906,30.083418
2006,2340,51.483223,34.83893,27.705662,41.972198,34.83893,58.616493,32.461174,41.972198,34.83893,49.105467,37.216686,87.149578
2006,2400,44.349954,30.083418,44.349954,72.883034,44.349954,89.527335,30.083418,41.972198,30.083418,91.905093,34.83893,125.193707
2006,2460,30.083418,51.483223,60.994249,32.461174,51.483223,37.216686,44.349954,58.616493,30.083418,49.105467,44.349954,39.594442
2006,2520,44.349954,53.86098,39.594442,46.72771,25.327906,46.72771,32.461174,39.594442,30.083418,65.749763,75.260791,58.616493
2006,2580,30.083418,94.282851,41.972198,39.594442,39.594442,56.238736,53.86098,101.416124,41.972198,41.972198,32.461174,46.72771
2006,2640,41.972198,39.594442,51.483223,46.72771,103.793882,68.12752,53.86098,34.83893,60.994249,34.83893,30.083418,37.216686
2006,2700,60.994249,37.216686,30.083418,41.972198,32.461174,41.972198,68.12752,27.705662,60.994249,39.594442,34.83893,113.304915
2006,2760,27.705662,34.83893,37.216686,32.461174,41.972198,46.72771,72.883034,51.483223,32.461174,44.349954,65.749763,39.594442
2006,2820,82.394063,58.616493,60.994249,70.505277,49.105467,32.461174,39.594442,44.349954,60.994249,56.238736,34.83893,58.616493
2006,2880,49.105467,65.749763,46.72771,51.483223,41.972198,49.105467,53.86098,46.72771,53.86098,27.705662,39.594442,46.72771
2006,2940,60.994249,27.705662,41.972198,39.594442,44.349954,44.349954,27.705662,99.038366,115.682673,44.349954,41.972198,46.72771
