Name,Time,A1,A2,A3,A4,A5,A6,A7,A8,A9,A10,A11,A12
pta,0,971.680259,574.591352,403.391951,239.326203,191.770977,177.504414,194.148737,87.149578,91.905093,122.815948,87.149578,106.17164
pta,60,103.793882,60.994249,75.260791,63.372006,56.238736,68.12752,53.86098,44.349954,68.12752,82.394063,39.594442,58.616493
pta,120,1499.550002,106.17164,84.77182,336.814506,99.038366,137.082501,660.191189,125.193707,37.216686,163.237854,351.081096,167.993374
pta,180,7867.55037,764.813337,365.34769,2393.6076,1734.952497,1254.637031,8535.767985,1150.014243,1682.640771,4212.665198,2510.121161,2129.669344
pta,240,19525.300063,3047.512434,1715.930047,6414.612462,8885.336007,3361.388652,22407.894159,4003.412023,8012.607812,14485.766589,8535.767985,6825.998096
pta,300,30473.525498,6481.194965,4103.282789,11681.935154,16973.387151,6371.809454,34843.244127,7660.66562,15379.969285,23839.716288,15080.315141,12041.029369
pta,360,38202.166614,9494.111173,6388.455066,15624.92549,23442.513894,9579.720552,42957.709402,10816.310689,21537.39688,29431.678979,20747.773659,16533.410391
pta,420,42945.814245,11943.526807,8136.263544,18987.798128,29274.689583,12152.800745,47613.609549,13848.415448,25568.877824,32664.301805,24431.955854,19330.27682
pta,480,45236.854073,13054.111801,9693.866533,21154.476213,31634.320242,14145.686804,49826.268168,16193.321904,29160.51567,35269.048736,27759.51988,21684.857502
pta,540,46098.092648,14290.755627,11058.874842,21958.37389,33901.248683,15746.214763,48662.830366,17915.183375,32267.055613,35321.38242,30299.88347,23004.880006
pta,600,46362.175947,14274.108371,11829.377617,22878.822863,34429.335672,17280.183189,47820.597601,19049.63445,32664.301805,35226.230293,31327.469175,24196.486586
pta,660,46450.203906,14832.982407,12916.179636,22888.336602,35490.277724,18176.795404,46571.539901,20557.504168,34284.230342,35083.502315,31727.089401,24940.952396
pta,720,46114.746524,14599.919569,13289.548288,23647.060989,35328.518834,18847.477421,44292.357227,21418.477222,34717.168337,34198.594532,31903.113228,25071.769787
pta,780,45653.197531,14421.55561,13900.735126,23475.812223,35628.2488,19199.468813,42424.808109,21699.127899,34793.289545,33292.287831,32057.729072,25573.634854
pta,840,43552.469499,14145.686804,14038.668988,23047.691911,35359.443303,19232.765377,40093.40667,21903.670538,35533.096308,31313.197061,31846.024377,26620.188244
pta,900,42210.696982,13294.304587,14359.722864,22788.442391,34384.138902,18564.458437,37010.351495,21734.803903,35076.365923,30842.218726,31127.65981,25628.340715
pta,960,41587.398961,13042.221088,14126.661404,22517.30159,33925.03631,18290.953648,33760.901825,21387.55814,35392.74659,28382.710226,30704.2559,25131.232309
pta,1020,39301.221434,12305.000317,13827.011953,21584.964793,33363.650191,18814.181018,32521.578396,20141.291234,33549.192625,27478.847951,30459.253537,24246.434555
pta,1080,37590.794166,11931.636259,13044.599231,20685.936025,32269.434327,17615.519738,28603.920179,20555.125802,33496.8601,25478.494315,28670.521145,23100.017604
pta,1140,35661.552199,11023.203597,12844.835506,19351.681787,30799.402651,17175.539447,26884.207284,19511.030054,33223.304277,23152.343331,28211.451327,21563.559229
pta,1200,32759.450886,9941.183385,12975.633126,18447.9215,29862.212083,16283.694927,24320.167327,18183.930289,32333.659628,22020.212507,27440.790816,21228.206137
pta,1260,30509.205414,9458.440625,11829.377617,17487.092808,27495.497953,16319.368517,21703.884699,17161.269856,31389.315031,19580.00179,25509.414978,19420.653386
pta,1320,27885.584711,8488.207828,10885.274932,16300.3426,25583.148914,15170.686908,19489.625044,15724.81076,28501.640232,17615.519738,23433.000089,17777.242831
pta,1380,25587.905944,7325.370782,10155.2082,14333.56287,23597.113394,13834.14645,16745.074584,14383.504684,27973.592352,15389.482133,22122.484172,15653.464126
pta,1440,22866.93069,6780.816911,9358.563177,13044.599231,22055.888655,13218.203825,15244.411319,13077.893233,27469.333665,13817.49929,19572.86678,14545.221246
pta,1500,20521.828689,5950.914428,8233.761468,11415.588167,19420.653386,11705.716178,13096.918384,11382.294856,24593.692722,12314.512799,16980.521929,12804.407194
pta,1560,18074.528781,5068.706612,7382.442145,10293.135606,17724.920618,10402.526477,11791.327923,10107.64708,22786.063959,10295.513667,14673.643454,11567.786337
pta,1620,16240.88664,4350.582363,6355.163846,8954.298586,15551.200728,9196.857095,10138.561805,8944.786503,20821.503208,9099.357998,13092.162096,9948.317536
pta,1680,14007.752757,3658.621054,5741.656707,7506.096903,13598.708362,8616.620317,8930.51838,7632.129834,18785.641255,7724.871175,11425.100544,8671.314588
pta,1740,11955.417357,3068.913046,4928.410308,6585.824723,11962.551688,7732.005128,7560.790415,6340.896185,15729.567205,6516.864185,9467.95277,7660.66562
pta,1800,10645.089376,2655.168892,4369.605439,5439.660735,9950.695587,6809.352393,6873.557265,5584.713776,14369.235591,5796.349013,7984.071901,6573.934971
pta,1860,9396.611714,2374.584994,3458.880758,4726.288948,8783.081257,6191.085895,5858.175143,4659.707905,12159.935094,4985.479961,6778.438955,5717.877456
pta,1920,7886.574282,2105.891166,3166.404796,4217.420959,7225.495996,5325.520822,5140.04381,3946.343071,10407.282605,4060.481017,5363.567441,4883.230195
pta,1980,6859.289511,1839.57605,2614.745728,3444.613613,5865.308931,4678.731054,4165.107611,3499.304349,9406.123851,3202.072539,4526.545987,4096.149158
pta,2040,5886.710296,1364.015547,2186.737002,2992.822006,4926.032407,4131.817316,3444.613613,3099.825051,8048.277715,3052.268125,3924.942224,3815.560208
pta,2100,5004.503188,1368.771138,1996.511636,2512.49899,4462.342998,3863.117588,2942.887301,2510.121161,6576.312922,2424.519345,3223.473192,3273.408072
pta,2160,4157.973975,1057.280522,1575.639622,2162.958806,3370.900072,3192.561139,2522.010309,2253.315986,5791.593159,2089.246445,2823.995271,2816.861755
pta,2220,3480.28148,1033.502662,1397.30469,2034.556673,2952.398671,2999.955538,2084.490811,1908.532557,4833.29431,1547.106006,2319.895027,2426.897172
pta,2280,3009.466915,790.968895,1178.547717,1879.998823,2348.428918,2462.564585,1563.750614,1794.397681,3984.389035,1430.593847,2058.33483,2198.626102
pta,2340,2348.428918,722.013351,1045.391591,1406.815876,2046.445751,2293.738968,1440.105037,1344.993185,3485.037197,1064.413881,1646.973706,1877.621012
pta,2400,1768.241794,655.43564,862.30228,1157.14761,1556.61721,1941.821927,1304.570683,1140.503087,3164.026947,867.057841,1471.016414,1542.350404
pta,2460,1554.239409,581.724668,757.680004,1180.925507,1292.681715,1846.709479,1052.524949,985.946963,2636.146224,812.368904,1199.947829,1570.884018
pta,2520,1461.50522,477.102759,593.61353,978.813611,1264.1482,1561.372812,883.702308,845.657818,2381.718471,638.791221,1069.169454,1285.548335
pta,2580,1054.902735,505.635993,484.236067,914.613469,886.080089,1368.771138,731.524457,779.080004,1884.754445,538.92478,926.50238,1114.347414
pta,2640,926.50238,420.036321,462.836146,878.946745,726.768904,1123.858567,672.080063,729.14668,1723.063465,474.72499,631.6579,881.324526
pta,2700,774.324448,389.125351,500.880454,836.146698,524.658155,1054.902735,600.746848,643.546769,1558.995011,462.836146,576.969124,700.613366
pta,2760,809.991125,358.214393,365.34769,569.835808,453.325072,1133.369721,524.658155,638.791221,1316.459652,365.34769,503.258224,738.657787
pta,2820,626.902352,360.592158,282.125931,560.324721,401.014184,859.924499,467.591683,496.124914,1273.659371,258.348301,460.458377,705.368918
pta,2880,579.346896,377.23652,272.614878,538.92478,298.770276,790.968895,398.636418,491.369375,1114.347414,244.081727,267.859352,579.346896
pta,2940,500.880454,229.815155,241.703965,562.702492,294.014748,710.12447,372.480987,412.903019,978.813611,225.059632,305.903568,398.636418
ptada,0,867.057841,548.435864,274.992641,217.926348,236.948441,167.993374,139.46026,84.77182,99.038366,82.394063,84.77182,53.86098
ptada,60,80.016306,65.749763,63.372006,70.505277,63.372006,41.972198,65.749763,87.149578,27.705662,51.483223,70.505277,51.483223
ptada,120,65.749763,72.883034,56.238736,65.749763,46.72771,70.505277,58.616493,39.594442,49.105467,58.616493,30.083418,53.86098
ptada,180,49.105467,82.394063,80.016306,89.527335,60.994249,60.994249,37.216686,60.994249,53.86098,56.238736,27.705662,51.483223
ptada,240,72.883034,129.949224,132.326983,227.437394,68.12752,41.972198,82.394063,44.349954,70.505277,44.349954,44.349954,94.282851
ptada,300,146.593538,279.748168,274.992641,391.503118,87.149578,80.016306,72.883034,153.726816,132.326983,72.883034,122.815948,153.726816
ptada,360,343.947801,384.369818,472.347221,624.524579,272.614878,77.638548,108.549398,393.880884,272.614878,167.993374,239.326203,320.170153
ptada,420,676.835613,491.369375,619.769032,1076.302815,465.213915,96.660608,189.393216,717.257798,807.613346,282.125931,790.968895,769.568892
ptada,480,1264.1482,921.746815,886.080089,1730.196884,722.013351,148.971297,374.858753,1318.837446,1147.636453,405.769718,1378.282321,1245.125863
ptada,540,2236.671235,1516.1946,1095.325112,2436.40848,1185.681087,187.015455,757.680004,1941.821927,1908.532557,595.991302,1889.510067,1877.621012
ptada,600,3194.938989,2017.911967,1245.125863,3106.958593,1618.440064,277.370404,1045.391591,2942.887301,2850.151503,757.680004,2617.12356,2533.89946
ptada,660,3746.602057,2557.677765,1604.173248,3691.911152,2196.248282,370.103221,1423.460455,3858.361848,3492.170773,962.169125,2850.151503,3404.19005
ptada,720,4716.777367,2838.262305,1616.062261,3889.274159,2533.89946,274.992641,1618.440064,4533.679655,4138.950949,1090.569537,3266.274516,3810.804471
ptada,780,5097.241483,3339.987961,1525.705801,4050.969515,2816.861755,303.525804,1727.819078,4928.410308,4443.3199,1092.947325,3140.248461,4091.393405
ptada,840,4861.829098,3263.896664,1573.26182,4162.729732,3028.489672,405.769718,1761.108372,5503.864508,4478.988212,1145.258664,2745.526628,4426.674693
ptada,900,4771.468972,3187.80544,1694.529797,4138.950949,3164.026947,358.214393,1742.085916,5698.854059,4096.149158,1021.613735,2569.566921,4502.767096
ptada,960,4367.227554,2788.327697,1720.685659,3549.239402,2930.99809,367.725456,1556.61721,5211.381071,3675.266101,1014.480379,2003.645079,4495.63343
ptada,1020,4020.057142,2481.587212,1597.03984,3492.170773,2769.304997,236.948441,1423.460455,4631.17319,3432.724328,736.28001,1770.619602,4129.439438
ptada,1080,3323.342984,2203.381743,1561.372812,3149.759854,2640.901891,234.570679,993.080316,4203.153679,2464.942413,645.924543,1354.504366,3834.583156
ptada,1140,2854.907182,1806.286723,1328.348623,2793.083372,2034.556673,253.592776,802.857788,3456.5029,2036.934488,645.924543,1064.413881,3527.838661
ptada,1200,2367.451518,1387.793505,1052.524949,2189.114822,1680.262966,191.770977,695.857815,2816.861755,1454.371825,436.680695,890.835651,3085.55797
ptada,1260,1944.19974,1012.102594,1069.169454,1744.463723,1387.793505,220.304109,593.61353,2184.359182,1171.414347,339.192271,726.768904,2595.723069
ptada,1320,1632.706884,783.83556,933.635728,1437.72724,1095.325112,175.126654,458.080609,1877.621012,700.613366,327.303446,493.747145,2293.738968
ptada,1380,1202.32562,565.080264,769.568892,1026.369305,952.657991,127.571466,322.547917,1409.193673,562.702492,198.904259,408.147485,2020.289782
ptada,1440,964.546908,398.636418,624.524579,895.591214,805.235567,137.082501,277.370404,947.902425,379.614286,220.304109,377.23652,1551.861608
ptada,1500,733.902234,403.391951,512.769304,615.013486,529.413696,125.193707,246.459489,733.902234,279.748168,156.104575,215.548586,1242.748071
ptada,1560,588.857985,267.859352,384.369818,446.191767,431.925159,118.060431,225.059632,650.680091,194.148737,148.971297,182.259935,1047.769377
ptada,1620,534.169238,163.237854,365.34769,379.614286,386.747585,82.394063,141.838019,336.814506,118.060431,137.082501,153.726816,731.524457
ptada,1680,355.836627,118.060431,301.14804,303.525804,289.259221,65.749763,137.082501,267.859352,160.860094,127.571466,125.193707,605.502393
ptada,1740,336.814506,151.349056,239.326203,253.592776,191.770977,80.016306,122.815948,241.703965,156.104575,106.17164,96.660608,508.013763
ptada,1800,272.614878,103.793882,137.082501,198.904259,206.037541,49.105467,84.77182,187.015455,75.260791,75.260791,158.482335,443.813999
ptada,1860,213.170825,72.883034,158.482335,182.259935,132.326983,49.105467,77.638548,194.148737,75.260791,41.972198,87.149578,291.636985
ptada,1920,148.971297,75.260791,106.17164,198.904259,127.571466,72.883034,80.016306,118.060431,46.72771,63.372006,99.038366,294.014748
ptada,1980,139.46026,44.349954,75.260791,110.927156,127.571466,56.238736,75.260791,70.505277,68.12752,53.86098,77.638548,222.68187
ptada,2040,144.215778,84.77182,94.282851,106.17164,115.682673,56.238736,72.883034,91.905093,58.616493,46.72771,60.994249,182.259935
ptada,2100,72.883034,46.72771,87.149578,103.793882,96.660608,41.972198,91.905093,68.12752,46.72771,70.505277,49.105467,125.193707
ptada,2160,96.660608,37.216686,34.83893,96.660608,77.638548,56.238736,68.12752,68.12752,46.72771,39.594442,72.883034,196.526498
ptada,2220,70.505277,58.616493,87.149578,46.72771,72.883034,63.372006,63.372006,94.282851,58.616493,46.72771,58.616493,80.016306
ptada,2280,99.038366,58.616493,72.883034,68.12752,53.86098,63.372006,68.12752,68.12752,46.72771,72.883034,51.483223,132.326983
ptada,2340,72.883034,72.883034,37.216686,30.083418,70.505277,34.83893,65.749763,65.749763,51.483223,58.616493,34.83893,101.416124
ptada,2400,65.749763,58.616493,46.72771,58.616493,41.972198,44.349954,49.105467,27.705662,32.461174,30.083418,70.505277,51.483223
ptada,2460,106.17164,41.972198,46.72771,63.372006,68.12752,58.616493,44.349954,60.994249,63.372006,20.572395,41.972198,84.77182
ptada,2520,68.12752,32.461174,58.616493,32.461174,37.216686,56.238736,34.83893,53.86098,25.327906,34.83893,44.349954,84.77182
ptada,2580,34.83893,44.349954,39.594442,49.105467,49.105467,84.77182,46.72771,51.483223,25.327906,49.105467,63.372006,51.483223
ptada,2640,49.105467,27.705662,44.349954,51.483223,53.86098,77.638548,41.972198,44.349954,25.327906,51.483223,34.83893,65.749763
ptada,2700,70.505277,41.972198,44.349954,46.72771,49.105467,58.616493,58.616493,51.483223,32.461174,44.349954,32.461174,49.105467
ptada,2760,41.972198,30.083418,56.238736,25.327906,53.86098,58.616493,44.349954,46.72771,41.972198,53.86098,56.238736,65.749763
ptada,2820,37.216686,58.616493,39.594442,75.260791,25.327906,58.616493,49.105467,49.105467,41.972198,89.527335,27.705662,75.260791
ptada,2880,51.483223,30.083418,37.216686,39.594442,34.83893,96.660608,46.72771,32.461174,39.594442,51.483223,30.083418,51.483223
ptada,2940,44.349954,44.349954,82.394063,25.327906,34.83893,68.12752,32.461174,53.86098,41.972198,68.12752,58.616493,56.238736
2006,0,895.591214,522.280385,367.725456,220.304109,151.349056,184.637695,132.326983,156.104575,84.77182,115.682673,129.949224,77.638548
2006,60,60.994249,68.12752,82.394063,75.260791,72.883034,51.483223,63.372006,80.016306,65.749763,65.749763,70.505277,75.260791
2006,120,53.86098,72.883034,56.238736,63.372006,75.260791,46.72771,51.483223,39.594442,30.083418,82.394063,84.77182,51.483223
2006,180,103.793882,49.105467,46.72771,75.260791,44.349954,41.972198,70.505277,32.461174,44.349954,37.216686,44.349954,56.238736
2006,240,56.238736,49.105467,32.461174,34.83893,30.083418,34.83893,56.238736,65.749763,46.72771,49.105467,60.994249,44.349954
2006,300,46.72771,37.216686,63.372006,44.349954,30.083418,32.461174,39.594442,53.86098,44.349954,20.572395,30.083418,60.994249
2006,360,25.327906,49.105467,32.461174,49.105467,46.72771,49.105467,49.105467,53.86098,32.461174,53.86098,41.972198,53.86098
2006,420,39.594442,51.483223,39.594442,37.216686,27.705662,49.105467,32.461174,56.238736,49.105467,39.594442,58.616493,37.216686
2006,480,44.349954,37.216686,60.994249,41.972198,30.083418,63.372006,75.260791,44.349954,65.749763,41.972198,51.483223,32.461174
2006,540,49.105467,34.83893,44.349954,58.616493,32.461174,25.327906,68.12752,49.105467,34.83893,77.638548,68.12752,37.216686
2006,600,46.72771,34.83893,39.594442,39.594442,39.594442,25.327906,18.19464,41.972198,56.238736,46.72771,44.349954,53.86098
2006,660,56.238736,44.349954,34.83893,51.483223,49.105467,53.86098,65.749763,39.594442,30.083418,39.594442,41.972198,51.483223
2006,720,44.349954,58.616493,56.238736,68.12752,49.105467,60.994249,44.349954,49.105467,51.483223,41.972198,41.972198,41.972198
2006,780,39.594442,37.216686,39.594442,34.83893,51.483223,34.83893,39.594442,49.105467,46.72771,30.083418,37.216686,37.216686
2006,840,34.83893,37.216686,39.594442,37.216686,32.461174,56.238736,39.594442,34.83893,53.86098,46.72771,72.883034,39.594442
2006,900,44.349954,46.72771,53.86098,30.083418,41.972198,39.594442,34.83893,44.349954,53.86098,44.349954,37.216686,63.372006
2006,960,41.972198,44.349954,30.083418,39.594442,44.349954,46.72771,32.461174,60.994249,32.461174,39.594442,51.483223,30.083418
2006,1020,70.505277,39.594442,34.83893,34.83893,39.594442,53.86098,70.505277,41.972198,32.461174,39.594442,49.105467,32.461174
2006,1080,60.994249,32.461174,22.950151,56.238736,53.86098,37.216686,53.86098,63.372006,34.83893,75.260791,39.594442,53.86098
2006,1140,46.72771,20.572395,34.83893,51.483223,68.12752,32.461174,46.72771,51.483223,22.950151,53.86098,27.705662,53.86098
2006,1200,30.083418,20.572395,22.950151,56.238736,49.105467,32.461174,49.105467,32.461174,44.349954,91.905093,39.594442,37.216686
2006,1260,70.505277,41.972198,39.594442,25.327906,32.461174,25.327906,41.972198,53.86098,49.105467,41.972198,44.349954,44.349954
2006,1320,22.950151,30.083418,51.483223,51.483223,46.72771,34.83893,37.216686,39.594442,37.216686,41.972198,39.594442,46.72771
2006,1380,65.749763,51.483223,30.083418,22.950151,56.238736,44.349954,32.461174,51.483223,27.705662,49.105467,53.86098,44.349954
2006,1440,44.349954,44.349954,22.950151,37.216686,46.72771,27.705662,46.72771,41.972198,49.105467,20.572395,72.883034,51.483223
2006,1500,44.349954,27.705662,30.083418,25.327906,41.972198,20.572395,34.83893,49.105467,44.349954,70.505277,34.83893,41.972198
2006,1560,49.105467,53.86098,25.327906,41.972198,30.083418,37.216686,46.72771,53.86098,44.349954,39.594442,27.705662,30.083418
2006,1620,56.238736,44.349954,49.105467,49.105467,49.105467,51.483223,30.083418,46.72771,39.594442,44.349954,53.86098,34.83893
2006,1680,49.105467,63.372006,51.483223,56.238736,46.72771,56.238736,41.972198,56.238736,46.72771,30.083418,39.594442,46.72771
2006,1740,51.483223,51.483223,37.216686,34.83893,46.72771,22.950151,51.483223,30.083418,53.86098,32.461174,39.594442,56.238736
2006,1800,44.349954,37.216686,37.216686,46.72771,32.461174,27.705662,39.594442,37.216686,34.83893,30.083418,41.972198,49.105467
2006,1860,41.972198,60.994249,58.616493,37.216686,46.72771,25.327906,46.72771,65.749763,34.83893,46.72771,37.216686,25.327906
2006,1920,25.327906,27.705662,27.705662,34.83893,44.349954,30.083418,30.083418,32.461174,39.594442,22.950151,46.72771,39.594442
2006,1980,44.349954,53.86098,51.483223,60.994249,30.083418,63.372006,39.594442,22.950151,46.72771,32.461174,51.483223,53.86098
2006,2040,39.594442,41.972198,34.83893,41.972198,41.972198,46.72771,56.238736,30.083418,39.594442,34.83893,44.349954,32.461174
2006,2100,46.72771,49.105467,20.572395,46.72771,37.216686,46.72771,53.86098,32.461174,49.105467,41.972198,37.216686,58.616493
2006,2160,70.505277,51.483223,46.72771,53.86098,32.461174,27.705662,25.327906,63.372006,60.994249,49.105467,27.705662,32.461174
2006,2220,51.483223,56.238736,25.327906,32.461174,56.238736,37.216686,27.705662,30.083418,34.83893,27.705662,60.994249,30.083418
2006,2280,34.83893,46.72771,37.216686,60.994249,37.216686,34.83893,32.461174,58.616493,37.216686,41.972198,41.972198,44.349954
2006,2340,37.216686,30.083418,46.72771,34.83893,46.72771,49.105467,37.216686,30.083418,22.950151,46.72771,34.83893,46.72771
2006,2400,53.86098,53.86098,30.083418,51.483223,22.950151,46.72771,49.105467,39.594442,27.705662,32.461174,41.972198,34.83893
2006,2460,41.972198,39.594442,22.950151,46.72771,65.749763,32.461174,39.594442,51.483223,39.594442,30.083418,37.216686,44.349954
2006,2520,41.972198,44.349954,27.705662,22.950151,37.216686,27.705662,44.349954,51.483223,30.083418,44.349954,32.461174,44.349954
2006,2580,44.349954,53.86098,44.349954,51.483223,41.972198,39.594442,25.327906,37.216686,46.72771,32.461174,41.972198,63.372006
2006,2640,41.972198,39.594442,39.594442,39.594442,34.83893,30.083418,34.83893,32.461174,30.083418,41.972198,58.616493,56.238736
2006,2700,46.72771,53.86098,60.994249,37.216686,39.594442,39.594442,27.705662,80.016306,44.349954,34.83893,44.349954,58.616493
2006,2760,44.349954,41.972198,34.83893,25.327906,34.83893,34.83893,25.327906,39.594442,72.883034,51.483223,37.216686,22.950151
2006,2820,39.594442,39.594442,46.72771,58.616493,46.72771,25.327906,41.972198,34.83893,58.616493,37.216686,68.12752,49.105467
2006,2880,32.461174,37.216686,44.349954,51.483223,37.216686,30.083418,37.216686,32.461174,46.72771,41.972198,41.972198,18.19464
2006,2940,30.083418,37.216686,49.105467,39.594442,58.616493,25.327906,37.216686,27.705662,34.83893,39.594442,44.349954,46.72771
2011,0,662.568964,408.147485,367.725456,289.259221,232.192917,139.46026,141.838019,108.549398,89.527335,77.638548,106.17164,68.12752
2011,60,84.77182,91.905093,53.86098,89.527335,82.394063,70.505277,77.638548,46.72771,63.372006,46.72771,39.594442,41.972198
2011,120,49.105467,56.238736,58.616493,68.12752,99.038366,60.994249,70.505277,41.972198,53.86098,49.105467,44.349954,44.349954
2011,180,46.72771,41.972198,39.594442,34.83893,60.994249,96.660608,75.260791,27.705662,60.994249,75.260791,37.216686,56.238736
2011,240,32.461174,39.594442,46.72771,41.972198,37.216686,37.216686,68.12752,51.483223,44.349954,58.616493,30.083418,56.238736
2011,300,51.483223,46.72771,58.616493,49.105467,39.594442,46.72771,41.972198,56.238736,39.594442,56.238736,46.72771,34.83893
2011,360,30.083418,34.83893,60.994249,37.216686,75.260791,51.483223,89.527335,44.349954,51.483223,75.260791,25.327906,41.972198
2011,420,39.594442,49.105467,34.83893,65.749763,65.749763,41.972198,65.749763,27.705662,56.238736,60.994249,34.83893,37.216686
2011,480,56.238736,56.238736,49.105467,37.216686,60.994249,51.483223,51.483223,51.483223,44.349954,53.86098,32.461174,41.972198
2011,540,37.216686,32.461174,44.349954,82.394063,44.349954,46.72771,72.883034,60.994249,46.72771,53.86098,72.883034,56.238736
2011,600,27.705662,34.83893,32.461174,32.461174,56.238736,32.461174,53.86098,60.994249,27.705662,30.083418,51.483223,49.105467
2011,660,44.349954,72.883034,56.238736,53.86098,51.483223,84.77182,77.638548,60.994249,37.216686,41.972198,44.349954,30.083418
2011,720,30.083418,46.72771,37.216686,58.616493,44.349954,129.949224,46.72771,30.083418,30.083418,22.950151,32.461174,41.972198
2011,780,53.86098,39.594442,51.483223,58.616493,77.638548,99.038366,68.12752,49.105467,44.349954,51.483223,63.372006,65.749763
2011,840,56.238736,25.327906,25.327906,34.83893,63.372006,99.038366,63.372006,46.72771,30.083418,27.705662,53.86098,39.594442
2011,900,44.349954,34.83893,37.216686,60.994249,68.12752,89.527335,94.282851,49.105467,41.972198,39.594442,37.216686,22.950151
2011,960,37.216686,46.72771,56.238736,22.950151,56.238736,99.038366,70.505277,46.72771,44.349954,34.83893,41.972198,60.994249
2011,1020,60.994249,39.594442,51.483223,34.83893,156.104575,106.17164,68.12752,22.950151,70.505277,53.86098,44.349954,27.705662
2011,1080,82.394063,41.972198,27.705662,27.705662,53.86098,60.994249,82.394063,34.83893,44.349954,32.461174,44.349954,46.72771
2011,1140,39.594442,25.327906,44.349954,49.105467,94.282851,82.394063,72.883034,41.972198,37.216686,32.461174,39.594442,75.260791
2011,1200,44.349954,63.372006,27.705662,27.705662,56.238736,68.12752,49.105467,27.705662,44.349954,51.483223,44.349954,58.616493
2011,1260,58.616493,41.972198,39.594442,39.594442,44.349954,51.483223,46.72771,25.327906,49.105467,58.616493,58.616493,60.994249
2011,1320,39.594442,44.349954,39.594442,51.483223,46.72771,46.72771,68.12752,37.216686,32.461174,46.72771,32.461174,39.594442
2011,1380,53.86098,34.83893,49.105467,53.86098,63.372006,63.372006,44.349954,32.461174,53.86098,34.83893,39.594442,32.461174
2011,1440,44.349954,56.238736,34.83893,39.594442,46.72771,75.260791,113.304915,32.461174,65.749763,34.83893,44.349954,75.260791
2011,1500,58.616493,32.461174,70.505277,51.483223,58.616493,49.105467,65.749763,18.19464,30.083418,37.216686,53.86098,37.216686
2011,1560,27.705662,51.483223,63.372006,51.483223,72.883034,25.327906,84.77182,30.083418,49.105467,51.483223,77.638548,39.594442
2011,1620,44.349954,58.616493,39.594442,46.72771,56.238736,53.86098,77.638548,51.483223,56.238736,44.349954,22.950151,41.972198
2011,1680,41.972198,39.594442,51.483223,49.105467,70.505277,60.994249,70.505277,37.216686,58.616493,41.972198,34.83893,41.972198
2011,1740,37.216686,68.12752,56.238736,37.216686,65.749763,37.216686,96.660608,49.105467,84.77182,30.083418,30.083418,49.105467
2011,1800,30.083418,44.349954,49.105467,32.461174,68.12752,34.83893,60.994249,65.749763,106.17164,46.72771,46.72771,63.372006
2011,1860,56.238736,41.972198,44.349954,37.216686,49.105467,53.86098,77.638548,30.083418,44.349954,37.216686,51.483223,75.260791
2011,1920,46.72771,51.483223,34.83893,51.483223,77.638548,56.238736,56.238736,46.72771,87.149578,39.594442,58.616493,20.572395
2011,1980,22.950151,37.216686,49.105467,53.86098,80.016306,68.12752,60.994249,51.483223,51.483223,37.216686,44.349954,60.994249
2011,2040,44.349954,46.72771,46.72771,37.216686,41.972198,30.083418,63.372006,37.216686,94.282851,41.972198,51.483223,30.083418
2011,2100,53.86098,44.349954,53.86098,37.216686,120.43819,34.83893,110.927156,37.216686,68.12752,44.349954,37.216686,37.216686
2011,2160,22.950151,46.72771,32.461174,51.483223,77.638548,49.105467,77.638548,63.372006,44.349954,32.461174,27.705662,46.72771
2011,2220,34.83893,46.72771,41.972198,37.216686,77.638548,46.72771,96.660608,34.83893,58.616493,46.72771,72.883034,37.216686
2011,2280,56.238736,58.616493,30.083418,39.594442,49.105467,30.083418,68.12752,25.327906,68.12752,53.86098,46.72771,49.105467
2011,2340,30.083418,39.594442,44.349954,39.594442,65.749763,18.19464,68.12752,63.372006,46.72771,63.372006,39.594442,49.105467
2011,2400,30.083418,53.86098,37.216686,41.972198,63.372006,60.994249,51.483223,39.594442,56.238736,34.83893,53.86098,44.349954
2011,2460,30.083418,46.72771,32.461174,56.238736,60.994249,44.349954,80.016306,44.349954,68.12752,46.72771,25.327906,37.216686
2011,2520,68.12752,39.594442,39.594442,37.216686,63.372006,39.594442,58.616493,44.349954,46.72771,32.461174,51.483223,39.594442
2011,2580,44.349954,44.349954,39.594442,58.616493,53.86098,41.972198,60.994249,34.83893,37.216686,58.616493,58.616493,68.12752
2011,2640,30.083418,41.972198,60.994249,44.349954,65.749763,49.105467,53.86098,49.105467,46.72771,34.83893,46.72771,25.327906
2011,2700,39.594442,37.216686,34.83893,60.994249,51.483223,70.505277,44.349954,53.86098,46.72771,25.327906,41.972198,37.216686
2011,2760,37.216686,39.594442,27.705662,46.72771,51.483223,30.083418,27.705662,49.105467,46.72771,49.105467,39.594442,44.349954
2011,2820,41.972198,39.594442,49.105467,63.372006,53.86098,49.105467,60.994249,32.461174,39.594442,27.705662,58.616493,37.216686
2011,2880,39.594442,32.461174,30.083418,27.705662,77.638548,32.461174,58.616493,30.083418,46.72771,63.372006,37.216686,27.705662
2011,2940,32.461174,34.83893,37.216686,56.238736,75.260791,30.083418,56.238736,70.505277,51.483223,41.972198,37.216686,37.216686
1410,0,798.102231,491.369375,379.614286,272.614878,184.637695,144.215778,122.815948,120.43819,113.304915,144.215778,75.260791,60.994249
1410,60,77.638548,65.749763,101.416124,80.016306,75.260791,60.994249,91.905093,72.883034,41.972198,58.616493,46.72771,49.105467
1410,120,46.72771,51.483223,65.749763,89.527335,37.216686,58.616493,72.883034,72.883034,60.994249,75.260791,46.72771,77.638548
1410,180,39.594442,34.83893,53.86098,58.616493,32.461174,56.238736,27.705662,46.72771,37.216686,65.749763,41.972198,87.149578
1410,240,58.616493,75.260791,53.86098,34.83893,39.594442,41.972198,51.483223,63.372006,34.83893,82.394063,41.972198,39.594442
1410,300,75.260791,58.616493,75.260791,27.705662,56.238736,32.461174,58.616493,56.238736,27.705662,41.972198,68.12752,68.12752
1410,360,34.83893,34.83893,22.950151,53.86098,39.594442,41.972198,41.972198,53.86098,56.238736,32.461174,56.238736,72.883034
1410,420,46.72771,41.972198,39.594442,44.349954,39.594442,27.705662,44.349954,63.372006,63.372006,46.72771,56.238736,46.72771
1410,480,41.972198,34.83893,41.972198,53.86098,39.594442,30.083418,49.105467,65.749763,37.216686,25.327906,25.327906,56.238736
1410,540,60.994249,46.72771,44.349954,32.461174,51.483223,30.083418,53.86098,51.483223,75.260791,37.216686,46.72771,37.216686
1410,600,63.372006,39.594442,46.72771,72.883034,41.972198,32.461174,34.83893,51.483223,49.105467,34.83893,60.994249,41.972198
1410,660,51.483223,30.083418,46.72771,56.238736,41.972198,49.105467,46.72771,37.216686,51.483223,44.349954,32.461174,27.705662
1410,720,58.616493,32.461174,41.972198,63.372006,27.705662,63.372006,56.238736,41.972198,53.86098,32.461174,22.950151,44.349954
1410,780,53.86098,27.705662,32.461174,41.972198,32.461174,39.594442,65.749763,49.105467,46.72771,46.72771,53.86098,27.705662
1410,840,53.86098,39.594442,34.83893,46.72771,25.327906,44.349954,25.327906,49.105467,60.994249,32.461174,53.86098,60.994249
1410,900,51.483223,80.016306,30.083418,30.083418,32.461174,46.72771,68.12752,65.749763,53.86098,34.83893,46.72771,37.216686
1410,960,46.72771,37.216686,34.83893,49.105467,27.705662,44.349954,46.72771,44.349954,106.17164,56.238736,34.83893,37.216686
1410,1020,68.12752,44.349954,34.83893,63.372006,53.86098,51.483223,46.72771,58.616493,99.038366,56.238736,37.216686,58.616493
1410,1080,37.216686,25.327906,34.83893,39.594442,39.594442,32.461174,49.105467,49.105467,110.927156,80.016306,63.372006,46.72771
1410,1140,39.594442,46.72771,37.216686,80.016306,27.705662,46.72771,39.594442,60.994249,103.793882,77.638548,37.216686,39.594442
1410,1200,53.86098,49.105467,68.12752,49.105467,34.83893,34.83893,58.616493,56.238736,68.12752,37.216686,27.705662,32.461174
1410,1260,22.950151,22.950151,39.594442,53.86098,34.83893,46.72771,46.72771,46.72771,113.304915,65.749763,25.327906,18.19464
1410,1320,44.349954,22.950151,25.327906,30.083418,56.238736,27.705662,39.594442,44.349954,108.549398,39.594442,34.83893,60.994249
1410,1380,51.483223,37.216686,32.461174,34.83893,44.349954,30.083418,51.483223,72.883034,53.86098,39.594442,44.349954,34.83893
1410,1440,41.972198,51.483223,46.72771,20.572395,56.238736,53.86098,70.505277,22.950151,56.238736,53.86098,32.461174,63.372006
1410,1500,32.461174,27.705662,72.883034,46.72771,34.83893,22.950151,63.372006,39.594442,65.749763,34.83893,27.705662,34.83893
1410,1560,58.616493,46.72771,44.349954,49.105467,39.594442,37.216686,44.349954,25.327906,58.616493,51.483223,39.594442,46.72771
1410,1620,49.105467,32.461174,41.972198,27.705662,37.216686,22.950151,58.616493,51.483223,58.616493,56.238736,46.72771,34.83893
1410,1680,27.705662,46.72771,34.83893,63.372006,18.19464,30.083418,63.372006,27.705662,70.505277,70.505277,34.83893,87.149578
1410,1740,37.216686,25.327906,46.72771,32.461174,56.238736,70.505277,34.83893,41.972198,65.749763,56.238736,58.616493,60.994249
1410,1800,32.461174,32.461174,39.594442,37.216686,22.950151,34.83893,63.372006,30.083418,39.594442,22.950151,39.594442,68.12752
1410,1860,37.216686,56.238736,44.349954,53.86098,49.105467,49.105467,49.105467,32.461174,51.483223,56.238736,41.972198,39.594442
1410,1920,46.72771,44.349954,49.105467,30.083418,51.483223,27.705662,25.327906,30.083418,53.86098,44.349954,39.594442,34.83893
1410,1980,39.594442,30.083418,68.12752,41.972198,41.972198,51.483223,39.594442,53.86098,37.216686,51.483223,41.972198,58.616493
1410,2040,49.105467,44.349954,63.372006,44.349954,22.950151,37.216686,22.950151,87.149578,51.483223,39.594442,49.105467,51.483223
1410,2100,51.483223,46.72771,39.594442,27.705662,37.216686,53.86098,30.083418,27.705662,30.083418,30.083418,34.83893,34.83893
1410,2160,32.461174,58.616493,53.86098,32.461174,32.461174,41.972198,37.216686,18.19464,49.105467,37.216686,58.616493,58.616493
1410,2220,39.594442,37.216686,34.83893,32.461174,34.83893,25.327906,34.83893,39.594442,82.394063,30.083418,37.216686,41.972198
1410,2280,60.994249,39.594442,27.705662,30.083418,89.527335,46.72771,46.72771,60.994249,58.616493,34.83893,32.461174,68.12752
1410,2340,49.105467,49.105467,53.86098,49.105467,39.594442,70.505277,68.12752,34.83893,27.705662,51.483223,39.594442,49.105467
1410,2400,65.749763,25.327906,32.461174,27.705662,27.705662,84.77182,41.972198,25.327906,30.083418,27.705662,27.705662,41.972198
1410,2460,34.83893,18.19464,58.616493,44.349954,25.327906,32.461174,32.461174,49.105467,44.349954,27.705662,27.705662,37.216686
1410,2520,49.105467,49.105467,30.083418,18.19464,44.349954,63.372006,56.238736,27.705662,27.705662,37.216686,49.105467,25.327906
1410,2580,41.972198,46.72771,30.083418,51.483223,34.83893,51.483223,25.327906,34.83893,58.616493,32.461174,41.972198,51.483223
1410,2640,60.994249,56.238736,44.349954,51.483223,51.483223,53.86098,53.86098,37.216686,44.349954,44.349954,49.105467,30.083418
1410,2700,34.83893,46.72771,60.994249,27.705662,41.972198,37.216686,27.705662,20.572395,30.083418,58.616493,22.950151,41.972198
1410,2760,51.483223,51.483223,30.083418,39.594442,41.972198,44.349954,41.972198,27.705662,46.72771,39.594442,44.349954,37.216686
1410,2820,34.83893,49.105467,39.594442,27.705662,32.461174,39.594442,39.594442,41.972198,49.105467,27.705662,37.216686,41.972198
1410,2880,53.86098,30.083418,60.994249,46.72771,51.483223,70.505277,65.749763,53.86098,27.705662,70.505277,37.216686,34.83893
1410,2940,37.216686,20.572395,46.72771,63.372006,30.083418,25.327906,91.905093,32.461174,20.572395,44.349954,46.72771,32.461174
1949,0,643.546769,377.23652,294.014748,189.393216,253.592776,167.993374,103.793882,103.793882,80.016306,58.616493,82.394063,113.304915
1949,60,51.483223,41.972198,63.372006,89.527335,87.149578,65.749763,58.616493,63.372006,49.105467,56.238736,65.749763,77.638548
1949,120,39.594442,63.372006,49.105467,63.372006,58.616493,46.72771,34.83893,30.083418,56.238736,46.72771,53.86098,56.238736
1949,180,53.86098,20.572395,72.883034,56.238736,68.12752,39.594442,41.972198,39.594442,44.349954,65.749763,30.083418,51.483223
1949,240,63.372006,56.238736,27.705662,37.216686,58.616493,37.216686,46.72771,41.972198,41.972198,46.72771,44.349954,22.950151
1949,300,51.483223,37.216686,53.86098,46.72771,30.083418,37.216686,51.483223,51.483223,49.105467,41.972198,32.461174,39.594442
1949,360,63.372006,30.083418,39.594442,46.72771,44.349954,41.972198,49.105467,46.72771,53.86098,37.216686,37.216686,77.638548
1949,420,46.72771,53.86098,75.260791,32.461174,41.972198,34.83893,51.483223,63.372006,39.594442,41.972198,53.86098,41.972198
1949,480,63.372006,44.349954,27.705662,56.238736,49.105467,39.594442,39.594442,30.083418,22.950151,53.86098,68.12752,51.483223
1949,540,53.86098,51.483223,34.83893,49.105467,32.461174,37.216686,20.572395,49.105467,30.083418,39.594442,49.105467,32.461174
1949,600,30.083418,27.705662,32.461174,65.749763,53.86098,58.616493,53.86098,39.594442,39.594442,44.349954,30.083418,51.483223
1949,660,25.327906,49.105467,30.083418,41.972198,58.616493,44.349954,34.83893,30.083418,32.461174,56.238736,39.594442,22.950151
1949,720,37.216686,41.972198,46.72771,39.594442,25.327906,32.461174,34.83893,65.749763,49.105467,41.972198,49.105467,53.86098
1949,780,49.105467,63.372006,25.327906,39.594442,60.994249,68.12752,39.594442,49.105467,44.349954,32.461174,27.705662,25.327906
1949,840,46.72771,27.705662,84.77182,41.972198,32.461174,65.749763,44.349954,39.594442,34.83893,41.972198,41.972198,53.86098
1949,900,34.83893,46.72771,44.349954,39.594442,25.327906,63.372006,53.86098,34.83893,34.83893,44.349954,53.86098,37.216686
1949,960,34.83893,37.216686,37.216686,63.372006,46.72771,25.327906,58.616493,39.594442,51.483223,46.72771,27.705662,30.083418
1949,1020,41.972198,41.972198,34.83893,65.749763,41.972198,49.105467,60.994249,34.83893,30.083418,39.594442,44.349954,72.883034
1949,1080,25.327906,37.216686,51.483223,22.950151,46.72771,39.594442,34.83893,22.950151,53.86098,80.016306,56.238736,58.616493
1949,1140,70.505277,46.72771,39.594442,25.327906,46.72771,39.594442,39.594442,51.483223,68.12752,51.483223,60.994249,70.505277
1949,1200,34.83893,41.972198,37.216686,39.594442,34.83893,46.72771,51.483223,37.216686,34.83893,25.327906,25.327906,75.260791
1949,1260,39.594442,53.86098,32.461174,44.349954,58.616493,46.72771,49.105467,22.950151,34.83893,25.327906,30.083418,34.83893
1949,1320,30.083418,63.372006,27.705662,34.83893,60.994249,32.461174,41.972198,51.483223,30.083418,46.72771,75.260791,39.594442
1949,1380,32.461174,39.594442,37.216686,75.260791,32.461174,63.372006,37.216686,30.083418,49.105467,30.083418,63.372006,32.461174
1949,1440,32.461174,25.327906,39.594442,49.105467,39.594442,32.461174,58.616493,34.83893,41.972198,41.972198,60.994249,37.216686
1949,1500,51.483223,32.461174,39.594442,37.216686,44.349954,25.327906,49.105467,46.72771,39.594442,51.483223,34.83893,51.483223
1949,1560,27.705662,27.705662,41.972198,37.216686,41.972198,30.083418,65.749763,51.483223,34.83893,51.483223,37.216686,39.594442
1949,1620,41.972198,56.238736,34.83893,56.238736,41.972198,60.994249,41.972198,30.083418,39.594442,20.572395,25.327906,63.372006
1949,1680,44.349954,58.616493,63.372006,56.238736,34.83893,44.349954,49.105467,25.327906,51.483223,41.972198,20.572395,37.216686
1949,1740,41.972198,39.594442,27.705662,68.12752,51.483223,51.483223,32.461174,51.483223,41.972198,20.572395,56.238736,51.483223
1949,1800,49.105467,25.327906,30.083418,63.372006,34.83893,63.372006,34.83893,25.327906,32.461174,77.638548,37.216686,32.461174
1949,1860,46.72771,46.72771,41.972198,56.238736,51.483223,56.238736,37.216686,49.105467,27.705662,30.083418,56.238736,75.260791
1949,1920,58.616493,44.349954,72.883034,18.19464,39.594442,46.72771,84.77182,39.594442,39.594442,41.972198,25.327906,58.616493
1949,1980,49.105467,53.86098,30.083418,30.083418,41.972198,49.105467,56.238736,34.83893,30.083418,39.594442,25.327906,44.349954
1949,2040,22.950151,60.994249,37.216686,44.349954,32.461174,20.572395,37.216686,56.238736,32.461174,41.972198,41.972198,37.216686
1949,2100,41.972198,51.483223,37.216686,27.705662,39.594442,32.461174,37.216686,37.216686,37.216686,34.83893,46.72771,49.105467
1949,2160,22.950151,18.19464,46.72771,32.461174,46.72771,82.394063,27.705662,25.327906,37.216686,27.705662,32.461174,53.86098
1949,2220,32.461174,27.705662,32.461174,49.105467,30.083418,25.327906,75.260791,46.72771,34.83893,46.72771,34.83893,32.461174
1949,2280,70.505277,41.972198,56.238736,30.083418,44.349954,34.83893,49.105467,22.950151,56.238736,41.972198,56.238736,49.105467
1949,2340,41.972198,41.972198,25.327906,68.12752,25.327906,49.105467,53.86098,51.483223,25.327906,34.83893,25.327906,32.461174
1949,2400,30.083418,46.72771,46.72771,58.616493,39.594442,30.083418,82.394063,51.483223,37.216686,27.705662,56.238736,39.594442
1949,2460,32.461174,34.83893,27.705662,27.705662,37.216686,39.594442,65.749763,32.461174,34.83893,49.105467,39.594442,32.461174
1949,2520,37.216686,37.216686,37.216686,51.483223,22.950151,39.594442,37.216686,30.083418,27.705662,44.349954,37.216686,27.705662
1949,2580,46.72771,34.83893,37.216686,51.483223,44.349954,34.83893,32.461174,30.083418,63.372006,41.972198,27.705662,37.216686
1949,2640,32.461174,25.327906,39.594442,37.216686,22.950151,63.372006,46.72771,89.527335,39.594442,41.972198,53.86098,56.238736
1949,2700,49.105467,44.349954,44.349954,39.594442,53.86098,30.083418,34.83893,39.594442,51.483223,41.972198,39.594442,27.705662
1949,2760,34.83893,49.105467,22.950151,49.105467,25.327906,32.461174,46.72771,32.461174,34.83893,37.216686,18.19464,34.83893
1949,2820,44.349954,56.238736,56.238736,49.105467,32.461174,32.461174,46.72771,37.216686,41.972198,34.83893,22.950151,34.83893
1949,2880,34.83893,46.72771,44.349954,37.216686,46.72771,37.216686,44.349954,65.749763,41.972198,46.72771,56.238736,37.216686
1949,2940,27.705662,32.461174,34.83893,25.327906,56.238736,25.327906,22.950151,27.705662,44.349954,41.972198,32.461174,32.461174
elf1810nm,0,660.191189,365.34769,298.770276,339.192271,213.170825,129.949224,132.326983,134.704742,137.082501,125.193707,96.660608,82.394063
elf1810nm,60,89.527335,99.038366,77.638548,89.527335,96.660608,80.016306,65.749763,63.372006,68.12752,39.594442,46.72771,53.86098
elf1810nm,120,41.972198,75.260791,60.994249,51.483223,60.994249,56.238736,44.349954,41.972198,49.105467,46.72771,41.972198,75.260791
elf1810nm,180,37.216686,44.349954,37.216686,46.72771,63.372006,77.638548,46.72771,44.349954,58.616493,68.12752,46.72771,60.994249
elf1810nm,240,63.372006,70.505277,82.394063,87.149578,82.394063,165.615614,182.259935,49.105467,68.12752,170.371134,60.994249,77.638548
elf1810nm,300,167.993374,239.326203,244.081727,617.391259,65.749763,584.10244,1023.99152,258.348301,99.038366,648.302317,65.749763,329.681211
elf1810nm,360,567.458036,1266.525993,615.013486,3385.167203,279.748168,2303.250261,3844.094632,997.835885,648.302317,1834.820431,353.458862,1480.527609
elf1810nm,420,1685.018576,3420.835044,1428.21605,8585.70618,845.657818,5011.636899,8195.713484,2250.938165,2148.691892,3798.915131,1178.547717,3620.575245
elf1810nm,480,3123.603525,6961.541803,2669.435896,15296.73191,2115.402437,8045.899721,12559.459622,3827.44955,4450.453561,6345.652072,2457.808929,5541.911212
elf1810nm,540,4975.96835,10797.28608,3886.896288,21337.611956,3330.476545,11096.924187,15841.343732,5889.088226,7182.692554,9379.965476,4386.250634,8117.239573
elf1810nm,600,7513.230837,14328.806509,5810.616578,25782.944437,5686.964439,13831.768284,17710.650929,8072.057659,10830.579148,11351.379651,5908.111668,10067.220151
elf1810nm,660,9253.929792,16324.124997,7028.12476,28680.035574,8148.153529,14671.265263,17548.927971,9403.745816,13070.758803,13094.54024,7494.207014,11567.786337
elf1810nm,720,10331.184588,17556.0628,8476.317793,30456.874876,10328.806526,14102.87966,16419.254653,10442.953576,14416.799243,14140.930453,8863.933839,10994.666612
elf1810nm,780,10958.995395,17030.465395,9315.758594,30397.408398,11546.383451,13936.407654,14585.650437,10966.129637,15425.155325,14121.905055,8885.336007,11077.899512
elf1810nm,840,10364.477462,16233.751928,9803.256585,30047.746401,12171.825676,11950.661137,12300.244076,10557.100789,16000.68501,12978.011267,8678.448626,10245.574405
elf1810nm,900,9622.525276,14647.483358,9608.257032,28182.908212,12523.787708,11077.899512,9988.744405,10476.246496,15115.988195,11810.352767,8478.6958,8859.177803
elf1810nm,960,8176.689498,13280.035689,9401.367782,26037.4466,12309.756558,9220.637381,8003.095841,9429.904199,14331.18469,10157.586257,7717.737222,7684.445449
elf1810nm,1020,6528.753929,12079.079182,9068.443675,24393.900168,11448.881492,7503.718925,6412.234517,8302.723486,12038.651256,8773.569194,6638.139654,6091.212524
elf1810nm,1080,5349.299957,9993.500509,8331.25951,22172.430846,10640.333234,6504.974443,4937.921914,7962.669974,11049.362508,7337.260646,5722.633305,4871.340696
elf1810nm,1140,4517.03443,9446.550446,7570.302334,19848.754295,9712.890879,5515.754101,3777.514324,7182.692554,9475.086879,6043.65382,4664.463692,4015.301394
elf1810nm,1200,3784.647926,7869.928358,6845.02176,17829.565078,9208.747237,4830.916412,3114.092135,5993.717211,8219.493472,4790.492148,3889.274159,2852.529342
elf1810nm,1260,3026.111827,6661.919179,5817.750361,15548.822511,8255.163467,3986.766908,2184.359182,4764.335282,6571.557021,4110.41642,2976.177101,2281.849854
elf1810nm,1320,2412.630211,5717.877456,5033.038037,13222.96012,7227.873965,3216.33964,1830.064812,4319.669874,5855.797214,3114.092135,2469.69807,1865.731959
elf1810nm,1380,1948.955365,4676.353161,4100.904912,11384.672949,6136.393319,2367.451518,1314.081858,3665.754645,4778.602663,2747.904465,2103.513349,1321.21524
elf1810nm,1440,1511.439,3796.537263,3653.865327,9510.757434,5408.747826,2055.957014,1085.813963,2988.066319,3684.777558,2084.490811,1597.03984,1114.347414
elf1810nm,1500,1100.080687,3164.026947,2888.196945,7570.302334,4495.63343,1713.552241,738.657787,2367.451518,3018.978293,1746.84153,1280.792749,643.546769
elf1810nm,1560,829.013359,2381.718471,2545.788611,6017.496544,3989.144781,1347.37098,667.324513,2051.201382,2648.035391,1349.748775,1009.724809,538.92478
elf1810nm,1620,738.657787,1929.932865,1937.066302,5025.904324,3672.888237,957.413558,467.591683,1516.1946,1927.555053,1047.769377,867.057841,367.725456
elf1810nm,1680,560.324721,1473.394212,1642.218098,3634.842421,2802.594725,774.324448,310.659096,1276.037164,1492.416604,714.880022,702.991142,313.03686
elf1810nm,1740,484.236067,1102.458475,1321.21524,3104.580745,2236.671235,434.302927,241.703965,1109.591838,1257.014823,536.547009,448.569535,324.925682
elf1810nm,1800,291.636985,838.524478,897.968996,2250.938165,1832.442621,405.769718,222.68187,843.280038,924.124598,398.636418,410.525252,165.615614
elf1810nm,1860,241.703965,531.791467,741.035564,1639.840294,1608.928853,277.370404,194.148737,638.791221,669.702288,327.303446,289.259221,139.46026
elf1810nm,1920,172.748894,486.613836,660.191189,1268.903785,1287.926129,282.125931,184.637695,546.058093,595.991302,225.059632,229.815155,113.304915
elf1810nm,1980,125.193707,462.836146,420.036321,1033.502662,1000.21367,255.970539,141.838019,508.013763,362.969924,210.793064,184.637695,99.038366
elf1810nm,2040,125.193707,289.259221,427.169624,655.43564,836.146698,210.793064,196.526498,327.303446,379.614286,139.46026,110.927156,110.927156
elf1810nm,2100,139.46026,194.148737,315.414624,503.258224,655.43564,153.726816,158.482335,296.392512,322.547917,167.993374,141.838019,94.282851
elf1810nm,2160,87.149578,232.192917,296.392512,424.791856,593.61353,139.46026,89.527335,327.303446,241.703965,125.193707,144.215778,91.905093
elf1810nm,2220,101.416124,244.081727,239.326203,303.525804,401.014184,96.660608,91.905093,260.726064,253.592776,94.282851,99.038366,82.394063
elf1810nm,2280,80.016306,160.860094,187.015455,289.259221,362.969924,87.149578,106.17164,208.415303,201.28202,60.994249,89.527335,75.260791
elf1810nm,2340,68.12752,179.882174,170.371134,210.793064,396.258651,101.416124,99.038366,184.637695,151.349056,68.12752,132.326983,49.105467
elf1810nm,2400,53.86098,158.482335,167.993374,177.504414,196.526498,125.193707,70.505277,129.949224,151.349056,60.994249,99.038366,56.238736
elf1810nm,2460,60.994249,182.259935,113.304915,179.882174,203.65978,80.016306,110.927156,127.571466,129.949224,75.260791,80.016306,84.77182
elf1810nm,2520,53.86098,132.326983,110.927156,184.637695,217.926348,89.527335,87.149578,113.304915,94.282851,77.638548,53.86098,75.260791
elf1810nm,2580,49.105467,146.593538,101.416124,141.838019,170.371134,113.304915,80.016306,96.660608,108.549398,46.72771,51.483223,49.105467
elf1810nm,2640,63.372006,96.660608,68.12752,125.193707,141.838019,53.86098,137.082501,75.260791,77.638548,51.483223,49.105467,58.616493
elf1810nm,2700,56.238736,141.838019,108.549398,125.193707,177.504414,63.372006,89.527335,108.549398,77.638548,56.238736,51.483223,44.349954
elf1810nm,2760,65.749763,153.726816,91.905093,99.038366,206.037541,75.260791,103.793882,84.77182,70.505277,41.972198,44.349954,34.83893
elf1810nm,2820,46.72771,144.215778,82.394063,160.860094,179.882174,75.260791,87.149578,82.394063,99.038366,44.349954,96.660608,58.616493
elf1810nm,2880,58.616493,125.193707,72.883034,163.237854,203.65978,60.994249,94.282851,108.549398,72.883034,46.72771,96.660608,41.972198
elf1810nm,2940,39.594442,137.082501,75.260791,118.060431,184.637695,77.638548,75.260791,65.749763,56.238736,41.972198,99.038366,58.616493
e1810nm+1186,0,681.591163,443.813999,294.014748,225.059632,160.860094,148.971297,167.993374,137.082501,99.038366,118.060431,58.616493,56.238736
e1810nm+1186,60,84.77182,127.571466,65.749763,51.483223,44.349954,60.994249,53.86098,75.260791,72.883034,60.994249,53.86098,51.483223
e1810nm+1186,120,60.994249,120.43819,44.349954,56.238736,25.327906,58.616493,56.238736,70.505277,68.12752,46.72771,58.616493,34.83893
e1810nm+1186,180,68.12752,196.526498,65.749763,49.105467,68.12752,70.505277,39.594442,75.260791,56.238736,41.972198,41.972198,58.616493
e1810nm+1186,240,137.082501,748.168895,51.483223,51.483223,32.461174,144.215778,58.616493,158.482335,103.793882,163.237854,53.86098,91.905093
e1810nm+1186,300,239.326203,3316.209423,194.148737,122.815948,96.660608,360.592158,351.081096,664.946738,443.813999,693.480039,49.105467,139.46026
e1810nm+1186,360,760.057782,10728.321913,691.102264,553.191406,291.636985,993.080316,1739.70811,2864.418542,1485.283207,1668.373943,113.304915,897.968996
e1810nm+1186,420,2343.673269,20010.481901,2027.423227,1413.949267,714.880022,2809.72824,5078.218235,5812.994505,3744.22419,3722.823398,339.192271,2736.015283
e1810nm+1186,480,4669.219479,29167.651535,4764.335282,3023.733982,1354.504366,4852.317501,9039.907388,9525.02566,5927.135114,6552.533422,800.48001,5786.837305
e1810nm+1186,540,6776.060999,33128.154644,8145.775532,5917.62339,2272.338564,6928.250345,14178.981264,13817.49929,8718.874854,9532.159775,1879.998823,9370.453342
e1810nm+1186,600,7896.086239,32823.67658,11225.340862,8852.043748,3223.473192,9106.492074,18112.581463,17544.171418,10597.527965,12533.300217,2957.154357,12290.731594
e1810nm+1186,660,9011.37111,28553.969491,13836.524616,12295.487835,4022.435017,10288.379485,20802.476221,18952.123349,11310.952093,15413.264259,4176.997005,13879.331617
e1810nm+1186,720,8844.909695,21161.611364,15479.854249,13824.633787,4438.564126,11058.874842,21575.451208,18243.387693,11073.143344,16526.275652,5049.68337,14350.210138
e1810nm+1186,780,7815.234635,14999.456278,17460.931792,14944.757683,5389.724503,10837.713378,21737.182304,14882.924532,10319.294279,17270.670116,5618.004675,14859.142564
e1810nm+1186,840,6181.57414,10171.854598,16866.365554,15289.597282,5491.974916,9360.94121,21056.962547,12107.616553,9684.354362,16804.530919,5832.017929,14074.341578
e1810nm+1186,900,4990.235768,7089.951842,16730.805071,14773.527537,6086.456652,7858.038415,19477.733375,8818.751504,8212.359474,15589.25221,5525.265777,13608.220999
e1810nm+1186,960,3891.652029,5161.444981,15848.47841,13460.775258,5710.743682,6795.084651,18093.55512,6592.958576,7235.007875,14873.411744,5717.877456,12597.509681
e1810nm+1186,1020,2821.617432,3306.69801,14699.803559,12181.338143,5544.289132,5432.526986,15834.209056,4704.887892,6407.478626,13268.144942,5280.340484,11836.511936
e1810nm+1186,1080,2020.289782,2393.6076,13220.581972,11282.415006,5194.735704,4830.916412,13879.331617,3737.090592,5292.230044,12271.706636,4583.615353,10309.782034
e1810nm+1186,1140,1447.238431,1903.776934,11857.914899,9869.841907,5040.17175,3501.682208,12186.094377,2907.219674,4424.296807,10547.588515,3853.606109,9358.563177
e1810nm+1186,1200,1252.259239,1387.793505,10328.806526,8842.531677,4459.965111,2976.177101,10409.66067,2120.158072,3325.720838,9265.819943,3523.082942,8233.761468
e1810nm+1186,1260,966.924692,1033.502662,8892.470064,7432.37962,3851.22824,2505.365502,8652.290489,1725.441271,2857.285022,8145.775532,3192.561139,7180.314586
e1810nm+1186,1320,719.635574,743.413341,7736.761098,6495.462651,3323.342984,2170.092264,6854.533594,1183.303297,2220.026487,6852.155636,2548.166442,5803.482795
e1810nm+1186,1380,588.857985,527.035926,6626.249894,5449.172402,2712.236924,1789.642064,5377.834928,971.680259,1701.663213,5950.914428,2074.979545,4621.66162
e1810nm+1186,1440,498.502684,465.213915,5679.830668,4531.301766,2272.338564,1387.793505,4241.199765,714.880022,1111.969626,4616.905836,1879.998823,3561.128704
e1810nm+1186,1500,379.614286,374.858753,4519.412319,3553.995122,2160.580987,1304.570683,3254.385257,565.080264,985.946963,3680.021829,1411.57147,2690.836407
e1810nm+1186,1560,272.614878,296.392512,3458.880758,2859.662862,1620.817867,1130.991932,2536.27729,393.880884,781.457782,2816.861755,1264.1482,2082.112995
e1810nm+1186,1620,234.570679,260.726064,2724.126103,2139.180618,1418.704861,907.480123,1932.310677,310.659096,510.391533,2308.005908,1073.925028,1525.705801
e1810nm+1186,1680,189.393216,270.237115,2255.693808,1399.682487,1142.880876,688.724489,1442.482835,234.570679,460.458377,1547.106006,705.368918,1142.880876
e1810nm+1186,1740,194.148737,187.015455,1965.600057,1218.970156,890.835651,576.969124,1154.769821,196.526498,415.280787,1290.303922,695.857815,743.413341
e1810nm+1186,1800,106.17164,217.926348,1580.395225,733.902234,683.968938,441.436231,840.902258,179.882174,303.525804,769.568892,517.524844,636.413447
e1810nm+1186,1860,144.215778,144.215778,1157.14761,527.035926,591.235757,379.614286,700.613366,127.571466,286.881458,603.124621,431.925159,384.369818
e1810nm+1186,1920,96.660608,179.882174,750.546672,348.703331,488.991606,384.369818,396.258651,129.949224,217.926348,386.747585,298.770276,332.058976
e1810nm+1186,1980,89.527335,122.815948,719.635574,234.570679,496.124914,336.814506,412.903019,108.549398,198.904259,298.770276,253.592776,227.437394
e1810nm+1186,2040,82.394063,115.682673,522.280385,194.148737,367.725456,282.125931,305.903568,106.17164,160.860094,239.326203,194.148737,225.059632
e1810nm+1186,2100,80.016306,137.082501,458.080609,125.193707,267.859352,239.326203,236.948441,84.77182,110.927156,236.948441,206.037541,156.104575
e1810nm+1186,2160,82.394063,113.304915,341.570036,115.682673,351.081096,187.015455,284.503694,77.638548,137.082501,179.882174,167.993374,177.504414
e1810nm+1186,2220,94.282851,137.082501,305.903568,70.505277,324.925682,118.060431,203.65978,70.505277,96.660608,172.748894,137.082501,160.860094
e1810nm+1186,2280,68.12752,115.682673,234.570679,84.77182,232.192917,129.949224,191.770977,68.12752,99.038366,118.060431,137.082501,134.704742
e1810nm+1186,2340,82.394063,99.038366,165.615614,65.749763,206.037541,182.259935,179.882174,68.12752,99.038366,101.416124,122.815948,141.838019
e1810nm+1186,2400,72.883034,101.416124,177.504414,56.238736,148.971297,118.060431,146.593538,58.616493,87.149578,148.971297,89.527335,125.193707
e1810nm+1186,2460,70.505277,60.994249,108.549398,60.994249,146.593538,113.304915,148.971297,60.994249,46.72771,115.682673,89.527335,113.304915
e1810nm+1186,2520,41.972198,70.505277,118.060431,32.461174,129.949224,89.527335,141.838019,68.12752,87.149578,101.416124,96.660608,122.815948
e1810nm+1186,2580,70.505277,72.883034,84.77182,80.016306,125.193707,60.994249,229.815155,70.505277,84.77182,63.372006,82.394063,160.860094
e1810nm+1186,2640,75.260791,72.883034,84.77182,49.105467,113.304915,120.43819,127.571466,39.594442,96.660608,110.927156,80.016306,127.571466
e1810nm+1186,2700,49.105467,53.86098,82.394063,32.461174,96.660608,113.304915,160.860094,70.505277,82.394063,110.927156,80.016306,94.282851
e1810nm+1186,2760,53.86098,68.12752,108.549398,37.216686,94.282851,82.394063,139.46026,44.349954,103.793882,82.394063,70.505277,96.660608
e1810nm+1186,2820,37.216686,70.505277,87.149578,37.216686,94.282851,108.549398,184.637695,77.638548,65.749763,110.927156,44.349954,103.793882
e1810nm+1186,2880,68.12752,80.016306,70.505277,37.216686,84.77182,99.038366,132.326983,77.638548,146.593538,82.394063,72.883034,151.349056
e1810nm+1186,2940,46.72771,80.016306,108.549398,56.238736,41.972198,77.638548,167.993374,46.72771,75.260791,94.282851,53.86098,87.149578
