##BLOCKS= 1          
Plate:	Plate#1	1.3	PlateFormat	Kinetic	Luminescence	Raw	FALSE	50	3000	60				1	450	1	12	96	405	Automatic	435			6	Automatic			1	8	None	
Time(hh:mm:ss)	Temperature(¡C)	1	2	3	4	5	6	7	8	9	10	11	12		
0:00	23.40	733.902234	634.035673	298.770276	222.68187	298.770276	115.682673	125.193707	137.082501	151.349056	101.416124	108.549398	63.372006		
		1195.192248	403.391951	343.947801	139.46026	191.770977	244.081727	139.46026	139.46026	99.038366	91.905093	96.660608	96.660608		
		971.680259	615.013486	343.947801	167.993374	234.570679	167.993374	172.748894	94.282851	120.43819	139.46026	82.394063	103.793882		
		1078.680602	517.524844	234.570679	279.748168	146.593538	241.703965	110.927156	103.793882	110.927156	91.905093	134.704742	82.394063		
		838.524478	550.813635	355.836627	203.65978	274.992641	194.148737	170.371134	129.949224	115.682673	94.282851	87.149578	68.12752		
		574.591352	481.858298	313.03686	227.437394	129.949224	175.126654	172.748894	167.993374	87.149578	80.016306	122.815948	80.016306		
		648.302317	246.459489	286.881458	208.415303	160.860094	170.371134	163.237854	139.46026	108.549398	87.149578	118.060431	127.571466		
		829.013359	389.125351	229.815155	184.637695	175.126654	148.971297	132.326983	118.060431	110.927156	118.060431	91.905093	82.394063		
		
1:00	23.50	99.038366	68.12752	72.883034	77.638548	72.883034	113.304915	89.527335	99.038366	132.326983	75.260791	65.749763	68.12752		
		87.149578	63.372006	46.72771	72.883034	37.216686	251.215014	63.372006	63.372006	34.83893	77.638548	82.394063	63.372006		
		63.372006	56.238736	34.83893	87.149578	58.616493	53.86098	77.638548	82.394063	63.372006	63.372006	89.527335	75.260791		
		96.660608	101.416124	53.86098	84.77182	77.638548	72.883034	46.72771	108.549398	51.483223	44.349954	46.72771	87.149578		
		63.372006	65.749763	60.994249	80.016306	56.238736	129.949224	68.12752	99.038366	49.105467	65.749763	60.994249	68.12752		
		77.638548	53.86098	68.12752	65.749763	87.149578	65.749763	68.12752	56.238736	53.86098	68.12752	53.86098	49.105467		
		91.905093	106.17164	49.105467	65.749763	41.972198	68.12752	58.616493	60.994249	77.638548	60.994249	41.972198	110.927156		
		84.77182	84.77182	84.77182	68.12752	60.994249	84.77182	60.994249	115.682673	46.72771	41.972198	63.372006	56.238736		
		
2:00	23.70	864.68006	234.570679	53.86098	75.260791	160.860094	75.260791	65.749763	91.905093	160.860094	96.660608	151.349056	51.483223		
		32.461174	30.083418	51.483223	49.105467	58.616493	236.948441	75.260791	56.238736	41.972198	53.86098	32.461174	49.105467		
		53.86098	37.216686	77.638548	27.705662	53.86098	44.349954	58.616493	63.372006	65.749763	63.372006	37.216686	44.349954		
		56.238736	37.216686	46.72771	37.216686	51.483223	37.216686	49.105467	75.260791	27.705662	72.883034	46.72771	37.216686		
		53.86098	49.105467	41.972198	56.238736	44.349954	115.682673	56.238736	60.994249	49.105467	60.994249	56.238736	70.505277		
		99.038366	89.527335	44.349954	39.594442	53.86098	110.927156	56.238736	49.105467	37.216686	70.505277	51.483223	46.72771		
		127.571466	60.994249	68.12752	34.83893	39.594442	58.616493	46.72771	75.260791	80.016306	49.105467	51.483223	46.72771		
		80.016306	41.972198	63.372006	68.12752	41.972198	58.616493	25.327906	49.105467	49.105467	34.83893	30.083418	58.616493		
		
3:00	23.90	4933.166111	1104.836263	167.993374	477.102759	1623.195671	484.236067	443.813999	612.635712	2774.060671	745.791118	2474.453726	49.105467		
		177.504414	68.12752	46.72771	70.505277	44.349954	291.636985	44.349954	553.191406	77.638548	82.394063	60.994249	96.660608		
		70.505277	53.86098	30.083418	41.972198	60.994249	68.12752	39.594442	72.883034	44.349954	87.149578	49.105467	63.372006		
		46.72771	49.105467	53.86098	65.749763	46.72771	32.461174	65.749763	60.994249	56.238736	53.86098	32.461174	46.72771		
		20.572395	34.83893	39.594442	32.461174	53.86098	108.549398	53.86098	49.105467	39.594442	58.616493	34.83893	41.972198		
		84.77182	56.238736	27.705662	46.72771	80.016306	536.547009	39.594442	51.483223	44.349954	63.372006	58.616493	51.483223		
		44.349954	94.282851	65.749763	84.77182	30.083418	39.594442	58.616493	80.016306	84.77182	44.349954	44.349954	51.483223		
		41.972198	34.83893	46.72771	53.86098	49.105467	37.216686	58.616493	41.972198	34.83893	46.72771	56.238736	60.994249		
		
4:00	24.00	10221.793815	4538.435435	1713.552241	2250.938165	8297.967482	2688.458573	2310.383732	2978.554945	7905.598198	2930.99809	8775.94721	267.859352		
		826.63558	94.282851	125.193707	153.726816	84.77182	527.035926	87.149578	1290.303922	208.415303	213.170825	260.726064	170.371134		
		44.349954	39.594442	58.616493	51.483223	51.483223	39.594442	68.12752	72.883034	41.972198	53.86098	60.994249	60.994249		
		51.483223	60.994249	32.461174	60.994249	63.372006	51.483223	34.83893	70.505277	44.349954	60.994249	53.86098	46.72771		
		53.86098	89.527335	44.349954	32.461174	39.594442	101.416124	51.483223	51.483223	44.349954	39.594442	34.83893	25.327906		
		2239.049056	120.43819	158.482335	49.105467	177.504414	3359.010797	46.72771	717.257798	99.038366	96.660608	329.681211	91.905093		
		34.83893	53.86098	46.72771	39.594442	49.105467	49.105467	39.594442	77.638548	72.883034	37.216686	37.216686	39.594442		
		41.972198	58.616493	39.594442	41.972198	39.594442	49.105467	37.216686	22.950151	37.216686	32.461174	49.105467	46.72771		
		
5:00	24.20	15777.131665	8098.215606	4876.096495	5403.991994	15874.638899	6321.87264	4659.707905	6466.927281	12502.384567	6576.312922	15848.47841	845.657818		
		2003.645079	172.748894	241.703965	541.302551	165.615614	2044.067935	194.148737	1772.997409	391.503118	360.592158	1673.129552	883.702308		
		53.86098	53.86098	53.86098	56.238736	32.461174	37.216686	68.12752	60.994249	72.883034	44.349954	41.972198	60.994249		
		46.72771	68.12752	46.72771	41.972198	30.083418	27.705662	44.349954	56.238736	39.594442	63.372006	60.994249	68.12752		
		53.86098	220.304109	41.972198	53.86098	49.105467	72.883034	63.372006	53.86098	39.594442	51.483223	46.72771	37.216686		
		3784.647926	289.259221	565.080264	244.081727	541.302551	8885.336007	343.947801	4462.342998	239.326203	255.970539	1865.731959	179.882174		
		49.105467	53.86098	44.349954	60.994249	51.483223	68.12752	34.83893	77.638548	53.86098	37.216686	32.461174	41.972198		
		32.461174	58.616493	27.705662	46.72771	39.594442	46.72771	44.349954	46.72771	46.72771	32.461174	37.216686	49.105467		
		
6:00	24.30	18497.865881	11225.340862	7995.961863	8381.197578	21482.693816	9529.781736	6600.092428	10209.903522	14932.866688	10266.976942	20414.802347	1366.393342		
		4136.573071	305.903568	738.657787	1121.480779	313.03686	4467.098773	567.458036	2495.854185	650.680091	529.413696	3684.777558	1889.510067		
		58.616493	44.349954	41.972198	51.483223	46.72771	32.461174	60.994249	60.994249	32.461174	39.594442	41.972198	58.616493		
		37.216686	30.083418	39.594442	34.83893	27.705662	32.461174	49.105467	65.749763	41.972198	58.616493	44.349954	56.238736		
		75.260791	431.925159	41.972198	63.372006	32.461174	63.372006	34.83893	51.483223	51.483223	60.994249	34.83893	46.72771		
		6248.156448	952.657991	1349.748775	1045.391591	1283.170542	13884.087952	1180.925507	8752.167057	897.968996	515.147074	4514.65654	562.702492		
		49.105467	41.972198	65.749763	30.083418	34.83893	63.372006	68.12752	44.349954	53.86098	51.483223	32.461174	70.505277		
		51.483223	41.972198	58.616493	37.216686	51.483223	39.594442	56.238736	158.482335	44.349954	51.483223	30.083418	41.972198		
		
7:00	24.30	20048.535503	12958.986145	10205.147406	10659.357805	25124.096804	12305.000317	8609.486284	12214.631786	16866.365554	13144.48128	23518.62438	2224.782129		
		6885.447062	909.857905	1380.660117	2193.870462	664.946738	6840.265844	1278.414956	3418.457187	931.257945	776.702226	6122.125697	2576.700415		
		39.594442	51.483223	60.994249	34.83893	72.883034	39.594442	53.86098	58.616493	46.72771	65.749763	39.594442	37.216686		
		30.083418	44.349954	44.349954	37.216686	39.594442	60.994249	101.416124	77.638548	41.972198	27.705662	25.327906	34.83893		
		30.083418	289.259221	51.483223	39.594442	34.83893	53.86098	53.86098	46.72771	27.705662	27.705662	25.327906	27.705662		
		8963.810671	1608.928853	2890.574786	1732.57469	2533.89946	16642.809792	2519.63248	11099.302272	1982.244752	1171.414347	6835.509928	1223.725738		
		41.972198	44.349954	75.260791	41.972198	37.216686	77.638548	41.972198	65.749763	27.705662	37.216686	51.483223	53.86098		
		39.594442	46.72771	58.616493	53.86098	37.216686	70.505277	70.505277	122.815948	41.972198	25.327906	46.72771	37.216686		
		
8:00	24.40	20329.181376	14573.759497	12759.222634	12728.306897	27050.706225	14393.017414	9349.051045	12690.256776	17674.976719	15330.02685	25571.256339	2343.673269		
		9491.733136	1297.437302	2055.957014	3473.147905	1150.014243	7468.049265	1958.466617	4317.291991	1421.082658	1266.525993	8407.355626	3718.067667		
		49.105467	58.616493	39.594442	70.505277	68.12752	37.216686	63.372006	77.638548	46.72771	60.994249	41.972198	82.394063		
		37.216686	30.083418	44.349954	39.594442	30.083418	80.016306	37.216686	58.616493	63.372006	37.216686	39.594442	44.349954		
		49.105467	203.65978	27.705662	30.083418	46.72771	82.394063	39.594442	46.72771	37.216686	39.594442	30.083418	53.86098		
		10664.113948	2683.702903	4248.333408	2605.234398	3841.716763	16592.866568	4200.775799	10687.89467	3085.55797	1739.70811	8200.469481	2300.872438		
		68.12752	25.327906	49.105467	58.616493	37.216686	34.83893	34.83893	34.83893	82.394063	63.372006	44.349954	39.594442		
		58.616493	53.86098	32.461174	51.483223	56.238736	82.394063	44.349954	65.749763	51.483223	41.972198	49.105467	68.12752		
		
9:00	24.50	19463.463374	15869.882445	13853.171781	14461.984739	27690.541094	15926.959902	10442.953576	13503.582058	18562.080131	16721.292063	26653.487895	2997.577694		
		12102.860324	1970.355684	3401.812194	4198.397919	2006.022894	7841.392498	3344.74367	5270.828837	1944.19974	1497.172203	10000.634665	4559.836446		
		58.616493	22.950151	49.105467	63.372006	60.994249	82.394063	32.461174	53.86098	56.238736	77.638548	65.749763	51.483223		
		32.461174	44.349954	37.216686	56.238736	44.349954	25.327906	39.594442	63.372006	27.705662	56.238736	103.793882	39.594442		
		63.372006	177.504414	49.105467	53.86098	77.638548	65.749763	30.083418	63.372006	22.950151	51.483223	39.594442	32.461174		
		9915.024835	3646.731737	5187.601977	2502.987673	4714.399472	14514.304819	5230.404351	9410.87992	3344.74367	2246.182521	8359.795545	2797.839048		
		32.461174	44.349954	34.83893	44.349954	34.83893	60.994249	25.327906	75.260791	49.105467	51.483223	25.327906	37.216686		
		37.216686	27.705662	51.483223	34.83893	32.461174	44.349954	37.216686	120.43819	49.105467	65.749763	25.327906	53.86098		
		
10:00	24.50	18645.320902	16704.644302	15199.225381	14775.905731	27876.070377	15919.825218	10775.883401	12744.953831	18873.63889	17938.966251	27559.719423	3311.453717		
		13541.632566	2533.89946	4388.628519	5689.342363	2524.388139	7142.267102	3913.052867	5622.760519	2269.960741	1732.57469	11741.387727	5365.945356		
		41.972198	68.12752	41.972198	39.594442	82.394063	53.86098	37.216686	68.12752	56.238736	70.505277	39.594442	51.483223		
		41.972198	37.216686	51.483223	30.083418	70.505277	27.705662	37.216686	84.77182	37.216686	49.105467	22.950151	82.394063		
		44.349954	206.037541	44.349954	20.572395	37.216686	146.593538	39.594442	68.12752	44.349954	49.105467	32.461174	56.238736		
		8538.145994	3808.426603	5059.19499	2329.406323	4681.108948	10507.161363	5365.945356	6899.71482	3863.117588	2372.207168	7239.763815	3178.294042		
		44.349954	44.349954	41.972198	39.594442	44.349954	44.349954	32.461174	110.927156	39.594442	94.282851	51.483223	51.483223		
		41.972198	46.72771	27.705662	56.238736	53.86098	44.349954	65.749763	63.372006	25.327906	39.594442	27.705662	37.216686		
		
11:00	24.50	17931.831387	17035.221917	16523.897406	16309.855558	26158.751654	16975.765411	11025.581679	11270.524556	18647.699211	18821.31596	28665.763932	3663.376781		
		14925.732093	3168.782645	5294.607956	6236.266746	3660.998918	5736.900857	5042.549655	6034.142082	2419.763691	1998.88945	13329.976845	5646.539743		
		56.238736	34.83893	34.83893	65.749763	46.72771	32.461174	46.72771	53.86098	44.349954	53.86098	53.86098	34.83893		
		25.327906	25.327906	37.216686	44.349954	32.461174	37.216686	96.660608	65.749763	51.483223	41.972198	37.216686	41.972198		
		44.349954	206.037541	41.972198	32.461174	32.461174	167.993374	44.349954	68.12752	49.105467	51.483223	41.972198	34.83893		
		6566.801121	3832.205287	4371.983323	1430.593847	4103.282789	6528.753929	4467.098773	4595.50481	3320.96513	2155.825349	5365.945356	2785.949859		
		27.705662	46.72771	53.86098	34.83893	49.105467	22.950151	75.260791	122.815948	77.638548	37.216686	39.594442	41.972198		
		56.238736	44.349954	96.660608	44.349954	49.105467	56.238736	41.972198	94.282851	72.883034	25.327906	49.105467	27.705662		
		
12:00	24.50	16754.587595	17805.782234	17078.030629	16866.365554	24743.537465	16404.985198	10937.592673	10041.061561	18091.176827	18849.855736	28896.489122	4036.702265		
		15001.834479	3827.44955	6124.503634	7111.353535	4077.126148	4852.317501	5917.62339	6019.874478	2716.992595	2096.379897	13427.481096	5651.295588		
		30.083418	49.105467	30.083418	51.483223	32.461174	51.483223	44.349954	34.83893	22.950151	27.705662	30.083418	41.972198		
		44.349954	53.86098	32.461174	41.972198	51.483223	39.594442	44.349954	118.060431	60.994249	49.105467	58.616493	68.12752		
		41.972198	270.237115	44.349954	25.327906	49.105467	175.126654	44.349954	51.483223	46.72771	41.972198	30.083418	49.105467		
		4281.623751	3366.144362	2952.398671	764.813337	3278.163777	3955.85456	3411.323618	2702.725583	2895.330468	1970.355684	3309.075863	1813.420149		
		63.372006	49.105467	58.616493	56.238736	46.72771	53.86098	51.483223	99.038366	63.372006	27.705662	32.461174	18.19464		
		39.594442	46.72771	27.705662	68.12752	56.238736	41.972198	46.72771	82.394063	37.216686	30.083418	113.304915	25.327906		
		
13:00	24.60	15641.573027	17601.250069	17644.059083	16842.582997	24372.493852	16859.230786	11046.984425	8756.923087	17496.605907	18959.258303	28220.9657	4138.950949		
		13358.514662	4362.471785	6852.155636	7777.18685	5066.328706	3359.010797	5922.379252	5763.05804	2583.83391	2198.626102	13670.053164	5423.015321		
		49.105467	46.72771	32.461174	41.972198	58.616493	34.83893	27.705662	53.86098	27.705662	39.594442	51.483223	77.638548		
		39.594442	41.972198	46.72771	22.950151	49.105467	30.083418	46.72771	99.038366	44.349954	44.349954	41.972198	39.594442		
		32.461174	267.859352	44.349954	39.594442	30.083418	234.570679	46.72771	99.038366	44.349954	53.86098	58.616493	72.883034		
		2338.91762	2457.808929	1934.68849	379.614286	2308.005908	2067.846095	2086.868628	1233.236904	1789.642064	1642.218098	2122.53589	1133.369721		
		60.994249	56.238736	39.594442	37.216686	39.594442	39.594442	27.705662	167.993374	77.638548	49.105467	56.238736	96.660608		
		46.72771	60.994249	80.016306	39.594442	32.461174	68.12752	39.594442	94.282851	49.105467	65.749763	46.72771	34.83893		
		
14:00	24.70	14331.18469	17732.055463	17551.306247	17636.924246	22343.676823	16932.956753	10692.650815	7441.891524	17694.002963	19054.391092	27959.320836	4386.250634		
		12664.097328	4638.306868	7225.495996	7848.526462	5099.61939	2493.476356	6238.644687	5009.258996	2500.609843	2027.423227	12882.885701	4811.893226		
		34.83893	34.83893	51.483223	30.083418	41.972198	27.705662	39.594442	39.594442	34.83893	80.016306	58.616493	44.349954		
		46.72771	44.349954	44.349954	37.216686	32.461174	39.594442	30.083418	63.372006	30.083418	53.86098	34.83893	39.594442		
		32.461174	208.415303	49.105467	27.705662	51.483223	298.770276	41.972198	89.527335	22.950151	65.749763	30.083418	65.749763		
		1459.127421	1673.129552	1073.925028	182.259935	1354.504366	1050.147163	1230.859112	579.346896	1228.481321	1240.370279	1157.14761	653.057866		
		63.372006	37.216686	60.994249	49.105467	51.483223	53.86098	60.994249	122.815948	58.616493	46.72771	56.238736	56.238736		
		32.461174	53.86098	27.705662	63.372006	30.083418	49.105467	44.349954	134.704742	44.349954	51.483223	60.994249	39.594442		
		
15:00	24.60	13244.363454	18005.558342	18084.04195	17741.568591	21047.449024	16481.088991	10245.574405	6286.203507	16730.805071	19059.147735	28168.636659	4255.467052		
		10759.236877	4455.209336	6942.518111	7679.689483	5860.553072	1975.111311	6031.764148	4612.150052	2201.003922	1699.285408	11596.323526	3929.697967		
		32.461174	34.83893	68.12752	37.216686	37.216686	41.972198	41.972198	53.86098	25.327906	65.749763	41.972198	25.327906		
		53.86098	32.461174	32.461174	39.594442	32.461174	34.83893	63.372006	63.372006	41.972198	65.749763	32.461174	37.216686		
		44.349954	172.748894	94.282851	30.083418	30.083418	374.858753	49.105467	122.815948	22.950151	49.105467	63.372006	68.12752		
		702.991142	862.30228	553.191406	113.304915	760.057782	650.680091	574.591352	241.703965	874.191183	1031.124876	731.524457	391.503118		
		46.72771	32.461174	44.349954	32.461174	32.461174	51.483223	46.72771	120.43819	132.326983	53.86098	72.883034	49.105467		
		37.216686	37.216686	32.461174	51.483223	51.483223	41.972198	37.216686	137.082501	58.616493	32.461174	44.349954	49.105467		
		
16:00	24.70	11874.561652	17066.139318	17912.805087	17415.744603	19613.298512	16714.157308	9729.537186	5182.846159	16412.119925	18576.349971	27126.820142	4362.471785		
		8849.665731	4640.68476	6640.517606	7277.811344	5774.947672	1378.282321	5442.038651	3867.873327	1742.085916	1623.195671	10495.271028	3627.708833		
		65.749763	22.950151	41.972198	34.83893	51.483223	58.616493	46.72771	44.349954	46.72771	30.083418	32.461174	39.594442		
		25.327906	51.483223	39.594442	37.216686	53.86098	51.483223	72.883034	91.905093	46.72771	49.105467	53.86098	44.349954		
		27.705662	132.326983	56.238736	46.72771	56.238736	536.547009	82.394063	82.394063	77.638548	37.216686	44.349954	49.105467		
		310.659096	508.013763	260.726064	84.77182	469.969452	384.369818	248.837252	165.615614	534.169238	702.991142	401.014184	179.882174		
		44.349954	32.461174	56.238736	46.72771	80.016306	49.105467	58.616493	127.571466	129.949224	75.260791	65.749763	49.105467		
		53.86098	32.461174	39.594442	32.461174	34.83893	39.594442	34.83893	94.282851	39.594442	41.972198	51.483223	30.083418		
		
17:00	24.70	10530.942038	16552.436363	18331.384732	17377.692253	18179.173699	16245.643115	9406.123851	4162.729732	15627.30371	18400.355451	26280.056891	4412.407376		
		7425.245693	4319.669874	6386.077121	6143.527131	5763.05804	1107.21405	4593.126918	3068.913046	1575.639622	1385.415709	9223.01541	2840.640145		
		32.461174	46.72771	53.86098	39.594442	39.594442	41.972198	53.86098	58.616493	49.105467	39.594442	32.461174	82.394063		
		39.594442	30.083418	41.972198	25.327906	39.594442	30.083418	37.216686	56.238736	46.72771	41.972198	41.972198	46.72771		
		46.72771	151.349056	53.86098	30.083418	51.483223	460.458377	77.638548	87.149578	44.349954	39.594442	60.994249	80.016306		
		139.46026	362.969924	163.237854	53.86098	277.370404	206.037541	177.504414	96.660608	301.14804	536.547009	358.214393	194.148737		
		58.616493	80.016306	53.86098	34.83893	53.86098	37.216686	75.260791	84.77182	167.993374	70.505277	53.86098	63.372006		
		56.238736	58.616493	37.216686	46.72771	51.483223	34.83893	37.216686	101.416124	53.86098	44.349954	51.483223	41.972198		
		
18:00	24.70	9306.246467	15850.856636	18224.361319	17061.382794	16835.448231	15767.618771	9201.613152	3558.750844	14792.55309	17827.186793	26315.734937	4098.527035		
		5675.07482	4172.241247	5558.556651	5394.480333	5739.278782	702.991142	4062.858893	2372.207168	1259.392615	1133.369721	7610.728002	2341.295444		
		49.105467	30.083418	49.105467	51.483223	37.216686	20.572395	53.86098	32.461174	32.461174	70.505277	75.260791	51.483223		
		37.216686	30.083418	46.72771	68.12752	41.972198	63.372006	49.105467	56.238736	46.72771	56.238736	27.705662	53.86098		
		51.483223	44.349954	68.12752	41.972198	37.216686	384.369818	108.549398	103.793882	32.461174	39.594442	44.349954	32.461174		
		77.638548	139.46026	158.482335	56.238736	220.304109	120.43819	110.927156	46.72771	215.548586	408.147485	234.570679	80.016306		
		65.749763	20.572395	53.86098	32.461174	37.216686	63.372006	80.016306	94.282851	127.571466	30.083418	68.12752	39.594442		
		39.594442	39.594442	51.483223	41.972198	30.083418	53.86098	27.705662	87.149578	44.349954	63.372006	41.972198	30.083418		
		
19:00	24.70	8355.039539	14661.7525	18918.826902	17009.061049	15520.283913	15068.424127	8209.981476	2907.219674	14295.511986	16921.065464	25309.620138	4245.955527		
		4386.250634	3694.289016	5056.817085	4895.119696	5194.735704	569.835808	3413.701474	1858.598529	1014.480379	1100.080687	5874.820648	1670.751748		
		41.972198	41.972198	44.349954	39.594442	39.594442	41.972198	70.505277	58.616493	37.216686	87.149578	41.972198	39.594442		
		37.216686	18.19464	37.216686	18.19464	34.83893	37.216686	32.461174	44.349954	49.105467	72.883034	41.972198	49.105467		
		51.483223	41.972198	80.016306	46.72771	51.483223	420.036321	120.43819	127.571466	53.86098	58.616493	53.86098	46.72771		
		108.549398	127.571466	96.660608	80.016306	144.215778	103.793882	72.883034	51.483223	125.193707	308.281332	127.571466	94.282851		
		60.994249	46.72771	51.483223	72.883034	49.105467	60.994249	84.77182	99.038366	132.326983	77.638548	44.349954	49.105467		
		56.238736	51.483223	60.994249	39.594442	68.12752	68.12752	49.105467	144.215778	39.594442	68.12752	20.572395	58.616493		
		
20:00	24.70	7349.150512	13705.725589	18345.654531	16309.855558	13553.523353	13979.214708	7387.198093	2367.451518	12759.222634	15922.203446	22985.8525	4148.462462		
		3703.800476	3518.327223	4433.808353	3943.965199	4402.895832	450.947303	2510.121161	1321.21524	869.435622	829.013359	4928.410308	1309.32627		
		46.72771	22.950151	51.483223	46.72771	44.349954	49.105467	37.216686	46.72771	39.594442	63.372006	37.216686	30.083418		
		89.527335	51.483223	30.083418	53.86098	25.327906	41.972198	41.972198	58.616493	46.72771	96.660608	27.705662	60.994249		
		49.105467	34.83893	58.616493	37.216686	20.572395	377.23652	177.504414	72.883034	27.705662	46.72771	41.972198	70.505277		
		60.994249	113.304915	84.77182	49.105467	151.349056	65.749763	96.660608	70.505277	91.905093	215.548586	113.304915	46.72771		
		46.72771	60.994249	30.083418	18.19464	27.705662	44.349954	72.883034	65.749763	110.927156	53.86098	65.749763	46.72771		
		41.972198	30.083418	56.238736	32.461174	37.216686	58.616493	22.950151	151.349056	51.483223	30.083418	51.483223	53.86098		
		
21:00	24.80	6350.407959	12706.903702	17104.191519	16007.819701	12404.881443	13615.355477	6654.785321	1941.821927	11646.263631	14804.444064	21841.83201	4165.107611		
		2716.992595	3090.313664	3794.159396	3106.958593	3772.75859	393.880884	1832.442621	878.946745	724.391127	643.546769	3518.327223	1145.258664		
		32.461174	82.394063	37.216686	39.594442	37.216686	49.105467	41.972198	58.616493	58.616493	51.483223	49.105467	37.216686		
		39.594442	34.83893	58.616493	39.594442	41.972198	41.972198	25.327906	53.86098	39.594442	39.594442	27.705662	51.483223		
		53.86098	20.572395	39.594442	39.594442	20.572395	270.237115	129.949224	75.260791	39.594442	41.972198	65.749763	27.705662		
		51.483223	94.282851	65.749763	39.594442	84.77182	46.72771	39.594442	87.149578	72.883034	234.570679	122.815948	87.149578		
		87.149578	22.950151	87.149578	32.461174	41.972198	32.461174	41.972198	84.77182	106.17164	58.616493	41.972198	49.105467		
		34.83893	30.083418	51.483223	39.594442	44.349954	32.461174	44.349954	217.926348	41.972198	39.594442	44.349954	58.616493		
		
22:00	24.80	5178.090341	10961.373476	17717.785773	15092.206157	10939.970753	12005.357686	5770.191819	1402.060283	10763.993026	12737.81943	20084.210772	3844.094632		
		2017.911967	2417.385864	3125.981373	2243.804699	3318.587277	329.681211	1478.14981	729.14668	576.969124	567.458036	2876.307743	902.724559		
		51.483223	56.238736	56.238736	39.594442	32.461174	39.594442	49.105467	49.105467	46.72771	84.77182	32.461174	39.594442		
		37.216686	49.105467	22.950151	22.950151	39.594442	46.72771	34.83893	44.349954	32.461174	41.972198	39.594442	46.72771		
		46.72771	39.594442	49.105467	22.950151	51.483223	305.903568	137.082501	103.793882	32.461174	53.86098	58.616493	34.83893		
		46.72771	60.994249	51.483223	34.83893	89.527335	72.883034	63.372006	65.749763	60.994249	191.770977	77.638548	56.238736		
		68.12752	49.105467	68.12752	20.572395	30.083418	37.216686	56.238736	82.394063	129.949224	56.238736	49.105467	37.216686		
		30.083418	46.72771	53.86098	51.483223	32.461174	37.216686	32.461174	210.793064	39.594442	27.705662	51.483223	27.705662		
		
23:00	24.80	4581.237462	9817.524863	16152.8919	13791.339474	9387.099578	10856.737996	5056.817085	1335.482007	9458.440625	11363.270113	18490.730967	3587.285177		
		1542.350404	1989.378194	2621.879226	1782.50864	2724.126103	284.503694	1004.969239	479.480528	384.369818	500.880454	1922.799428	512.769304		
		39.594442	49.105467	51.483223	39.594442	25.327906	51.483223	44.349954	37.216686	34.83893	41.972198	34.83893	46.72771		
		58.616493	37.216686	37.216686	34.83893	30.083418	41.972198	49.105467	37.216686	51.483223	46.72771	25.327906	46.72771		
		37.216686	39.594442	49.105467	53.86098	25.327906	258.348301	113.304915	82.394063	46.72771	44.349954	49.105467	37.216686		
		37.216686	68.12752	68.12752	41.972198	68.12752	70.505277	32.461174	56.238736	72.883034	141.838019	108.549398	63.372006		
		63.372006	60.994249	46.72771	37.216686	37.216686	46.72771	49.105467	72.883034	58.616493	49.105467	41.972198	18.19464		
		44.349954	27.705662	46.72771	20.572395	51.483223	49.105467	32.461174	220.304109	49.105467	39.594442	44.349954	41.972198		
		
24:00	24.80	3996.278402	8547.658029	15772.375218	12882.885701	8305.101487	9662.951981	4507.522874	943.146859	8333.637513	10433.441316	16407.36344	3351.877233		
		1413.949267	1753.974951	2141.558436	1257.014823	2179.603542	298.770276	738.657787	381.992052	412.903019	401.014184	1314.081858	519.902614		
		41.972198	49.105467	60.994249	39.594442	30.083418	34.83893	32.461174	41.972198	41.972198	75.260791	56.238736	39.594442		
		44.349954	34.83893	44.349954	41.972198	22.950151	80.016306	25.327906	70.505277	37.216686	41.972198	68.12752	53.86098		
		56.238736	44.349954	27.705662	32.461174	49.105467	239.326203	91.905093	80.016306	51.483223	30.083418	34.83893	49.105467		
		39.594442	51.483223	58.616493	68.12752	60.994249	68.12752	60.994249	39.594442	68.12752	144.215778	84.77182	53.86098		
		49.105467	39.594442	30.083418	53.86098	37.216686	75.260791	65.749763	94.282851	77.638548	49.105467	32.461174	56.238736		
		32.461174	37.216686	27.705662	25.327906	25.327906	39.594442	44.349954	158.482335	39.594442	80.016306	30.083418	53.86098		
		
25:00	24.80	3366.144362	7223.118026	14564.246745	11826.99951	7099.463705	8638.022418	3660.998918	743.413341	7361.040379	9413.257954	14366.857409	2992.822006		
		995.458101	1390.171301	1725.441271	1095.325112	1675.507357	196.526498	562.702492	265.48159	289.259221	362.969924	945.524642	405.769718		
		27.705662	51.483223	58.616493	63.372006	34.83893	80.016306	41.972198	37.216686	72.883034	77.638548	34.83893	30.083418		
		37.216686	30.083418	44.349954	34.83893	39.594442	30.083418	34.83893	65.749763	44.349954	37.216686	37.216686	53.86098		
		37.216686	37.216686	58.616493	58.616493	51.483223	165.615614	96.660608	84.77182	34.83893	39.594442	60.994249	34.83893		
		58.616493	51.483223	37.216686	41.972198	58.616493	84.77182	39.594442	30.083418	27.705662	82.394063	53.86098	65.749763		
		53.86098	53.86098	39.594442	60.994249	53.86098	49.105467	41.972198	89.527335	37.216686	51.483223	51.483223	39.594442		
		39.594442	30.083418	39.594442	37.216686	27.705662	39.594442	58.616493	187.015455	94.282851	30.083418	22.950151	53.86098		
		
26:00	24.90	2952.398671	6436.013975	13249.119751	10664.113948	6031.764148	7686.823432	3240.118149	617.391259	6485.95086	8045.899721	13004.170817	2821.617432		
		736.28001	1178.547717	1347.37098	681.591163	1378.282321	260.726064	427.169624	191.770977	227.437394	208.415303	724.391127	358.214393		
		34.83893	37.216686	46.72771	37.216686	34.83893	32.461174	46.72771	39.594442	49.105467	44.349954	22.950151	41.972198		
		53.86098	30.083418	25.327906	37.216686	41.972198	56.238736	37.216686	39.594442	41.972198	63.372006	49.105467	58.616493		
		65.749763	51.483223	34.83893	44.349954	58.616493	198.904259	68.12752	75.260791	27.705662	32.461174	30.083418	44.349954		
		56.238736	60.994249	72.883034	39.594442	41.972198	141.838019	34.83893	77.638548	44.349954	91.905093	63.372006	32.461174		
		32.461174	27.705662	49.105467	41.972198	22.950151	27.705662	68.12752	70.505277	53.86098	63.372006	41.972198	32.461174		
		46.72771	37.216686	46.72771	32.461174	34.83893	32.461174	30.083418	201.28202	46.72771	22.950151	49.105467	37.216686		
		
27:00	24.90	2548.166442	5256.561369	11800.840345	9546.428005	5052.061275	6759.415307	2828.750949	496.124914	5401.614079	6650.029416	11149.242067	2422.141518		
		579.346896	819.502241	829.013359	546.058093	1054.902735	144.215778	277.370404	139.46026	184.637695	227.437394	541.302551	358.214393		
		25.327906	56.238736	46.72771	30.083418	41.972198	22.950151	39.594442	32.461174	30.083418	41.972198	51.483223	37.216686		
		39.594442	34.83893	20.572395	46.72771	41.972198	58.616493	46.72771	84.77182	49.105467	44.349954	46.72771	56.238736		
		44.349954	30.083418	46.72771	68.12752	56.238736	141.838019	60.994249	65.749763	46.72771	41.972198	39.594442	46.72771		
		127.571466	68.12752	41.972198	39.594442	84.77182	129.949224	68.12752	70.505277	30.083418	72.883034	56.238736	37.216686		
		32.461174	37.216686	37.216686	32.461174	56.238736	27.705662	27.705662	122.815948	51.483223	46.72771	49.105467	27.705662		
		32.461174	70.505277	32.461174	37.216686	27.705662	60.994249	39.594442	139.46026	37.216686	56.238736	68.12752	46.72771		
		
28:00	24.90	2215.270845	4733.422634	10473.86843	8117.239573	4517.03443	5805.860723	2381.718471	370.103221	4695.376314	5729.767081	10183.744885	2391.229774		
		491.369375	743.413341	798.102231	450.947303	674.457838	137.082501	229.815155	151.349056	146.593538	141.838019	384.369818	179.882174		
		44.349954	37.216686	58.616493	46.72771	68.12752	60.994249	51.483223	37.216686	41.972198	68.12752	49.105467	49.105467		
		39.594442	32.461174	46.72771	30.083418	49.105467	22.950151	51.483223	34.83893	32.461174	37.216686	34.83893	41.972198		
		51.483223	53.86098	34.83893	44.349954	44.349954	108.549398	103.793882	46.72771	49.105467	44.349954	37.216686	41.972198		
		129.949224	63.372006	51.483223	53.86098	34.83893	194.148737	75.260791	84.77182	49.105467	106.17164	70.505277	37.216686		
		44.349954	49.105467	44.349954	56.238736	65.749763	46.72771	68.12752	96.660608	103.793882	41.972198	41.972198	46.72771		
		25.327906	32.461174	77.638548	41.972198	63.372006	25.327906	58.616493	158.482335	56.238736	34.83893	37.216686	60.994249		
		
29:00	24.90	1932.310677	3801.292999	9173.076817	7066.172189	3953.476688	5125.776365	2065.468279	379.614286	4043.83589	5004.503188	8314.613495	2020.289782		
		391.503118	503.258224	733.902234	358.214393	579.346896	122.815948	156.104575	96.660608	148.971297	125.193707	391.503118	153.726816		
		37.216686	32.461174	51.483223	34.83893	41.972198	25.327906	70.505277	58.616493	72.883034	65.749763	60.994249	27.705662		
		34.83893	39.594442	32.461174	49.105467	49.105467	39.594442	39.594442	49.105467	46.72771	51.483223	37.216686	49.105467		
		41.972198	46.72771	37.216686	39.594442	37.216686	110.927156	75.260791	75.260791	51.483223	30.083418	39.594442	56.238736		
		163.237854	44.349954	68.12752	60.994249	82.394063	129.949224	49.105467	87.149578	44.349954	70.505277	70.505277	56.238736		
		51.483223	30.083418	63.372006	49.105467	30.083418	46.72771	44.349954	99.038366	110.927156	65.749763	46.72771	25.327906		
		46.72771	34.83893	53.86098	32.461174	51.483223	34.83893	37.216686	99.038366	30.083418	44.349954	44.349954	49.105467		
		
30:00	24.90	1485.283207	3038.001052	7674.933517	5920.001321	3285.297334	4303.024693	1665.996139	279.748168	3166.404796	3967.743923	7739.139083	1899.021311		
		294.014748	417.658554	536.547009	298.770276	384.369818	129.949224	153.726816	75.260791	77.638548	110.927156	263.103827	110.927156		
		27.705662	44.349954	51.483223	39.594442	32.461174	46.72771	49.105467	63.372006	39.594442	53.86098	30.083418	46.72771		
		56.238736	41.972198	60.994249	44.349954	34.83893	39.594442	27.705662	68.12752	22.950151	46.72771	32.461174	41.972198		
		27.705662	32.461174	22.950151	37.216686	53.86098	134.704742	132.326983	44.349954	58.616493	41.972198	27.705662	25.327906		
		108.549398	46.72771	63.372006	41.972198	58.616493	203.65978	51.483223	80.016306	53.86098	56.238736	58.616493	84.77182		
		72.883034	37.216686	39.594442	46.72771	49.105467	51.483223	41.972198	108.549398	87.149578	34.83893	56.238736	37.216686		
		53.86098	25.327906	53.86098	34.83893	39.594442	30.083418	30.083418	125.193707	51.483223	49.105467	49.105467	58.616493		
		
31:00	24.90	1271.281578	2781.194184	6488.328808	5254.183458	2636.146224	3494.548631	1397.30469	260.726064	2681.325068	3318.587277	6745.147573	1689.774186		
		201.28202	379.614286	401.014184	241.703965	339.192271	122.815948	177.504414	53.86098	134.704742	144.215778	291.636985	96.660608		
		44.349954	41.972198	34.83893	39.594442	34.83893	56.238736	46.72771	34.83893	44.349954	46.72771	32.461174	91.905093		
		75.260791	63.372006	56.238736	34.83893	34.83893	60.994249	44.349954	46.72771	32.461174	53.86098	44.349954	30.083418		
		32.461174	30.083418	22.950151	41.972198	25.327906	125.193707	96.660608	60.994249	30.083418	30.083418	34.83893	37.216686		
		84.77182	58.616493	65.749763	34.83893	53.86098	232.192917	65.749763	80.016306	39.594442	68.12752	60.994249	53.86098		
		49.105467	68.12752	32.461174	49.105467	37.216686	41.972198	27.705662	87.149578	68.12752	51.483223	44.349954	53.86098		
		37.216686	41.972198	101.416124	22.950151	32.461174	32.461174	34.83893	99.038366	37.216686	63.372006	49.105467	39.594442		
		
32:00	24.90	916.991251	2415.008037	5487.21908	4245.955527	2617.12356	2921.486723	1121.480779	258.348301	2239.049056	2871.552062	5449.172402	1223.725738		
		241.703965	279.748168	322.547917	163.237854	284.503694	110.927156	132.326983	60.994249	94.282851	65.749763	217.926348	99.038366		
		46.72771	49.105467	44.349954	41.972198	25.327906	30.083418	34.83893	65.749763	70.505277	68.12752	49.105467	41.972198		
		34.83893	30.083418	53.86098	49.105467	37.216686	32.461174	32.461174	51.483223	60.994249	75.260791	56.238736	44.349954		
		41.972198	49.105467	27.705662	37.216686	32.461174	118.060431	72.883034	80.016306	44.349954	56.238736	34.83893	49.105467		
		84.77182	46.72771	60.994249	32.461174	49.105467	220.304109	44.349954	39.594442	49.105467	75.260791	51.483223	30.083418		
		34.83893	34.83893	27.705662	56.238736	49.105467	27.705662	53.86098	87.149578	80.016306	37.216686	53.86098	30.083418		
		60.994249	25.327906	39.594442	49.105467	53.86098	58.616493	44.349954	99.038366	49.105467	27.705662	56.238736	46.72771		
		
33:00	24.90	836.146698	2032.178858	4845.183804	3794.159396	2191.492642	2196.248282	983.569179	179.882174	1844.331669	2300.872438	4880.852295	1266.525993		
		201.28202	258.348301	298.770276	165.615614	208.415303	182.259935	80.016306	80.016306	68.12752	89.527335	158.482335	101.416124		
		39.594442	65.749763	44.349954	65.749763	25.327906	44.349954	32.461174	89.527335	53.86098	56.238736	37.216686	156.104575		
		46.72771	32.461174	44.349954	44.349954	44.349954	58.616493	32.461174	110.927156	30.083418	37.216686	41.972198	37.216686		
		34.83893	49.105467	30.083418	39.594442	41.972198	118.060431	96.660608	37.216686	39.594442	25.327906	34.83893	63.372006		
		94.282851	46.72771	39.594442	51.483223	32.461174	305.903568	30.083418	53.86098	30.083418	49.105467	75.260791	84.77182		
		51.483223	53.86098	34.83893	72.883034	34.83893	41.972198	58.616493	46.72771	77.638548	46.72771	34.83893	58.616493		
		30.083418	25.327906	22.950151	72.883034	46.72771	25.327906	39.594442	94.282851	34.83893	89.527335	58.616493	44.349954		
		
34:00	24.90	717.257798	1761.108372	3898.785641	3487.415055	1737.330303	1889.510067	831.391139	108.549398	1451.994027	1822.931384	4333.937175	1076.302815		
		189.393216	217.926348	272.614878	122.815948	148.971297	170.371134	70.505277	72.883034	82.394063	53.86098	113.304915	115.682673		
		39.594442	39.594442	51.483223	32.461174	39.594442	46.72771	27.705662	37.216686	41.972198	41.972198	41.972198	27.705662		
		34.83893	46.72771	53.86098	44.349954	39.594442	32.461174	70.505277	58.616493	44.349954	27.705662	34.83893	44.349954		
		41.972198	75.260791	44.349954	46.72771	46.72771	118.060431	89.527335	94.282851	51.483223	39.594442	34.83893	44.349954		
		75.260791	49.105467	68.12752	30.083418	60.994249	170.371134	37.216686	32.461174	44.349954	49.105467	58.616493	34.83893		
		108.549398	37.216686	44.349954	32.461174	30.083418	46.72771	82.394063	89.527335	91.905093	58.616493	51.483223	44.349954		
		53.86098	53.86098	27.705662	30.083418	34.83893	46.72771	27.705662	96.660608	41.972198	30.083418	39.594442	80.016306		
		
35:00	24.90	631.6579	1356.882161	3463.636474	2638.524057	1349.748775	1528.083601	683.968938	110.927156	1054.902735	1509.061201	3532.594381	862.30228		
		153.726816	120.43819	229.815155	153.726816	144.215778	177.504414	163.237854	25.327906	63.372006	41.972198	110.927156	96.660608		
		63.372006	37.216686	46.72771	39.594442	46.72771	49.105467	70.505277	70.505277	34.83893	34.83893	37.216686	37.216686		
		77.638548	44.349954	53.86098	37.216686	53.86098	37.216686	46.72771	51.483223	39.594442	60.994249	46.72771	34.83893		
		37.216686	49.105467	72.883034	41.972198	44.349954	134.704742	137.082501	46.72771	32.461174	63.372006	49.105467	51.483223		
		58.616493	53.86098	72.883034	39.594442	46.72771	91.905093	91.905093	60.994249	56.238736	72.883034	65.749763	49.105467		
		77.638548	63.372006	46.72771	25.327906	27.705662	63.372006	53.86098	89.527335	89.527335	27.705662	41.972198	37.216686		
		32.461174	39.594442	37.216686	39.594442	63.372006	37.216686	22.950151	60.994249	44.349954	41.972198	37.216686	60.994249		
		
36:00	25.00	453.325072	1028.747091	3076.046584	2346.051093	1252.259239	1183.303297	517.524844	87.149578	895.591214	1064.413881	2904.841832	714.880022		
		127.571466	146.593538	158.482335	125.193707	115.682673	141.838019	58.616493	44.349954	44.349954	39.594442	82.394063	82.394063		
		41.972198	49.105467	41.972198	32.461174	27.705662	30.083418	32.461174	25.327906	60.994249	60.994249	58.616493	41.972198		
		44.349954	56.238736	53.86098	68.12752	56.238736	25.327906	41.972198	68.12752	37.216686	49.105467	20.572395	30.083418		
		46.72771	27.705662	70.505277	46.72771	41.972198	99.038366	65.749763	49.105467	68.12752	37.216686	80.016306	63.372006		
		49.105467	65.749763	46.72771	30.083418	60.994249	91.905093	46.72771	37.216686	44.349954	37.216686	34.83893	32.461174		
		70.505277	46.72771	41.972198	44.349954	51.483223	27.705662	63.372006	96.660608	113.304915	53.86098	51.483223	56.238736		
		58.616493	32.461174	51.483223	44.349954	46.72771	113.304915	63.372006	72.883034	32.461174	34.83893	25.327906	41.972198		
		
37:00	25.00	436.680695	1047.769377	2522.010309	2103.513349	962.169125	943.146859	422.414089	68.12752	643.546769	843.280038	2170.092264	610.257939		
		103.793882	106.17164	127.571466	77.638548	103.793882	129.949224	49.105467	51.483223	44.349954	68.12752	75.260791	60.994249		
		41.972198	58.616493	60.994249	25.327906	32.461174	44.349954	46.72771	60.994249	32.461174	60.994249	27.705662	34.83893		
		46.72771	44.349954	32.461174	60.994249	51.483223	41.972198	56.238736	120.43819	72.883034	37.216686	30.083418	53.86098		
		20.572395	49.105467	51.483223	34.83893	51.483223	110.927156	65.749763	49.105467	22.950151	37.216686	30.083418	46.72771		
		65.749763	65.749763	77.638548	34.83893	51.483223	96.660608	44.349954	70.505277	30.083418	65.749763	30.083418	53.86098		
		63.372006	44.349954	41.972198	58.616493	60.994249	56.238736	34.83893	58.616493	101.416124	60.994249	51.483223	44.349954		
		56.238736	44.349954	68.12752	32.461174	41.972198	44.349954	30.083418	77.638548	32.461174	32.461174	37.216686	46.72771		
		
38:00	25.00	296.392512	1000.21367	2239.049056	1701.663213	905.102341	702.991142	267.859352	99.038366	593.61353	667.324513	1920.421616	581.724668		
		84.77182	70.505277	160.860094	96.660608	80.016306	163.237854	41.972198	46.72771	75.260791	34.83893	70.505277	65.749763		
		39.594442	46.72771	27.705662	34.83893	53.86098	32.461174	34.83893	84.77182	37.216686	51.483223	25.327906	37.216686		
		27.705662	32.461174	37.216686	32.461174	70.505277	44.349954	44.349954	56.238736	87.149578	70.505277	18.19464	34.83893		
		30.083418	39.594442	65.749763	32.461174	44.349954	96.660608	89.527335	56.238736	34.83893	30.083418	70.505277	58.616493		
		49.105467	41.972198	60.994249	49.105467	65.749763	84.77182	32.461174	44.349954	37.216686	44.349954	39.594442	70.505277		
		77.638548	37.216686	32.461174	44.349954	39.594442	39.594442	51.483223	103.793882	89.527335	68.12752	46.72771	39.594442		
		51.483223	37.216686	51.483223	49.105467	46.72771	41.972198	39.594442	82.394063	60.994249	39.594442	44.349954	84.77182		
		
39:00	25.00	253.592776	731.524457	1751.597144	1558.995011	736.28001	541.302551	265.48159	96.660608	538.92478	488.991606	1582.773027	508.013763		
		103.793882	72.883034	125.193707	115.682673	51.483223	129.949224	80.016306	39.594442	70.505277	84.77182	65.749763	87.149578		
		46.72771	37.216686	34.83893	37.216686	37.216686	63.372006	22.950151	87.149578	30.083418	70.505277	60.994249	39.594442		
		39.594442	41.972198	41.972198	44.349954	30.083418	32.461174	49.105467	101.416124	37.216686	34.83893	41.972198	68.12752		
		70.505277	49.105467	44.349954	39.594442	53.86098	80.016306	68.12752	46.72771	56.238736	46.72771	44.349954	34.83893		
		56.238736	68.12752	46.72771	75.260791	82.394063	115.682673	68.12752	89.527335	34.83893	44.349954	39.594442	34.83893		
		87.149578	56.238736	56.238736	58.616493	39.594442	39.594442	84.77182	113.304915	75.260791	44.349954	65.749763	27.705662		
		51.483223	44.349954	49.105467	49.105467	56.238736	30.083418	39.594442	87.149578	32.461174	53.86098	37.216686	65.749763		
		
40:00	25.00	179.882174	636.413447	1566.128415	1380.660117	607.880166	496.124914	239.326203	72.883034	310.659096	479.480528	1271.281578	439.058463		
		84.77182	101.416124	75.260791	63.372006	30.083418	170.371134	63.372006	41.972198	80.016306	63.372006	46.72771	94.282851		
		32.461174	56.238736	41.972198	46.72771	30.083418	72.883034	34.83893	80.016306	34.83893	60.994249	68.12752	41.972198		
		53.86098	37.216686	37.216686	49.105467	44.349954	37.216686	41.972198	96.660608	27.705662	30.083418	37.216686	58.616493		
		30.083418	53.86098	58.616493	53.86098	34.83893	80.016306	75.260791	58.616493	75.260791	30.083418	51.483223	30.083418		
		46.72771	53.86098	56.238736	39.594442	82.394063	158.482335	44.349954	91.905093	63.372006	46.72771	49.105467	44.349954		
		41.972198	32.461174	37.216686	30.083418	32.461174	20.572395	44.349954	115.682673	80.016306	72.883034	70.505277	46.72771		
		37.216686	37.216686	49.105467	30.083418	30.083418	51.483223	27.705662	75.260791	34.83893	51.483223	34.83893	58.616493		
		
41:00	25.00	160.860094	503.258224	1485.283207	1178.547717	515.147074	386.747585	222.68187	103.793882	251.215014	320.170153	1138.125298	496.124914		
		80.016306	56.238736	80.016306	63.372006	30.083418	184.637695	129.949224	44.349954	37.216686	22.950151	68.12752	70.505277		
		49.105467	41.972198	51.483223	41.972198	25.327906	44.349954	32.461174	72.883034	53.86098	77.638548	53.86098	34.83893		
		58.616493	58.616493	70.505277	27.705662	51.483223	25.327906	44.349954	89.527335	34.83893	34.83893	32.461174	30.083418		
		22.950151	25.327906	39.594442	41.972198	51.483223	91.905093	60.994249	46.72771	41.972198	68.12752	53.86098	25.327906		
		75.260791	56.238736	32.461174	34.83893	51.483223	122.815948	75.260791	91.905093	44.349954	56.238736	53.86098	46.72771		
		51.483223	68.12752	27.705662	46.72771	32.461174	63.372006	37.216686	106.17164	65.749763	70.505277	37.216686	58.616493		
		22.950151	32.461174	46.72771	39.594442	60.994249	37.216686	32.461174	120.43819	27.705662	68.12752	32.461174	77.638548		
		
42:00	25.00	175.126654	410.525252	1223.725738	1271.281578	424.791856	351.081096	101.416124	80.016306	236.948441	272.614878	852.791158	301.14804		
		96.660608	77.638548	99.038366	49.105467	60.994249	189.393216	44.349954	46.72771	49.105467	68.12752	68.12752	68.12752		
		27.705662	60.994249	46.72771	44.349954	56.238736	37.216686	37.216686	60.994249	44.349954	96.660608	49.105467	44.349954		
		39.594442	41.972198	32.461174	53.86098	37.216686	39.594442	49.105467	77.638548	56.238736	63.372006	44.349954	46.72771		
		44.349954	53.86098	53.86098	46.72771	44.349954	60.994249	58.616493	49.105467	37.216686	65.749763	53.86098	34.83893		
		101.416124	41.972198	65.749763	34.83893	44.349954	134.704742	72.883034	139.46026	37.216686	77.638548	49.105467	41.972198		
		89.527335	44.349954	51.483223	37.216686	46.72771	37.216686	41.972198	91.905093	91.905093	37.216686	41.972198	58.616493		
		77.638548	44.349954	30.083418	27.705662	32.461174	44.349954	37.216686	115.682673	41.972198	51.483223	49.105467	65.749763		
		
43:00	25.00	115.682673	420.036321	981.191395	928.880163	391.503118	315.414624	132.326983	65.749763	153.726816	241.703965	626.902352	348.703331		
		65.749763	58.616493	77.638548	75.260791	39.594442	158.482335	44.349954	18.19464	56.238736	56.238736	91.905093	39.594442		
		30.083418	34.83893	32.461174	41.972198	44.349954	51.483223	56.238736	68.12752	41.972198	65.749763	37.216686	34.83893		
		51.483223	37.216686	58.616493	20.572395	34.83893	49.105467	51.483223	99.038366	44.349954	44.349954	30.083418	39.594442		
		49.105467	49.105467	56.238736	27.705662	32.461174	65.749763	63.372006	65.749763	44.349954	65.749763	30.083418	32.461174		
		103.793882	53.86098	68.12752	39.594442	46.72771	118.060431	60.994249	263.103827	63.372006	34.83893	27.705662	58.616493		
		80.016306	46.72771	51.483223	49.105467	44.349954	68.12752	53.86098	84.77182	72.883034	39.594442	49.105467	46.72771		
		34.83893	41.972198	37.216686	49.105467	51.483223	30.083418	30.083418	94.282851	46.72771	77.638548	70.505277	75.260791		
		
44:00	24.90	99.038366	279.748168	919.369033	881.324526	362.969924	274.992641	134.704742	30.083418	96.660608	91.905093	567.458036	241.703965		
		58.616493	46.72771	99.038366	65.749763	60.994249	160.860094	37.216686	39.594442	39.594442	49.105467	58.616493	46.72771		
		25.327906	27.705662	27.705662	25.327906	37.216686	63.372006	34.83893	27.705662	37.216686	72.883034	118.060431	34.83893		
		44.349954	58.616493	41.972198	46.72771	30.083418	44.349954	37.216686	75.260791	53.86098	41.972198	25.327906	39.594442		
		46.72771	44.349954	37.216686	60.994249	37.216686	63.372006	58.616493	58.616493	39.594442	44.349954	37.216686	30.083418		
		146.593538	80.016306	49.105467	32.461174	44.349954	103.793882	46.72771	227.437394	65.749763	60.994249	41.972198	32.461174		
		70.505277	49.105467	56.238736	41.972198	32.461174	53.86098	25.327906	99.038366	41.972198	37.216686	58.616493	30.083418		
		41.972198	60.994249	27.705662	39.594442	41.972198	22.950151	27.705662	89.527335	39.594442	32.461174	51.483223	53.86098		
		
45:00	25.00	68.12752	272.614878	824.2578	707.746694	305.903568	267.859352	103.793882	80.016306	113.304915	179.882174	484.236067	255.970539		
		51.483223	60.994249	75.260791	44.349954	39.594442	137.082501	49.105467	91.905093	72.883034	46.72771	51.483223	60.994249		
		32.461174	46.72771	46.72771	44.349954	44.349954	53.86098	27.705662	51.483223	39.594442	60.994249	37.216686	46.72771		
		37.216686	37.216686	51.483223	27.705662	58.616493	41.972198	41.972198	139.46026	46.72771	37.216686	51.483223	46.72771		
		46.72771	51.483223	37.216686	20.572395	41.972198	68.12752	60.994249	32.461174	60.994249	44.349954	68.12752	34.83893		
		198.904259	63.372006	72.883034	46.72771	18.19464	70.505277	94.282851	156.104575	65.749763	44.349954	58.616493	39.594442		
		49.105467	30.083418	68.12752	37.216686	32.461174	39.594442	44.349954	118.060431	41.972198	56.238736	30.083418	34.83893		
		46.72771	25.327906	49.105467	63.372006	56.238736	51.483223	51.483223	84.77182	30.083418	82.394063	32.461174	80.016306		
		
46:00	25.00	80.016306	248.837252	707.746694	681.591163	296.392512	203.65978	80.016306	60.994249	118.060431	113.304915	367.725456	175.126654		
		53.86098	32.461174	77.638548	51.483223	77.638548	137.082501	34.83893	58.616493	37.216686	56.238736	60.994249	41.972198		
		32.461174	56.238736	60.994249	46.72771	37.216686	34.83893	37.216686	39.594442	18.19464	34.83893	56.238736	32.461174		
		27.705662	46.72771	46.72771	39.594442	37.216686	34.83893	30.083418	56.238736	41.972198	41.972198	63.372006	39.594442		
		30.083418	34.83893	39.594442	27.705662	27.705662	108.549398	46.72771	39.594442	56.238736	46.72771	68.12752	30.083418		
		158.482335	60.994249	65.749763	30.083418	63.372006	63.372006	101.416124	141.838019	80.016306	44.349954	60.994249	77.638548		
		65.749763	41.972198	39.594442	30.083418	39.594442	30.083418	65.749763	118.060431	44.349954	58.616493	46.72771	39.594442		
		46.72771	22.950151	37.216686	37.216686	22.950151	53.86098	27.705662	77.638548	34.83893	39.594442	49.105467	56.238736		
		
47:00	25.10	53.86098	189.393216	519.902614	562.702492	263.103827	189.393216	89.527335	68.12752	99.038366	115.682673	355.836627	208.415303		
		53.86098	51.483223	56.238736	60.994249	41.972198	89.527335	65.749763	56.238736	65.749763	27.705662	49.105467	37.216686		
		34.83893	44.349954	37.216686	34.83893	56.238736	39.594442	41.972198	46.72771	49.105467	89.527335	53.86098	41.972198		
		37.216686	32.461174	30.083418	41.972198	34.83893	37.216686	44.349954	82.394063	51.483223	75.260791	34.83893	30.083418		
		25.327906	72.883034	44.349954	49.105467	49.105467	65.749763	151.349056	77.638548	44.349954	34.83893	60.994249	39.594442		
		151.349056	80.016306	77.638548	46.72771	46.72771	94.282851	80.016306	108.549398	96.660608	58.616493	68.12752	82.394063		
		49.105467	63.372006	84.77182	46.72771	32.461174	37.216686	34.83893	91.905093	56.238736	34.83893	41.972198	18.19464		
		60.994249	34.83893	70.505277	77.638548	39.594442	44.349954	39.594442	87.149578	46.72771	68.12752	30.083418	46.72771		
		
48:00	25.10	60.994249	255.970539	420.036321	569.835808	203.65978	96.660608	75.260791	51.483223	91.905093	89.527335	291.636985	139.46026		
		68.12752	60.994249	65.749763	41.972198	46.72771	187.015455	56.238736	30.083418	39.594442	34.83893	39.594442	32.461174		
		32.461174	37.216686	30.083418	34.83893	37.216686	46.72771	41.972198	82.394063	46.72771	94.282851	34.83893	32.461174		
		80.016306	60.994249	34.83893	39.594442	32.461174	30.083418	56.238736	118.060431	68.12752	34.83893	51.483223	37.216686		
		30.083418	37.216686	39.594442	25.327906	37.216686	63.372006	65.749763	63.372006	27.705662	51.483223	27.705662	39.594442		
		106.17164	70.505277	70.505277	46.72771	108.549398	82.394063	99.038366	77.638548	53.86098	32.461174	51.483223	70.505277		
		56.238736	32.461174	51.483223	34.83893	37.216686	32.461174	41.972198	70.505277	68.12752	44.349954	27.705662	53.86098		
		39.594442	20.572395	46.72771	96.660608	41.972198	32.461174	34.83893	115.682673	49.105467	68.12752	30.083418	60.994249		
		
49:00	25.10	77.638548	156.104575	508.013763	512.769304	232.192917	137.082501	84.77182	84.77182	58.616493	87.149578	239.326203	118.060431		
		41.972198	27.705662	46.72771	32.461174	65.749763	125.193707	32.461174	39.594442	39.594442	44.349954	39.594442	84.77182		
		44.349954	70.505277	49.105467	34.83893	44.349954	41.972198	44.349954	53.86098	63.372006	77.638548	39.594442	51.483223		
		70.505277	25.327906	25.327906	49.105467	53.86098	22.950151	46.72771	96.660608	41.972198	65.749763	49.105467	41.972198		
		41.972198	32.461174	56.238736	37.216686	39.594442	77.638548	99.038366	53.86098	39.594442	99.038366	39.594442	39.594442		
		84.77182	68.12752	65.749763	39.594442	96.660608	113.304915	49.105467	113.304915	68.12752	56.238736	58.616493	49.105467		
		75.260791	44.349954	44.349954	25.327906	41.972198	41.972198	37.216686	91.905093	56.238736	51.483223	53.86098	46.72771		
		58.616493	37.216686	44.349954	41.972198	34.83893	37.216686	46.72771	77.638548	44.349954	80.016306	58.616493	58.616493		
		
~End
Original Filename: ch_100_05-07-19-145821_pta_ptada_2009_2004_1584_1291_2007_1665.pda   Date Last Saved: 5/7/2019
