##BLOCKS= 1          
Plate:	Plate#1	1.3	PlateFormat	Kinetic	Luminescence	Raw	FALSE	50	3000	60				1	450	1	12	96	405	Automatic	435			6	Automatic			1	8	None	
Time(hh:mm:ss)	Temperature(¡C)	1	2	3	4	5	6	7	8	9	10	11	12		
0:00	23.00	1235.614696	669.702288	420.036321	301.14804	225.059632	160.860094	201.28202	118.060431	660.191189	170.371134	72.883034	72.883034		
		1304.570683	683.968938	503.258224	232.192917	248.837252	175.126654	129.949224	129.949224	94.282851	68.12752	163.237854	77.638548		
		1152.392032	603.124621	393.880884	274.992641	194.148737	127.571466	179.882174	103.793882	115.682673	132.326983	113.304915	87.149578		
		1121.480779	584.10244	324.925682	253.592776	201.28202	208.415303	203.65978	139.46026	108.549398	129.949224	110.927156	103.793882		
		921.746815	534.169238	324.925682	301.14804	206.037541	141.838019	134.704742	99.038366	89.527335	94.282851	106.17164	129.949224		
		926.50238	417.658554	465.213915	251.215014	270.237115	129.949224	153.726816	87.149578	103.793882	108.549398	84.77182	108.549398		
		807.613346	298.770276	346.325566	236.948441	144.215778	179.882174	118.060431	122.815948	80.016306	101.416124	120.43819	80.016306		
		814.746683	434.302927	346.325566	206.037541	196.526498	153.726816	146.593538	96.660608	99.038366	113.304915	84.77182	96.660608		
		
1:00	23.30	49.105467	75.260791	80.016306	70.505277	80.016306	58.616493	41.972198	39.594442	248.837252	49.105467	60.994249	56.238736		
		110.927156	58.616493	53.86098	75.260791	68.12752	75.260791	37.216686	63.372006	53.86098	51.483223	56.238736	41.972198		
		101.416124	65.749763	65.749763	49.105467	77.638548	129.949224	82.394063	51.483223	58.616493	58.616493	41.972198	32.461174		
		94.282851	65.749763	65.749763	46.72771	68.12752	51.483223	68.12752	77.638548	49.105467	99.038366	68.12752	53.86098		
		89.527335	68.12752	75.260791	72.883034	82.394063	46.72771	44.349954	46.72771	58.616493	37.216686	63.372006	56.238736		
		49.105467	58.616493	215.548586	63.372006	51.483223	70.505277	51.483223	80.016306	51.483223	65.749763	65.749763	99.038366		
		80.016306	70.505277	51.483223	87.149578	77.638548	60.994249	72.883034	53.86098	51.483223	63.372006	63.372006	46.72771		
		108.549398	60.994249	82.394063	51.483223	70.505277	49.105467	53.86098	44.349954	72.883034	68.12752	77.638548	108.549398		
		
2:00	23.50	84.77182	82.394063	41.972198	49.105467	46.72771	72.883034	34.83893	46.72771	189.393216	56.238736	68.12752	44.349954		
		60.994249	46.72771	27.705662	51.483223	46.72771	53.86098	27.705662	41.972198	68.12752	65.749763	51.483223	53.86098		
		60.994249	51.483223	72.883034	30.083418	51.483223	60.994249	49.105467	39.594442	60.994249	53.86098	39.594442	53.86098		
		53.86098	72.883034	44.349954	103.793882	80.016306	53.86098	51.483223	34.83893	49.105467	46.72771	53.86098	44.349954		
		58.616493	63.372006	63.372006	44.349954	32.461174	46.72771	46.72771	44.349954	63.372006	37.216686	39.594442	53.86098		
		60.994249	56.238736	175.126654	56.238736	68.12752	30.083418	46.72771	37.216686	60.994249	46.72771	46.72771	58.616493		
		49.105467	37.216686	46.72771	65.749763	70.505277	65.749763	72.883034	46.72771	53.86098	68.12752	46.72771	94.282851		
		63.372006	63.372006	80.016306	44.349954	253.592776	172.748894	343.947801	170.371134	194.148737	931.257945	1302.192889	1380.660117		
		
3:00	23.50	51.483223	41.972198	77.638548	41.972198	56.238736	46.72771	51.483223	37.216686	210.793064	34.83893	60.994249	41.972198		
		58.616493	44.349954	60.994249	60.994249	25.327906	39.594442	56.238736	60.994249	49.105467	84.77182	37.216686	46.72771		
		51.483223	99.038366	56.238736	53.86098	60.994249	46.72771	46.72771	63.372006	30.083418	30.083418	58.616493	49.105467		
		46.72771	56.238736	49.105467	39.594442	51.483223	51.483223	49.105467	46.72771	39.594442	37.216686	37.216686	63.372006		
		41.972198	41.972198	56.238736	77.638548	80.016306	34.83893	91.905093	49.105467	60.994249	39.594442	25.327906	53.86098		
		32.461174	68.12752	215.548586	44.349954	44.349954	39.594442	37.216686	56.238736	34.83893	34.83893	49.105467	32.461174		
		34.83893	68.12752	44.349954	58.616493	53.86098	56.238736	49.105467	60.994249	70.505277	158.482335	70.505277	134.704742		
		1264.1482	53.86098	750.546672	139.46026	1480.527609	5915.245459	2398.363252	1941.821927	2124.913708	3558.750844	6695.210527	7548.900518		
		
4:00	23.60	27.705662	53.86098	46.72771	46.72771	51.483223	22.950151	53.86098	44.349954	134.704742	49.105467	30.083418	46.72771		
		58.616493	32.461174	60.994249	70.505277	37.216686	51.483223	30.083418	51.483223	53.86098	65.749763	49.105467	34.83893		
		58.616493	77.638548	58.616493	39.594442	46.72771	41.972198	41.972198	30.083418	30.083418	32.461174	58.616493	32.461174		
		63.372006	37.216686	68.12752	44.349954	58.616493	51.483223	32.461174	41.972198	37.216686	51.483223	34.83893	34.83893		
		65.749763	27.705662	39.594442	46.72771	46.72771	60.994249	70.505277	32.461174	46.72771	32.461174	84.77182	89.527335		
		46.72771	39.594442	206.037541	51.483223	41.972198	39.594442	34.83893	32.461174	30.083418	70.505277	25.327906	51.483223		
		58.616493	60.994249	80.016306	58.616493	37.216686	110.927156	65.749763	137.082501	58.616493	351.081096	272.614878	234.570679		
		7142.267102	272.614878	2752.660138	733.902234	4692.998419	21354.26068	9425.148128	4978.346253	8186.20149	8471.56178	14297.890166	16045.8714		
		
5:00	23.70	49.105467	32.461174	60.994249	56.238736	51.483223	56.238736	22.950151	41.972198	68.12752	32.461174	32.461174	51.483223		
		34.83893	44.349954	46.72771	30.083418	53.86098	39.594442	25.327906	27.705662	51.483223	39.594442	39.594442	39.594442		
		37.216686	34.83893	53.86098	51.483223	49.105467	44.349954	30.083418	30.083418	53.86098	75.260791	53.86098	68.12752		
		44.349954	41.972198	46.72771	44.349954	37.216686	56.238736	20.572395	63.372006	46.72771	25.327906	32.461174	51.483223		
		72.883034	51.483223	41.972198	32.461174	39.594442	30.083418	63.372006	32.461174	37.216686	56.238736	49.105467	25.327906		
		56.238736	53.86098	222.68187	39.594442	49.105467	27.705662	41.972198	25.327906	44.349954	39.594442	44.349954	53.86098		
		84.77182	56.238736	84.77182	99.038366	82.394063	298.770276	172.748894	324.925682	108.549398	653.057866	902.724559	305.903568		
		16188.565431	1290.303922	6269.557917	2101.135531	10961.373476	33204.274341	16728.426819	8759.301102	17437.149058	13876.95345	21335.233567	21998.806827		
		
6:00	23.80	44.349954	49.105467	41.972198	58.616493	49.105467	32.461174	60.994249	41.972198	87.149578	53.86098	39.594442	44.349954		
		53.86098	37.216686	56.238736	41.972198	46.72771	53.86098	53.86098	56.238736	39.594442	25.327906	25.327906	49.105467		
		44.349954	41.972198	46.72771	32.461174	65.749763	32.461174	58.616493	27.705662	65.749763	39.594442	39.594442	46.72771		
		34.83893	56.238736	49.105467	58.616493	30.083418	60.994249	30.083418	34.83893	46.72771	49.105467	53.86098	51.483223		
		46.72771	39.594442	72.883034	39.594442	53.86098	56.238736	32.461174	72.883034	60.994249	44.349954	30.083418	49.105467		
		37.216686	27.705662	206.037541	39.594442	34.83893	49.105467	30.083418	41.972198	56.238736	39.594442	30.083418	22.950151		
		127.571466	41.972198	139.46026	225.059632	94.282851	722.013351	422.414089	724.391127	146.593538	1318.837446	1982.244752	469.969452		
		23471.055318	3014.222604	9677.220234	3941.587327	17408.609786	39631.892396	21282.909027	12012.492021	25630.719231	18084.04195	27716.705454	26175.401381		
		
7:00	23.80	53.86098	39.594442	49.105467	46.72771	32.461174	46.72771	39.594442	22.950151	65.749763	34.83893	44.349954	32.461174		
		53.86098	56.238736	25.327906	30.083418	49.105467	32.461174	49.105467	77.638548	27.705662	46.72771	32.461174	53.86098		
		44.349954	39.594442	44.349954	56.238736	32.461174	32.461174	44.349954	37.216686	51.483223	58.616493	63.372006	49.105467		
		30.083418	41.972198	27.705662	51.483223	46.72771	44.349954	46.72771	25.327906	27.705662	51.483223	41.972198	39.594442		
		39.594442	46.72771	27.705662	30.083418	56.238736	70.505277	41.972198	37.216686	70.505277	34.83893	34.83893	41.972198		
		39.594442	34.83893	156.104575	22.950151	46.72771	46.72771	20.572395	53.86098	27.705662	58.616493	70.505277	37.216686		
		324.925682	132.326983	270.237115	560.324721	144.215778	1706.418824	838.524478	1494.794403	339.192271	2255.693808	3187.80544	617.391259		
		31239.457845	5282.718396	12885.263839	6212.487348	21951.238668	44646.839623	24263.083885	13803.230298	30673.33323	20300.641073	30996.83252	29003.526807		
		
8:00	23.90	63.372006	37.216686	34.83893	39.594442	44.349954	25.327906	46.72771	37.216686	51.483223	37.216686	39.594442	30.083418		
		41.972198	34.83893	32.461174	46.72771	30.083418	32.461174	58.616493	44.349954	51.483223	80.016306	30.083418	39.594442		
		63.372006	56.238736	32.461174	51.483223	49.105467	53.86098	32.461174	84.77182	56.238736	37.216686	34.83893	41.972198		
		30.083418	30.083418	49.105467	56.238736	20.572395	46.72771	32.461174	44.349954	44.349954	41.972198	30.083418	34.83893		
		44.349954	56.238736	58.616493	41.972198	39.594442	41.972198	39.594442	63.372006	22.950151	22.950151	77.638548	44.349954		
		53.86098	32.461174	203.65978	25.327906	46.72771	56.238736	32.461174	27.705662	41.972198	44.349954	37.216686	41.972198		
		717.257798	146.593538	370.103221	1218.970156	234.570679	2645.657558	1280.792749	2524.388139	574.591352	3152.137703	4108.038543	1033.502662		
		37412.378963	6723.745978	16010.197932	7651.15369	25266.807022	46680.980368	27704.812562	15670.111668	33784.689411	22788.442391	34315.154406	29636.241381		
		
9:00	24.00	41.972198	20.572395	72.883034	53.86098	63.372006	30.083418	44.349954	46.72771	56.238736	58.616493	32.461174	46.72771		
		32.461174	41.972198	56.238736	44.349954	51.483223	30.083418	39.594442	32.461174	46.72771	51.483223	41.972198	44.349954		
		46.72771	39.594442	32.461174	30.083418	30.083418	65.749763	46.72771	30.083418	41.972198	39.594442	25.327906	53.86098		
		37.216686	46.72771	34.83893	39.594442	37.216686	51.483223	39.594442	53.86098	39.594442	39.594442	34.83893	108.549398		
		46.72771	41.972198	37.216686	39.594442	49.105467	53.86098	27.705662	37.216686	39.594442	37.216686	44.349954	39.594442		
		41.972198	30.083418	151.349056	58.616493	39.594442	51.483223	37.216686	58.616493	41.972198	30.083418	27.705662	34.83893		
		1147.636453	220.304109	603.124621	2186.737002	412.903019	4072.370396	1801.531106	3936.831583	912.235687	4414.785262	4752.445801	1223.725738		
		41539.819158	8523.877943	18657.212448	9546.428005	28946.440023	48106.09924	28813.237688	17106.569783	34117.716352	23192.776871	36268.152244	30050.125049		
		
10:00	24.00	32.461174	37.216686	32.461174	53.86098	58.616493	34.83893	25.327906	27.705662	39.594442	39.594442	34.83893	32.461174		
		34.83893	32.461174	37.216686	53.86098	34.83893	32.461174	37.216686	56.238736	46.72771	37.216686	32.461174	46.72771		
		25.327906	51.483223	58.616493	49.105467	32.461174	46.72771	41.972198	60.994249	49.105467	63.372006	44.349954	72.883034		
		34.83893	46.72771	60.994249	37.216686	49.105467	53.86098	65.749763	41.972198	46.72771	58.616493	41.972198	25.327906		
		44.349954	37.216686	27.705662	37.216686	30.083418	25.327906	34.83893	37.216686	44.349954	34.83893	30.083418	56.238736		
		56.238736	51.483223	182.259935	56.238736	49.105467	56.238736	49.105467	56.238736	46.72771	34.83893	27.705662	49.105467		
		1932.310677	467.591683	626.902352	3649.1096	541.302551	6198.219712	2184.359182	5028.282228	1454.371825	5349.299957	4424.296807	1447.238431		
		42653.193943	9339.538915	20215.020224	10404.904541	29745.658694	47508.92614	28232.858669	18942.610077	34134.367735	24486.660935	38097.495513	30297.504815		
		
11:00	24.00	41.972198	58.616493	94.282851	75.260791	32.461174	32.461174	39.594442	37.216686	37.216686	32.461174	44.349954	51.483223		
		41.972198	32.461174	37.216686	75.260791	49.105467	32.461174	56.238736	25.327906	41.972198	32.461174	32.461174	41.972198		
		63.372006	34.83893	46.72771	34.83893	37.216686	39.594442	51.483223	22.950151	20.572395	34.83893	49.105467	32.461174		
		37.216686	87.149578	46.72771	49.105467	39.594442	32.461174	32.461174	37.216686	39.594442	53.86098	65.749763	53.86098		
		32.461174	58.616493	46.72771	46.72771	60.994249	37.216686	63.372006	63.372006	39.594442	63.372006	32.461174	37.216686		
		41.972198	58.616493	144.215778	51.483223	53.86098	51.483223	44.349954	49.105467	53.86098	39.594442	39.594442	34.83893		
		2239.049056	636.413447	719.635574	4528.923876	748.168895	7358.662405	2847.773663	6357.54179	1673.129552	5962.804087	3758.491389	1597.03984		
		44844.303652	9819.90291	22115.348935	11686.691358	31389.315031	47187.739264	30035.853162	18935.475124	34733.819845	24617.477583	38187.893274	30266.582302		
		
12:00	24.10	70.505277	46.72771	39.594442	41.972198	46.72771	39.594442	32.461174	44.349954	53.86098	39.594442	22.950151	56.238736		
		22.950151	22.950151	30.083418	30.083418	41.972198	37.216686	68.12752	68.12752	30.083418	39.594442	20.572395	34.83893		
		41.972198	51.483223	34.83893	44.349954	27.705662	46.72771	39.594442	51.483223	41.972198	34.83893	32.461174	44.349954		
		25.327906	46.72771	32.461174	46.72771	37.216686	39.594442	56.238736	44.349954	46.72771	41.972198	37.216686	60.994249		
		51.483223	72.883034	30.083418	46.72771	49.105467	37.216686	46.72771	63.372006	46.72771	30.083418	41.972198	30.083418		
		30.083418	37.216686	139.46026	63.372006	51.483223	41.972198	27.705662	53.86098	53.86098	51.483223	37.216686	34.83893		
		2716.992595	862.30228	857.546719	5884.332366	793.346674	8345.527526	2942.887301	6823.620138	2170.092264	6233.888806	3168.782645	1749.219337		
		45774.532318	10381.123904	21991.671601	12690.256776	31829.37347	46980.752848	29360.320124	20519.450324	33915.521258	24745.915955	38359.173521	29933.571385		
		
13:00	24.20	46.72771	39.594442	53.86098	60.994249	30.083418	30.083418	34.83893	60.994249	56.238736	41.972198	44.349954	65.749763		
		27.705662	25.327906	34.83893	39.594442	37.216686	27.705662	30.083418	37.216686	41.972198	22.950151	37.216686	39.594442		
		20.572395	51.483223	44.349954	32.461174	32.461174	46.72771	32.461174	46.72771	34.83893	51.483223	39.594442	51.483223		
		44.349954	39.594442	27.705662	30.083418	22.950151	32.461174	75.260791	56.238736	56.238736	25.327906	32.461174	49.105467		
		58.616493	34.83893	82.394063	56.238736	39.594442	44.349954	58.616493	30.083418	34.83893	49.105467	60.994249	49.105467		
		41.972198	37.216686	132.326983	46.72771	46.72771	58.616493	56.238736	34.83893	27.705662	44.349954	34.83893	30.083418		
		3216.33964	1100.080687	1040.636019	6990.077349	959.791341	8944.786503	3133.114916	7166.046777	2569.566921	6095.968396	2407.874558	1837.19824		
		46190.878573	10775.883401	23542.408921	13066.002516	32295.600184	46088.576149	30354.592561	20226.912003	33915.521258	25028.9568	38275.912244	29531.581482		
		
14:00	24.10	51.483223	34.83893	60.994249	39.594442	32.461174	49.105467	58.616493	72.883034	46.72771	49.105467	56.238736	49.105467		
		56.238736	22.950151	53.86098	41.972198	32.461174	41.972198	34.83893	41.972198	20.572395	60.994249	32.461174	30.083418		
		51.483223	18.19464	60.994249	39.594442	39.594442	44.349954	32.461174	39.594442	49.105467	41.972198	39.594442	41.972198		
		25.327906	56.238736	53.86098	32.461174	32.461174	53.86098	20.572395	30.083418	34.83893	51.483223	51.483223	63.372006		
		77.638548	30.083418	34.83893	46.72771	53.86098	39.594442	32.461174	51.483223	46.72771	32.461174	41.972198	63.372006		
		49.105467	39.594442	163.237854	30.083418	32.461174	44.349954	34.83893	46.72771	30.083418	41.972198	70.505277	30.083418		
		3796.537263	1285.548335	731.524457	7449.025452	1064.413881	9591.610751	3076.046584	7532.254665	2776.438509	6293.337332	1796.775489	1998.88945		
		47085.435566	11118.326952	24082.319918	13995.861902	32906.932186	45474.764355	29067.749486	20039.022101	34343.699708	25033.713797	37293.435715	29712.357757		
		
15:00	24.20	34.83893	32.461174	41.972198	91.905093	32.461174	51.483223	37.216686	41.972198	87.149578	56.238736	39.594442	51.483223		
		39.594442	49.105467	46.72771	51.483223	53.86098	32.461174	30.083418	27.705662	32.461174	37.216686	30.083418	20.572395		
		25.327906	46.72771	68.12752	39.594442	34.83893	27.705662	39.594442	51.483223	58.616493	27.705662	39.594442	30.083418		
		51.483223	30.083418	56.238736	44.349954	39.594442	49.105467	37.216686	37.216686	56.238736	58.616493	34.83893	37.216686		
		56.238736	46.72771	30.083418	46.72771	32.461174	53.86098	32.461174	32.461174	49.105467	30.083418	53.86098	44.349954		
		27.705662	46.72771	153.726816	46.72771	58.616493	30.083418	30.083418	39.594442	60.994249	30.083418	39.594442	46.72771		
		3844.094632	1544.728205	798.102231	7520.364772	1211.836783	9306.246467	3066.5352	7432.37962	2586.211741	4966.456739	1397.30469	2051.201382		
		46797.558422	11058.874842	23761.227036	14623.70146	31501.113432	44361.350322	29572.018245	20502.801773	34688.622902	25126.475305	37926.215826	28758.52965		
		
16:00	24.20	65.749763	39.594442	37.216686	41.972198	25.327906	32.461174	56.238736	27.705662	44.349954	58.616493	30.083418	53.86098		
		44.349954	41.972198	27.705662	51.483223	22.950151	25.327906	44.349954	34.83893	39.594442	34.83893	44.349954	65.749763		
		51.483223	32.461174	56.238736	27.705662	44.349954	46.72771	39.594442	32.461174	27.705662	60.994249	30.083418	25.327906		
		68.12752	65.749763	30.083418	37.216686	37.216686	34.83893	25.327906	41.972198	58.616493	49.105467	65.749763	41.972198		
		53.86098	46.72771	39.594442	56.238736	49.105467	44.349954	44.349954	30.083418	49.105467	34.83893	34.83893	56.238736		
		46.72771	41.972198	182.259935	32.461174	41.972198	39.594442	44.349954	34.83893	49.105467	58.616493	32.461174	34.83893		
		3867.873327	1604.173248	572.21358	7275.433373	1071.547241	8302.723486	3023.733982	6868.801347	2683.702903	4764.335282	1119.10299	2053.579198		
		46647.672384	11394.185323	22667.142446	14821.091429	32680.952886	44420.827176	28677.656966	20310.154506	34595.850311	24617.477583	36834.316435	29457.843908		
		
17:00	24.30	41.972198	37.216686	68.12752	49.105467	41.972198	27.705662	41.972198	34.83893	44.349954	63.372006	37.216686	44.349954		
		49.105467	53.86098	25.327906	37.216686	27.705662	30.083418	25.327906	53.86098	34.83893	25.327906	39.594442	53.86098		
		46.72771	27.705662	63.372006	32.461174	39.594442	58.616493	37.216686	63.372006	34.83893	27.705662	37.216686	34.83893		
		60.994249	63.372006	58.616493	32.461174	34.83893	18.19464	20.572395	39.594442	32.461174	60.994249	27.705662	39.594442		
		46.72771	37.216686	60.994249	37.216686	65.749763	34.83893	37.216686	49.105467	56.238736	53.86098	25.327906	46.72771		
		46.72771	49.105467	179.882174	32.461174	44.349954	37.216686	49.105467	58.616493	34.83893	46.72771	30.083418	32.461174		
		3867.873327	1972.733497	527.035926	7208.85021	1214.214574	7401.465941	2460.186757	6324.250583	2702.725583	4046.213765	750.546672	1746.84153		
		45312.985286	11227.718951	22714.71103	14540.464872	31127.65981	41994.207425	28927.411105	20058.048907	34500.699046	24070.427566	35561.642044	28867.945763		
		
18:00	24.30	56.238736	41.972198	27.705662	39.594442	63.372006	41.972198	32.461174	34.83893	46.72771	96.660608	89.527335	101.416124		
		46.72771	44.349954	65.749763	32.461174	46.72771	22.950151	39.594442	49.105467	32.461174	32.461174	39.594442	32.461174		
		77.638548	37.216686	32.461174	27.705662	32.461174	34.83893	25.327906	49.105467	25.327906	49.105467	32.461174	32.461174		
		27.705662	39.594442	25.327906	70.505277	32.461174	34.83893	27.705662	56.238736	25.327906	20.572395	44.349954	56.238736		
		44.349954	56.238736	25.327906	37.216686	46.72771	72.883034	39.594442	44.349954	37.216686	41.972198	53.86098	51.483223		
		63.372006	25.327906	137.082501	30.083418	60.994249	44.349954	32.461174	56.238736	51.483223	53.86098	65.749763	39.594442		
		3501.682208	2113.024619	548.435864	6331.384412	1318.837446	6443.147814	2552.922103	5403.991994	2191.492642	3599.174485	574.591352	1808.664531		
		44722.970276	11261.012198	21696.749499	14818.713234	30069.154234	41092.5704	27883.206128	19361.195107	35411.777045	22962.068124	35088.259911	28311.352306		
		
19:00	24.30	82.394063	37.216686	41.972198	30.083418	22.950151	25.327906	63.372006	32.461174	32.461174	34.83893	27.705662	34.83893		
		30.083418	30.083418	58.616493	22.950151	49.105467	53.86098	32.461174	70.505277	63.372006	25.327906	39.594442	39.594442		
		39.594442	46.72771	34.83893	41.972198	56.238736	27.705662	25.327906	41.972198	27.705662	51.483223	60.994249	51.483223		
		58.616493	30.083418	53.86098	46.72771	41.972198	32.461174	56.238736	58.616493	25.327906	44.349954	32.461174	32.461174		
		58.616493	44.349954	30.083418	39.594442	37.216686	46.72771	51.483223	30.083418	25.327906	30.083418	34.83893	44.349954		
		20.572395	37.216686	191.770977	41.972198	56.238736	39.594442	39.594442	39.594442	46.72771	32.461174	49.105467	41.972198		
		3183.04974	1899.021311	508.013763	5725.01123	1223.725738	5565.690412	2108.268984	4626.417405	2201.003922	2997.577694	367.725456	1554.239409		
		43787.995718	11301.43973	21535.018485	14583.272249	29395.999544	39943.533186	27714.326876	18940.231759	33794.204447	22569.626937	33056.792494	27490.740809		
		
20:00	24.30	56.238736	32.461174	37.216686	46.72771	51.483223	53.86098	60.994249	46.72771	60.994249	44.349954	25.327906	30.083418		
		49.105467	46.72771	44.349954	53.86098	46.72771	46.72771	41.972198	34.83893	53.86098	34.83893	49.105467	32.461174		
		44.349954	39.594442	37.216686	20.572395	53.86098	37.216686	25.327906	34.83893	32.461174	53.86098	27.705662	56.238736		
		60.994249	46.72771	46.72771	37.216686	65.749763	56.238736	56.238736	46.72771	25.327906	27.705662	39.594442	41.972198		
		49.105467	44.349954	34.83893	30.083418	39.594442	53.86098	27.705662	37.216686	37.216686	34.83893	56.238736	58.616493		
		34.83893	41.972198	156.104575	39.594442	32.461174	46.72771	32.461174	56.238736	51.483223	34.83893	84.77182	44.349954		
		2971.421415	1851.465099	339.192271	4838.050107	1152.392032	4222.176719	1780.130832	3810.804471	1856.220719	2426.897172	403.391951	1608.928853		
		42762.629053	10181.366828	20405.288901	14495.279331	28515.911845	38259.259999	26900.857163	18138.742692	33837.022124	21515.991329	31386.936344	26601.159879		
		
21:00	24.40	34.83893	46.72771	60.994249	72.883034	37.216686	39.594442	46.72771	25.327906	37.216686	32.461174	41.972198	39.594442		
		27.705662	34.83893	51.483223	49.105467	30.083418	30.083418	68.12752	27.705662	37.216686	30.083418	49.105467	39.594442		
		39.594442	27.705662	46.72771	30.083418	53.86098	53.86098	49.105467	46.72771	37.216686	32.461174	34.83893	44.349954		
		30.083418	44.349954	53.86098	44.349954	72.883034	44.349954	51.483223	32.461174	37.216686	22.950151	46.72771	53.86098		
		37.216686	25.327906	56.238736	39.594442	44.349954	22.950151	46.72771	51.483223	70.505277	32.461174	68.12752	34.83893		
		41.972198	46.72771	158.482335	46.72771	44.349954	25.327906	30.083418	32.461174	34.83893	82.394063	34.83893	34.83893		
		2526.765969	1737.330303	289.259221	4773.846869	983.569179	3523.082942	1478.14981	3102.202898	1578.017423	1839.57605	296.392512	1444.860633		
		41518.408257	9708.134792	20117.507703	14576.137685	27343.26949	36291.940575	25875.706814	16690.374795	32654.786903	19889.186166	29543.474645	25730.61699		
		
22:00	24.40	56.238736	41.972198	60.994249	37.216686	20.572395	34.83893	22.950151	32.461174	46.72771	60.994249	30.083418	30.083418		
		46.72771	51.483223	34.83893	34.83893	44.349954	56.238736	34.83893	34.83893	30.083418	37.216686	39.594442	20.572395		
		39.594442	34.83893	30.083418	60.994249	63.372006	44.349954	30.083418	27.705662	22.950151	32.461174	20.572395	44.349954		
		44.349954	68.12752	32.461174	46.72771	34.83893	53.86098	34.83893	25.327906	32.461174	51.483223	46.72771	49.105467		
		41.972198	41.972198	34.83893	27.705662	49.105467	22.950151	20.572395	60.994249	37.216686	46.72771	44.349954	41.972198		
		25.327906	46.72771	156.104575	37.216686	27.705662	72.883034	32.461174	44.349954	25.327906	25.327906	46.72771	65.749763		
		2132.047163	1528.083601	194.148737	3734.712726	817.124462	2745.526628	1399.682487	2217.648666	1276.037164	1356.882161	177.504414	1361.637751		
		40195.701431	9375.209409	18543.053681	13876.95345	24591.314236	34981.214088	24800.621251	16595.244816	31700.92373	18873.63889	27821.36298	24401.035608		
		
23:00	24.40	51.483223	41.972198	34.83893	46.72771	39.594442	27.705662	27.705662	27.705662	41.972198	32.461174	37.216686	44.349954		
		46.72771	46.72771	25.327906	39.594442	27.705662	41.972198	37.216686	56.238736	37.216686	27.705662	22.950151	37.216686		
		22.950151	60.994249	39.594442	58.616493	18.19464	34.83893	49.105467	32.461174	46.72771	58.616493	34.83893	39.594442		
		30.083418	51.483223	22.950151	22.950151	39.594442	56.238736	27.705662	41.972198	30.083418	39.594442	34.83893	34.83893		
		44.349954	46.72771	46.72771	49.105467	53.86098	53.86098	41.972198	27.705662	25.327906	41.972198	39.594442	46.72771		
		34.83893	30.083418	127.571466	44.349954	25.327906	37.216686	60.994249	22.950151	25.327906	30.083418	44.349954	44.349954		
		1920.421616	1696.907602	222.68187	3123.603525	681.591163	2122.53589	1228.481321	2055.957014	1004.969239	1057.280522	132.326983	1062.036095		
		37457.577443	9351.429078	17158.891591	13465.531568	24096.590742	32454.974225	23173.749321	15251.545943	29662.406377	16214.726031	25823.379306	23392.566427		
		
24:00	24.40	44.349954	39.594442	53.86098	44.349954	34.83893	44.349954	51.483223	30.083418	34.83893	51.483223	34.83893	41.972198		
		25.327906	44.349954	37.216686	41.972198	25.327906	44.349954	39.594442	32.461174	58.616493	58.616493	34.83893	41.972198		
		30.083418	46.72771	46.72771	32.461174	25.327906	60.994249	58.616493	41.972198	41.972198	84.77182	44.349954	32.461174		
		34.83893	49.105467	51.483223	49.105467	41.972198	30.083418	25.327906	37.216686	41.972198	32.461174	46.72771	58.616493		
		46.72771	44.349954	32.461174	20.572395	25.327906	27.705662	46.72771	58.616493	46.72771	46.72771	44.349954	53.86098		
		27.705662	37.216686	125.193707	41.972198	60.994249	56.238736	41.972198	41.972198	41.972198	30.083418	25.327906	53.86098		
		1511.439	1385.415709	172.748894	2571.944752	562.702492	1589.906433	871.813403	1528.083601	838.524478	836.146698	139.46026	955.035775		
		35185.790674	8005.473833	16226.617216	12892.398252	22714.71103	30100.07667	22162.917191	14409.664694	28047.328559	14419.177427	24198.86506	21192.530359		
		
25:00	24.40	39.594442	27.705662	41.972198	39.594442	49.105467	39.594442	41.972198	56.238736	30.083418	41.972198	46.72771	51.483223		
		30.083418	39.594442	41.972198	44.349954	58.616493	49.105467	25.327906	46.72771	32.461174	49.105467	32.461174	20.572395		
		22.950151	39.594442	58.616493	34.83893	41.972198	58.616493	32.461174	58.616493	39.594442	44.349954	68.12752	46.72771		
		39.594442	56.238736	27.705662	37.216686	22.950151	56.238736	34.83893	34.83893	49.105467	41.972198	37.216686	25.327906		
		34.83893	51.483223	32.461174	37.216686	39.594442	37.216686	32.461174	27.705662	32.461174	46.72771	34.83893	34.83893		
		53.86098	41.972198	146.593538	53.86098	44.349954	44.349954	39.594442	46.72771	49.105467	44.349954	46.72771	34.83893		
		1428.21605	1223.725738	141.838019	2094.002079	541.302551	1180.925507	719.635574	1073.925028	669.702288	553.191406	118.060431	919.369033		
		32578.667729	7677.3115	15294.353701	11898.342733	20557.504168	27428.897965	19965.293273	12978.011267	26008.904261	13377.539879	22191.458159	19477.733375		
		
26:00	24.40	39.594442	41.972198	39.594442	32.461174	34.83893	25.327906	44.349954	46.72771	46.72771	34.83893	49.105467	30.083418		
		18.19464	27.705662	34.83893	53.86098	27.705662	37.216686	32.461174	49.105467	25.327906	53.86098	39.594442	49.105467		
		34.83893	39.594442	56.238736	37.216686	30.083418	72.883034	27.705662	37.216686	37.216686	56.238736	46.72771	49.105467		
		30.083418	32.461174	39.594442	34.83893	30.083418	37.216686	30.083418	60.994249	37.216686	30.083418	39.594442	41.972198		
		32.461174	27.705662	34.83893	46.72771	53.86098	39.594442	32.461174	27.705662	56.238736	44.349954	65.749763	37.216686		
		41.972198	39.594442	115.682673	37.216686	27.705662	22.950151	32.461174	49.105467	51.483223	46.72771	25.327906	58.616493		
		1054.902735	1128.614144	151.349056	1618.440064	408.147485	876.568964	567.458036	857.546719	465.213915	548.435864	80.016306	736.28001		
		30342.699277	6688.076665	13510.716527	11308.574003	19639.460231	25423.788557	18252.900882	11969.686019	23999.073491	12024.382582	19251.79199	17986.532025		
		
27:00	24.40	25.327906	25.327906	22.950151	51.483223	30.083418	44.349954	34.83893	56.238736	58.616493	34.83893	34.83893	32.461174		
		46.72771	41.972198	46.72771	25.327906	39.594442	58.616493	34.83893	53.86098	63.372006	41.972198	39.594442	34.83893		
		75.260791	63.372006	51.483223	39.594442	37.216686	56.238736	49.105467	30.083418	34.83893	56.238736	30.083418	44.349954		
		34.83893	37.216686	37.216686	30.083418	39.594442	39.594442	25.327906	44.349954	46.72771	30.083418	37.216686	34.83893		
		37.216686	34.83893	49.105467	51.483223	30.083418	32.461174	39.594442	37.216686	51.483223	58.616493	25.327906	53.86098		
		44.349954	44.349954	144.215778	39.594442	41.972198	39.594442	39.594442	51.483223	41.972198	37.216686	60.994249	25.327906		
		802.857788	779.080004	125.193707	1328.348623	298.770276	593.61353	548.435864	610.257939	465.213915	310.659096	60.994249	672.080063		
		27048.327667	5791.593159	12740.197564	10193.257116	16623.783798	22507.787895	16269.425495	10511.917497	21891.778509	9788.988309	17658.32876	16157.64837		
		
28:00	24.50	53.86098	53.86098	56.238736	77.638548	27.705662	56.238736	39.594442	49.105467	41.972198	37.216686	32.461174	46.72771		
		32.461174	65.749763	41.972198	46.72771	72.883034	22.950151	34.83893	39.594442	25.327906	72.883034	34.83893	37.216686		
		37.216686	39.594442	51.483223	37.216686	25.327906	25.327906	65.749763	34.83893	41.972198	34.83893	30.083418	20.572395		
		53.86098	39.594442	46.72771	25.327906	70.505277	27.705662	46.72771	30.083418	49.105467	27.705662	30.083418	25.327906		
		37.216686	39.594442	32.461174	37.216686	51.483223	27.705662	37.216686	37.216686	22.950151	44.349954	37.216686	39.594442		
		51.483223	27.705662	177.504414	51.483223	22.950151	75.260791	53.86098	49.105467	34.83893	37.216686	44.349954	37.216686		
		741.035564	752.92445	144.215778	1028.747091	260.726064	508.013763	401.014184	367.725456	401.014184	234.570679	70.505277	460.458377		
		24289.247124	5425.393237	11234.853217	9344.29498	15420.398898	20762.043889	15548.822511	9553.562121	19515.786723	8716.49684	15603.52152	14668.887073		
		
29:00	24.50	56.238736	39.594442	27.705662	18.19464	39.594442	30.083418	25.327906	44.349954	49.105467	53.86098	49.105467	32.461174		
		53.86098	56.238736	27.705662	44.349954	32.461174	46.72771	30.083418	30.083418	41.972198	37.216686	27.705662	25.327906		
		34.83893	39.594442	20.572395	41.972198	56.238736	37.216686	39.594442	27.705662	39.594442	60.994249	32.461174	37.216686		
		68.12752	34.83893	39.594442	34.83893	27.705662	39.594442	51.483223	46.72771	68.12752	41.972198	30.083418	25.327906		
		51.483223	25.327906	41.972198	37.216686	44.349954	37.216686	25.327906	39.594442	25.327906	49.105467	34.83893	34.83893		
		41.972198	27.705662	163.237854	37.216686	39.594442	46.72771	18.19464	68.12752	41.972198	44.349954	34.83893	46.72771		
		560.324721	553.191406	120.43819	698.235591	234.570679	408.147485	446.191767	272.614878	294.014748	217.926348	70.505277	534.169238		
		22136.754647	4697.754208	10450.087772	8412.111636	13546.388881	18264.792369	13788.961309	8283.699475	17118.4611	7318.236865	14024.399957	12856.72619		
		
30:00	24.40	25.327906	30.083418	41.972198	32.461174	39.594442	49.105467	32.461174	46.72771	34.83893	34.83893	37.216686	51.483223		
		27.705662	25.327906	44.349954	22.950151	30.083418	72.883034	39.594442	53.86098	56.238736	27.705662	44.349954	39.594442		
		49.105467	30.083418	22.950151	53.86098	41.972198	46.72771	32.461174	44.349954	34.83893	30.083418	58.616493	32.461174		
		60.994249	49.105467	49.105467	44.349954	30.083418	49.105467	27.705662	56.238736	44.349954	60.994249	56.238736	34.83893		
		51.483223	77.638548	46.72771	44.349954	65.749763	49.105467	44.349954	51.483223	34.83893	32.461174	39.594442	30.083418		
		39.594442	32.461174	167.993374	49.105467	46.72771	37.216686	27.705662	32.461174	46.72771	53.86098	30.083418	27.705662		
		346.325566	636.413447	134.704742	603.124621	160.860094	296.392512	303.525804	215.548586	194.148737	172.748894	65.749763	415.280787		
		19736.97217	3836.961025	9265.819943	7665.421585	12319.269041	16112.461916	11960.173577	7751.029008	16141.000726	6210.109408	11860.293006	11032.715927		
		
31:00	24.40	41.972198	30.083418	34.83893	34.83893	63.372006	32.461174	49.105467	34.83893	37.216686	30.083418	27.705662	44.349954		
		39.594442	53.86098	63.372006	34.83893	44.349954	34.83893	39.594442	44.349954	32.461174	46.72771	37.216686	37.216686		
		41.972198	22.950151	37.216686	51.483223	30.083418	39.594442	46.72771	37.216686	37.216686	37.216686	32.461174	44.349954		
		60.994249	58.616493	34.83893	70.505277	34.83893	34.83893	34.83893	49.105467	49.105467	30.083418	27.705662	39.594442		
		44.349954	46.72771	46.72771	34.83893	41.972198	22.950151	25.327906	46.72771	41.972198	20.572395	25.327906	25.327906		
		51.483223	44.349954	213.170825	27.705662	30.083418	27.705662	44.349954	46.72771	22.950151	53.86098	41.972198	51.483223		
		343.947801	429.547391	125.193707	505.635993	158.482335	194.148737	270.237115	132.326983	215.548586	179.882174	30.083418	339.192271		
		17075.652366	3596.796623	8538.145994	7006.723089	10573.747271	14535.708498	10450.087772	6916.360542	13846.037281	5220.892711	10357.343273	9803.256585		
		
32:00	24.50	25.327906	37.216686	41.972198	37.216686	34.83893	32.461174	49.105467	65.749763	68.12752	32.461174	44.349954	56.238736		
		32.461174	53.86098	51.483223	34.83893	34.83893	49.105467	27.705662	63.372006	39.594442	60.994249	53.86098	30.083418		
		51.483223	37.216686	25.327906	34.83893	37.216686	34.83893	41.972198	44.349954	63.372006	44.349954	46.72771	39.594442		
		30.083418	34.83893	30.083418	39.594442	32.461174	32.461174	39.594442	27.705662	53.86098	20.572395	44.349954	63.372006		
		25.327906	60.994249	44.349954	44.349954	34.83893	32.461174	32.461174	46.72771	39.594442	34.83893	32.461174	46.72771		
		34.83893	27.705662	165.615614	46.72771	46.72771	56.238736	39.594442	37.216686	75.260791	46.72771	49.105467	27.705662		
		272.614878	339.192271	125.193707	403.391951	146.593538	196.526498	198.904259	118.060431	170.371134	80.016306	70.505277	298.770276		
		15196.847175	2995.19985	7746.273038	5920.001321	9872.219955	12683.12238	9251.551763	6381.321232	12145.666397	4341.070827	9341.916947	8699.850744		
		
33:00	24.40	27.705662	58.616493	34.83893	25.327906	49.105467	37.216686	34.83893	32.461174	37.216686	37.216686	20.572395	46.72771		
		46.72771	53.86098	37.216686	41.972198	46.72771	44.349954	32.461174	41.972198	39.594442	49.105467	51.483223	37.216686		
		41.972198	60.994249	68.12752	20.572395	27.705662	39.594442	68.12752	39.594442	25.327906	41.972198	18.19464	30.083418		
		30.083418	30.083418	41.972198	60.994249	30.083418	49.105467	22.950151	51.483223	53.86098	56.238736	75.260791	22.950151		
		58.616493	41.972198	68.12752	25.327906	30.083418	34.83893	49.105467	32.461174	39.594442	27.705662	51.483223	60.994249		
		51.483223	37.216686	194.148737	30.083418	44.349954	49.105467	32.461174	27.705662	44.349954	46.72771	56.238736	39.594442		
		198.904259	294.014748	108.549398	353.458862	89.527335	248.837252	148.971297	89.527335	132.326983	68.12752	44.349954	184.637695		
		13377.539879	2434.030653	6490.706755	5318.387082	8514.365911	11532.114865	8259.919468	5698.854059	11115.948867	3832.205287	7689.201416	7439.513548		
		
34:00	24.50	49.105467	46.72771	37.216686	41.972198	49.105467	56.238736	58.616493	32.461174	37.216686	49.105467	41.972198	51.483223		
		51.483223	32.461174	44.349954	30.083418	56.238736	27.705662	41.972198	30.083418	30.083418	37.216686	44.349954	32.461174		
		37.216686	22.950151	25.327906	22.950151	34.83893	46.72771	58.616493	39.594442	34.83893	44.349954	32.461174	32.461174		
		56.238736	27.705662	49.105467	41.972198	22.950151	34.83893	56.238736	46.72771	44.349954	44.349954	39.594442	25.327906		
		72.883034	34.83893	58.616493	34.83893	32.461174	44.349954	46.72771	49.105467	27.705662	30.083418	32.461174	34.83893		
		65.749763	30.083418	184.637695	27.705662	30.083418	49.105467	34.83893	30.083418	44.349954	39.594442	32.461174	37.216686		
		170.371134	284.503694	158.482335	246.459489	129.949224	156.104575	175.126654	63.372006	153.726816	108.549398	68.12752	137.082501		
		11689.06946	1967.97787	5832.017929	4678.731054	7475.183196	9717.646967	6985.321424	4745.312113	9560.696238	3292.430892	6823.620138	6241.022627		
		
35:00	24.50	32.461174	39.594442	53.86098	39.594442	30.083418	44.349954	65.749763	39.594442	46.72771	41.972198	32.461174	49.105467		
		60.994249	25.327906	39.594442	30.083418	53.86098	41.972198	44.349954	30.083418	44.349954	34.83893	34.83893	27.705662		
		53.86098	27.705662	41.972198	49.105467	30.083418	44.349954	32.461174	49.105467	41.972198	32.461174	30.083418	32.461174		
		41.972198	44.349954	34.83893	27.705662	46.72771	18.19464	39.594442	63.372006	34.83893	34.83893	68.12752	53.86098		
		32.461174	39.594442	27.705662	46.72771	25.327906	34.83893	49.105467	65.749763	27.705662	27.705662	51.483223	32.461174		
		30.083418	30.083418	127.571466	32.461174	41.972198	65.749763	49.105467	53.86098	51.483223	72.883034	39.594442	49.105467		
		148.971297	203.65978	139.46026	244.081727	103.793882	108.549398	148.971297	65.749763	96.660608	60.994249	32.461174	146.593538		
		9765.207854	1749.219337	5304.119606	4074.748272	6245.778508	7929.3781	6376.565343	4274.490105	7874.684336	2705.103418	5767.813893	5201.869433		
		
36:00	24.50	41.972198	37.216686	34.83893	30.083418	44.349954	46.72771	44.349954	34.83893	37.216686	53.86098	30.083418	56.238736		
		30.083418	44.349954	32.461174	39.594442	37.216686	39.594442	18.19464	49.105467	41.972198	37.216686	32.461174	25.327906		
		46.72771	75.260791	25.327906	72.883034	41.972198	39.594442	68.12752	27.705662	41.972198	25.327906	39.594442	53.86098		
		32.461174	27.705662	34.83893	30.083418	39.594442	39.594442	25.327906	39.594442	39.594442	25.327906	22.950151	44.349954		
		25.327906	37.216686	37.216686	46.72771	49.105467	39.594442	34.83893	68.12752	53.86098	49.105467	34.83893	32.461174		
		32.461174	41.972198	194.148737	51.483223	22.950151	39.594442	44.349954	53.86098	39.594442	51.483223	75.260791	44.349954		
		177.504414	184.637695	115.682673	198.904259	106.17164	101.416124	110.927156	34.83893	94.282851	65.749763	72.883034	170.371134		
		8580.95016	1501.927802	4868.962796	3670.510373	5387.346588	7037.636616	5572.824173	3934.453711	6825.998096	2184.359182	4807.137431	4440.942013		
		
37:00	24.50	63.372006	37.216686	51.483223	27.705662	44.349954	60.994249	27.705662	34.83893	39.594442	44.349954	49.105467	30.083418		
		32.461174	30.083418	37.216686	39.594442	51.483223	25.327906	32.461174	34.83893	63.372006	37.216686	20.572395	27.705662		
		44.349954	46.72771	46.72771	22.950151	44.349954	37.216686	25.327906	32.461174	44.349954	51.483223	56.238736	56.238736		
		27.705662	44.349954	49.105467	49.105467	49.105467	32.461174	27.705662	37.216686	22.950151	25.327906	39.594442	53.86098		
		70.505277	39.594442	65.749763	53.86098	30.083418	22.950151	44.349954	46.72771	49.105467	46.72771	56.238736	22.950151		
		65.749763	44.349954	165.615614	32.461174	53.86098	32.461174	53.86098	34.83893	32.461174	34.83893	34.83893	51.483223		
		120.43819	167.993374	108.549398	137.082501	80.016306	106.17164	113.304915	44.349954	56.238736	65.749763	41.972198	134.704742		
		7284.945258	1204.70341	4077.126148	2878.685583	4866.584897	6110.236014	4866.584897	3466.014331	5817.750361	1730.196884	3943.965199	3696.666881		
		
38:00	24.50	32.461174	25.327906	37.216686	53.86098	25.327906	46.72771	53.86098	27.705662	46.72771	49.105467	30.083418	25.327906		
		30.083418	32.461174	51.483223	22.950151	18.19464	30.083418	34.83893	51.483223	34.83893	30.083418	22.950151	41.972198		
		44.349954	37.216686	49.105467	34.83893	44.349954	60.994249	27.705662	46.72771	25.327906	34.83893	34.83893	46.72771		
		51.483223	41.972198	37.216686	27.705662	41.972198	34.83893	34.83893	39.594442	49.105467	37.216686	39.594442	63.372006		
		34.83893	49.105467	32.461174	30.083418	37.216686	32.461174	22.950151	32.461174	41.972198	25.327906	39.594442	37.216686		
		25.327906	34.83893	156.104575	18.19464	51.483223	34.83893	44.349954	60.994249	22.950151	22.950151	44.349954	20.572395		
		60.994249	179.882174	91.905093	132.326983	63.372006	99.038366	101.416124	46.72771	70.505277	49.105467	34.83893	91.905093		
		6252.91233	1007.347024	3732.33486	2552.922103	4295.891045	5434.904902	3720.445532	3145.004157	4933.166111	1530.461401	3901.163512	3049.890279		
		
39:00	24.60	46.72771	34.83893	32.461174	44.349954	39.594442	37.216686	34.83893	41.972198	32.461174	51.483223	51.483223	37.216686		
		32.461174	34.83893	34.83893	46.72771	20.572395	27.705662	53.86098	44.349954	27.705662	39.594442	25.327906	49.105467		
		65.749763	30.083418	44.349954	49.105467	30.083418	49.105467	41.972198	41.972198	53.86098	27.705662	25.327906	80.016306		
		68.12752	22.950151	46.72771	32.461174	56.238736	20.572395	25.327906	41.972198	34.83893	27.705662	32.461174	58.616493		
		68.12752	46.72771	39.594442	30.083418	39.594442	37.216686	32.461174	37.216686	34.83893	53.86098	34.83893	30.083418		
		39.594442	37.216686	165.615614	46.72771	20.572395	34.83893	27.705662	56.238736	82.394063	30.083418	25.327906	25.327906		
		110.927156	72.883034	60.994249	110.927156	68.12752	63.372006	72.883034	25.327906	53.86098	60.994249	49.105467	110.927156		
		5220.892711	788.591117	3323.342984	2319.895027	3527.838661	4809.515328	3582.529454	2640.901891	4343.448711	1306.948476	2971.421415	2429.274999		
		
40:00	24.50	46.72771	27.705662	44.349954	51.483223	20.572395	32.461174	39.594442	41.972198	44.349954	53.86098	39.594442	30.083418		
		58.616493	60.994249	34.83893	60.994249	34.83893	58.616493	25.327906	37.216686	39.594442	34.83893	22.950151	25.327906		
		46.72771	37.216686	32.461174	20.572395	39.594442	53.86098	34.83893	22.950151	60.994249	37.216686	51.483223	53.86098		
		56.238736	96.660608	27.705662	44.349954	34.83893	18.19464	37.216686	25.327906	34.83893	27.705662	32.461174	22.950151		
		30.083418	37.216686	37.216686	37.216686	51.483223	32.461174	20.572395	68.12752	27.705662	39.594442	32.461174	27.705662		
		46.72771	25.327906	213.170825	41.972198	37.216686	39.594442	49.105467	49.105467	41.972198	30.083418	27.705662	53.86098		
		84.77182	134.704742	63.372006	146.593538	53.86098	115.682673	87.149578	32.461174	77.638548	34.83893	39.594442	108.549398		
		4350.582363	674.457838	2930.99809	1994.133822	3083.180124	3941.587327	2950.020829	2424.519345	3803.670867	1071.547241	2538.65512	2162.958806		
		
41:00	24.50	37.216686	41.972198	30.083418	30.083418	44.349954	49.105467	30.083418	37.216686	44.349954	25.327906	32.461174	37.216686		
		68.12752	41.972198	27.705662	32.461174	37.216686	34.83893	22.950151	25.327906	32.461174	25.327906	32.461174	34.83893		
		37.216686	39.594442	32.461174	39.594442	49.105467	27.705662	60.994249	63.372006	27.705662	56.238736	34.83893	37.216686		
		30.083418	32.461174	53.86098	34.83893	41.972198	27.705662	25.327906	39.594442	58.616493	44.349954	41.972198	41.972198		
		34.83893	34.83893	53.86098	46.72771	41.972198	56.238736	32.461174	34.83893	30.083418	49.105467	22.950151	41.972198		
		34.83893	63.372006	198.904259	25.327906	63.372006	32.461174	51.483223	37.216686	39.594442	30.083418	46.72771	27.705662		
		99.038366	103.793882	63.372006	120.43819	39.594442	118.060431	60.994249	41.972198	56.238736	34.83893	49.105467	120.43819		
		3791.781528	522.280385	2376.962819	1694.529797	2776.438509	3420.835044	2343.673269	2143.936255	2990.444163	867.057841	2279.472031	1675.507357		
		
42:00	24.50	30.083418	56.238736	39.594442	39.594442	30.083418	25.327906	32.461174	20.572395	46.72771	58.616493	39.594442	27.705662		
		46.72771	30.083418	41.972198	37.216686	44.349954	53.86098	49.105467	30.083418	18.19464	44.349954	56.238736	51.483223		
		77.638548	34.83893	51.483223	34.83893	34.83893	30.083418	53.86098	22.950151	37.216686	27.705662	41.972198	20.572395		
		51.483223	34.83893	58.616493	25.327906	30.083418	27.705662	46.72771	37.216686	56.238736	46.72771	37.216686	39.594442		
		56.238736	27.705662	34.83893	34.83893	44.349954	49.105467	58.616493	18.19464	44.349954	32.461174	51.483223	37.216686		
		30.083418	32.461174	217.926348	60.994249	37.216686	46.72771	30.083418	20.572395	44.349954	56.238736	27.705662	20.572395		
		51.483223	60.994249	63.372006	70.505277	72.883034	70.505277	58.616493	34.83893	51.483223	34.83893	44.349954	70.505277		
		3128.359221	510.391533	2531.521629	1561.372812	2398.363252	3090.313664	2077.357361	1906.154746	2648.035391	752.92445	2048.823566	1468.638615		
		
43:00	24.50	44.349954	34.83893	51.483223	53.86098	20.572395	46.72771	32.461174	44.349954	22.950151	25.327906	27.705662	68.12752		
		41.972198	22.950151	34.83893	46.72771	46.72771	27.705662	39.594442	32.461174	30.083418	39.594442	37.216686	22.950151		
		30.083418	34.83893	49.105467	25.327906	60.994249	44.349954	37.216686	22.950151	25.327906	56.238736	39.594442	34.83893		
		25.327906	37.216686	27.705662	34.83893	39.594442	41.972198	44.349954	39.594442	49.105467	37.216686	39.594442	49.105467		
		22.950151	32.461174	34.83893	49.105467	30.083418	34.83893	25.327906	56.238736	44.349954	37.216686	25.327906	41.972198		
		41.972198	25.327906	220.304109	37.216686	46.72771	39.594442	34.83893	41.972198	49.105467	34.83893	32.461174	32.461174		
		63.372006	91.905093	72.883034	63.372006	58.616493	65.749763	41.972198	34.83893	41.972198	30.083418	30.083418	94.282851		
		2517.25465	401.014184	2027.423227	1221.347947	2044.067935	2652.791058	1782.50864	1692.151992	2348.428918	748.168895	1668.373943	1237.992487		
		
44:00	24.50	44.349954	27.705662	34.83893	44.349954	20.572395	30.083418	37.216686	37.216686	32.461174	37.216686	53.86098	27.705662		
		32.461174	37.216686	30.083418	32.461174	20.572395	37.216686	27.705662	27.705662	60.994249	30.083418	34.83893	60.994249		
		34.83893	46.72771	20.572395	44.349954	37.216686	39.594442	27.705662	44.349954	37.216686	44.349954	49.105467	68.12752		
		37.216686	30.083418	27.705662	20.572395	53.86098	53.86098	46.72771	32.461174	53.86098	32.461174	37.216686	20.572395		
		37.216686	51.483223	39.594442	39.594442	56.238736	30.083418	32.461174	30.083418	56.238736	39.594442	39.594442	30.083418		
		44.349954	30.083418	167.993374	22.950151	51.483223	34.83893	32.461174	37.216686	32.461174	34.83893	34.83893	37.216686		
		56.238736	77.638548	44.349954	77.638548	58.616493	39.594442	53.86098	32.461174	80.016306	34.83893	51.483223	63.372006		
		2365.073693	343.947801	1908.532557	974.058043	1744.463723	2212.893025	1547.106006	1644.595902	2146.314074	641.168995	1468.638615	952.657991		
		
45:00	24.50	44.349954	39.594442	39.594442	58.616493	39.594442	34.83893	51.483223	46.72771	25.327906	41.972198	51.483223	41.972198		
		32.461174	27.705662	44.349954	37.216686	32.461174	46.72771	34.83893	32.461174	25.327906	30.083418	34.83893	63.372006		
		53.86098	39.594442	25.327906	30.083418	27.705662	37.216686	56.238736	34.83893	41.972198	37.216686	32.461174	32.461174		
		41.972198	37.216686	44.349954	41.972198	53.86098	58.616493	41.972198	32.461174	27.705662	39.594442	34.83893	30.083418		
		41.972198	30.083418	44.349954	32.461174	41.972198	49.105467	27.705662	37.216686	30.083418	49.105467	30.083418	39.594442		
		27.705662	46.72771	160.860094	44.349954	32.461174	22.950151	34.83893	49.105467	34.83893	80.016306	39.594442	25.327906		
		60.994249	80.016306	56.238736	70.505277	96.660608	60.994249	70.505277	41.972198	58.616493	25.327906	51.483223	65.749763		
		1937.066302	332.058976	1608.928853	936.013511	1523.328001	1913.288181	1459.127421	1306.948476	1965.600057	543.680322	1378.282321	867.057841		
		
46:00	24.60	32.461174	53.86098	44.349954	18.19464	34.83893	46.72771	30.083418	25.327906	39.594442	32.461174	34.83893	27.705662		
		22.950151	46.72771	34.83893	27.705662	37.216686	32.461174	56.238736	44.349954	44.349954	44.349954	34.83893	34.83893		
		56.238736	27.705662	30.083418	27.705662	34.83893	20.572395	70.505277	37.216686	30.083418	27.705662	37.216686	58.616493		
		41.972198	30.083418	39.594442	46.72771	44.349954	39.594442	34.83893	32.461174	41.972198	56.238736	30.083418	32.461174		
		41.972198	37.216686	53.86098	58.616493	39.594442	44.349954	32.461174	37.216686	56.238736	37.216686	44.349954	37.216686		
		25.327906	44.349954	172.748894	44.349954	34.83893	27.705662	37.216686	22.950151	27.705662	25.327906	37.216686	27.705662		
		37.216686	77.638548	58.616493	56.238736	101.416124	49.105467	56.238736	39.594442	51.483223	46.72771	30.083418	84.77182		
		1746.84153	220.304109	1618.440064	871.813403	1280.792749	1670.751748	1228.481321	1311.704064	1644.595902	458.080609	1295.059508	674.457838		
		
47:00	24.60	77.638548	41.972198	63.372006	56.238736	63.372006	20.572395	63.372006	56.238736	32.461174	32.461174	37.216686	37.216686		
		32.461174	37.216686	41.972198	34.83893	39.594442	72.883034	46.72771	53.86098	22.950151	39.594442	44.349954	30.083418		
		25.327906	65.749763	27.705662	39.594442	22.950151	34.83893	44.349954	41.972198	41.972198	70.505277	32.461174	39.594442		
		56.238736	32.461174	49.105467	39.594442	27.705662	60.994249	49.105467	41.972198	25.327906	30.083418	46.72771	41.972198		
		51.483223	37.216686	49.105467	49.105467	41.972198	53.86098	32.461174	44.349954	27.705662	44.349954	56.238736	30.083418		
		51.483223	25.327906	191.770977	53.86098	37.216686	30.083418	34.83893	46.72771	34.83893	27.705662	65.749763	46.72771		
		75.260791	63.372006	44.349954	65.749763	56.238736	46.72771	56.238736	75.260791	56.238736	32.461174	46.72771	34.83893		
		1554.239409	198.904259	1399.682487	769.568892	1147.636453	1668.373943	1021.613735	1268.903785	1349.748775	422.414089	993.080316	598.369075		
		
48:00	24.50	27.705662	20.572395	51.483223	34.83893	27.705662	39.594442	41.972198	46.72771	30.083418	46.72771	25.327906	41.972198		
		51.483223	27.705662	77.638548	32.461174	75.260791	56.238736	39.594442	41.972198	41.972198	34.83893	27.705662	25.327906		
		65.749763	53.86098	20.572395	18.19464	27.705662	44.349954	41.972198	44.349954	34.83893	37.216686	49.105467	44.349954		
		27.705662	53.86098	51.483223	18.19464	32.461174	41.972198	37.216686	51.483223	49.105467	25.327906	39.594442	41.972198		
		41.972198	22.950151	30.083418	49.105467	34.83893	34.83893	41.972198	37.216686	41.972198	39.594442	41.972198	44.349954		
		63.372006	30.083418	160.860094	30.083418	22.950151	37.216686	60.994249	32.461174	32.461174	41.972198	39.594442	34.83893		
		37.216686	77.638548	82.394063	70.505277	82.394063	41.972198	27.705662	34.83893	30.083418	30.083418	72.883034	72.883034		
		1368.771138	187.015455	1183.303297	648.302317	950.280208	1585.150829	888.45787	1092.947325	1406.815876	353.458862	888.45787	484.236067		
		
49:00	24.60	32.461174	37.216686	44.349954	39.594442	22.950151	30.083418	32.461174	27.705662	39.594442	60.994249	30.083418	30.083418		
		51.483223	39.594442	37.216686	32.461174	37.216686	65.749763	60.994249	46.72771	44.349954	37.216686	44.349954	34.83893		
		37.216686	27.705662	56.238736	41.972198	44.349954	39.594442	20.572395	44.349954	30.083418	53.86098	39.594442	27.705662		
		49.105467	68.12752	77.638548	49.105467	32.461174	27.705662	27.705662	32.461174	39.594442	37.216686	37.216686	51.483223		
		51.483223	46.72771	37.216686	32.461174	68.12752	37.216686	39.594442	32.461174	51.483223	20.572395	34.83893	41.972198		
		44.349954	32.461174	187.015455	39.594442	53.86098	32.461174	34.83893	72.883034	41.972198	32.461174	51.483223	34.83893		
		27.705662	39.594442	75.260791	63.372006	39.594442	51.483223	41.972198	32.461174	39.594442	32.461174	53.86098	51.483223		
		1164.280978	177.504414	1173.792137	669.702288	936.013511	1547.106006	867.057841	928.880163	1166.658768	348.703331	757.680004	572.21358		
		
~End
Original Filename: ch_100_05-08-19-121659_1722_1949_2005_2010_1665_1288_ptada_pta.pda   Date Last Saved: 5/8/2019
