##BLOCKS= 1          
Plate:	Plate#1	1.3	PlateFormat	Kinetic	Luminescence	Raw	FALSE	50	3000	60				1	450	1	12	96	405	Automatic	435			6	Automatic			1	8	None	
Time(hh:mm:ss)	Temperature(¡C)	1	2	3	4	5	6	7	8	9	10	11	12		
0:00	23.00	1071.547241	534.169238	339.192271	324.925682	189.393216	215.548586	96.660608	175.126654	141.838019	77.638548	101.416124	89.527335		
		928.880163	584.10244	225.059632	320.170153	189.393216	194.148737	156.104575	367.725456	108.549398	108.549398	867.057841	70.505277		
		966.924692	386.747585	277.370404	267.859352	206.037541	194.148737	80.016306	139.46026	101.416124	82.394063	115.682673	77.638548		
		881.324526	360.592158	439.058463	182.259935	113.304915	151.349056	189.393216	94.282851	89.527335	77.638548	94.282851	80.016306		
		693.480039	458.080609	332.058976	206.037541	163.237854	201.28202	151.349056	127.571466	141.838019	68.12752	84.77182	122.815948		
		767.191115	529.413696	348.703331	196.526498	175.126654	165.615614	125.193707	129.949224	84.77182	91.905093	101.416124	108.549398		
		712.502246	391.503118	315.414624	251.215014	217.926348	189.393216	99.038366	129.949224	91.905093	115.682673	75.260791	77.638548		
		819.502241	427.169624	415.280787	263.103827	160.860094	137.082501	172.748894	165.615614	118.060431	99.038366	87.149578	84.77182		
		
1:00	23.20	56.238736	75.260791	103.793882	89.527335	89.527335	80.016306	68.12752	34.83893	44.349954	51.483223	53.86098	60.994249		
		60.994249	49.105467	49.105467	82.394063	68.12752	103.793882	84.77182	225.059632	51.483223	72.883034	802.857788	101.416124		
		60.994249	80.016306	70.505277	56.238736	49.105467	37.216686	39.594442	51.483223	56.238736	58.616493	77.638548	30.083418		
		77.638548	58.616493	68.12752	103.793882	58.616493	51.483223	51.483223	65.749763	68.12752	91.905093	60.994249	91.905093		
		115.682673	58.616493	84.77182	72.883034	44.349954	56.238736	70.505277	82.394063	56.238736	39.594442	56.238736	70.505277		
		65.749763	82.394063	63.372006	63.372006	87.149578	63.372006	60.994249	60.994249	94.282851	60.994249	46.72771	60.994249		
		65.749763	96.660608	65.749763	89.527335	65.749763	44.349954	91.905093	77.638548	51.483223	96.660608	96.660608	63.372006		
		84.77182	94.282851	60.994249	72.883034	65.749763	77.638548	91.905093	72.883034	68.12752	34.83893	72.883034	82.394063		
		
2:00	23.40	53.86098	60.994249	167.993374	51.483223	60.994249	68.12752	72.883034	146.593538	80.016306	44.349954	41.972198	51.483223		
		32.461174	75.260791	56.238736	53.86098	58.616493	41.972198	65.749763	191.770977	46.72771	46.72771	246.459489	46.72771		
		41.972198	49.105467	51.483223	94.282851	65.749763	68.12752	44.349954	75.260791	56.238736	53.86098	51.483223	37.216686		
		80.016306	72.883034	53.86098	49.105467	58.616493	51.483223	39.594442	41.972198	34.83893	37.216686	49.105467	84.77182		
		58.616493	75.260791	89.527335	70.505277	77.638548	37.216686	41.972198	58.616493	46.72771	46.72771	77.638548	51.483223		
		53.86098	70.505277	89.527335	53.86098	53.86098	46.72771	65.749763	46.72771	49.105467	77.638548	68.12752	65.749763		
		44.349954	37.216686	53.86098	70.505277	37.216686	75.260791	44.349954	49.105467	44.349954	84.77182	49.105467	41.972198		
		72.883034	91.905093	75.260791	60.994249	39.594442	34.83893	53.86098	32.461174	44.349954	51.483223	39.594442	34.83893		
		
3:00	23.50	246.459489	645.924543	429.547391	153.726816	206.037541	251.215014	365.34769	2036.934488	579.346896	267.859352	265.48159	194.148737		
		34.83893	89.527335	53.86098	37.216686	46.72771	58.616493	44.349954	137.082501	75.260791	53.86098	46.72771	44.349954		
		30.083418	46.72771	34.83893	32.461174	44.349954	46.72771	41.972198	63.372006	46.72771	32.461174	56.238736	49.105467		
		34.83893	39.594442	46.72771	72.883034	41.972198	37.216686	34.83893	46.72771	51.483223	32.461174	37.216686	56.238736		
		201.28202	39.594442	503.258224	99.038366	46.72771	58.616493	77.638548	53.86098	84.77182	49.105467	101.416124	403.391951		
		34.83893	34.83893	37.216686	30.083418	58.616493	51.483223	44.349954	37.216686	39.594442	51.483223	58.616493	68.12752		
		41.972198	46.72771	39.594442	58.616493	58.616493	32.461174	44.349954	37.216686	37.216686	46.72771	41.972198	37.216686		
		108.549398	72.883034	103.793882	39.594442	60.994249	77.638548	87.149578	58.616493	32.461174	65.749763	37.216686	30.083418		
		
4:00	23.60	1694.529797	3218.717491	2108.268984	809.991125	448.569535	1183.303297	1066.791668	8083.947634	3996.278402	1425.838252	902.724559	1589.906433		
		44.349954	177.504414	70.505277	49.105467	72.883034	37.216686	37.216686	137.082501	44.349954	137.082501	91.905093	56.238736		
		41.972198	65.749763	44.349954	51.483223	41.972198	44.349954	44.349954	37.216686	63.372006	37.216686	39.594442	37.216686		
		49.105467	80.016306	65.749763	65.749763	34.83893	32.461174	39.594442	46.72771	44.349954	20.572395	37.216686	87.149578		
		686.346713	232.192917	2869.174222	182.259935	120.43819	465.213915	681.591163	964.546908	431.925159	379.614286	964.546908	3884.518418		
		37.216686	63.372006	96.660608	30.083418	44.349954	32.461174	46.72771	25.327906	41.972198	32.461174	32.461174	20.572395		
		60.994249	49.105467	32.461174	51.483223	25.327906	44.349954	22.950151	53.86098	44.349954	41.972198	39.594442	32.461174		
		77.638548	99.038366	743.413341	146.593538	122.815948	68.12752	1915.665993	914.613469	170.371134	82.394063	75.260791	49.105467		
		
5:00	23.70	4576.48168	6578.690872	5972.315816	2664.680228	1023.99152	2657.546726	2117.780254	15448.937461	8129.129555	3299.564451	1863.354149	4134.195194		
		80.016306	619.769032	63.372006	58.616493	120.43819	41.972198	60.994249	163.237854	56.238736	260.726064	91.905093	70.505277		
		34.83893	49.105467	41.972198	53.86098	41.972198	37.216686	51.483223	58.616493	25.327906	70.505277	27.705662	56.238736		
		41.972198	60.994249	41.972198	58.616493	25.327906	39.594442	32.461174	49.105467	37.216686	27.705662	46.72771	72.883034		
		2833.506627	1927.555053	9001.85902	733.902234	565.080264	3121.225677	4959.323032	5725.01123	2541.03295	1627.951277	3627.708833	9334.78285		
		32.461174	46.72771	156.104575	32.461174	32.461174	18.19464	60.994249	49.105467	44.349954	49.105467	37.216686	44.349954		
		30.083418	56.238736	34.83893	46.72771	37.216686	34.83893	46.72771	49.105467	49.105467	58.616493	49.105467	63.372006		
		113.304915	163.237854	2483.965041	1104.836263	422.414089	320.170153	6412.234517	6697.58848	1473.394212	393.880884	146.593538	405.769718		
		
6:00	23.70	6904.47074	9170.698789	11769.924978	4921.276605	1509.061201	4778.602663	3482.659338	21235.341294	11648.641732	5028.282228	3095.069357	6778.438955		
		63.372006	1276.037164	91.905093	63.372006	175.126654	68.12752	118.060431	279.748168	99.038366	439.058463	187.015455	134.704742		
		34.83893	75.260791	44.349954	51.483223	39.594442	58.616493	56.238736	44.349954	44.349954	46.72771	51.483223	34.83893		
		41.972198	32.461174	51.483223	39.594442	39.594442	25.327906	34.83893	56.238736	30.083418	77.638548	44.349954	60.994249		
		7946.024035	5427.771153	17584.602125	1953.710991	1352.12657	7567.924354	11218.206597	12904.288943	5044.92756	4003.412023	8064.923675	13515.47284		
		34.83893	49.105467	103.793882	44.349954	27.705662	56.238736	51.483223	58.616493	58.616493	46.72771	44.349954	37.216686		
		39.594442	87.149578	51.483223	30.083418	44.349954	37.216686	37.216686	46.72771	37.216686	34.83893	80.016306	37.216686		
		562.702492	729.14668	5558.556651	6642.895559	1023.99152	1913.288181	10999.422775	16155.270135	5194.735704	1563.750614	802.857788	2498.232014		
		
7:00	23.80	9560.696238	11032.715927	17475.201436	8088.703625	2426.897172	6783.194868	4647.818439	24874.354534	14737.854636	6483.572912	4364.849669	9158.808653		
		101.416124	2115.402437	129.949224	132.326983	374.858753	151.349056	215.548586	448.569535	156.104575	738.657787	398.636418	165.615614		
		37.216686	39.594442	32.461174	34.83893	34.83893	32.461174	53.86098	56.238736	49.105467	39.594442	51.483223	39.594442		
		41.972198	46.72771	49.105467	53.86098	27.705662	34.83893	56.238736	44.349954	32.461174	75.260791	53.86098	60.994249		
		13467.909723	8868.689876	21903.670538	3813.182339	2472.075898	11919.745712	16659.45754	17770.107982	7446.647476	6072.189039	11441.747207	15277.706237		
		30.083418	27.705662	122.815948	18.19464	34.83893	39.594442	53.86098	60.994249	65.749763	46.72771	44.349954	27.705662		
		34.83893	30.083418	68.12752	53.86098	30.083418	41.972198	34.83893	34.83893	25.327906	34.83893	27.705662	63.372006		
		2217.648666	1789.642064	8835.397624	15280.084446	2362.695867	6319.494698	14811.578649	24524.716665	9736.671318	4540.813324	2919.108881	6866.423388		
		
8:00	23.90	11529.736767	12010.11391	21378.044579	11280.036916	3045.134588	8428.757671	6038.897951	26729.601434	17406.231514	7408.599866	5686.964439	11056.496758		
		77.638548	2781.194184	175.126654	303.525804	655.43564	282.125931	315.414624	498.502684	367.725456	893.213433	600.746848	289.259221		
		34.83893	18.19464	51.483223	56.238736	27.705662	51.483223	20.572395	49.105467	32.461174	49.105467	34.83893	53.86098		
		68.12752	30.083418	56.238736	41.972198	39.594442	51.483223	44.349954	30.083418	34.83893	27.705662	27.705662	25.327906		
		17544.171418	11410.831979	23925.341015	5884.332366	3211.58394	15203.981795	21922.697786	20721.611577	8723.630882	8238.517467	13113.565394	16131.487788		
		53.86098	41.972198	87.149578	20.572395	49.105467	32.461174	37.216686	27.705662	32.461174	53.86098	30.083418	37.216686		
		37.216686	22.950151	58.616493	41.972198	27.705662	27.705662	39.594442	49.105467	44.349954	30.083418	41.972198	56.238736		
		4538.435435	3052.268125	10523.807835	23287.914693	4091.393405	10402.526477	16856.852531	29319.883468	13948.2985	8359.795545	6105.480141	11337.111099		
		
9:00	23.90	13327.598694	12702.147437	22191.458159	13822.255621	3765.624989	10209.903522	7280.189316	28758.52965	19109.092497	8250.407467	6771.305086	12649.828542		
		146.593538	3418.457187	220.304109	555.569178	710.12447	522.280385	491.369375	710.12447	576.969124	1473.394212	831.391139	324.925682		
		51.483223	39.594442	58.616493	63.372006	39.594442	49.105467	39.594442	25.327906	30.083418	44.349954	32.461174	56.238736		
		32.461174	27.705662	65.749763	25.327906	27.705662	22.950151	44.349954	39.594442	58.616493	30.083418	44.349954	77.638548		
		18642.942593	12978.011267	24481.90397	7154.156939	4507.522874	16887.769862	24374.872331	21104.530174	9708.134792	9677.220234	14354.966501	15242.033111		
		44.349954	37.216686	101.416124	58.616493	37.216686	25.327906	60.994249	41.972198	39.594442	37.216686	32.461174	25.327906		
		41.972198	49.105467	49.105467	32.461174	44.349954	34.83893	49.105467	30.083418	63.372006	46.72771	53.86098	49.105467		
		7225.495996	4115.172174	11522.602475	28832.266579	5877.198577	14369.235591	19116.227466	30392.651082	17351.531273	11301.43973	9648.68373	13962.567518		
		
10:00	24.00	14906.706507	13256.254197	22303.243712	15287.219073	4402.895832	11517.84628	7839.01451	29593.425951	20669.287439	8316.991497	7743.895053	14102.87966		
		170.371134	3855.983979	272.614878	714.880022	1278.414956	802.857788	524.658155	660.191189	817.124462	1544.728205	1095.325112	410.525252		
		41.972198	63.372006	41.972198	37.216686	63.372006	46.72771	39.594442	32.461174	34.83893	53.86098	34.83893	41.972198		
		37.216686	46.72771	37.216686	44.349954	56.238736	34.83893	41.972198	22.950151	41.972198	68.12752	44.349954	65.749763		
		17318.235492	13860.306281	21975.022744	7513.230837	5268.450926	18031.719536	23207.047537	19218.495419	9850.817523	10131.427637	15051.77671	13719.994563		
		37.216686	34.83893	68.12752	49.105467	37.216686	37.216686	60.994249	51.483223	32.461174	39.594442	60.994249	46.72771		
		53.86098	34.83893	39.594442	32.461174	34.83893	37.216686	51.483223	58.616493	72.883034	63.372006	32.461174	46.72771		
		9850.817523	5111.508923	12017.248245	31039.6487	7969.803949	16295.586122	18545.431987	30302.262125	19085.309273	13634.380755	12440.553304	15498.879971		
		
11:00	24.10	15831.83083	13945.920331	20842.908574	17163.648121	4966.456739	12245.547325	8426.379666	29531.581482	21021.286845	8799.72737	8745.033012	14559.49037		
		179.882174	4317.291991	362.969924	933.635728	1499.550002	1133.369721	909.857905	786.213339	1092.947325	1739.70811	1302.192889	351.081096		
		53.86098	25.327906	27.705662	30.083418	32.461174	34.83893	58.616493	49.105467	53.86098	34.83893	32.461174	34.83893		
		44.349954	44.349954	34.83893	65.749763	30.083418	46.72771	46.72771	39.594442	30.083418	37.216686	51.483223	58.616493		
		14683.156219	14060.07254	17877.130787	7910.354178	5829.64	16478.710746	20695.449504	16840.204741	8790.215305	9106.492074	14435.824712	12017.248245		
		27.705662	49.105467	56.238736	39.594442	53.86098	32.461174	34.83893	51.483223	44.349954	27.705662	39.594442	30.083418		
		46.72771	34.83893	39.594442	27.705662	22.950151	25.327906	22.950151	32.461174	41.972198	22.950151	70.505277	39.594442		
		11534.492962	6174.440324	12312.134679	31681.894156	9446.550446	17658.32876	16787.883141	27676.269629	20545.61234	14735.476443	13957.811178	15146.904854		
		
12:00	24.10	16673.727041	13532.119937	18200.578358	18202.956653	5232.782262	13244.363454	9258.685852	29581.53278	22612.438609	9327.648753	9384.721544	15196.847175		
		234.570679	4295.891045	393.880884	1321.21524	1711.174435	1421.082658	1097.7029	969.302476	1497.172203	1777.753025	1566.128415	458.080609		
		34.83893	70.505277	56.238736	32.461174	41.972198	37.216686	46.72771	34.83893	49.105467	37.216686	53.86098	39.594442		
		44.349954	34.83893	34.83893	46.72771	56.238736	25.327906	51.483223	44.349954	58.616493	44.349954	32.461174	53.86098		
		11475.040543	12825.810415	13867.440781	7551.278497	5981.827546	14545.221246	17192.187306	13356.13651	7653.531673	7967.425958	13175.397177	9489.355099		
		34.83893	56.238736	56.238736	27.705662	46.72771	44.349954	53.86098	44.349954	25.327906	41.972198	37.216686	37.216686		
		53.86098	41.972198	44.349954	44.349954	39.594442	22.950151	58.616493	60.994249	34.83893	39.594442	25.327906	51.483223		
		11967.307909	6252.91233	11534.492962	30116.727218	9955.451688	17529.901762	14117.148706	25706.831798	20191.236672	15486.988894	14364.479227	14954.270479		
		
13:00	24.20	17170.782916	13484.556811	16711.779056	18771.371377	5387.346588	13553.523353	10045.817667	29210.466737	22643.358164	9135.028386	9731.91523	16005.441471		
		355.836627	4062.858893	446.191767	1330.726417	2174.847903	1371.148933	1471.016414	940.769076	1642.218098	1808.664531	1777.753025	522.280385		
		32.461174	80.016306	53.86098	46.72771	41.972198	30.083418	25.327906	34.83893	20.572395	41.972198	41.972198	49.105467		
		49.105467	37.216686	56.238736	68.12752	63.372006	27.705662	34.83893	34.83893	39.594442	32.461174	30.083418	20.572395		
		8892.470064	11584.433029	10592.771826	7154.156939	5694.098211	12994.658253	13301.439038	9943.561435	6217.243227	6609.604233	11444.125302	7194.582396		
		25.327906	51.483223	32.461174	63.372006	27.705662	41.972198	72.883034	51.483223	49.105467	44.349954	41.972198	51.483223		
		34.83893	44.349954	30.083418	37.216686	37.216686	34.83893	46.72771	70.505277	32.461174	65.749763	39.594442	39.594442		
		12324.025283	7344.394565	10576.12534	28185.286805	10542.832378	17042.356701	11924.501931	22479.246815	18654.834138	15047.020305	14269.352013	13467.909723		
		
14:00	24.20	17237.374369	13865.062614	14245.570227	18573.971664	5789.215232	13938.785823	10412.038734	28037.814206	23720.793209	8771.191179	10578.503409	16450.171816		
		313.03686	3641.97601	448.569535	1387.793505	2055.957014	1347.37098	1513.8168	840.902258	1801.531106	1665.996139	1758.730565	508.013763		
		32.461174	122.815948	56.238736	41.972198	30.083418	32.461174	53.86098	44.349954	27.705662	56.238736	65.749763	49.105467		
		39.594442	30.083418	37.216686	46.72771	27.705662	25.327906	39.594442	30.083418	30.083418	44.349954	32.461174	56.238736		
		6100.724268	10661.735876	7596.460117	6221.999106	4997.369478	10321.672341	9926.915084	7108.975569	5063.950801	4887.985995	9888.866295	5672.696897		
		25.327906	32.461174	70.505277	53.86098	30.083418	37.216686	37.216686	46.72771	39.594442	39.594442	63.372006	30.083418		
		39.594442	44.349954	53.86098	44.349954	63.372006	49.105467	39.594442	41.972198	44.349954	87.149578	46.72771	58.616493		
		12131.397704	7187.448491	9529.781736	25628.340715	10243.196346	16000.68501	10307.403972	19356.438447	17584.602125	13900.735126	14297.890166	12307.378437		
		
15:00	24.30	16542.923376	13491.691278	12338.294011	19442.058377	5836.773785	14333.56287	10414.416798	28473.097015	23102.396046	8794.971338	10307.403972	16383.581019		
		339.192271	2988.066319	541.302551	1425.838252	2246.182521	1321.21524	1768.241794	798.102231	1951.333178	1504.305601	1689.774186	531.791467		
		41.972198	153.726816	39.594442	39.594442	60.994249	46.72771	39.594442	60.994249	37.216686	32.461174	41.972198	63.372006		
		68.12752	25.327906	46.72771	49.105467	60.994249	37.216686	46.72771	32.461174	30.083418	58.616493	27.705662	41.972198		
		4683.486843	8911.49422	5220.892711	5499.108671	4474.232436	8212.359474	7215.984118	4997.369478	3748.979923	3656.24319	8031.631758	4155.596096		
		49.105467	30.083418	41.972198	49.105467	51.483223	32.461174	53.86098	37.216686	34.83893	65.749763	25.327906	44.349954		
		30.083418	27.705662	51.483223	49.105467	22.950151	41.972198	56.238736	37.216686	44.349954	91.905093	27.705662	49.105467		
		11089.789934	7353.906458	8034.009752	22417.407843	9451.306518	14209.897562	8466.805767	15643.951246	15838.965507	13265.766793	13004.170817	10607.040245		
		
16:00	24.30	16060.140792	13406.077714	10530.942038	18312.358337	5991.339278	14090.988791	10252.708583	26663.002083	23623.276416	8809.239437	10362.099399	16671.34879		
		353.458862	2783.572021	562.702492	1428.21605	2034.556673	1233.236904	1696.907602	902.724559	1713.552241	1311.704064	1734.952497	458.080609		
		58.616493	165.615614	56.238736	34.83893	46.72771	58.616493	63.372006	46.72771	22.950151	34.83893	41.972198	34.83893		
		27.705662	44.349954	27.705662	53.86098	25.327906	65.749763	51.483223	60.994249	39.594442	27.705662	39.594442	51.483223		
		3161.649098	7976.937925	3934.453711	4300.64681	3504.060067	6188.707956	4821.404818	3387.545059	2821.617432	2600.478733	6699.966434	2807.350401		
		65.749763	30.083418	68.12752	60.994249	27.705662	53.86098	34.83893	51.483223	51.483223	32.461174	44.349954	27.705662		
		44.349954	46.72771	34.83893	39.594442	41.972198	30.083418	56.238736	46.72771	39.594442	72.883034	27.705662	56.238736		
		9953.073637	7263.543519	6830.754012	20062.805609	8452.537729	13094.54024	6512.108288	13094.54024	13427.481096	12281.219114	11715.228589	8535.767985		
		
17:00	24.30	15898.421169	12901.910805	8585.70618	18395.598848	6105.480141	14295.511986	10404.904541	25985.118986	22800.334553	8160.043515	9767.585899	16352.663882		
		441.436231	2065.468279	508.013763	1195.192248	2208.137384	983.569179	1734.952497	595.991302	1739.70811	1130.991932	1604.173248	417.658554		
		32.461174	158.482335	27.705662	25.327906	51.483223	37.216686	37.216686	37.216686	32.461174	39.594442	30.083418	56.238736		
		32.461174	49.105467	51.483223	22.950151	34.83893	25.327906	51.483223	27.705662	46.72771	37.216686	46.72771	60.994249		
		2086.868628	6704.722343	2571.944752	3810.804471	3014.222604	4657.330012	3668.132509	2291.361145	2258.07163	2108.268984	5232.782262	2044.067935		
		68.12752	53.86098	46.72771	44.349954	70.505277	27.705662	30.083418	37.216686	37.216686	41.972198	51.483223	39.594442		
		51.483223	51.483223	39.594442	34.83893	41.972198	20.572395	39.594442	32.461174	70.505277	84.77182	53.86098	63.372006		
		9322.892689	6659.541226	5601.359224	16393.093987	7610.728002	10840.091455	5323.142908	10288.379485	11888.8303	10697.40696	10302.64785	7016.234942		
		
18:00	24.30	15170.686908	12209.87555	7598.838097	17199.322103	5967.559952	13739.019867	10319.294279	24065.670626	22134.376234	7413.355816	9617.769194	16231.37369		
		512.769304	1644.595902	458.080609	936.013511	1841.953859	717.257798	1670.751748	588.857985	1468.638615	943.146859	1523.328001	370.103221		
		22.950151	115.682673	32.461174	44.349954	25.327906	53.86098	53.86098	44.349954	25.327906	22.950151	39.594442	49.105467		
		22.950151	32.461174	68.12752	65.749763	53.86098	27.705662	44.349954	27.705662	37.216686	46.72771	22.950151	41.972198		
		1530.461401	5230.404351	2098.757714	3116.469982	2179.603542	3323.342984	2686.080738	1551.861608	1811.04234	1494.794403	4136.573071	1499.550002		
		39.594442	34.83893	65.749763	44.349954	30.083418	30.083418	56.238736	58.616493	44.349954	51.483223	34.83893	39.594442		
		37.216686	56.238736	49.105467	18.19464	49.105467	32.461174	41.972198	51.483223	56.238736	75.260791	53.86098	63.372006		
		7632.129834	6378.943287	4305.402576	13318.086091	6659.541226	9372.831376	4160.351853	8133.885548	9613.013113	9063.687627	8599.974242	5380.212843		
		
19:00	24.40	14897.193716	12250.303562	6647.651463	16904.417661	6081.700781	14131.417753	10523.807835	23658.953278	21603.991966	7168.424745	9422.770094	16176.674252		
		569.835808	1385.415709	417.658554	750.546672	1554.239409	579.346896	1449.616229	643.546769	1230.859112	886.080089	1192.814458	286.881458		
		39.594442	82.394063	34.83893	22.950151	60.994249	34.83893	53.86098	60.994249	56.238736	32.461174	65.749763	49.105467		
		37.216686	34.83893	68.12752	49.105467	51.483223	22.950151	51.483223	37.216686	41.972198	34.83893	53.86098	30.083418		
		1092.947325	4631.17319	1544.728205	2640.901891	1870.48758	2533.89946	1982.244752	1104.836263	1478.14981	1135.747509	3178.294042	1130.991932		
		37.216686	58.616493	51.483223	34.83893	41.972198	51.483223	51.483223	58.616493	51.483223	27.705662	22.950151	51.483223		
		39.594442	60.994249	41.972198	30.083418	37.216686	37.216686	32.461174	41.972198	39.594442	89.527335	25.327906	41.972198		
		6466.927281	5491.974916	3520.705082	11115.948867	5691.720287	7097.085739	3290.05304	6288.581449	7884.196292	7732.005128	7011.479016	4020.057142		
		
20:00	24.40	14029.156301	11496.443409	5273.206749	16217.104268	6138.771256	13325.220543	9865.085811	21420.855614	20096.102531	6433.636029	9025.639248	16523.897406		
		498.502684	997.835885	429.547391	629.280126	1349.748775	455.70284	1387.793505	401.014184	966.924692	629.280126	1138.125298	255.970539		
		44.349954	70.505277	25.327906	41.972198	32.461174	41.972198	53.86098	39.594442	51.483223	41.972198	44.349954	27.705662		
		41.972198	34.83893	60.994249	49.105467	41.972198	22.950151	22.950151	34.83893	46.72771	51.483223	37.216686	53.86098		
		817.124462	3630.086695	1002.591455	2281.849854	1404.43808	1723.063465	1180.925507	712.502246	1083.436176	976.435827	2162.958806	674.457838		
		41.972198	63.372006	49.105467	37.216686	34.83893	32.461174	41.972198	39.594442	34.83893	41.972198	34.83893	46.72771		
		41.972198	32.461174	34.83893	44.349954	87.149578	30.083418	75.260791	41.972198	27.705662	94.282851	37.216686	53.86098		
		5634.65013	4992.613671	2826.37311	8923.384319	4440.942013	6081.700781	2650.413225	4838.050107	6262.424093	6400.34479	5482.463244	3180.671891		
		
21:00	24.40	13265.766793	11044.606342	4619.283728	14980.430676	5886.710296	12678.366117	9496.48921	20357.721689	18776.128003	6226.754986	8464.42776	16022.089086		
		584.10244	776.702226	327.303446	498.502684	1199.947829	315.414624	1211.836783	260.726064	926.50238	472.347221	983.569179	217.926348		
		27.705662	82.394063	39.594442	32.461174	37.216686	25.327906	27.705662	39.594442	37.216686	30.083418	39.594442	51.483223		
		72.883034	41.972198	70.505277	41.972198	46.72771	44.349954	32.461174	34.83893	32.461174	53.86098	30.083418	49.105467		
		572.21358	2716.992595	919.369033	1604.173248	976.435827	1276.037164	814.746683	450.947303	790.968895	788.591117	1604.173248	534.169238		
		41.972198	72.883034	82.394063	27.705662	34.83893	41.972198	44.349954	39.594442	63.372006	44.349954	32.461174	41.972198		
		44.349954	32.461174	37.216686	44.349954	27.705662	34.83893	30.083418	63.372006	44.349954	65.749763	37.216686	60.994249		
		4643.062653	4478.988212	2191.492642	6721.368023	3637.220284	4395.762175	2170.092264	3603.930209	4997.369478	4876.096495	4550.324884	2324.650674		
		
22:00	24.40	12183.71626	10259.842762	3570.640148	13974.458368	5748.790484	11746.143935	9032.773317	18260.035774	17579.84557	5660.80728	8110.105585	14633.214218		
		610.257939	610.257939	296.392512	398.636418	755.302227	236.948441	933.635728	253.592776	802.857788	408.147485	814.746683	203.65978		
		44.349954	53.86098	34.83893	22.950151	32.461174	25.327906	32.461174	46.72771	27.705662	25.327906	46.72771	56.238736		
		37.216686	53.86098	34.83893	51.483223	46.72771	41.972198	18.19464	27.705662	41.972198	22.950151	44.349954	68.12752		
		374.858753	2298.494615	681.591163	1314.081858	802.857788	938.391293	626.902352	377.23652	707.746694	686.346713	1328.348623	367.725456		
		39.594442	56.238736	63.372006	39.594442	44.349954	53.86098	60.994249	49.105467	60.994249	68.12752	32.461174	30.083418		
		22.950151	32.461174	49.105467	34.83893	30.083418	41.972198	49.105467	63.372006	32.461174	41.972198	25.327906	53.86098		
		3575.39587	3844.094632	1380.660117	5316.009169	2883.441264	3748.979923	1730.196884	3038.001052	4017.679268	3953.476688	3342.365816	1715.930047		
		
23:00	24.50	11096.924187	9230.149497	2938.131617	13104.052816	5520.509939	11284.793096	8509.609895	17268.291847	16062.519024	5299.363781	7387.198093	14240.813871		
		534.169238	436.680695	303.525804	246.459489	729.14668	175.126654	733.902234	208.415303	631.6579	367.725456	731.524457	225.059632		
		37.216686	77.638548	53.86098	32.461174	41.972198	44.349954	41.972198	65.749763	37.216686	30.083418	44.349954	65.749763		
		58.616493	39.594442	49.105467	44.349954	44.349954	49.105467	60.994249	32.461174	56.238736	37.216686	25.327906	41.972198		
		322.547917	1818.175766	531.791467	1180.925507	653.057866	667.324513	401.014184	298.770276	584.10244	500.880454	638.791221	313.03686		
		32.461174	75.260791	65.749763	56.238736	39.594442	37.216686	20.572395	30.083418	46.72771	68.12752	39.594442	37.216686		
		20.572395	49.105467	34.83893	32.461174	37.216686	34.83893	46.72771	51.483223	32.461174	60.994249	49.105467	49.105467		
		2881.063424	3211.58394	1135.747509	3982.011161	2139.180618	2695.592077	1497.172203	2260.449452	2971.421415	3237.740298	2507.743331	1081.058389		
		
24:00	24.50	9855.573619	8305.101487	2296.116792	11969.686019	4909.3871	10071.976259	7898.464229	15522.662129	15403.751408	4331.559292	6902.09278	13194.422351		
		448.569535	358.214393	270.237115	239.326203	522.280385	106.17164	650.680091	210.793064	486.613836	308.281332	469.969452	163.237854		
		49.105467	34.83893	25.327906	44.349954	60.994249	65.749763	30.083418	46.72771	25.327906	30.083418	84.77182	53.86098		
		65.749763	37.216686	63.372006	60.994249	44.349954	44.349954	32.461174	32.461174	34.83893	46.72771	51.483223	65.749763		
		225.059632	1482.905408	484.236067	871.813403	522.280385	550.813635	370.103221	220.304109	508.013763	396.258651	619.769032	260.726064		
		41.972198	60.994249	58.616493	22.950151	32.461174	37.216686	32.461174	20.572395	46.72771	39.594442	51.483223	25.327906		
		53.86098	32.461174	39.594442	32.461174	49.105467	37.216686	53.86098	22.950151	32.461174	53.86098	27.705662	60.994249		
		2291.361145	2614.745728	838.524478	2902.463991	1685.018576	2103.513349	928.880163	1613.684458	2108.268984	2429.274999	1746.84153	655.43564		
		
25:00	24.50	8742.654997	7403.843916	2063.090463	10347.831023	4750.067905	9051.797506	7584.570214	13646.271556	13560.657827	4412.407376	6378.943287	12426.284557		
		491.369375	284.503694	187.015455	175.126654	453.325072	118.060431	579.346896	137.082501	315.414624	248.837252	360.592158	127.571466		
		53.86098	41.972198	37.216686	34.83893	30.083418	44.349954	25.327906	60.994249	34.83893	39.594442	60.994249	46.72771		
		27.705662	37.216686	53.86098	46.72771	34.83893	34.83893	34.83893	51.483223	30.083418	34.83893	30.083418	84.77182		
		220.304109	1102.458475	365.34769	710.12447	334.436741	365.34769	272.614878	144.215778	455.70284	384.369818	486.613836	139.46026		
		27.705662	75.260791	51.483223	41.972198	34.83893	37.216686	34.83893	65.749763	58.616493	68.12752	34.83893	27.705662		
		34.83893	56.238736	49.105467	32.461174	22.950151	18.19464	51.483223	25.327906	30.083418	41.972198	53.86098	49.105467		
		1623.195671	2319.895027	691.102264	2272.338564	1352.12657	1547.106006	881.324526	1154.769821	1668.373943	1820.553575	1276.037164	491.369375		
		
26:00	24.50	7765.296921	6626.249894	1456.749623	9163.564707	4193.64216	8219.493472	6438.391921	11767.546873	12806.785329	3789.403661	5782.081452	11023.203597		
		450.947303	246.459489	122.815948	146.593538	379.614286	84.77182	386.747585	94.282851	274.992641	206.037541	341.570036	94.282851		
		27.705662	60.994249	27.705662	25.327906	18.19464	34.83893	44.349954	27.705662	49.105467	39.594442	49.105467	44.349954		
		56.238736	34.83893	46.72771	46.72771	30.083418	37.216686	27.705662	44.349954	39.594442	32.461174	39.594442	63.372006		
		201.28202	957.413558	336.814506	541.302551	267.859352	313.03686	253.592776	110.927156	303.525804	263.103827	384.369818	127.571466		
		41.972198	34.83893	44.349954	25.327906	51.483223	32.461174	30.083418	32.461174	39.594442	34.83893	44.349954	41.972198		
		46.72771	30.083418	32.461174	34.83893	60.994249	37.216686	49.105467	56.238736	44.349954	84.77182	44.349954	32.461174		
		1245.125863	1932.310677	541.302551	1839.57605	1002.591455	1249.881447	757.680004	881.324526	1207.081201	1471.016414	1007.347024	358.214393		
		
27:00	24.50	6661.919179	5793.971086	1245.125863	8195.713484	3860.739718	7815.234635	6217.243227	10626.064808	11277.658826	3237.740298	5311.253344	9670.086107		
		365.34769	217.926348	144.215778	94.282851	289.259221	70.505277	360.592158	87.149578	332.058976	187.015455	248.837252	72.883034		
		44.349954	30.083418	37.216686	46.72771	41.972198	27.705662	37.216686	22.950151	49.105467	51.483223	75.260791	30.083418		
		49.105467	34.83893	65.749763	25.327906	22.950151	34.83893	34.83893	37.216686	44.349954	49.105467	44.349954	39.594442		
		156.104575	826.63558	286.881458	448.569535	279.748168	270.237115	189.393216	101.416124	286.881458	301.14804	241.703965	120.43819		
		27.705662	34.83893	58.616493	27.705662	44.349954	44.349954	39.594442	51.483223	80.016306	56.238736	63.372006	20.572395		
		27.705662	37.216686	32.461174	37.216686	51.483223	34.83893	41.972198	27.705662	41.972198	51.483223	32.461174	51.483223		
		1038.258233	1535.217002	417.658554	1280.792749	710.12447	845.657818	607.880166	667.324513	933.635728	1004.969239	636.413447	270.237115		
		
28:00	24.50	5803.482795	5128.154272	1054.902735	6490.706755	3708.556206	6709.478251	5361.189527	8987.590887	10074.354314	2793.083372	4892.741796	9011.37111		
		301.14804	191.770977	153.726816	77.638548	225.059632	56.238736	244.081727	99.038366	148.971297	127.571466	265.48159	103.793882		
		44.349954	27.705662	32.461174	30.083418	39.594442	22.950151	56.238736	39.594442	46.72771	41.972198	51.483223	37.216686		
		41.972198	60.994249	25.327906	34.83893	25.327906	22.950151	27.705662	44.349954	82.394063	51.483223	56.238736	80.016306		
		182.259935	605.502393	222.68187	351.081096	182.259935	248.837252	139.46026	91.905093	284.503694	227.437394	208.415303	80.016306		
		37.216686	58.616493	49.105467	41.972198	41.972198	63.372006	44.349954	56.238736	49.105467	96.660608	32.461174	39.594442		
		25.327906	51.483223	49.105467	51.483223	56.238736	46.72771	49.105467	49.105467	34.83893	39.594442	49.105467	44.349954		
		812.368904	1002.591455	286.881458	869.435622	638.791221	686.346713	538.92478	519.902614	603.124621	795.724452	493.747145	184.637695		
		
29:00	24.60	5099.61939	4312.536225	836.146698	6062.677298	3316.209423	6174.440324	5016.392707	7508.474881	8692.716704	2576.700415	4155.596096	8131.507551		
		358.214393	158.482335	108.549398	118.060431	210.793064	41.972198	265.48159	75.260791	177.504414	108.549398	182.259935	82.394063		
		46.72771	46.72771	32.461174	49.105467	34.83893	37.216686	44.349954	25.327906	44.349954	27.705662	63.372006	82.394063		
		30.083418	41.972198	44.349954	39.594442	46.72771	65.749763	39.594442	49.105467	32.461174	30.083418	44.349954	37.216686		
		137.082501	508.013763	236.948441	239.326203	232.192917	182.259935	139.46026	75.260791	234.570679	177.504414	206.037541	108.549398		
		34.83893	56.238736	120.43819	37.216686	32.461174	34.83893	25.327906	30.083418	65.749763	44.349954	27.705662	27.705662		
		34.83893	30.083418	44.349954	37.216686	37.216686	32.461174	60.994249	51.483223	39.594442	44.349954	22.950151	53.86098		
		555.569178	1004.969239	265.48159	686.346713	405.769718	408.147485	510.391533	434.302927	531.791467	543.680322	455.70284	77.638548		
		
30:00	24.60	4457.587223	3691.911152	562.702492	4947.433521	3301.942304	5251.805547	4379.116978	6459.79344	8226.627469	2400.741078	3553.995122	7130.377267		
		191.770977	129.949224	106.17164	82.394063	158.482335	51.483223	175.126654	75.260791	141.838019	153.726816	172.748894	70.505277		
		70.505277	39.594442	34.83893	41.972198	39.594442	44.349954	34.83893	46.72771	41.972198	32.461174	39.594442	44.349954		
		34.83893	18.19464	39.594442	49.105467	27.705662	27.705662	37.216686	41.972198	58.616493	22.950151	41.972198	58.616493		
		139.46026	346.325566	206.037541	206.037541	156.104575	179.882174	139.46026	106.17164	146.593538	220.304109	215.548586	70.505277		
		25.327906	63.372006	53.86098	22.950151	44.349954	39.594442	37.216686	39.594442	37.216686	58.616493	32.461174	34.83893		
		37.216686	20.572395	101.416124	70.505277	27.705662	30.083418	34.83893	53.86098	32.461174	51.483223	32.461174	70.505277		
		496.124914	807.613346	170.371134	522.280385	348.703331	346.325566	676.835613	370.103221	329.681211	446.191767	348.703331	96.660608		
		
31:00	24.60	3370.900072	3347.121524	484.236067	4517.03443	2759.793649	4274.490105	3794.159396	5682.208591	6913.982581	1896.6435	3385.167203	6319.494698		
		213.170825	129.949224	106.17164	46.72771	148.971297	75.260791	170.371134	99.038366	115.682673	110.927156	94.282851	60.994249		
		39.594442	34.83893	58.616493	25.327906	37.216686	32.461174	51.483223	25.327906	22.950151	22.950151	70.505277	25.327906		
		49.105467	32.461174	75.260791	46.72771	30.083418	27.705662	41.972198	30.083418	49.105467	27.705662	30.083418	68.12752		
		158.482335	296.392512	260.726064	213.170825	134.704742	141.838019	84.77182	46.72771	206.037541	191.770977	201.28202	75.260791		
		32.461174	30.083418	60.994249	46.72771	22.950151	25.327906	25.327906	37.216686	46.72771	49.105467	34.83893	27.705662		
		46.72771	32.461174	34.83893	44.349954	32.461174	49.105467	60.994249	46.72771	41.972198	39.594442	20.572395	63.372006		
		360.592158	588.857985	184.637695	353.458862	265.48159	239.326203	683.968938	191.770977	286.881458	317.792388	258.348301	115.682673		
		
32:00	24.50	3140.248461	2678.947234	420.036321	3753.735656	2569.566921	4048.59164	2985.688475	4471.854549	6067.433168	1718.307853	2736.015283	5342.166215		
		177.504414	91.905093	70.505277	56.238736	127.571466	58.616493	177.504414	99.038366	118.060431	80.016306	84.77182	34.83893		
		53.86098	70.505277	30.083418	49.105467	53.86098	41.972198	39.594442	41.972198	56.238736	37.216686	49.105467	25.327906		
		46.72771	25.327906	53.86098	32.461174	44.349954	30.083418	25.327906	41.972198	44.349954	51.483223	49.105467	37.216686		
		179.882174	260.726064	160.860094	151.349056	141.838019	144.215778	103.793882	53.86098	184.637695	196.526498	75.260791	96.660608		
		30.083418	49.105467	51.483223	41.972198	37.216686	27.705662	46.72771	49.105467	46.72771	49.105467	34.83893	51.483223		
		41.972198	41.972198	32.461174	44.349954	27.705662	30.083418	60.994249	49.105467	53.86098	34.83893	25.327906	60.994249		
		244.081727	576.969124	146.593538	339.192271	227.437394	201.28202	900.346778	274.992641	258.348301	327.303446	189.393216	198.904259		
		
33:00	24.60	2472.075898	2136.802799	343.947801	3178.294042	2210.515204	3765.624989	2821.617432	3734.712726	4947.433521	1777.753025	2236.671235	5028.282228		
		156.104575	80.016306	75.260791	58.616493	122.815948	56.238736	103.793882	53.86098	82.394063	91.905093	82.394063	70.505277		
		22.950151	30.083418	22.950151	18.19464	37.216686	49.105467	49.105467	46.72771	32.461174	32.461174	27.705662	49.105467		
		34.83893	25.327906	63.372006	75.260791	25.327906	30.083418	39.594442	44.349954	25.327906	27.705662	44.349954	68.12752		
		163.237854	201.28202	167.993374	179.882174	113.304915	146.593538	91.905093	96.660608	167.993374	118.060431	139.46026	75.260791		
		34.83893	44.349954	60.994249	37.216686	41.972198	49.105467	41.972198	39.594442	58.616493	34.83893	39.594442	34.83893		
		41.972198	22.950151	30.083418	37.216686	44.349954	44.349954	56.238736	30.083418	37.216686	60.994249	70.505277	46.72771		
		160.860094	358.214393	201.28202	208.415303	170.371134	187.015455	905.102341	324.925682	201.28202	229.815155	151.349056	241.703965		
		
34:00	24.60	2153.44753	1654.107117	341.570036	2593.345237	2365.073693	3111.714287	2536.27729	2942.887301	4269.734341	1223.725738	2132.047163	4450.453561		
		94.282851	70.505277	84.77182	77.638548	141.838019	44.349954	106.17164	63.372006	80.016306	91.905093	89.527335	34.83893		
		46.72771	60.994249	20.572395	30.083418	34.83893	25.327906	37.216686	49.105467	75.260791	34.83893	56.238736	60.994249		
		39.594442	51.483223	63.372006	60.994249	51.483223	49.105467	39.594442	49.105467	72.883034	37.216686	44.349954	49.105467		
		125.193707	236.948441	151.349056	115.682673	75.260791	110.927156	58.616493	53.86098	146.593538	144.215778	127.571466	70.505277		
		51.483223	60.994249	82.394063	32.461174	32.461174	34.83893	30.083418	46.72771	39.594442	30.083418	49.105467	32.461174		
		25.327906	27.705662	63.372006	68.12752	56.238736	25.327906	46.72771	56.238736	51.483223	44.349954	32.461174	53.86098		
		172.748894	396.258651	163.237854	184.637695	160.860094	184.637695	974.058043	522.280385	196.526498	274.992641	122.815948	236.948441		
		
35:00	24.60	2001.267265	1302.192889	227.437394	2053.579198	2167.714445	2885.819105	2141.558436	2467.320241	3929.697967	1071.547241	1939.444115	3518.327223		
		106.17164	75.260791	94.282851	37.216686	65.749763	34.83893	113.304915	68.12752	44.349954	91.905093	96.660608	53.86098		
		44.349954	18.19464	46.72771	25.327906	30.083418	44.349954	27.705662	39.594442	34.83893	37.216686	46.72771	32.461174		
		63.372006	27.705662	34.83893	44.349954	41.972198	30.083418	46.72771	27.705662	39.594442	46.72771	44.349954	63.372006		
		151.349056	170.371134	158.482335	87.149578	84.77182	120.43819	68.12752	63.372006	132.326983	103.793882	160.860094	77.638548		
		51.483223	30.083418	65.749763	34.83893	25.327906	65.749763	34.83893	32.461174	44.349954	53.86098	39.594442	63.372006		
		39.594442	37.216686	32.461174	32.461174	25.327906	37.216686	32.461174	49.105467	25.327906	72.883034	32.461174	51.483223		
		156.104575	308.281332	239.326203	118.060431	144.215778	294.014748	902.724559	824.2578	206.037541	196.526498	208.415303	310.659096		
		
36:00	24.60	1677.885162	1183.303297	153.726816	1544.728205	1694.529797	2590.967405	2174.847903	2013.156337	3466.014331	976.435827	1623.195671	3339.987961		
		70.505277	51.483223	60.994249	70.505277	96.660608	39.594442	82.394063	60.994249	58.616493	39.594442	82.394063	41.972198		
		34.83893	32.461174	44.349954	39.594442	30.083418	25.327906	32.461174	44.349954	41.972198	37.216686	30.083418	51.483223		
		34.83893	53.86098	46.72771	60.994249	25.327906	60.994249	44.349954	39.594442	49.105467	46.72771	46.72771	89.527335		
		125.193707	201.28202	141.838019	160.860094	113.304915	177.504414	34.83893	58.616493	148.971297	158.482335	122.815948	106.17164		
		30.083418	44.349954	44.349954	41.972198	27.705662	27.705662	39.594442	27.705662	41.972198	60.994249	39.594442	22.950151		
		37.216686	46.72771	44.349954	70.505277	51.483223	22.950151	58.616493	51.483223	25.327906	68.12752	25.327906	41.972198		
		101.416124	215.548586	282.125931	103.793882	179.882174	279.748168	895.591214	983.569179	151.349056	215.548586	291.636985	493.747145		
		
37:00	24.60	1480.527609	840.902258	151.349056	1532.839202	1649.351509	2044.067935	1813.420149	1535.217002	2923.864564	779.080004	1570.884018	2688.458573		
		87.149578	99.038366	72.883034	65.749763	58.616493	51.483223	80.016306	53.86098	60.994249	87.149578	77.638548	37.216686		
		37.216686	63.372006	34.83893	56.238736	39.594442	44.349954	41.972198	25.327906	34.83893	30.083418	39.594442	49.105467		
		37.216686	65.749763	44.349954	41.972198	32.461174	60.994249	75.260791	44.349954	30.083418	39.594442	27.705662	41.972198		
		84.77182	144.215778	139.46026	75.260791	56.238736	148.971297	49.105467	53.86098	127.571466	151.349056	72.883034	118.060431		
		34.83893	32.461174	68.12752	44.349954	25.327906	46.72771	63.372006	49.105467	49.105467	44.349954	27.705662	41.972198		
		46.72771	27.705662	34.83893	49.105467	49.105467	46.72771	30.083418	20.572395	34.83893	89.527335	44.349954	44.349954		
		127.571466	194.148737	303.525804	234.570679	255.970539	605.502393	672.080063	1292.681715	227.437394	303.525804	467.591683	707.746694		
		
38:00	24.70	1242.748071	622.146805	177.504414	1088.19175	1492.416604	2105.891166	1568.506217	1380.660117	2208.137384	798.102231	1375.904525	2338.91762		
		68.12752	80.016306	49.105467	27.705662	65.749763	49.105467	77.638548	41.972198	49.105467	68.12752	113.304915	60.994249		
		53.86098	53.86098	39.594442	34.83893	30.083418	34.83893	30.083418	27.705662	27.705662	41.972198	53.86098	27.705662		
		51.483223	34.83893	32.461174	34.83893	27.705662	37.216686	37.216686	37.216686	34.83893	58.616493	37.216686	49.105467		
		113.304915	227.437394	115.682673	108.549398	101.416124	158.482335	60.994249	65.749763	141.838019	146.593538	137.082501	72.883034		
		37.216686	60.994249	41.972198	37.216686	30.083418	32.461174	56.238736	32.461174	32.461174	39.594442	46.72771	34.83893		
		22.950151	39.594442	44.349954	39.594442	22.950151	44.349954	65.749763	25.327906	39.594442	68.12752	49.105467	91.905093		
		129.949224	198.904259	244.081727	429.547391	213.170825	717.257798	764.813337	1371.148933	339.192271	474.72499	660.191189	840.902258		
		
39:00	24.60	1202.32562	519.902614	127.571466	1028.747091	1261.770408	1618.440064	1463.883018	962.169125	2229.537771	672.080063	1297.437302	2058.33483		
		37.216686	63.372006	65.749763	46.72771	46.72771	70.505277	53.86098	53.86098	75.260791	51.483223	49.105467	46.72771		
		27.705662	37.216686	37.216686	25.327906	56.238736	34.83893	49.105467	37.216686	30.083418	30.083418	34.83893	44.349954		
		25.327906	30.083418	99.038366	49.105467	49.105467	30.083418	58.616493	44.349954	30.083418	34.83893	32.461174	41.972198		
		87.149578	153.726816	103.793882	108.549398	87.149578	139.46026	51.483223	80.016306	118.060431	84.77182	108.549398	49.105467		
		39.594442	27.705662	51.483223	20.572395	37.216686	60.994249	34.83893	39.594442	37.216686	72.883034	39.594442	25.327906		
		46.72771	44.349954	46.72771	70.505277	56.238736	30.083418	37.216686	44.349954	37.216686	70.505277	30.083418	22.950151		
		134.704742	213.170825	198.904259	469.969452	220.304109	838.524478	641.168995	1076.302815	496.124914	619.769032	683.968938	845.657818		
		
40:00	24.70	1023.99152	467.591683	113.304915	871.813403	1066.791668	1499.550002	1309.32627	829.013359	1734.952497	541.302551	981.191395	1761.108372		
		72.883034	49.105467	44.349954	58.616493	44.349954	37.216686	84.77182	80.016306	41.972198	60.994249	63.372006	51.483223		
		46.72771	18.19464	30.083418	44.349954	39.594442	34.83893	49.105467	46.72771	41.972198	30.083418	58.616493	53.86098		
		37.216686	27.705662	80.016306	49.105467	51.483223	46.72771	37.216686	46.72771	53.86098	27.705662	39.594442	68.12752		
		77.638548	170.371134	99.038366	68.12752	96.660608	132.326983	75.260791	68.12752	151.349056	118.060431	106.17164	80.016306		
		46.72771	49.105467	39.594442	51.483223	32.461174	30.083418	32.461174	37.216686	34.83893	60.994249	37.216686	27.705662		
		30.083418	30.083418	41.972198	27.705662	37.216686	51.483223	41.972198	34.83893	68.12752	70.505277	58.616493	53.86098		
		232.192917	167.993374	246.459489	493.747145	391.503118	881.324526	531.791467	1000.21367	477.102759	897.968996	672.080063	943.146859		
		
41:00	24.60	769.568892	341.570036	84.77182	869.435622	1102.458475	1352.12657	997.835885	641.168995	1511.439	488.991606	757.680004	1359.259956		
		30.083418	34.83893	44.349954	37.216686	30.083418	27.705662	60.994249	72.883034	20.572395	44.349954	72.883034	63.372006		
		44.349954	39.594442	41.972198	30.083418	20.572395	70.505277	53.86098	22.950151	30.083418	32.461174	44.349954	25.327906		
		49.105467	37.216686	60.994249	63.372006	56.238736	30.083418	37.216686	34.83893	46.72771	68.12752	30.083418	60.994249		
		82.394063	148.971297	132.326983	91.905093	72.883034	91.905093	56.238736	58.616493	125.193707	122.815948	106.17164	82.394063		
		34.83893	44.349954	34.83893	39.594442	25.327906	53.86098	46.72771	44.349954	25.327906	60.994249	30.083418	51.483223		
		60.994249	53.86098	56.238736	37.216686	39.594442	25.327906	60.994249	34.83893	53.86098	44.349954	46.72771	60.994249		
		213.170825	134.704742	198.904259	541.302551	310.659096	902.724559	474.72499	693.480039	458.080609	795.724452	522.280385	857.546719		
		
42:00	24.70	790.968895	313.03686	110.927156	584.10244	1012.102594	985.946963	886.080089	626.902352	1478.14981	412.903019	760.057782	1216.592365		
		25.327906	32.461174	37.216686	44.349954	51.483223	53.86098	63.372006	65.749763	30.083418	110.927156	46.72771	108.549398		
		27.705662	34.83893	34.83893	30.083418	39.594442	37.216686	34.83893	34.83893	39.594442	44.349954	34.83893	46.72771		
		27.705662	30.083418	41.972198	34.83893	32.461174	27.705662	30.083418	53.86098	37.216686	39.594442	49.105467	58.616493		
		101.416124	144.215778	175.126654	122.815948	84.77182	158.482335	72.883034	60.994249	170.371134	75.260791	122.815948	89.527335		
		27.705662	37.216686	44.349954	58.616493	37.216686	51.483223	34.83893	39.594442	32.461174	70.505277	41.972198	44.349954		
		27.705662	32.461174	60.994249	44.349954	32.461174	32.461174	46.72771	56.238736	51.483223	56.238736	25.327906	58.616493		
		334.436741	182.259935	227.437394	389.125351	320.170153	850.413378	448.569535	555.569178	538.92478	724.391127	488.991606	693.480039		
		
43:00	24.70	638.791221	227.437394	60.994249	598.369075	752.92445	1016.858164	940.769076	522.280385	1209.458992	410.525252	655.43564	1054.902735		
		34.83893	39.594442	63.372006	53.86098	56.238736	44.349954	53.86098	46.72771	49.105467	44.349954	49.105467	82.394063		
		25.327906	56.238736	41.972198	63.372006	32.461174	37.216686	34.83893	34.83893	32.461174	51.483223	41.972198	22.950151		
		68.12752	56.238736	51.483223	56.238736	39.594442	65.749763	44.349954	27.705662	51.483223	44.349954	25.327906	58.616493		
		68.12752	106.17164	129.949224	56.238736	75.260791	118.060431	56.238736	70.505277	127.571466	91.905093	82.394063	56.238736		
		34.83893	60.994249	32.461174	58.616493	30.083418	46.72771	20.572395	30.083418	39.594442	68.12752	32.461174	44.349954		
		41.972198	25.327906	53.86098	46.72771	32.461174	25.327906	60.994249	39.594442	39.594442	60.994249	49.105467	49.105467		
		488.991606	184.637695	227.437394	360.592158	377.23652	831.391139	401.014184	412.903019	488.991606	676.835613	455.70284	519.902614		
		
44:00	24.70	555.569178	286.881458	106.17164	565.080264	809.991125	800.48001	836.146698	410.525252	1069.169454	381.992052	567.458036	955.035775		
		34.83893	51.483223	34.83893	60.994249	32.461174	22.950151	53.86098	41.972198	30.083418	58.616493	56.238736	63.372006		
		32.461174	32.461174	51.483223	34.83893	27.705662	56.238736	34.83893	27.705662	18.19464	37.216686	37.216686	32.461174		
		56.238736	27.705662	37.216686	34.83893	41.972198	37.216686	58.616493	30.083418	46.72771	34.83893	41.972198	65.749763		
		129.949224	139.46026	165.615614	75.260791	87.149578	94.282851	77.638548	70.505277	101.416124	122.815948	120.43819	56.238736		
		41.972198	27.705662	32.461174	39.594442	32.461174	37.216686	34.83893	34.83893	34.83893	41.972198	20.572395	30.083418		
		20.572395	32.461174	22.950151	32.461174	30.083418	49.105467	68.12752	46.72771	34.83893	30.083418	39.594442	37.216686		
		448.569535	137.082501	236.948441	336.814506	341.570036	757.680004	488.991606	320.170153	343.947801	550.813635	408.147485	301.14804		
		
45:00	24.70	467.591683	156.104575	70.505277	412.903019	722.013351	760.057782	748.168895	377.23652	990.702532	351.081096	579.346896	686.346713		
		27.705662	41.972198	37.216686	46.72771	39.594442	18.19464	32.461174	41.972198	37.216686	49.105467	37.216686	89.527335		
		27.705662	49.105467	30.083418	37.216686	32.461174	34.83893	22.950151	77.638548	30.083418	37.216686	32.461174	25.327906		
		58.616493	44.349954	60.994249	46.72771	44.349954	39.594442	44.349954	30.083418	32.461174	41.972198	30.083418	87.149578		
		110.927156	132.326983	122.815948	77.638548	96.660608	101.416124	60.994249	70.505277	118.060431	77.638548	70.505277	68.12752		
		22.950151	65.749763	49.105467	30.083418	44.349954	53.86098	44.349954	39.594442	22.950151	41.972198	44.349954	32.461174		
		49.105467	20.572395	25.327906	63.372006	25.327906	18.19464	46.72771	22.950151	25.327906	37.216686	20.572395	27.705662		
		386.747585	153.726816	187.015455	284.503694	355.836627	536.547009	431.925159	334.436741	272.614878	396.258651	310.659096	251.215014		
		
46:00	24.70	410.525252	137.082501	87.149578	422.414089	598.369075	705.368918	605.502393	384.369818	729.14668	334.436741	439.058463	641.168995		
		49.105467	41.972198	46.72771	34.83893	27.705662	46.72771	39.594442	65.749763	41.972198	34.83893	56.238736	77.638548		
		25.327906	20.572395	46.72771	53.86098	44.349954	37.216686	39.594442	20.572395	49.105467	51.483223	51.483223	41.972198		
		44.349954	32.461174	39.594442	39.594442	18.19464	41.972198	34.83893	18.19464	22.950151	44.349954	20.572395	39.594442		
		91.905093	115.682673	125.193707	51.483223	84.77182	99.038366	106.17164	51.483223	99.038366	106.17164	70.505277	39.594442		
		39.594442	41.972198	46.72771	27.705662	20.572395	27.705662	18.19464	27.705662	49.105467	30.083418	53.86098	32.461174		
		46.72771	39.594442	44.349954	41.972198	22.950151	39.594442	41.972198	44.349954	39.594442	41.972198	25.327906	72.883034		
		353.458862	113.304915	156.104575	253.592776	253.592776	469.969452	474.72499	244.081727	184.637695	372.480987	284.503694	208.415303		
		
47:00	24.60	391.503118	179.882174	60.994249	355.836627	548.435864	641.168995	648.302317	332.058976	691.102264	336.814506	379.614286	448.569535		
		44.349954	82.394063	30.083418	51.483223	32.461174	41.972198	41.972198	560.324721	37.216686	41.972198	53.86098	53.86098		
		39.594442	51.483223	46.72771	44.349954	60.994249	37.216686	87.149578	34.83893	44.349954	39.594442	44.349954	25.327906		
		44.349954	34.83893	65.749763	37.216686	41.972198	37.216686	30.083418	49.105467	58.616493	39.594442	30.083418	49.105467		
		96.660608	84.77182	137.082501	58.616493	63.372006	99.038366	72.883034	34.83893	80.016306	89.527335	91.905093	68.12752		
		27.705662	25.327906	37.216686	25.327906	68.12752	27.705662	37.216686	32.461174	41.972198	39.594442	41.972198	22.950151		
		44.349954	30.083418	44.349954	34.83893	32.461174	37.216686	46.72771	51.483223	27.705662	51.483223	34.83893	46.72771		
		329.681211	113.304915	170.371134	210.793064	263.103827	434.302927	477.102759	187.015455	189.393216	305.903568	267.859352	134.704742		
		
48:00	24.70	434.302927	120.43819	51.483223	320.170153	508.013763	581.724668	519.902614	320.170153	667.324513	239.326203	346.325566	519.902614		
		32.461174	41.972198	56.238736	37.216686	27.705662	22.950151	44.349954	158.482335	70.505277	60.994249	68.12752	65.749763		
		37.216686	44.349954	68.12752	34.83893	41.972198	49.105467	39.594442	25.327906	53.86098	37.216686	63.372006	60.994249		
		46.72771	39.594442	39.594442	46.72771	32.461174	49.105467	32.461174	34.83893	44.349954	49.105467	46.72771	46.72771		
		101.416124	118.060431	148.971297	70.505277	60.994249	103.793882	60.994249	60.994249	91.905093	94.282851	49.105467	60.994249		
		39.594442	34.83893	63.372006	32.461174	49.105467	25.327906	39.594442	49.105467	51.483223	41.972198	49.105467	39.594442		
		39.594442	32.461174	25.327906	46.72771	32.461174	39.594442	63.372006	51.483223	30.083418	51.483223	60.994249	60.994249		
		289.259221	89.527335	184.637695	115.682673	217.926348	434.302927	436.680695	329.681211	234.570679	279.748168	272.614878	132.326983		
		
49:00	24.70	313.03686	156.104575	56.238736	370.103221	667.324513	567.458036	508.013763	265.48159	498.502684	189.393216	253.592776	460.458377		
		60.994249	70.505277	51.483223	51.483223	27.705662	39.594442	58.616493	99.038366	58.616493	41.972198	34.83893	56.238736		
		39.594442	20.572395	39.594442	22.950151	65.749763	34.83893	37.216686	44.349954	32.461174	32.461174	30.083418	32.461174		
		49.105467	32.461174	46.72771	49.105467	18.19464	27.705662	22.950151	32.461174	56.238736	34.83893	37.216686	51.483223		
		103.793882	137.082501	148.971297	87.149578	80.016306	99.038366	51.483223	60.994249	101.416124	91.905093	58.616493	44.349954		
		41.972198	44.349954	37.216686	41.972198	51.483223	27.705662	18.19464	51.483223	37.216686	46.72771	77.638548	39.594442		
		37.216686	30.083418	63.372006	39.594442	37.216686	22.950151	30.083418	44.349954	41.972198	30.083418	51.483223	56.238736		
		175.126654	108.549398	115.682673	148.971297	206.037541	403.391951	460.458377	455.70284	279.748168	246.459489	191.770977	179.882174		
		
~End
Original Filename: ch_100_05-08-19-145802_pta_ptada_1410_1288_1667_1467_1780_1857.pda   Date Last Saved: 5/8/2019
