Name,Time,A1,A2,A3,A4,A5,A6,A7,A8,A9,A10,A11,A12
5001,0,6093.59046,5817.750361,5537.155373,5836.773785,5648.917665,5539.533293,5534.777454,5577.580014,5556.178731,5941.402701,5610.87091,5967.559952
5001,60,5377.834928,5363.567441,5565.690412,5289.852132,5294.607956,5211.381071,5354.055785,5275.584661,5425.393237,5487.21908,5601.359224,5503.864508
5001,120,5527.643696,5394.480333,5185.224068,5387.346588,5277.962572,5189.979886,5368.32327,5194.735704,5518.13202,5544.289132,5549.044971,5382.590758
5001,180,5128.154272,5256.561369,5289.852132,5446.794485,5311.253344,5480.085327,5140.04381,5453.928236,5256.561369,5327.898735,5646.539743,5620.382597
5001,240,5468.195739,5518.13202,5449.172402,5596.603382,5506.242426,5261.317192,5610.87091,5365.945356,5620.382597,5560.934571,5717.877456,5684.586515
5001,300,5335.032475,5375.457014,5387.346588,5294.607956,5423.015321,5201.869433,5506.242426,5394.480333,5577.580014,5591.847539,5442.038651,5577.580014
5001,360,5268.450926,5201.869433,5154.311257,5363.567441,5289.852132,5296.985869,5482.463244,5201.869433,5358.811613,5551.422891,5582.335855,5494.352834
5001,420,5384.968673,5418.259489,5149.555441,5361.189527,5418.259489,5446.794485,5392.102418,5254.183458,5306.497519,5482.463244,5411.125741,5565.690412
5001,480,5118.642644,5125.776365,5090.107764,5135.287994,5149.555441,5206.625252,5204.247342,5254.183458,5491.974916,5349.299957,5368.32327,5408.747826
5001,540,5384.968673,5325.520822,5323.142908,5346.922043,5501.486589,5451.550319,5349.299957,5508.620345,5442.038651,5568.068332,5717.877456,5508.620345
5001,600,5344.544129,5444.416568,5311.253344,5332.654561,5356.433699,5406.36991,5206.625252,5266.073015,5384.968673,5584.713776,5862.931001,5587.091697
5001,660,5487.21908,5525.265777,5489.596998,5534.777454,5477.707409,5834.395857,5698.854059,5770.191819,5667.94105,5824.884144,5748.790484,5884.332366
5001,720,5508.620345,5534.777454,5451.550319,5608.492989,5461.061987,5356.433699,5560.934571,5494.352834,5565.690412,5972.315816,5786.837305,5786.837305
5001,780,5572.824173,5705.987832,5568.068332,5568.068332,5705.987832,5415.881573,5646.539743,5713.121606,5744.034633,5889.088226,5877.198577,5568.068332
5001,840,5199.491523,5296.985869,5239.915993,5489.596998,5289.852132,5358.811613,5506.242426,5489.596998,5637.028053,5701.231984,5686.964439,5746.412559
5002,0,6145.905069,5832.017929,5751.16841,5817.750361,5608.492989,5618.004675,5425.393237,5525.265777,5739.278782,5777.325598,5701.231984,5760.680114
5002,60,5384.968673,5327.898735,5242.293904,5273.206749,5249.427636,5453.928236,5194.735704,5399.236164,5484.841162,5641.783897,5525.265777,5532.399534
5002,120,5468.195739,5185.224068,5335.032475,5558.556651,5244.671815,5306.497519,5137.665902,5358.811613,5228.026441,5480.085327,5475.329491,5487.21908
5002,180,5061.572896,5337.410388,5349.299957,5475.329491,5059.19499,5480.085327,5125.776365,5363.567441,5496.730753,5408.747826,5667.94105,5744.034633
5002,240,5323.142908,5463.439904,5442.038651,5392.102418,5449.172402,5458.68407,5318.387082,5487.21908,5415.881573,5563.312491,5637.028053,5598.981303
5002,300,5151.933349,5354.055785,5316.009169,5161.444981,5218.514801,5273.206749,5394.480333,5508.620345,5648.917665,5472.951574,5501.486589,5772.569745
5002,360,5375.457014,5232.782262,5270.828837,5570.446252,5263.695103,5251.805547,5230.404351,5330.276648,5439.660735,5677.452744,5560.934571,5637.028053
5002,420,5354.055785,5363.567441,5170.956615,5401.614079,5365.945356,5458.68407,5380.212843,5175.712432,5261.317192,5482.463244,5430.149069,5423.015321
5002,480,5128.154272,5118.642644,5121.020551,5154.311257,5399.236164,5211.381071,5258.939281,5261.317192,5306.497519,5308.875431,5361.189527,5575.202093
5002,540,5503.864508,5520.509939,5287.47422,5427.771153,5292.230044,5480.085327,5247.049726,5632.272208,5425.393237,5641.783897,5684.586515,5596.603382
5002,600,5175.712432,5665.563127,5403.991994,5140.04381,5285.096308,5282.718396,5418.259489,5232.782262,5627.516363,6267.179975,5755.924262,5784.459378
5002,660,5546.667051,5774.947672,5558.556651,5437.282818,5496.730753,5729.767081,5698.854059,5805.860723,5572.824173,6419.368353,5753.546336,6343.274128
5002,720,5644.16182,6084.078717,5518.13202,5513.376182,5727.389156,5570.446252,5713.121606,5634.65013,5639.405975,7006.723089,5782.081452,6262.424093
5002,780,5760.680114,6830.754012,5527.643696,5572.824173,5508.620345,5579.957935,5755.924262,5815.372433,5672.696897,7254.031636,5896.222016,6692.832573
5002,840,5513.376182,6483.572912,5368.32327,5558.556651,5420.637405,5494.352834,5449.172402,5703.609908,5717.877456,7655.909655,5936.646839,6835.509928
5003,0,5767.813893,5691.720287,5637.028053,5644.16182,5499.108671,5598.981303,5496.730753,5629.894286,7035.258652,5805.860723,5915.245459,5744.034633
5003,60,5468.195739,5556.178731,5377.834928,5346.922043,5251.805547,5218.514801,5415.881573,5539.533293,6462.171387,5356.433699,5499.108671,5522.887858
5003,120,5515.754101,5318.387082,5247.049726,5632.272208,5280.340484,5094.863577,5199.491523,5199.491523,6652.407368,5437.282818,5570.446252,5675.07482
5003,180,5168.578707,5249.427636,5406.36991,5327.898735,5313.631257,5375.457014,5299.363781,5370.701184,6231.510866,5639.405975,5644.16182,5546.667051
5003,240,5396.858248,5384.968673,5358.811613,5446.794485,5332.654561,5449.172402,5437.282818,5403.991994,6471.683175,5751.16841,5484.841162,5598.981303
5003,300,5254.183458,5342.166215,5373.079099,5444.416568,5285.096308,5220.892711,5275.584661,5151.933349,6559.667271,5665.563127,5503.864508,5703.609908
5003,360,5296.985869,5163.82289,5273.206749,5373.079099,5354.055785,5204.247342,5254.183458,5327.898735,6231.510866,5632.272208,5682.208591,5820.128288
5003,420,5587.091697,5468.195739,5351.677871,5425.393237,5304.119606,5273.206749,5349.299957,5135.287994,5979.449614,5380.212843,5563.312491,5472.951574
5003,480,5182.846159,5216.136891,5339.788302,5311.253344,5061.572896,5320.764995,5266.073015,5308.875431,5879.576507,5534.777454,5394.480333,5442.038651
5003,540,5373.079099,5444.416568,5280.340484,5406.36991,5280.340484,5437.282818,5439.660735,5349.299957,5342.166215,5484.841162,5591.847539,5558.556651
5003,600,5463.439904,5675.07482,5380.212843,5484.841162,5377.834928,5294.607956,5304.119606,5154.311257,5746.412559,5805.860723,5734.522931,5648.917665
5003,660,5589.469618,5625.138441,5558.556651,5843.907571,5525.265777,5824.884144,5751.16841,5596.603382,5491.974916,5658.429357,5789.215232,6067.433168
5003,720,5591.847539,6160.172695,5746.412559,5867.68686,5651.295588,5651.295588,5565.690412,5551.422891,5705.987832,6260.046152,5893.844086,6034.142082
5003,780,5739.278782,6604.848331,5705.987832,6236.266746,5579.957935,5370.701184,5496.730753,5527.643696,5836.773785,6038.897951,6119.74776,6084.078717
5003,840,5475.329491,6861.66747,5465.817821,6214.865287,5670.318973,5537.155373,5667.94105,5475.329491,5744.034633,6069.811104,6134.015382,5967.559952
5004,0,6057.921428,5644.16182,5539.533293,5551.422891,5577.580014,5475.329491,5501.486589,5363.567441,5487.21908,5639.405975,5784.459378,5732.145006
5004,60,5491.974916,5320.764995,5332.654561,5375.457014,5268.450926,5342.166215,5408.747826,5461.061987,5549.044971,5451.550319,5465.817821,5582.335855
5004,120,5399.236164,5118.642644,5318.387082,5346.922043,5101.997296,5330.276648,5282.718396,5287.47422,5384.968673,5598.981303,5491.974916,5518.13202
5004,180,5097.241483,5399.236164,5344.544129,5382.590758,5228.026441,5342.166215,5306.497519,5384.968673,5277.962572,5439.660735,5461.061987,5653.673511
5004,240,5465.817821,5339.788302,5394.480333,5679.830668,5513.376182,5375.457014,5318.387082,5420.637405,5530.021615,5589.469618,5815.372433,5610.87091
5004,300,5249.427636,5418.259489,5320.764995,5320.764995,5304.119606,5206.625252,5425.393237,5477.707409,5648.917665,5513.376182,5820.128288,5584.713776
5004,360,5320.764995,5244.671815,5052.061275,5396.858248,5254.183458,5553.800811,5384.968673,5123.398458,5330.276648,5482.463244,5760.680114,5691.720287
5004,420,5280.340484,5541.911212,5506.242426,5389.724503,5349.299957,5365.945356,5337.410388,5249.427636,5187.601977,5337.410388,5584.713776,5653.673511
5004,480,5137.665902,5239.915993,5161.444981,5263.695103,5239.915993,5263.695103,5178.090341,5351.677871,5287.47422,5506.242426,5480.085327,5510.998263
5004,540,5484.841162,5346.922043,5368.32327,5311.253344,5249.427636,5387.346588,5282.718396,5361.189527,5525.265777,5641.783897,5556.178731,5532.399534
5004,600,5394.480333,5525.265777,5420.637405,5211.381071,5216.136891,5216.136891,5292.230044,5109.131016,5401.614079,5629.894286,5725.01123,5622.760519
5004,660,5449.172402,5522.887858,5449.172402,5530.021615,5598.981303,5682.208591,5777.325598,5763.05804,5644.16182,5401.614079,5803.482795,5855.797214
5004,720,5489.596998,5415.881573,5601.359224,5627.516363,5522.887858,5575.202093,5563.312491,5622.760519,5679.830668,5870.064789,5784.459378,5877.198577
5004,780,5584.713776,5777.325598,5484.841162,5356.433699,5480.085327,5382.590758,5491.974916,5582.335855,5774.947672,5851.041357,5755.924262,5801.104868
5004,840,5342.166215,5354.055785,5342.166215,5408.747826,5296.985869,5408.747826,5453.928236,5377.834928,5373.079099,5665.563127,5725.01123,5677.452744
5005,0,6126.881571,5717.877456,5779.703525,5565.690412,5468.195739,5686.964439,5432.526986,5285.096308,5406.36991,5665.563127,5670.318973,5801.104868
5005,60,5480.085327,5406.36991,5487.21908,5304.119606,5204.247342,5377.834928,5332.654561,5494.352834,5525.265777,5553.800811,5665.563127,5560.934571
5005,120,5468.195739,5168.578707,5411.125741,5389.724503,5161.444981,5199.491523,5218.514801,5292.230044,5472.951574,5403.991994,5665.563127,5627.516363
5005,180,5161.444981,5335.032475,5342.166215,5389.724503,5180.46825,5506.242426,5418.259489,5399.236164,5439.660735,5627.516363,5682.208591,5696.476135
5005,240,5323.142908,5387.346588,5506.242426,5656.051434,5261.317192,5425.393237,5401.614079,5456.306153,5537.155373,5544.289132,5518.13202,5705.987832
5005,300,5389.724503,5335.032475,5197.113614,5427.771153,5401.614079,5285.096308,5349.299957,5268.450926,5472.951574,5658.429357,5620.382597,5572.824173
5005,360,5427.771153,5311.253344,5223.270621,5346.922043,5256.561369,5239.915993,5147.177533,5332.654561,5560.934571,5672.696897,5672.696897,5541.911212
5005,420,5299.363781,5415.881573,5332.654561,5268.450926,5401.614079,5463.439904,5496.730753,5097.241483,5346.922043,5308.875431,5641.783897,5382.590758
5005,480,5075.840329,5085.351952,5180.46825,5225.648531,5092.485671,5301.741693,5361.189527,5308.875431,5380.212843,5380.212843,5465.817821,5646.539743
5005,540,5520.509939,5549.044971,5225.648531,5520.509939,5294.607956,5375.457014,5408.747826,5342.166215,5394.480333,5468.195739,5824.884144,5549.044971
5005,600,5301.741693,5480.085327,5323.142908,5254.183458,5306.497519,5192.357795,5223.270621,5218.514801,5660.80728,5620.382597,5465.817821,5670.318973
5005,660,5415.881573,5549.044971,5625.138441,5689.342363,5798.726941,5618.004675,5598.981303,5606.115067,5625.138441,5558.556651,5832.017929,5843.907571
5005,720,5705.987832,5667.94105,5627.516363,5392.102418,5565.690412,5639.405975,5515.754101,5589.469618,5667.94105,5808.23865,5691.720287,5755.924262
5005,780,5774.947672,5782.081452,5487.21908,5508.620345,5263.695103,5327.898735,5530.021615,5594.22546,5734.522931,5827.262072,5689.342363,5984.205479
5005,840,5568.068332,5620.382597,5323.142908,5325.520822,5368.32327,5491.974916,5565.690412,5549.044971,5651.295588,5710.743682,5751.16841,5777.325598
mock,0,5936.646839,5860.553072,5884.332366,5703.609908,5522.887858,5575.202093,5489.596998,5465.817821,5487.21908,5489.596998,5644.16182,5622.760519
mock,60,5477.707409,5544.289132,5354.055785,5135.287994,5213.758981,5268.450926,5175.712432,5508.620345,5506.242426,5472.951574,5501.486589,5261.317192
mock,120,5289.852132,5275.584661,5258.939281,5339.788302,5218.514801,5256.561369,5318.387082,5261.317192,5461.061987,5549.044971,5520.509939,5418.259489
mock,180,5235.160172,5168.578707,5266.073015,5149.555441,5244.671815,5225.648531,5335.032475,5568.068332,5073.462423,5565.690412,5843.907571,5606.115067
mock,240,5437.282818,5396.858248,5456.306153,5648.917665,5525.265777,5513.376182,5415.881573,5327.898735,5613.248832,5703.609908,5551.422891,5701.231984
mock,300,5387.346588,5344.544129,5237.538083,5268.450926,5204.247342,5223.270621,5230.404351,5373.079099,5525.265777,5634.65013,5415.881573,5589.469618
mock,360,5263.695103,5318.387082,5109.131016,5128.154272,5361.189527,5482.463244,5268.450926,5192.357795,5411.125741,5572.824173,5610.87091,5637.028053
mock,420,5232.782262,5377.834928,5382.590758,5320.764995,5323.142908,5411.125741,5384.968673,5277.962572,5356.433699,5149.555441,5625.138441,5606.115067
mock,480,5170.956615,5154.311257,4949.811423,5209.003161,5082.974046,5109.131016,5356.433699,5280.340484,5275.584661,5344.544129,5613.248832,5387.346588
mock,540,5220.892711,5311.253344,5456.306153,5261.317192,5489.596998,5484.841162,5266.073015,5294.607956,5413.503657,5434.904902,5653.673511,5425.393237
mock,600,5475.329491,5356.433699,5458.68407,5004.503188,5128.154272,5173.334524,5247.049726,5116.264737,5387.346588,5606.115067,5541.911212,5596.603382
mock,660,5313.631257,5487.21908,5361.189527,5568.068332,5663.185203,5705.987832,5675.07482,5698.854059,5627.516363,5494.352834,5808.23865,5753.546336
mock,720,5510.998263,5694.098211,5510.998263,5304.119606,5613.248832,5351.677871,5615.626754,5568.068332,5518.13202,5789.215232,5622.760519,5639.405975
mock,780,5522.887858,5584.713776,5487.21908,5413.503657,5439.660735,5356.433699,5601.359224,5463.439904,5651.295588,5646.539743,5779.703525,5798.726941
mock,840,5244.671815,5373.079099,5480.085327,5313.631257,5237.538083,5377.834928,5501.486589,5530.021615,5527.643696,5503.864508,5418.259489,5846.285499
pa20,0,6017.496544,5598.981303,5782.081452,5639.405975,5449.172402,5444.416568,5346.922043,5489.596998,5682.208591,5608.492989,5717.877456,5656.051434
pa20,60,5282.718396,5377.834928,5508.620345,5261.317192,5423.015321,5099.61939,5237.538083,5456.306153,5570.446252,5413.503657,5637.028053,5430.149069
pa20,120,5342.166215,5204.247342,5220.892711,5330.276648,5189.979886,5249.427636,5537.155373,5423.015321,5598.981303,5582.335855,5508.620345,5510.998263
pa20,180,5220.892711,5163.82289,5368.32327,5251.805547,5159.067073,5396.858248,5530.021615,5456.306153,5316.009169,5482.463244,5461.061987,5722.633305
pa20,240,5377.834928,5239.915993,5434.904902,5551.422891,5527.643696,5296.985869,5556.178731,5449.172402,5482.463244,5551.422891,5546.667051,5601.359224
pa20,300,5430.149069,5453.928236,5063.950801,5085.351952,5182.846159,5370.701184,5337.410388,5546.667051,5482.463244,5503.864508,5701.231984,5774.947672
pa20,360,5242.293904,5187.601977,5311.253344,5594.22546,5258.939281,5501.486589,5163.82289,5496.730753,5489.596998,5582.335855,5601.359224,5484.841162
pa20,420,5071.084517,5365.945356,5380.212843,5427.771153,5294.607956,5342.166215,5558.556651,5144.799625,5306.497519,5249.427636,5587.091697,5446.794485
pa20,480,5211.381071,5251.805547,5132.910087,5097.241483,5159.067073,5192.357795,5308.875431,5320.764995,5349.299957,5365.945356,5558.556651,5296.985869
pa20,540,5392.102418,5247.049726,5263.695103,5430.149069,5332.654561,5318.387082,5370.701184,5423.015321,5468.195739,5494.352834,5534.777454,5403.991994
pa20,600,5375.457014,5434.904902,5313.631257,5306.497519,5218.514801,5147.177533,5185.224068,5292.230044,5449.172402,5684.586515,5527.643696,5632.272208
pa20,660,5484.841162,5522.887858,5515.754101,5346.922043,5682.208591,5598.981303,5717.877456,5784.459378,5572.824173,5665.563127,5812.994505,5772.569745
pa20,720,5632.272208,5551.422891,5534.777454,5344.544129,5722.633305,5430.149069,5361.189527,5465.817821,5527.643696,5615.626754,5575.202093,6210.109408
pa20,780,5515.754101,5537.155373,5472.951574,5518.13202,5503.864508,5589.469618,5682.208591,5377.834928,5870.064789,5782.081452,5729.767081,5917.62339
pa20,840,5403.991994,5316.009169,5239.915993,5456.306153,5199.491523,5392.102418,5501.486589,5568.068332,5439.660735,5558.556651,5691.720287,5763.05804
5007,0,5979.449614,5646.539743,5777.325598,5710.743682,5725.01123,5270.828837,5337.410388,5465.817821,5632.272208,5565.690412,5653.673511,5796.349013
5007,60,5356.433699,5589.469618,5549.044971,5377.834928,5351.677871,5256.561369,5453.928236,5373.079099,5556.178731,5411.125741,5539.533293,5418.259489
5007,120,5839.151714,7101.841671,5877.198577,7009.101052,5387.346588,5579.957935,5984.205479,5553.800811,5401.614079,5423.015321,5539.533293,6293.337332
5007,180,6947.274033,13310.951639,7289.701201,8626.132361,6186.330017,6966.297726,11517.84628,6191.085895,5758.302188,5974.693749,6500.218547,15096.962564
5007,240,8198.091482,19549.083418,9363.319243,10590.393756,7249.275695,9016.127156,17841.456503,7729.627144,7235.007875,7553.656477,7938.890063,21130.692381
5007,300,9515.513509,21936.968226,10426.307121,10656.979733,8174.3115,10407.282605,22143.889885,9156.430626,7967.425958,9418.014024,9092.223923,23100.017604
5007,360,10181.366828,23444.892346,11365.648206,11819.865191,8885.336007,11470.284351,23901.556359,10683.138525,9415.635989,10409.66067,10314.538156,24838.67713
5007,420,10975.641961,23801.660884,12395.368949,12338.294011,9111.248126,12994.658253,24443.84826,11075.521428,10271.733062,11123.083123,11030.337844,26149.237525
5007,480,11620.104524,23661.331736,13025.574092,12202.741198,9035.151341,12637.937889,25350.054767,11988.710906,11108.814611,11475.040543,11265.768377,26299.085181
5007,540,12599.88781,23180.884652,13384.674337,12666.475459,9539.293889,12973.254986,25640.233298,12623.669107,11589.189227,11206.316157,11482.174831,26327.627623
5007,600,12421.528309,22700.440452,13693.834779,12654.584803,8970.944735,13296.682737,25552.228223,12485.737684,11767.546873,11941.148697,12069.566727,26303.842254
5007,660,13434.615558,22536.328985,13848.415448,12825.810415,9387.099578,14012.5091,26180.158447,12640.316019,12314.512799,11641.507429,12193.228728,25523.686057
5007,720,13712.860076,22633.844454,13807.986629,13230.094564,9120.760229,14202.763031,25766.294791,13144.48128,12492.872062,11748.522039,12045.785595,24634.12699
5007,780,13648.649717,22317.514219,13838.902783,12654.584803,8923.384319,14024.399957,26073.124538,12763.978902,12533.300217,11563.030139,11660.532238,24137.024759
5007,840,13548.767038,21744.317507,13337.111298,12978.011267,8849.665731,13700.969265,25333.405211,13101.674672,12994.658253,11962.551688,11280.036916,23440.135443
