##BLOCKS= 1          
Plate:	Plate#1	1.3	PlateFormat	Kinetic	Luminescence	Raw	FALSE	50	3000	60				1	450	1	12	96	405	Automatic	435			6	Automatic			1	8	None	
Time(hh:mm:ss)	Temperature(¡C)	1	2	3	4	5	6	7	8	9	10	11	12		
0:00	23.60	6376.565343	6105.480141	6119.74776	5886.710296	5924.757183	5879.576507	5789.215232	5929.513045	5770.191819	5722.633305	6024.630346	5720.255381		
		6650.029416	7158.912874	6307.604985	6000.85101	6162.550633	5972.315816	5834.395857	6157.794757	6100.724268	7127.9993	6027.00828	7001.967163		
		6397.966845	9684.354362	6450.281653	10578.503409	7679.689483	6416.990408	5653.673511	5670.318973	7389.576068	5960.426155	7006.723089	5929.513045		
		6305.227043	5979.449614	5836.773785	5929.513045	6048.409689	5924.757183	5805.860723	5874.820648	5943.780633	5753.546336	5889.088226	5746.412559		
		6176.818263	6283.825565	6055.543493	5870.064789	6038.897951	5891.466156	5744.034633	5717.877456	5974.693749	5784.459378	5736.900857	5622.760519		
		6183.952078	6053.165558	5665.563127	5789.215232	5701.231984	5784.459378	5660.80728	5527.643696	5734.522931	5796.349013	5744.034633	5791.593159		
		6302.8491	6642.895559	6081.700781	5815.372433	5898.599946	5622.760519	5820.128288	5527.643696	5922.379252	6029.386214	5920.001321	5841.529642		
		19192.333837	23133.31579	15765.240548	15648.707686	9420.392059	15403.751408	24177.458797	14278.86473	14012.5091	12647.450411	9410.87992	23616.141045		
		
1:00	23.70	5751.16841	5572.824173	5760.680114	5527.643696	5563.312491	5817.750361	5705.987832	5606.115067	5691.720287	5656.051434	5801.104868	5606.115067		
		5993.717211	5979.449614	5465.817821	5817.750361	5879.576507	6000.85101	5931.890976	5984.205479	5884.332366	6607.226282	5758.302188	6699.966434		
		5860.553072	8026.875771	5763.05804	9180.2109	7477.561173	6471.683175	5939.02477	5741.656707	6067.433168	5770.191819	7070.928119	6229.132926		
		5782.081452	5648.917665	5506.242426	5594.22546	5653.673511	5708.365757	5732.145006	5639.405975	5755.924262	5613.248832	5572.824173	5691.720287		
		5606.115067	5760.680114	5603.737146	5675.07482	5601.359224	5703.609908	5675.07482	5622.760519	5872.442719	5679.830668	5568.068332	5736.900857		
		5686.964439	5608.492989	5501.486589	5684.586515	5587.091697	5427.771153	5698.854059	5570.446252	5458.68407	5622.760519	5606.115067	5739.278782		
		5827.262072	6027.00828	5508.620345	5579.957935	5763.05804	5722.633305	5594.22546	5646.539743	5641.783897	5565.690412	5755.924262	5765.435966		
		16124.353086	19006.824684	13417.968481	13622.489956	8445.403711	13758.045174	20362.478409	13092.162096	12640.316019	11268.146466	8112.483581	21299.557741		
		
2:00	23.90	5513.376182	5544.289132	5689.342363	5520.509939	5691.720287	5791.593159	5760.680114	5553.800811	5705.987832	5587.091697	5934.268907	5836.773785		
		5660.80728	5886.710296	5672.696897	5653.673511	6005.606877	5691.720287	5955.670291	5827.262072	5848.663428	6588.202674	6067.433168	6545.399573		
		5722.633305	7498.96297	5746.412559	8630.888384	7948.402026	6481.194965	5872.442719	5603.737146	6086.456652	5912.867529	7753.406993	6495.462651		
		5675.07482	5434.904902	5515.754101	5613.248832	5658.429357	5591.847539	5705.987832	5641.783897	5948.536496	5867.68686	6010.362744	5946.158564		
		5565.690412	5449.172402	5556.178731	5575.202093	5670.318973	5696.476135	5665.563127	5679.830668	5717.877456	5986.583412	5779.703525	5948.536496		
		5508.620345	5596.603382	5568.068332	5615.626754	5691.720287	5594.22546	5713.121606	5570.446252	5717.877456	6022.252412	5922.379252	5905.733737		
		5556.178731	5774.947672	5558.556651	5784.459378	5774.947672	5708.365757	5727.389156	5672.696897	5677.452744	5682.208591	5922.379252	5765.435966		
		14542.843059	16816.422192	11884.074083	12571.350263	7998.339855	12697.391172	18524.027235	11881.695975	12019.626357	10909.055719	7960.291983	20431.450879		
		
3:00	23.90	5558.556651	5456.306153	5653.673511	5774.947672	5546.667051	5382.590758	5520.509939	5506.242426	5801.104868	5824.884144	5855.797214	5905.733737		
		5955.670291	5860.553072	5920.001321	5820.128288	6017.496544	5713.121606	5803.482795	5953.29236	5984.205479	6856.911553	5960.426155	6459.79344		
		5767.813893	7116.109468	5675.07482	8778.325226	7934.134081	6452.6596	5703.609908	5874.820648	5965.18202	6205.353529	7865.172381	6086.456652		
		5579.957935	5541.911212	5541.911212	5579.957935	5532.399534	5351.677871	5760.680114	5679.830668	5920.001321	5912.867529	5796.349013	5744.034633		
		5387.346588	5392.102418	5563.312491	5629.894286	5437.282818	5287.47422	5791.593159	5734.522931	5798.726941	5696.476135	5920.001321	5784.459378		
		5420.637405	5525.265777	5534.777454	5822.506216	5491.974916	5394.480333	5734.522931	5546.667051	5622.760519	5808.23865	5953.29236	5634.65013		
		5736.900857	5648.917665	5442.038651	5648.917665	5487.21908	5406.36991	5396.858248	5610.87091	5772.569745	5898.599946	5867.68686	5836.773785		
		13969.702028	15765.240548	11496.443409	11653.397934	7463.293311	11848.40247	16176.674252	10866.250307	11239.609394	10283.623364	7208.85021	19021.094603		
		
4:00	24.00	5886.710296	5848.663428	5950.914428	5587.091697	5632.272208	5946.158564	5779.703525	5755.924262	5713.121606	6038.897951	6055.543493	6181.57414		
		6445.52576	6217.243227	6355.163846	6057.921428	6685.698712	6031.764148	6319.494698	5896.222016	6000.85101	7375.308222	6298.093216	7092.329807		
		5703.609908	6956.785879	5765.435966	8621.376339	8721.252868	6975.809575	5853.419285	5962.804087	5675.07482	5986.583412	8321.747501	6243.400567		
		5889.088226	5874.820648	5684.586515	5798.726941	5708.365757	5936.646839	5853.419285	5648.917665	5603.737146	5772.569745	6114.991887	6079.322845		
		5741.656707	5793.971086	5534.777454	5815.372433	5870.064789	5791.593159	5801.104868	5986.583412	5789.215232	6095.968396	5862.931001	5986.583412		
		5827.262072	5915.245459	5912.867529	7199.338334	5960.426155	6036.520017	6038.897951	6276.69174	6003.228943	5908.111668	5839.151714	6250.534389		
		5758.302188	5870.064789	5753.546336	5667.94105	6103.102204	5803.482795	5803.482795	5765.435966	6022.252412	6053.165558	5969.937884	5991.339278		
		13441.750021	13888.844287	11058.874842	11051.740591	7387.198093	10949.483074	14866.277154	10602.284105	11001.800857	9463.196697	7218.362087	17237.374369		
		
5:00	24.20	5779.703525	5763.05804	5739.278782	5946.158564	5563.312491	5632.272208	5689.342363	5722.633305	5858.175143	5960.426155	6027.00828	5744.034633		
		6942.518111	6730.879842	6937.762188	6374.187398	7220.740057	6029.386214	6469.305228	6274.313799	6428.880137	9213.503294	6340.896185	8034.009752		
		5851.041357	7070.928119	6150.660944	8716.49684	8871.067894	7042.392544	5977.071681	5853.419285	5770.191819	6062.677298	8654.668501	6252.91233		
		5741.656707	5791.593159	5872.442719	5772.569745	5734.522931	5862.931001	5879.576507	5786.837305	5572.824173	5867.68686	5829.64	5889.088226		
		5710.743682	5751.16841	5832.017929	5803.482795	5891.466156	5889.088226	5922.379252	6747.525529	5962.804087	5917.62339	5870.064789	6129.259508		
		5931.890976	6274.313799	6062.677298	9693.866533	5667.94105	6212.487348	6426.502191	7227.873965	5755.924262	6153.038882	5853.419285	6640.517606		
		6257.668211	6186.330017	5820.128288	5943.780633	5884.332366	6074.566974	5829.64	5784.459378	5741.656707	5886.710296	5886.710296	5898.599946		
		12500.006441	12630.803497	10371.611651	10307.403972	7108.975569	10212.281581	13396.565101	9643.927646	10362.099399	8821.129521	7006.723089	16421.632896		
		
6:00	24.30	5622.760519	5537.155373	5651.295588	5461.061987	5560.934571	5522.887858	5698.854059	5618.004675	5748.790484	5556.178731	5891.466156	5881.954437		
		7746.273038	7170.802713	7846.148474	6036.520017	7960.291983	5974.693749	6773.683043	6849.777677	7032.880688	12060.054273	6645.273511	9651.061771		
		5698.854059	6997.211237	5791.593159	8892.470064	9467.95277	7147.023037	5575.202093	5763.05804	5705.987832	5767.813893	9670.086107	6326.628526		
		5525.265777	5689.342363	5594.22546	5910.489598	5589.469618	5748.790484	5551.422891	5665.563127	5656.051434	5886.710296	5777.325598	5815.372433		
		5696.476135	5751.16841	5620.382597	5553.800811	5734.522931	5527.643696	6566.801121	8680.826639	6160.172695	6390.833011	6236.266746	6193.463834		
		5839.151714	6773.683043	5865.308931	12243.169206	5701.231984	6419.368353	7772.430878	9456.062589	5796.349013	6219.621167	5812.994505	7976.937925		
		6076.94491	6053.165558	5451.550319	5560.934571	5620.382597	6119.74776	5510.998263	5458.68407	5744.034633	5855.797214	5725.01123	5936.646839		
		11356.135836	12024.382582	9356.185144	9629.659399	6621.493991	9617.769194	11895.964624	8928.140359	9444.172411	8378.819574	6754.659395	14818.713234		
		
7:00	24.30	5710.743682	5708.365757	5606.115067	5577.580014	5651.295588	5772.569745	5727.389156	5834.395857	5832.017929	5751.16841	5767.813893	5891.466156		
		8899.604122	9251.551763	8728.38691	7097.085739	9004.237043	6129.259508	8029.253765	8155.28752	8102.971598	15410.886046	7061.41626	12052.919934		
		5584.713776	6797.462608	5896.222016	8485.829821	9957.829739	7035.258652	5843.907571	6191.085895	5748.790484	5948.536496	9803.256585	6531.131878		
		5539.533293	5544.289132	5579.957935	6326.628526	5786.837305	5855.797214	5841.529642	5675.07482	5746.412559	5682.208591	6003.228943	6074.566974		
		5610.87091	6288.581449	6029.386214	5691.720287	6015.118611	5965.18202	7777.18685	12780.625843	7537.010623	7349.150512	7615.483964	6685.698712		
		6466.927281	7054.282366	6243.400567	15180.199731	5946.158564	6933.006266	9898.37849	13239.607157	6233.888806	6562.045221	6162.550633	9541.671928		
		6336.140298	6933.006266	5601.359224	5577.580014	5568.068332	6357.54179	5770.191819	6031.764148	5779.703525	5867.68686	5922.379252	6081.700781		
		10844.84761	10640.333234	8580.95016	9291.97828	6388.455066	9320.514657	11220.584685	8659.424526	8859.177803	7998.339855	6626.249894	13957.811178		
		
8:00	24.30	5736.900857	5570.446252	5396.858248	5430.149069	5705.987832	5739.278782	5556.178731	5703.609908	5827.262072	5853.419285	5805.860723	6057.921428		
		10321.672341	10238.440227	9572.586434	7617.861945	10628.442879	6367.053566	8735.520953	9703.378706	8935.27442	17620.276295	7277.811344	13905.491462		
		5910.489598	6971.05365	5946.158564	8752.167057	10226.549932	7078.062015	5763.05804	6281.447623	5824.884144	6019.874478	10286.001424	6647.651463		
		6200.597651	5572.824173	5691.720287	7073.306084	5905.733737	5663.185203	5991.339278	6015.118611	5836.773785	6081.700781	6000.85101	6193.463834		
		6526.37598	6825.998096	7208.85021	6543.021624	6512.108288	6305.227043	9482.220989	17468.066614	9315.758594	9344.29498	9972.098045	7506.096903		
		7912.732168	7556.034456	6450.281653	18352.789431	5946.158564	7608.350021	12107.616553	18355.167732	6657.163274	7066.172189	6338.518242	11406.075791		
		6954.407918	7703.469317	5665.563127	5560.934571	5708.365757	6733.257797	5784.459378	5984.205479	5663.185203	6307.604985	6257.668211	6007.98481		
		10573.747271	10198.013232	8595.218221	8794.971338	6390.833011	8454.915735	10228.927991	8043.521727	8478.6958	7912.732168	6455.037546	12447.687678		
		
9:00	24.40	5418.259489	5541.911212	5470.573656	5634.65013	5589.469618	5494.352834	5758.302188	5494.352834	5575.202093	5627.516363	5727.389156	5767.813893		
		10894.787246	11717.606692	10659.357805	7981.693909	11598.701625	6825.998096	9686.732405	11241.987483	9213.503294	18709.53527	7346.772538	15025.61649		
		5732.145006	7192.204428	6046.031754	8890.092045	10511.917497	7487.073082	5929.513045	6559.667271	5827.262072	6186.330017	10228.927991	6654.785321		
		6426.502191	5620.382597	5960.426155	8034.009752	6317.116755	6167.306509	6616.738087	6405.100681	5872.442719	5953.29236	5903.355807	6229.132926		
		7415.733792	8034.009752	9746.183496	7194.582396	6787.950781	7097.085739	12181.338143	23033.421274	11741.387727	10859.116074	12716.416232	8519.121927		
		9113.626151	8419.24565	6835.509928	21087.881501	6409.856571	8421.623656	15087.44975	24615.099097	7396.709992	7629.751853	6747.525529	13025.574092		
		6887.825021	9249.173733	5618.004675	5482.463244	5793.971086	7375.308222	5703.609908	5855.797214	5734.522931	5870.064789	5865.308931	6038.897951		
		9517.891547	9032.773317	8057.789692	8419.24565	6233.888806	8585.70618	9791.366355	7605.97204	7981.693909	7408.599866	6309.982927	11727.119105		
		
10:00	24.40	5584.713776	5568.068332	5629.894286	5527.643696	5665.563127	5482.463244	5722.633305	5972.315816	5917.62339	6162.550633	6119.74776	6145.905069		
		11805.596556	12442.931428	11900.720841	8347.905529	11922.123821	7123.243367	10495.271028	12288.353474	10599.906035	19201.847139	8383.575582	16359.798605		
		5803.482795	7120.865401	6188.707956	8709.362798	10695.028888	7679.689483	5908.111668	7525.120729	6015.118611	6659.541226	10245.574405	6935.384227		
		7275.433373	5960.426155	5865.308931	9910.268737	7410.977841	6854.533594	7722.49319	7907.976188	6148.283006	6764.171218	6535.887776	7589.326175		
		8892.470064	9722.403054	14393.017414	8652.290489	8067.30167	8404.977621	14350.210138	28461.20401	14856.764367	14031.534472	17384.827067	10159.964313		
		11118.326952	9384.721544	7322.99281	24039.507459	7151.778971	9617.769194	18086.420242	31034.891346	8274.187471	8747.411027	7701.091334	15579.739338		
		7503.718925	11322.84255	5808.23865	5950.914428	6397.966845	8081.569639	5736.900857	6298.093216	5998.473077	6585.824723	6485.95086	6338.518242		
		9396.611714	8535.767985	7888.952271	8350.283532	6376.565343	7841.392498	8856.799785	7494.207014	7827.124572	7570.302334	6357.54179	11042.228259		
		
11:00	24.50	5862.931001	5696.476135	5763.05804	5729.767081	5796.349013	5958.048223	5960.426155	5532.399534	5725.01123	6160.172695	5967.559952	5977.071681		
		13001.792676	12911.423359	12721.172498	9163.564707	12880.507563	7891.33026	11429.856733	12923.314053	10868.628385	19258.926972	8509.609895	16369.31157		
		6041.275885	7353.906458	6759.415307	8735.520953	10818.688765	7784.320808	6485.95086	7924.622119	6100.724268	6295.715274	9577.342512	6864.045429		
		8618.998328	6286.203507	6443.147814	11441.747207	9232.527526	7617.861945	9311.00253	9945.939486	6512.108288	6928.250345	6718.990069	8811.617453		
		11475.040543	11777.059292	19189.955512	10198.013232	9008.993088	10238.440227	16500.114951	32214.723927	17282.561457	16029.22378	21097.395028	12105.238438		
		12939.961027	10055.329882	8202.847479	25547.471195	7831.880547	10823.444918	21337.611956	36306.213577	9349.051045	9265.819943	8107.727589	17869.995929		
		8188.579489	14319.293787	6069.811104	6504.974443	6811.730351	9394.23368	6027.00828	6714.23416	6507.352392	6483.572912	6414.612462	6733.257797		
		8859.177803	8022.119785	7874.684336	7898.464229	6129.259508	7762.918935	8885.336007	7206.472241	7686.823432	7173.180681	6393.210955	9774.720035		
		
12:00	24.50	5648.917665	5691.720287	5644.16182	5889.088226	5725.01123	5770.191819	5432.526986	5867.68686	5646.539743	5915.245459	5832.017929	6093.59046		
		13256.254197	12842.457369	13646.271556	9168.320762	12904.288943	7877.062325	11817.487085	12806.785329	11334.733007	18309.980038	8697.47273	16595.244816		
		5777.325598	6909.226661	6388.455066	8676.070613	10328.806526	7401.465941	6029.386214	8174.3115	6202.97559	6200.597651	8887.714026	6830.754012		
		9555.94016	6271.935858	6968.675688	13398.943254	11006.557021	8818.751504	10742.590356	12559.459622	6928.250345	7950.780018	7161.290842	10438.197446		
		14678.399836	13479.8005	25357.190292	12407.259566	10257.464703	11475.040543	17560.819354	35002.623241	20317.289582	18155.390751	25188.316371	13670.053164		
		14445.337448	10956.617315	8830.64159	26946.049708	8466.805767	11755.656351	24313.031895	40857.052111	10595.149896	9855.573619	8985.212865	20179.344898		
		9384.721544	17572.710738	6288.581449	7049.526437	7682.067466	11812.730873	6248.156448	7696.335366	7182.692554	6697.58848	6949.651995	7301.59106		
		8364.551552	7532.254665	7287.32323	7273.055402	6317.116755	7194.582396	7938.890063	6730.879842	7249.275695	6833.13197	6091.212524	9356.185144		
		
13:00	24.50	5603.737146	5629.894286	5627.516363	5691.720287	5503.864508	5789.215232	5651.295588	5470.573656	5931.890976	5839.151714	5836.773785	5912.867529		
		13046.977373	12599.88781	13819.877456	9125.516281	13144.48128	7850.904451	12614.156587	12737.81943	11826.99951	17389.58361	8885.336007	16079.166651		
		5696.476135	6909.226661	6338.518242	8490.585835	9670.086107	7368.1743	6036.520017	8293.21148	6188.707956	6533.509827	8169.555505	6854.533594		
		10901.921482	6949.651995	7120.865401	15558.33538	12989.901971	10992.28853	13108.809105	15456.072104	7529.876686	8911.49422	8190.957487	12157.556977		
		17548.927971	15054.154912	30640.031907	14316.915606	11282.415006	13344.245752	17912.805087	36363.30561	21313.828069	19496.760047	28275.673371	14414.42106		
		16600.001313	12371.58772	9325.270721	28299.459326	9643.927646	13479.8005	26118.316615	45013.219052	11356.135836	10452.465837	9681.976319	21532.640091		
		10754.480728	22512.544742	6909.226661	7843.770486	9039.907388	14882.924532	6269.557917	8336.015515	8642.778442	7510.852859	7877.062325	8155.28752		
		8102.971598	7415.733792	6825.998096	7177.936617	6046.031754	7225.495996	7515.608816	6669.053038	6752.28144	6621.493991	5939.02477	8821.129521		
		
14:00	24.50	5765.435966	5632.272208	5625.138441	5618.004675	5546.667051	5729.767081	5648.917665	5746.412559	5601.359224	5891.466156	5920.001321	5920.001321		
		13451.262639	12243.169206	14324.050148	9398.989748	13189.666057	8105.349593	12687.878644	12568.972135	12062.432386	16619.0273	9237.283585	15857.991314		
		6041.275885	6628.627846	6514.486237	8302.723486	9194.479067	7277.811344	6229.132926	8262.297468	6224.377046	6205.353529	7739.139083	6716.612114		
		11441.747207	7239.763815	8264.675468	17603.628347	15793.779233	13104.052816	15089.827954	18809.42439	7910.354178	10121.915413	9277.710095	14402.530145		
		20058.048907	16699.887799	36087.361161	16200.456612	12167.069443	14706.938135	18959.258303	37081.71717	22472.111546	20616.963335	30316.534059	15800.913906		
		18823.694274	13123.077973	9972.098045	28665.763932	10759.236877	14592.785003	27776.169941	46174.224681	12554.703366	11144.485895	10098.13486	23019.150639		
		12412.015814	26686.78756	7855.660427	10129.049581	11001.800857	18490.730967	7308.724976	9881.732149	10825.822994	8723.630882	9253.929792	9479.842952		
		7748.651023	7292.079173	6645.273511	6933.006266	5870.064789	6940.14015	7334.882673	6302.8491	6759.415307	6526.37598	5960.426155	7917.488148		
		
15:00	24.60	5744.034633	5779.703525	5672.696897	5648.917665	5753.546336	5755.924262	5763.05804	5763.05804	5760.680114	5841.529642	6312.36087	5943.780633		
		13068.38066	11860.293006	14618.945081	9693.866533	13073.136946	7946.024035	12932.826609	12031.516919	11805.596556	15311.001168	8787.837289	15094.584361		
		6003.228943	6821.242181	6447.903707	7789.076781	8561.926083	6987.699387	6176.818263	8024.497778	6207.731469	6307.604985	7292.079173	6683.320758		
		12340.672133	7929.3781	8112.483581	18507.3791	17358.666085	15344.296114	16821.178701	21979.77956	8790.215305	10859.116074	10573.747271	15934.094587		
		22127.240997	18302.845141	40176.669837	18300.466842	13448.884484	16890.148119	18780.884629	36677.312518	22417.407843	20823.881582	30761.343937	16611.892555		
		20443.342691	13448.884484	10778.261476	28853.674088	11810.352767	15917.44699	29472.115691	47585.059515	14295.511986	11232.475128	10630.82095	24348.709064		
		13929.273147	29293.718584	9032.773317	11964.929798	13660.54052	22300.865294	8305.101487	11291.927368	13058.868087	9988.744405	10385.880031	10909.055719		
		7539.388602	6887.825021	6414.612462	6609.604233	5793.971086	6623.871942	7227.873965	6336.140298	6597.714477	6405.100681	6324.250583	7793.832754		
		
16:00	24.60	5801.104868	5732.145006	5637.028053	5694.098211	5710.743682	5546.667051	5570.446252	5658.429357	5665.563127	5782.081452	5827.262072	5967.559952		
		12675.987985	11035.09401	13855.549947	9551.184082	12711.659967	7579.814254	12433.41893	11182.535281	11665.288441	14659.37431	8921.006299	14647.483358		
		5879.576507	6695.210527	6445.52576	7789.076781	8257.541467	6830.754012	5912.867529	7943.646044	5953.29236	6281.447623	7182.692554	6419.368353		
		12956.608005	8687.960678	8823.507538	19154.280642	18326.628133	16195.70014	18162.525634	24674.561279	9249.173733	11660.532238	11696.203767	18112.581463		
		23601.870306	18971.149896	40450.249427	19370.708429	14457.22837	17694.002963	18369.437535	36634.493322	22305.62213	20840.5302	31303.682319	16866.365554		
		21903.670538	13670.053164	11080.277596	29350.805615	12271.706636	17232.617834	30440.224258	47466.101149	14742.611022	11903.09895	11796.084134	25009.928812		
		15910.312306	30621.002585	10690.272742	14863.898957	15325.270429	26622.56679	9712.890879	12699.769304	16219.482505	12076.701068	12333.537769	11934.014368		
		7372.930248	6402.722736	6274.313799	6616.738087	5860.553072	6357.54179	6642.895559	5998.473077	6117.369823	6202.97559	6015.118611	7449.025452		
		
17:00	24.60	5741.656707	5439.660735	5763.05804	5779.703525	5589.469618	5679.830668	5646.539743	5565.690412	5613.248832	5608.492989	5839.151714	5827.262072		
		11960.173577	10578.503409	14145.686804	9403.745816	12190.850611	7653.531673	12238.412968	10414.416798	11560.652041	13422.724789	8792.593322	13750.910683		
		5739.278782	6357.54179	6312.36087	7539.388602	7679.689483	6631.005798	5967.559952	7529.876686	5988.961345	5969.937884	7030.502724	6307.604985		
		13054.111801	8994.724953	9577.342512	18923.583536	19294.601888	18590.619814	19109.092497	26320.492011	9893.622392	12250.303562	12918.557775	19387.356744		
		24405.792568	19213.738767	42515.210757	20262.587351	14794.931285	18535.918763	17306.344145	36639.251009	21606.370363	20957.070621	32100.54582	16959.117597		
		22662.385589	13681.943971	11708.09428	28213.82992	13211.069382	17848.591358	29367.456007	46868.932824	16003.06324	11639.129328	12200.36308	24714.995588		
		17275.426652	31900.734525	12426.284557	17594.115235	17358.666085	28085.385982	10954.239234	13577.304934	19249.413663	13903.113294	14366.857409	12652.206673		
		6880.691143	6609.604233	6312.36087	6155.416819	5812.994505	6386.077121	6210.109408	5744.034633	6012.740677	6015.118611	5772.569745	7142.267102		
		
18:00	24.60	5603.737146	5325.520822	5758.302188	5570.446252	5468.195739	5748.790484	5784.459378	5603.737146	5789.215232	5884.332366	5817.750361	5908.111668		
		11665.288441	10129.049581	12980.389408	9253.929792	12200.36308	7663.043603	12083.83541	10038.683507	11351.379651	12958.986145	8550.036038	13408.455867		
		5589.469618	6528.753929	6329.006469	7182.692554	7477.561173	6469.305228	6046.031754	7377.686196	6145.905069	5939.02477	6678.564851	6336.140298		
		13662.918681	9489.355099	10181.366828	18471.704534	20226.912003	18911.691951	20003.346853	27217.205513	10837.713378	13641.515236	13256.254197	20797.719475		
		24239.299129	19715.5671	42534.242907	21061.719308	15070.802329	18878.395521	16228.995453	34997.865651	21570.694416	20709.719725	30478.282819	16790.261395		
		22995.366252	13991.105561	11339.489191	28432.660807	13760.423338	18243.387693	29020.177126	45919.658481	16711.779056	12228.900495	12721.172498	24833.920144		
		17655.95048	32155.256143	14159.955857	20267.344065	18830.829217	30585.32262	13068.38066	14923.353894	22277.081122	16036.358474	15893.664714	14404.908328		
		6543.021624	6248.156448	6119.74776	6202.97559	5494.352834	6531.131878	6186.330017	5922.379252	6309.982927	6338.518242	6103.102204	6959.163841		
		
19:00	24.70	5537.155373	5637.028053	5760.680114	5577.580014	5594.22546	5770.191819	5786.837305	5774.947672	5767.813893	5943.780633	6155.416819	6036.520017		
		11130.21738	9953.073637	12790.138383	9018.505179	11945.904917	7639.26378	11717.606692	9596.366831	11189.669543	11905.477059	8711.740812	12621.290977		
		5710.743682	6488.328808	6243.400567	7158.912874	7468.049265	6314.738812	6186.330017	7189.826459	6076.94491	5939.02477	6666.675085	6405.100681		
		13686.700294	10188.501	10409.66067	18317.114935	19734.593829	19437.301712	20695.449504	26946.049708	10961.373476	14067.207059	14219.410271	21171.124899		
		24332.059716	19218.495419	40371.743884	21330.476789	15598.765083	18902.178684	15494.12354	34434.093229	20538.477244	19917.726323	30095.319372	17025.708873		
		23442.513894	14083.854271	11484.552927	27600.155189	15030.372893	18443.164893	28332.759676	45025.114516	16825.935211	12098.104095	13263.388644	24179.83727		
		18276.683858	31496.356051	15750.971209	21853.724031	20215.020224	30927.850944	14659.37431	15444.181033	24382.00777	17784.377681	17292.074532	14640.348788		
		6495.462651	6298.093216	6069.811104	6374.187398	5893.844086	6027.00828	6371.809454	5846.285499	5988.961345	6193.463834	5874.820648	6928.250345		
		
20:00	24.70	5477.707409	5506.242426	5801.104868	5713.121606	5746.412559	5763.05804	5981.827546	5846.285499	5922.379252	5774.947672	5889.088226	6038.897951		
		10554.72272	9510.757434	12545.190854	9108.8701	11013.691267	7406.221891	11108.814611	8959.054628	11039.850176	11035.09401	8121.995565	12071.94484		
		5993.717211	6433.636029	6210.109408	7187.448491	7056.66033	6098.346332	6041.275885	7018.612906	5886.710296	6074.566974	6188.707956	6400.34479		
		13222.96012	10509.53943	10649.845519	17741.568591	19934.374752	19185.198862	20421.937432	26403.740852	11201.559981	14150.443154	14257.461119	20693.071134		
		24182.215744	19394.491738	39013.372284	21125.935615	15422.777112	18911.691951	14676.021645	32345.553208	19392.113407	18276.683858	29034.448831	16345.52916		
		23708.900911	13684.322132	11862.671114	26653.487895	15418.020685	18248.144287	26515.532289	41982.312411	17912.805087	11691.447562	12887.641976	23604.248763		
		18241.009396	30623.38125	16787.883141	22360.325757	20769.179005	30428.330961	16171.917781	15865.125992	25923.277305	18666.725685	16985.278449	14989.943476		
		6488.328808	6507.352392	5744.034633	6157.794757	5872.442719	6191.085895	6226.754986	5782.081452	5855.797214	6136.393319	6281.447623	6538.265725		
		
21:00	24.70	5518.13202	5537.155373	5570.446252	5644.16182	5644.16182	5694.098211	5817.750361	5651.295588	5822.506216	5912.867529	5843.907571	5829.64		
		9948.317536	8992.346931	11548.76155	8885.336007	10906.67764	7263.543519	10590.393756	8416.867645	10271.733062	10735.456134	8117.239573	11189.669543		
		5770.191819	6267.179975	6172.062386	6804.596479	7239.763815	6162.550633	6141.149194	6671.430991	5815.372433	5898.599946	6288.581449	6169.684448		
		12549.94711	10507.161363	10813.932612	17101.813256	19803.565758	18407.490357	19934.374752	24995.657825	11679.557052	14428.690161	14376.370137	19820.214163		
		23787.390112	18600.133044	36406.124661	20712.098095	15460.828532	18436.029985	13089.783952	31027.755315	18433.651682	17275.426652	27114.927338	15677.24633		
		22593.411196	13327.598694	11508.333892	25637.854781	15651.085906	18664.347376	25226.372435	39591.45055	17803.40395	11429.856733	13037.464803	22410.27258		
		18621.537815	29084.399819	17284.939726	21351.882291	20776.314122	28984.497874	17729.677181	15337.161482	26408.497932	19130.497405	17320.613762	15272.949819		
		6081.700781	5772.569745	5950.914428	5927.135114	5608.492989	6186.330017	6098.346332	5793.971086	5741.656707	6027.00828	5908.111668	6447.903707		
		
22:00	24.70	5639.405975	5508.620345	5672.696897	5734.522931	5606.115067	5701.231984	5798.726941	5739.278782	5820.128288	5812.994505	6084.078717	6048.409689		
		9560.696238	8300.345484	11503.577699	8252.785467	10124.293469	7353.906458	10262.220822	8053.033703	10148.07403	10117.159302	7896.086239	10602.284105		
		5782.081452	6276.69174	6202.97559	6875.935224	6821.242181	6343.274128	5855.797214	6436.013975	5855.797214	5962.804087	6183.952078	6176.818263		
		12656.962934	11299.061639	10640.333234	16114.84015	19075.795985	18443.164893	18852.234051	23609.005676	11489.309119	13886.46612	13482.178655	19211.360441		
		22935.905318	18122.094636	35319.003616	19891.564512	15118.366399	18024.584664	12290.731594	28789.45158	16978.14367	16431.145868	26349.034461	15018.481886		
		22279.459539	12752.088232	11420.344356	24274.976265	15991.172089	18183.930289	23130.937348	37022.24577	17484.714534	11051.740591	12930.44847	21316.206458		
		17827.186793	27321.862385	17598.871791	20666.90907	19772.6473	27378.94801	17758.216568	15068.424127	25823.379306	18773.74969	16198.078376	14880.546335		
		6153.038882	5998.473077	5946.158564	5974.693749	5570.446252	5955.670291	5981.827546	5841.529642	5960.426155	5755.924262	6084.078717	6697.58848		
		
23:00	24.70	5924.757183	5625.138441	5541.911212	5468.195739	5691.720287	5755.924262	5774.947672	5667.94105	5972.315816	5774.947672	5698.854059	6091.212524		
		9311.00253	8328.881508	10488.136828	8376.44157	9627.281358	7130.377267	9672.464149	7294.457144	9636.793522	9230.149497	7565.546374	9827.037051		
		6022.252412	6314.738812	6048.409689	6547.777523	6614.360136	6212.487348	5934.268907	6378.943287	5853.419285	5717.877456	6226.754986	6250.534389		
		12597.509681	10901.921482	10588.015687	15501.258186	18110.20317	17396.718426	18695.265406	22277.081122	11598.701625	13679.565809	13456.018948	18512.135709		
		22372.217855	17967.505712	33235.197989	19446.815042	14871.033547	17296.831069	11417.966261	26900.857163	15974.52448	15154.039469	24527.095149	14100.501487		
		21259.125157	12649.828542	11218.206597	22648.11502	16060.140792	17313.478953	21382.801359	33751.386793	16538.166883	10214.659639	12041.029369	19254.170317		
		17104.191519	25250.157484	17327.748571	19889.186166	19515.786723	25709.210317	17772.486265	14029.156301	25250.157484	18015.071503	15472.719605	13979.214708		
		6252.91233	6119.74776	5755.924262	5841.529642	5632.272208	5822.506216	5836.773785	5786.837305	5770.191819	5786.837305	5931.890976	6274.313799		
		
24:00	24.70	5644.16182	5537.155373	5881.954437	5656.051434	5461.061987	5527.643696	5506.242426	5720.255381	5375.457014	5786.837305	6041.275885	6005.606877		
		8221.871471	7615.483964	10102.89097	7791.454767	9051.797506	6961.541803	9082.711823	6994.833275	9232.527526	8357.417542	7539.388602	9489.355099		
		5537.155373	6007.98481	6084.078717	6540.643674	6421.746299	6038.897951	5722.633305	6324.250583	5955.670291	5817.750361	6117.369823	6202.97559		
		11137.351637	10500.027162	10421.550992	14331.18469	16799.774411	16454.928304	17206.456902	20105.61594	11344.245375	13582.061251	12435.797055	17646.437363		
		20735.881803	16238.508402	30799.402651	18074.528781	14076.719751	16045.8714	10483.380695	25347.676259	14535.708498	14457.22837	22360.325757	13387.05249		
		19608.541836	12083.83541	11256.256019	21047.449024	15796.157458	16243.264878	19316.006845	30880.277478	16086.30135	9986.366354	11579.676831	17917.561662		
		15805.670356	23711.27937	16545.301623	18409.868659	17881.887359	23128.558906	16790.261395	13477.422344	24434.334335	17658.32876	14207.519385	13410.834021		
		5924.757183	5862.931001	5589.469618	5615.626754	5722.633305	5717.877456	5503.864508	5539.533293	5696.476135	5948.536496	5739.278782	6538.265725		
		
25:00	24.80	5748.790484	5544.289132	5553.800811	5613.248832	5506.242426	5796.349013	5589.469618	5553.800811	5639.405975	5998.473077	5929.513045	6138.771256		
		8207.603477	7570.302334	9377.587443	7603.594059	8666.558563	6685.698712	8771.191179	6937.762188	8654.668501	8419.24565	7437.135572	8835.397624		
		5665.563127	5796.349013	5827.262072	6678.564851	6319.494698	6088.834588	6084.078717	6117.369823	5950.914428	6062.677298	6093.59046	6224.377046		
		10495.271028	10385.880031	10212.281581	13670.053164	16450.171816	15965.011562	16126.73132	18352.789431	10975.641961	13011.305242	12835.32296	16074.410186		
		19970.049969	16167.161311	28582.512738	17061.382794	13767.55783	15998.30678	9677.220234	23192.776871	13446.50633	12954.229865	20348.208251	12224.144258		
		18471.704534	11872.183544	10507.161363	19430.166715	15346.674325	15534.553211	17394.340154	28763.286869	15577.36112	9857.951667	11173.022933	16481.088991		
		15127.879216	22091.564818	16381.202777	18267.170667	16842.582997	21325.720012	16183.80896	12538.056472	22550.599534	16623.783798	13527.363623	12835.32296		
		5910.489598	5606.115067	5546.667051	5777.325598	5406.36991	5682.208591	5648.917665	5553.800811	5843.907571	5812.994505	5984.205479	6207.731469		
		
26:00	24.80	5625.138441	5736.900857	5784.459378	5729.767081	5734.522931	5625.138441	5834.395857	5563.312491	5653.673511	5860.553072	6024.630346	6126.881571		
		8029.253765	7318.236865	9061.309602	7565.546374	7912.732168	6521.620083	8535.767985	6640.517606	8278.943473	7922.244129	7208.85021	7912.732168		
		5696.476135	6072.189039	6024.630346	6619.116039	6283.825565	5834.395857	5986.583412	5939.02477	5805.860723	5936.646839	6029.386214	6022.252412		
		10117.159302	10186.122943	10186.122943	13139.724989	14987.565276	14747.367408	15441.80282	16321.746757	10837.713378	12578.484649	11838.890043	15182.577937		
		18424.138472	15054.154912	25069.391288	16445.415329	12626.047237	14704.559943	9223.01541	21558.802438	12523.787708	12148.044513	18933.096806	11177.779107		
		16935.335012	11149.242067	10257.464703	18062.637322	14549.97762	14523.817564	15781.888113	25597.420006	14916.219299	9168.320762	10640.333234	15246.789527		
		14202.763031	19951.023185	15432.289965	16749.83109	15817.561479	19023.472923	15391.860346	11800.840345	21052.205785	15541.687861	12744.953831	11781.815502		
		6145.905069	6172.062386	5591.847539	5720.255381	5758.302188	5732.145006	5701.231984	5634.65013	5665.563127	5910.489598	5884.332366	6134.015382		
		
27:00	24.80	5553.800811	5472.951574	5691.720287	5596.603382	5634.65013	5782.081452	5594.22546	5753.546336	5796.349013	5774.947672	5950.914428	6167.306509		
		7353.906458	7147.023037	8573.816131	7106.597603	7724.871175	6535.887776	8031.631758	6626.249894	8053.033703	7384.820119	6875.935224	7658.287637		
		5546.667051	5924.757183	5924.757183	6721.368023	6022.252412	5839.151714	5708.365757	6003.228943	5886.710296	5910.489598	6060.299363	5977.071681		
		9387.099578	9931.671184	9841.305334	12257.437919	14117.148706	13472.666034	13893.600623	15070.802329	9907.890687	12067.188613	11508.333892	13739.019867		
		17120.839364	14069.585231	23637.547159	15339.539692	12557.081494	14331.18469	8737.898968	19128.119082	11667.666543	11444.125302	17246.887438	10354.965211		
		15080.315141	10457.221969	9988.744405	16205.213085	14093.366965	14071.963405	13938.785823	23047.691911	13658.162359	8726.008896	10000.634665	13941.163992		
		13230.094564	18112.581463	14221.788449	15265.815193	14816.335039	16412.119925	14300.268345	10985.154286	19689.405356	14569.003121	11653.397934	10992.28853		
		5765.435966	5734.522931	5694.098211	5615.626754	5408.747826	5832.017929	5705.987832	5755.924262	5848.663428	5782.081452	5805.860723	6129.259508		
		
28:00	24.80	5656.051434	5763.05804	5648.917665	5815.372433	5703.609908	5694.098211	5603.737146	5553.800811	5679.830668	5772.569745	6027.00828	6348.030015		
		7068.550154	7009.101052	8010.229819	6921.116463	7548.900518	6635.761702	7517.986794	6376.565343	7496.584992	7163.668809	6887.825021	7712.981253		
		5972.315816	6117.369823	5827.262072	6597.714477	6072.189039	5832.017929	5665.563127	5839.151714	5843.907571	5839.151714	6046.031754	6307.604985		
		8992.346931	10167.098484	9484.599025	11394.185323	13436.993713	12816.297872	13232.472712	13189.666057	9596.366831	11420.344356	10859.116074	12737.81943		
		16283.694927	13211.069382	21466.045064	14618.945081	12002.979575	13310.951639	8307.479489	17196.943837	10790.151853	10464.356166	15641.573027	10243.196346		
		14162.334032	10240.818286	9693.866533	15184.956143	12847.213643	12778.247709	12152.800745	20122.264409	12461.956428	8271.80947	9639.171564	12514.2752		
		12730.68503	16878.256836	13263.388644	14022.021786	13406.077714	15391.860346	13208.691234	9993.500509	17439.527331	13610.599158	10718.809618	10492.892961		
		6031.764148	5834.395857	5684.586515	5727.389156	5553.800811	5824.884144	5760.680114	5691.720287	5879.576507	5748.790484	5962.804087	6300.471158		
		
29:00	24.80	5646.539743	5701.231984	5634.65013	5717.877456	5698.854059	5589.469618	5622.760519	5753.546336	6027.00828	5946.158564	5958.048223	6186.330017		
		6726.123933	6935.384227	7629.751853	6966.297726	7206.472241	6447.903707	7487.073082	6126.881571	7582.192234	7068.550154	6661.919179	7287.32323		
		5732.145006	5986.583412	5977.071681	6445.52576	6217.243227	5755.924262	5900.977877	6079.322845	5912.867529	5853.419285	5784.459378	5941.402701		
		8276.565472	9708.134792	9748.56154	10811.554536	12545.190854	11684.313256	12121.885242	12010.11391	9256.307822	10683.138525	10226.549932	11884.074083		
		14618.945081	12312.134679	18966.393258	13660.54052	11477.418639	12511.897073	7679.689483	15793.779233	9900.756539	9846.061428	13639.137075	9589.232711		
		12821.054144	9513.135471	9177.832872	13287.170138	12183.71626	11936.392478	10963.751557	18241.009396	11215.828509	7491.829037	9175.454844	11553.517746		
		11479.796735	14852.007975	12331.159647	13356.13651	11907.855167	13372.783575	12514.2752	9674.842192	16521.51916	12469.090804	9693.866533	9272.954034		
		5848.663428	5782.081452	5713.121606	5637.028053	5577.580014	5629.894286	5824.884144	5893.844086	5969.937884	5708.365757	5929.513045	6038.897951		
		
30:00	24.80	5594.22546	5491.974916	5637.028053	5943.780633	5694.098211	5748.790484	5508.620345	5558.556651	5774.947672	6067.433168	5988.961345	6286.203507		
		6523.998031	6816.486266	7194.582396	6657.163274	7130.377267	6233.888806	7149.401004	6034.142082	7080.43998	6683.320758	6640.517606	7025.746797		
		5515.754101	6012.740677	5594.22546	6576.312922	6129.259508	5760.680114	5848.663428	5658.429357	5758.302188	5958.048223	6179.196201	6007.98481		
		7753.406993	8880.579969	8783.081257	10228.927991	11394.185323	10911.433798	11746.143935	10875.762619	8754.545072	10131.427637	9470.330806	10578.503409		
		13479.8005	11372.782484	16830.691721	12925.692192	10799.664156	11387.051043	7406.221891	13979.214708	9624.903317	8980.456821	12809.163465	9123.138255		
		11501.199602	8887.714026	8597.596231	12005.357686	11322.84255	11132.595465	9577.342512	16053.006096	10935.214593	7406.221891	8426.379666	10528.56397		
		10671.248164	13767.55783	11463.150064	12005.357686	10968.507718	11769.924978	11289.549277	9337.160882	14183.737617	11615.348324	9028.017271	8989.968909		
		5748.790484	5568.068332	5544.289132	5791.593159	5677.452744	5832.017929	5725.01123	5563.312491	5817.750361	5908.111668	5879.576507	5979.449614		
		
31:00	24.80	5755.924262	5565.690412	5744.034633	5720.255381	5677.452744	5839.151714	5717.877456	5675.07482	5637.028053	6231.510866	6260.046152	6355.163846		
		6440.769867	6604.848331	6992.455312	6650.029416	6631.005798	6279.069682	6930.628306	5905.733737	6778.438955	7016.234942	6735.635752	6685.698712		
		5791.593159	6034.142082	5732.145006	6566.801121	6029.386214	5872.442719	5870.064789	5765.435966	5801.104868	6136.393319	6095.968396	6069.811104		
		7375.308222	8899.604122	8706.984785	9672.464149	10618.930597	10469.112298	10616.552526	9976.854148	8638.022418	10124.293469	8768.813163	9762.829809		
		12347.806498	10961.373476	15023.238288	11482.174831	9945.939486	10890.031089	7263.543519	12673.609853	8747.411027	8511.987903	11484.552927	8485.829821		
		10500.027162	8336.015515	8407.355626	10804.420308	10476.246496	10637.955163	8721.252868	14010.130928	10114.781247	7289.701201	7693.957383	9653.439813		
		10264.598882	12333.537769	10718.809618	11132.595465	10347.831023	11798.462239	10421.550992	8376.44157	13113.565394	11158.754412	8502.475872	8628.510373		
		5803.482795	5784.459378	5675.07482	5539.533293	5656.051434	5915.245459	5634.65013	5615.626754	5912.867529	5988.961345	5936.646839	6176.818263		
		
32:00	24.80	5629.894286	5772.569745	5912.867529	6043.65382	5798.726941	5927.135114	5715.499531	5810.616578	5889.088226	6145.905069	6233.888806	6512.108288		
		6329.006469	6692.832573	6928.250345	6780.816911	6752.28144	6267.179975	6704.722343	6248.156448	6676.186898	6704.722343	6569.179071	6890.202981		
		5763.05804	6007.98481	6160.172695	6773.683043	6105.480141	6022.252412	6041.275885	5929.513045	6017.496544	5962.804087	6134.015382	6183.952078		
		7394.332017	8416.867645	8937.652441	9194.479067	9881.732149	9805.634631	9727.159142	8928.140359	8397.843607	9125.516281	8828.263572	9441.794375		
		11777.059292	10404.904541	14002.996415	11111.192697	9810.390724	10224.171874	6985.321424	11662.910339	8466.805767	7969.803949	10535.698174	8295.589481		
		9841.305334	8200.469481	8133.885548	9817.524863	9929.293134	9948.317536	8217.115473	12359.697108	9206.369209	7001.967163	7810.478661	9177.832872		
		9784.232217	11579.676831	10012.524926	10295.513667	9617.769194	10247.952464	9701.000663	8297.967482	11639.129328	10029.171295	8283.699475	8095.837611		
		6007.98481	5898.599946	5725.01123	5812.994505	5784.459378	5841.529642	5836.773785	5827.262072	5960.426155	6136.393319	6095.968396	6257.668211		
		
33:00	24.80	5698.854059	5755.924262	5660.80728	5855.797214	5817.750361	5941.402701	5927.135114	5698.854059	5774.947672	6098.346332	6117.369823	6455.037546		
		5896.222016	6243.400567	6921.116463	6521.620083	6590.580625	6167.306509	6671.430991	5967.559952	6543.021624	6607.226282	6447.903707	6547.777523		
		5698.854059	6029.386214	5832.017929	6241.022627	6043.65382	6060.299363	5789.215232	5905.733737	6076.94491	6017.496544	6312.36087	6269.557917		
		6861.66747	8271.80947	8297.967482	8835.397624	9325.270721	9294.356311	9341.916947	8397.843607	7986.449893	8766.435148	8200.469481	8863.933839		
		10490.514895	9617.769194	12333.537769	10697.40696	9353.807111	9584.476631	6961.541803	10383.501967	7834.258535	7915.110158	9589.232711	7724.871175		
		8618.998328	7660.66562	7648.775708	8911.49422	9099.357998	9099.357998	7596.460117	10982.776205	8756.923087	7292.079173	7601.216078	8652.290489		
		8982.834843	10649.845519	9025.639248	9168.320762	9013.749133	9603.500951	9472.708842	7779.564836	10906.67764	9375.209409	7900.842218	7965.047966		
		6138.771256	5874.820648	5763.05804	5870.064789	5865.308931	6081.700781	5910.489598	5784.459378	5832.017929	6122.125697	6053.165558	6462.171387		
		
34:00	24.80	5808.23865	5777.325598	5872.442719	5948.536496	5622.760519	5713.121606	5532.399534	5708.365757	6076.94491	5689.342363	5646.539743	6050.787624		
		6155.416819	6407.478626	6797.462608	6324.250583	6357.54179	5827.262072	6638.139654	5872.442719	6402.722736	6312.36087	6098.346332	6081.700781		
		5739.278782	5829.64	5941.402701	6362.297678	5920.001321	5713.121606	5822.506216	5782.081452	5810.616578	5779.703525	5682.208591	5810.616578		
		6726.123933	7865.172381	8160.043515	8383.575582	8618.998328	8409.733631	8980.456821	7660.66562	7420.489742	8136.263544	7537.010623	7663.043603		
		9698.622619	9242.039644	11708.09428	9608.257032	8771.191179	8921.006299	6245.778508	9803.256585	7653.531673	7194.582396	8711.740812	7035.258652		
		8034.009752	7446.647476	7396.709992	7993.58387	8300.345484	8421.623656	6873.557265	9855.573619	7829.50256	6298.093216	6842.643802	7679.689483		
		8630.888384	9777.098081	8519.121927	8868.689876	8326.503505	8595.218221	8559.548074	7717.737222	9665.330023	8340.771521	7049.526437	7187.448491		
		6207.731469	5889.088226	5701.231984	5575.202093	5627.516363	5996.095144	5634.65013	5953.29236	5763.05804	5613.248832	5815.372433	5739.278782		
		
35:00	24.80	5463.439904	5518.13202	5591.847539	5558.556651	5546.667051	5579.957935	5710.743682	5468.195739	5765.435966	5977.071681	6098.346332	6264.802034		
		5691.720287	6095.968396	6210.109408	5853.419285	5839.151714	5839.151714	6155.416819	5653.673511	6103.102204	6281.447623	6183.952078	6114.991887		
		5384.968673	5843.907571	5622.760519	6062.677298	5686.964439	5763.05804	5591.847539	5558.556651	5867.68686	5808.23865	5727.389156	5896.222016		
		6381.321232	7258.787577	7598.838097	7705.847301	7850.904451	7622.617908	8281.321474	7315.858892	7415.733792	7974.559933	7420.489742	7641.641762		
		8728.38691	8240.895467	10278.867243	8925.762339	8086.325629	8181.445494	6300.471158	8923.384319	7189.826459	7073.306084	8217.115473	7211.228179		
		7230.251935	6904.47074	7170.802713	7294.457144	7582.192234	7701.091334	6657.163274	8735.520953	7463.293311	6512.108288	6892.580941	7494.207014		
		7686.823432	8868.689876	7953.158009	8026.875771	7722.49319	7903.220208	8305.101487	7318.236865	9282.466156	8331.25951	7078.062015	7418.111767		
		5660.80728	5513.376182	5475.329491	5420.637405	5556.178731	5591.847539	5815.372433	5663.185203	5960.426155	5774.947672	5939.02477	5993.717211		
		
36:00	24.90	5696.476135	5679.830668	5618.004675	5879.576507	5653.673511	5722.633305	5689.342363	5691.720287	5653.673511	5908.111668	6027.00828	6200.597651		
		5877.198577	6141.149194	5960.426155	6034.142082	6164.928571	5893.844086	6191.085895	5824.884144	5965.18202	6257.668211	6321.87264	6290.95939		
		5689.342363	5953.29236	5665.563127	6060.299363	6027.00828	5722.633305	5634.65013	5793.971086	5653.673511	5974.693749	5872.442719	6076.94491		
		6188.707956	7127.9993	7439.513548	7453.781405	7439.513548	7513.230837	7879.440314	6959.163841	7030.502724	7494.207014	7173.180681	7296.835116		
		7893.70825	8219.493472	9520.269585	8473.939786	7917.488148	7670.177551	6210.109408	8369.307559	6904.47074	6688.076665	8057.789692	6709.478251		
		7004.345126	6868.801347	6642.895559	6982.943462	7418.111767	7468.049265	6445.52576	7941.268053	7227.873965	6162.550633	6545.399573	7097.085739		
		7422.867718	8535.767985	7900.842218	7732.005128	7665.421585	7208.85021	7862.794392	6959.163841	8402.599617	7732.005128	7078.062015	7004.345126		
		5820.128288	5613.248832	5720.255381	5572.824173	5558.556651	5686.964439	5732.145006	5601.359224	5691.720287	5770.191819	5905.733737	6148.283006		
		
37:00	24.90	5532.399534	5701.231984	5755.924262	5891.466156	6003.228943	6003.228943	5858.175143	5646.539743	5394.480333	5696.476135	6007.98481	6369.43151		
		5722.633305	6103.102204	5915.245459	6027.00828	6053.165558	6210.109408	6224.377046	5677.452744	5851.041357	6252.91233	6093.59046	6150.660944		
		5637.028053	6086.456652	5684.586515	6269.557917	5981.827546	5988.961345	5729.767081	5475.329491	5705.987832	5739.278782	6038.897951	6048.409689		
		6274.313799	7073.306084	7365.796326	7049.526437	7470.427242	7368.1743	7358.662405	6690.454619	6997.211237	7089.951842	7006.723089	7068.550154		
		7632.129834	7712.981253	8804.483403	8131.507551	7399.087966	7215.984118	6129.259508	7708.225285	6688.076665	6497.840599	7693.957383	6890.202981		
		6552.533422	6455.037546	6845.02176	6887.825021	7180.314586	7399.087966	6279.069682	7408.599866	6730.879842	6321.87264	6378.943287	6973.431612		
		7113.731501	9272.954034	7313.48092	7517.986794	7415.733792	7137.511168	7465.671288	6738.013708	7979.315917	7567.924354	6804.596479	7042.392544		
		5739.278782	5846.285499	5815.372433	5893.844086	5751.16841	5962.804087	5682.208591	5413.503657	5751.16841	5851.041357	5874.820648	6124.503634		
		
38:00	24.90	5881.954437	5615.626754	6000.85101	5748.790484	5746.412559	5786.837305	5677.452744	5867.68686	5725.01123	6119.74776	6338.518242	6262.424093		
		5924.757183	6148.283006	6267.179975	5993.717211	6081.700781	6050.787624	6324.250583	5722.633305	5910.489598	6352.785902	6350.407959	6371.809454		
		5660.80728	5927.135114	6060.299363	6260.046152	5972.315816	5969.937884	5815.372433	5632.272208	5751.16841	5988.961345	6283.825565	6155.416819		
		5958.048223	6745.147573	7301.59106	6854.533594	7032.880688	6973.431612	7118.487434	6823.620138	6795.084651	7268.29946	7080.43998	6669.053038		
		7484.695104	7563.168395	8547.658029	7960.291983	7344.394565	7111.353535	6317.116755	7501.340947	6433.636029	6521.620083	7529.876686	6609.604233		
		6340.896185	6745.147573	6611.982184	6459.79344	6692.832573	6797.462608	6248.156448	7004.345126	6626.249894	6336.140298	6714.23416	6616.738087		
		6992.455312	7936.512072	6978.187537	7299.213088	6861.66747	6766.549174	7358.662405	6847.399719	7391.954042	7303.969032	6790.328738	7073.306084		
		5927.135114	5948.536496	5691.720287	5832.017929	5465.817821	5848.663428	5824.884144	5713.121606	5805.860723	6069.811104	6048.409689	6367.053566		
		
39:00	24.90	5758.302188	5627.516363	5615.626754	6003.228943	5427.771153	5691.720287	5763.05804	5556.178731	5710.743682	5879.576507	6252.91233	6490.706755		
		5853.419285	5865.308931	6046.031754	5905.733737	5812.994505	5889.088226	5998.473077	5672.696897	5903.355807	6067.433168	6309.982927	6305.227043		
		5805.860723	5782.081452	5832.017929	6057.921428	5808.23865	5708.365757	5675.07482	5843.907571	5698.854059	5694.098211	6031.764148	6072.189039		
		5993.717211	6661.919179	6871.179306	6502.596495	6578.690872	6502.596495	6821.242181	6374.187398	6721.368023	6654.785321	6792.706694	6757.037351		
		6823.620138	6949.651995	7722.49319	7365.796326	7030.502724	6847.399719	5950.914428	7161.290842	6243.400567	6419.368353	7082.817945	6531.131878		
		6443.147814	6110.236014	6424.124245	6157.794757	6535.887776	6676.186898	5739.278782	6616.738087	6233.888806	5922.379252	6497.840599	6669.053038		
		6768.92713	7265.921489	6683.320758	6709.478251	6673.808945	6645.273511	6754.659395	6447.903707	7158.912874	7125.621334	6455.037546	6735.635752		
		5722.633305	5786.837305	5613.248832	5729.767081	5667.94105	5779.703525	5824.884144	5563.312491	5900.977877	5941.402701	5865.308931	6224.377046		
		
40:00	24.90	5931.890976	5691.720287	5936.646839	6141.149194	5841.529642	5560.934571	5544.289132	5589.469618	5577.580014	5665.563127	5851.041357	6145.905069		
		5955.670291	6243.400567	5900.977877	5998.473077	6065.055233	5884.332366	5867.68686	5689.342363	5725.01123	6043.65382	6017.496544	6007.98481		
		5879.576507	5789.215232	5739.278782	6155.416819	5884.332366	5648.917665	5541.911212	5748.790484	5751.16841	5746.412559	5991.339278	5972.315816		
		6191.085895	6735.635752	6875.935224	6730.879842	6543.021624	6281.447623	6583.446773	6188.707956	6309.982927	6502.596495	6466.927281	6207.731469		
		6918.738502	6806.974436	7522.742751	6992.455312	7049.526437	6402.722736	6038.897951	6740.391663	5998.473077	6252.91233	6550.155472	6457.415493		
		6345.652072	6269.557917	6238.644687	6172.062386	6512.108288	6362.297678	5967.559952	6174.440324	6103.102204	6126.881571	6126.881571	6331.384412		
		6830.754012	7358.662405	6778.438955	6642.895559	6790.328738	6307.604985	6611.982184	6024.630346	6702.344388	6688.076665	6157.794757	6512.108288		
		5874.820648	5729.767081	5753.546336	5682.208591	5596.603382	5694.098211	5594.22546	5670.318973	5684.586515	5884.332366	5820.128288	6131.637445		
		
41:00	24.90	5729.767081	5784.459378	5549.044971	6015.118611	5603.737146	5824.884144	5812.994505	5629.894286	5836.773785	6034.142082	6029.386214	6367.053566		
		5784.459378	6117.369823	5698.854059	5710.743682	5815.372433	5965.18202	6015.118611	5805.860723	5903.355807	6193.463834	5977.071681	6124.503634		
		5786.837305	5972.315816	5677.452744	5886.710296	5746.412559	5591.847539	5796.349013	5656.051434	5760.680114	5881.954437	5996.095144	6053.165558		
		5977.071681	6495.462651	6478.817017	6145.905069	6331.384412	6250.534389	6650.029416	6055.543493	6640.517606	6633.38375	6357.54179	6364.675622		
		6923.494423	6621.493991	6880.691143	6585.824723	6692.832573	6571.557021	6084.078717	6856.911553	6124.503634	6100.724268	6797.462608	6293.337332		
		6274.313799	6179.196201	6093.59046	6015.118611	6262.424093	6497.840599	5782.081452	6172.062386	6241.022627	6145.905069	6257.668211	6298.093216		
		6478.817017	6885.447062	6495.462651	6381.321232	6333.762355	6331.384412	6457.415493	6464.549334	6721.368023	6585.824723	6371.809454	6485.95086		
		5829.64	5675.07482	5656.051434	5582.335855	5839.151714	5613.248832	5594.22546	5544.289132	5872.442719	5634.65013	6038.897951	6176.818263		
		
42:00	24.90	5487.21908	5525.265777	5411.125741	6036.520017	5767.813893	5622.760519	5679.830668	5332.654561	5739.278782	5751.16841	6169.684448	5969.937884		
		5520.509939	5912.867529	5601.359224	5858.175143	5929.513045	5824.884144	5910.489598	5437.282818	6043.65382	6219.621167	6126.881571	6257.668211		
		5610.87091	5810.616578	5710.743682	5824.884144	6281.447623	5760.680114	5637.028053	5639.405975	5734.522931	5720.255381	5793.971086	6038.897951		
		5877.198577	6176.818263	6419.368353	6252.91233	6262.424093	6321.87264	6302.8491	5915.245459	6260.046152	6466.927281	6321.87264	6329.006469		
		6414.612462	6512.108288	6669.053038	6523.998031	6566.801121	6369.43151	5801.104868	6357.54179	5903.355807	6100.724268	6433.636029	6350.407959		
		6093.59046	6048.409689	6038.897951	5898.599946	6124.503634	6214.865287	5924.757183	5991.339278	5996.095144	5829.64	6141.149194	6224.377046		
		6300.471158	6604.848331	6312.36087	6250.534389	6298.093216	6200.597651	6236.266746	5979.449614	6514.486237	6483.572912	6290.95939	6459.79344		
		5843.907571	5453.928236	5608.492989	5553.800811	5774.947672	5696.476135	5753.546336	5625.138441	5810.616578	5832.017929	5903.355807	6088.834588		
		
43:00	24.90	5717.877456	5608.492989	5803.482795	6031.764148	5694.098211	5651.295588	5796.349013	5625.138441	5601.359224	5836.773785	5981.827546	6198.219712		
		5696.476135	5812.994505	5848.663428	5798.726941	5824.884144	5803.482795	6055.543493	5874.820648	5705.987832	6188.707956	5984.205479	6231.510866		
		5513.376182	5791.593159	5896.222016	5986.583412	5841.529642	5943.780633	5767.813893	5686.964439	5817.750361	6031.764148	6019.874478	5886.710296		
		5829.64	6088.834588	6519.242134	5943.780633	6124.503634	6148.283006	6445.52576	5832.017929	6214.865287	6490.706755	6179.196201	5981.827546		
		6043.65382	6298.093216	6400.34479	6581.068822	6376.565343	6267.179975	5846.285499	6136.393319	6084.078717	6188.707956	6338.518242	6012.740677		
		6219.621167	5853.419285	6193.463834	5832.017929	5855.797214	6210.109408	5672.696897	6019.874478	5960.426155	5748.790484	6145.905069	5946.158564		
		6202.97559	6638.139654	6305.227043	6129.259508	6024.630346	6214.865287	6264.802034	6081.700781	6236.266746	6245.778508	6088.834588	6010.362744		
		5675.07482	5805.860723	5839.151714	5660.80728	5584.713776	5874.820648	5568.068332	5744.034633	5827.262072	5924.757183	5860.553072	6238.644687		
		
44:00	24.90	5684.586515	5725.01123	5437.282818	5851.041357	5805.860723	5793.971086	5705.987832	5525.265777	5965.18202	6055.543493	6010.362744	5939.02477		
		5625.138441	5953.29236	5491.974916	5746.412559	5991.339278	5924.757183	5955.670291	5675.07482	5834.395857	6134.015382	6141.149194	5996.095144		
		5634.65013	5779.703525	5610.87091	6029.386214	5705.987832	5815.372433	5549.044971	5679.830668	5836.773785	5760.680114	6031.764148	5993.717211		
		5686.964439	6236.266746	6062.677298	5958.048223	6062.677298	5943.780633	6148.283006	5953.29236	6141.149194	6179.196201	6157.794757	6007.98481		
		5815.372433	6229.132926	6431.258083	6457.415493	6326.628526	5936.646839	5793.971086	6091.212524	6114.991887	5991.339278	6160.172695	6145.905069		
		5934.268907	5877.198577	5936.646839	5889.088226	5860.553072	5922.379252	5694.098211	5860.553072	5827.262072	5891.466156	5948.536496	6067.433168		
		6219.621167	6585.824723	6027.00828	6195.841773	6164.928571	5872.442719	6017.496544	5905.733737	6233.888806	6295.715274	6005.606877	6224.377046		
		5858.175143	5634.65013	5931.890976	5553.800811	5765.435966	5793.971086	5570.446252	5608.492989	5746.412559	5822.506216	5803.482795	6046.031754		
		
45:00	25.00	5648.917665	5627.516363	5660.80728	6119.74776	5705.987832	5948.536496	5675.07482	5801.104868	5903.355807	5782.081452	6281.447623	5884.332366		
		5644.16182	5891.466156	5725.01123	5867.68686	5855.797214	5917.62339	6012.740677	5839.151714	5889.088226	6236.266746	6005.606877	6143.527131		
		5646.539743	5679.830668	5839.151714	5984.205479	5777.325598	5670.318973	5629.894286	5812.994505	5953.29236	5984.205479	6076.94491	6046.031754		
		5962.804087	6084.078717	6169.684448	6031.764148	5953.29236	6041.275885	6091.212524	5889.088226	5886.710296	6262.424093	6231.510866	6107.858077		
		6034.142082	6000.85101	6212.487348	6374.187398	6224.377046	6224.377046	5829.64	5886.710296	5998.473077	6153.038882	6314.738812	6369.43151		
		5874.820648	5786.837305	6048.409689	6050.787624	5734.522931	5898.599946	5715.499531	5784.459378	5886.710296	5986.583412	6005.606877	6062.677298		
		5948.536496	6359.919734	6250.534389	5905.733737	6069.811104	6110.236014	5984.205479	5793.971086	6217.243227	6355.163846	5998.473077	6255.29027		
		5889.088226	5610.87091	5720.255381	5644.16182	5803.482795	5908.111668	5851.041357	5805.860723	5841.529642	6100.724268	5977.071681	6336.140298		
		
46:00	25.00	5789.215232	5710.743682	5387.346588	6015.118611	5993.717211	5879.576507	5934.268907	5784.459378	5979.449614	6084.078717	6233.888806	6069.811104		
		5691.720287	5893.844086	5513.376182	5862.931001	5974.693749	5943.780633	6107.858077	5893.844086	5879.576507	6167.306509	6224.377046	6267.179975		
		5696.476135	5858.175143	5603.737146	6050.787624	5817.750361	6124.503634	5672.696897	5760.680114	5808.23865	5958.048223	6236.266746	6000.85101		
		5867.68686	5903.355807	6191.085895	5922.379252	5917.62339	5984.205479	6207.731469	5917.62339	5996.095144	6181.57414	6214.865287	6086.456652		
		6255.29027	5903.355807	6264.802034	6160.172695	6153.038882	6107.858077	5848.663428	6069.811104	6034.142082	6286.203507	6340.896185	6076.94491		
		5839.151714	5732.145006	5874.820648	5770.191819	5884.332366	6098.346332	5908.111668	5912.867529	6034.142082	5962.804087	6150.660944	5846.285499		
		6202.97559	6181.57414	6098.346332	6019.874478	6050.787624	5979.449614	6172.062386	6081.700781	6314.738812	6195.841773	6041.275885	5903.355807		
		5941.402701	5667.94105	5729.767081	5910.489598	5889.088226	6126.881571	5670.318973	5708.365757	5998.473077	6022.252412	5948.536496	6084.078717		
		
47:00	25.00	5618.004675	5644.16182	5563.312491	6038.897951	5770.191819	5827.262072	5953.29236	5808.23865	5627.516363	5881.954437	6241.022627	6250.534389		
		5591.847539	5698.854059	5881.954437	5827.262072	6053.165558	6091.212524	5955.670291	6022.252412	5744.034633	6172.062386	5974.693749	6243.400567		
		5682.208591	5618.004675	5870.064789	6076.94491	6005.606877	5879.576507	5767.813893	5810.616578	5705.987832	6034.142082	5993.717211	6091.212524		
		5815.372433	5941.402701	5941.402701	6155.416819	6119.74776	6072.189039	6074.566974	5881.954437	5955.670291	6145.905069	6231.510866	6138.771256		
		5841.529642	5941.402701	5998.473077	6333.762355	6200.597651	6188.707956	5929.513045	6027.00828	5886.710296	6117.369823	6333.762355	6295.715274		
		5898.599946	5701.231984	5679.830668	6027.00828	5848.663428	5993.717211	5867.68686	5843.907571	5836.773785	6007.98481	6057.921428	6141.149194		
		6183.952078	6143.527131	5900.977877	5915.245459	6017.496544	6027.00828	6084.078717	5763.05804	5898.599946	6243.400567	6093.59046	6250.534389		
		5817.750361	5582.335855	5644.16182	5829.64	5660.80728	5717.877456	5903.355807	5518.13202	5782.081452	5912.867529	5953.29236	6331.384412		
		
48:00	25.00	5606.115067	5805.860723	5663.185203	5955.670291	5686.964439	5482.463244	5563.312491	5779.703525	5834.395857	5908.111668	6164.928571	5786.837305		
		5798.726941	6167.306509	5827.262072	5946.158564	5634.65013	5881.954437	6015.118611	5810.616578	5815.372433	6079.322845	6050.787624	6093.59046		
		5760.680114	5744.034633	6015.118611	5958.048223	5772.569745	5858.175143	5772.569745	5665.563127	5784.459378	5879.576507	6046.031754	5922.379252		
		5969.937884	5886.710296	6138.771256	5851.041357	5784.459378	5632.272208	5891.466156	5732.145006	5996.095144	5908.111668	5974.693749	5846.285499		
		6065.055233	5934.268907	6276.69174	6046.031754	5753.546336	5622.760519	5853.419285	5848.663428	5920.001321	5960.426155	6233.888806	6298.093216		
		5984.205479	5936.646839	5822.506216	5798.726941	5879.576507	5891.466156	5765.435966	5786.837305	5829.64	6274.313799	6038.897951	5953.29236		
		6036.520017	6031.764148	6062.677298	5665.563127	5872.442719	5843.907571	5953.29236	5993.717211	5717.877456	5922.379252	5817.750361	5917.62339		
		5898.599946	5912.867529	5889.088226	5565.690412	5658.429357	5793.971086	5796.349013	5848.663428	5553.800811	5722.633305	5886.710296	6288.581449		
		
49:00	25.00	5575.202093	5387.346588	5660.80728	5827.262072	5475.329491	5530.021615	5465.817821	5418.259489	5744.034633	5708.365757	6276.69174	6034.142082		
		5786.837305	5703.609908	5663.185203	5777.325598	5651.295588	5639.405975	5860.553072	5584.713776	5691.720287	5941.402701	6067.433168	6067.433168		
		5641.783897	5677.452744	5698.854059	5891.466156	5817.750361	5677.452744	5551.422891	5570.446252	5667.94105	5763.05804	5993.717211	6164.928571		
		5627.516363	5777.325598	5549.044971	5822.506216	5682.208591	5634.65013	5663.185203	5601.359224	5677.452744	5858.175143	6081.700781	6148.283006		
		5639.405975	5881.954437	5855.797214	5839.151714	5977.071681	5793.971086	5530.021615	5520.509939	5853.419285	5651.295588	5960.426155	6112.61395		
		5637.028053	5629.894286	5579.957935	5461.061987	5625.138441	5596.603382	5418.259489	5705.987832	5812.994505	5710.743682	6141.149194	6169.684448		
		5713.121606	6027.00828	5753.546336	5629.894286	5753.546336	5682.208591	5770.191819	5601.359224	5808.23865	5972.315816	5965.18202	6098.346332		
		5672.696897	5703.609908	5577.580014	5494.352834	5472.951574	5584.713776	5553.800811	5829.64	5717.877456	5765.435966	6095.968396	6440.769867		
		
~End
Original Filename: antag_post4_09-04-20-135029_5nMPta22.pda   Date Last Saved: 9/4/2020
