Name,Time,A1,A2,A3,A4,A5,A6,A7,A8,A9,A10,A11,A12
Pta_5nM,0,2571.944752,2771.682834,2640.901891,2676.569399,2453.053273,8982.834843,2714.61476,2667.058062,2769.304997,2571.944752,2933.375932,2904.841832
Pta_5nM,60,2500.609843,2403.118905,2464.942413,2648.035391,2483.965041,3905.919254,2631.390558,2533.89946,2607.61223,2638.524057,2990.444163,2804.972563
Pta_5nM,120,2626.634892,2510.121161,2605.234398,2431.652826,2664.680228,3328.098691,2550.544273,2607.61223,2823.995271,2640.901891,2916.731039,2709.859089
Pta_5nM,180,2417.385864,2426.897172,2474.453726,2579.078246,2609.990062,3099.825051,2598.100901,2593.345237,2686.080738,2609.990062,2843.017984,2745.526628
Pta_5nM,240,2690.836407,2602.856565,2705.103418,2605.234398,2702.725583,2990.444163,2640.901891,2643.279724,2605.234398,2569.566921,2776.438509,2828.750949
Pta_5nM,300,2757.415812,2488.720698,2595.723069,2488.720698,2581.456078,3247.251703,2681.325068,2745.526628,2464.942413,2776.438509,3504.060067,2797.839048
Pta_5nM,360,3632.464558,2557.677765,2600.478733,2755.037975,2781.194184,3706.178341,2700.347747,3266.274516,2678.947234,2519.63248,4003.412023,3152.137703
Pta_5nM,420,4562.214336,2923.864564,2954.776514,2738.393119,2959.532199,4274.490105,2969.043571,3665.754645,2933.375932,2973.799258,4845.183804,4143.706705
Pta_5nM,480,5732.145006,2954.776514,3325.720838,2774.060671,3306.69801,4930.78821,3247.251703,4588.371136,3299.564451,3886.896288,5194.735704,5047.305465
Pta_5nM,540,7097.085739,3530.216521,3689.533287,2833.506627,3875.006937,5748.790484,3825.071681,5560.934571,3955.85456,5073.462423,5851.041357,6122.125697
Pta_5nM,600,8535.767985,4307.780459,4450.453561,2983.310632,4628.795297,6828.376054,4695.376314,6015.118611,4790.492148,5656.051434,6504.974443,7406.221891
Pta_5nM,660,9591.610751,5018.770611,5487.21908,3121.225677,5392.102418,7805.722687,5285.096308,6172.062386,4897.497597,6264.802034,6635.761702,7520.364772
Pta_5nM,720,10687.89467,5874.820648,6523.998031,3508.815785,5931.890976,8614.242306,5729.767081,5703.609908,4942.677718,6416.990408,6628.627846,7318.236865
Pta_5nM,780,11284.793096,7059.038295,7408.599866,3734.712726,6623.871942,9503.623322,6226.754986,5480.085327,4595.50481,6053.165558,6057.921428,6859.289511
Pta_5nM,840,11484.552927,7984.071901,8799.72737,4155.596096,7180.314586,10614.174456,6371.809454,5118.642644,4459.965111,5884.332366,5722.633305,6438.391921
Pta_5nM,900,11834.13383,9056.553554,9223.01541,4407.651604,7506.096903,11211.072333,6697.58848,4685.864737,4005.789897,5132.910087,5068.706612,5546.667051
Pta_5nM,960,11957.795467,9677.220234,10526.185902,4773.846869,7836.636523,11230.097039,7066.172189,4576.48168,4212.665198,5354.055785,4997.369478,5320.764995
Pta_5nM,1020,11534.492962,10245.574405,11158.754412,4761.957386,8181.445494,11058.874842,6890.202981,4017.679268,3794.159396,4597.882701,4146.084583,4519.412319
Pta_5nM,1080,11127.839294,10036.305454,11272.902646,4959.323032,7900.842218,11153.99824,6940.14015,3870.251197,3577.773731,4471.854549,3872.629067,4331.559292
Pta_5nM,1140,10060.085989,10578.503409,11413.210073,5132.910087,7584.570214,11349.001559,6661.919179,3649.1096,3615.81952,4478.988212,3962.988178,4131.817316
Pta_5nM,1200,9358.563177,10369.233588,10828.201071,5261.317192,7463.293311,10590.393756,6540.643674,3630.086695,3368.522216,4215.043078,3565.884426,4157.973975
Pta_5nM,1260,8238.517467,9470.330806,10621.308667,5594.22546,7351.528485,10573.747271,6298.093216,3446.99147,3444.613613,3917.80861,3518.327223,3613.441658
Pta_5nM,1320,7527.498708,8723.630882,10288.379485,5344.544129,6564.423171,9834.171192,5810.616578,3375.655782,3273.408072,3722.823398,3446.99147,3513.571504
Pta_5nM,1380,6564.423171,7810.478661,9451.306518,5194.735704,6478.817017,8761.679117,5644.16182,3159.271249,3206.828239,3499.304349,3087.935817,3482.659338
Pta_5nM,1440,6176.818263,7415.733792,9096.979973,5368.32327,5491.974916,8293.21148,5192.357795,3052.268125,3054.64597,3332.854399,3145.004157,3187.80544
Pta_5nM,1500,5403.991994,6664.297132,7948.402026,5144.799625,5458.68407,7432.37962,4952.189325,3092.69151,3204.450389,3280.541629,3230.606745,3237.740298
Pta_5nM,1560,4876.096495,6229.132926,7016.234942,4826.160615,4776.224766,6999.5892,4980.724155,3018.978293,3004.711227,3185.42759,2907.219674,2869.174222
Pta_5nM,1620,4143.706705,5163.82289,6416.990408,4643.062653,4398.140061,6552.533422,4355.338131,2969.043571,2859.662862,3068.913046,3016.600448,3135.492765
Pta_5nM,1680,3798.915131,5073.462423,5774.947672,4676.353161,4167.485489,5727.389156,4186.508522,2823.995271,2938.131617,2992.822006,2954.776514,3038.001052
Pta_5nM,1740,3806.048735,4864.206997,5675.07482,4933.166111,4284.001633,6005.606877,4253.08917,3137.870613,3271.03022,3454.125043,3406.567906,3149.759854
Pta_5nM,1800,3473.147905,4448.075674,5285.096308,4521.790208,3903.541383,5306.497519,4089.015529,3076.046584,3061.779508,3156.8934,3209.206089,3066.5352
Pta_5nM,1860,3145.004157,3941.587327,4519.412319,4110.41642,3637.220284,4997.369478,3634.842421,2909.597515,3114.092135,3054.64597,3106.958593,3337.610107
Pta_5nM,1920,3185.42759,3889.274159,4345.826595,4089.015529,3687.155423,4566.970117,3656.24319,3054.64597,3018.978293,3194.938989,3121.225677,3064.157354
Pta_5nM,1980,3142.626309,3903.541383,4172.241247,4169.863368,3575.39587,4531.301766,3641.97601,3133.114916,3125.981373,3311.453717,3199.694689,3204.450389
Pta_5nM,2040,3018.978293,3342.365816,3756.113522,3741.846324,3009.466915,4039.08014,3511.193644,2726.503938,2733.637447,2850.151503,2921.486723,2976.177101
Pta_5nM,2100,2695.592077,3149.759854,3311.453717,3420.835044,2964.287885,3908.297125,2999.955538,2678.947234,2733.637447,2876.307743,2814.483916,2778.816346
Pta_5nM,2160,2840.640145,3164.026947,3228.228894,3532.594381,2985.688475,3518.327223,3018.978293,2947.642986,2902.463991,2985.688475,3064.157354,2871.552062
Pta_5nM,2220,2881.063424,3228.228894,3216.33964,3511.193644,3033.245362,3373.277927,3059.401662,2759.793649,3061.779508,2966.665728,2919.108881,2926.242406
Pta_5nM,2280,2804.972563,3092.69151,3095.069357,3161.649098,2935.753774,3311.453717,2935.753774,2852.529342,2631.390558,2911.975356,3028.489672,2992.822006
Pta_5nM,2340,3035.623207,3285.297334,3461.258616,3653.865327,3254.385257,3806.048735,3351.877233,3213.96179,3297.186598,3313.83157,3271.03022,3142.626309
Pta_5nM,2400,3061.779508,3142.626309,3137.870613,3394.678626,3035.623207,3328.098691,3204.450389,2902.463991,3054.64597,2997.577694,3068.913046,3095.069357
Pta_5nM,2460,2916.731039,2964.287885,2950.020829,3202.072539,2857.285022,3147.382006,2840.640145,2828.750949,2909.597515,2971.421415,3073.668738,2923.864564
Pta_5nM,2520,2759.793649,3085.55797,2847.773663,3240.118149,2859.662862,3128.359221,3064.157354,2859.662862,2900.08615,2869.174222,3073.668738,3073.668738
Pta_5nM,2580,2716.992595,2964.287885,2961.910042,3090.313664,2828.750949,3030.867517,2859.662862,2676.569399,2757.415812,2823.995271,2985.688475,2740.770955
Pta_5nM,2640,2645.657558,2804.972563,2686.080738,2969.043571,2662.302394,2928.620248,2802.594725,2721.748267,2819.239594,2833.506627,2738.393119,2873.929902
Pta_5nM,2700,2621.879226,2776.438509,2652.791058,2764.549322,2526.765969,2828.750949,2814.483916,2664.680228,2695.592077,2738.393119,3080.802277,2809.72824
Pta_5nM,2760,2629.012725,2873.929902,2728.881774,3040.378898,2674.191565,3040.378898,2873.929902,2726.503938,2667.058062,2629.012725,2783.572021,2709.859089
Pta_5nM,2820,2816.861755,2871.552062,2738.393119,2869.174222,2674.191565,2864.418542,2885.819105,2871.552062,2740.770955,2850.151503,2914.353198,2802.594725
Pta_5nM,2880,2728.881774,2788.327697,2771.682834,2897.708309,2724.126103,2942.887301,2762.171485,2745.526628,2783.572021,2988.066319,2854.907182,2881.063424
Pta_5nM,2940,2766.92716,2709.859089,2714.61476,3090.313664,2819.239594,2859.662862,2950.020829,2983.310632,2762.171485,2888.196945,2873.929902,3135.492765
Pta_5nM+1949_1uM,0,2776.438509,2655.168892,2543.410781,2298.494615,2555.299934,2479.209383,2648.035391,2479.209383,2469.69807,2631.390558,2726.503938,2809.72824
Pta_5nM+1949_1uM,60,2740.770955,2500.609843,2588.589573,2695.592077,2695.592077,2607.61223,2500.609843,2526.765969,2593.345237,2659.92456,2916.731039,2678.947234
Pta_5nM+1949_1uM,120,3744.22419,2621.879226,2486.342869,2464.942413,2529.143799,2400.741078,2488.720698,2538.65512,2600.478733,2609.990062,2785.949859,2783.572021
Pta_5nM+1949_1uM,180,4096.149158,2457.808929,2583.83391,2712.236924,2464.942413,2541.03295,2700.347747,2733.637447,2728.881774,2980.932788,2788.327697,2707.481253
Pta_5nM+1949_1uM,240,5040.17175,2505.365502,2714.61476,3525.460801,2645.657558,2617.12356,2609.990062,3639.598147,2671.813731,4077.126148,3002.333382,2911.975356
Pta_5nM+1949_1uM,300,5870.064789,2488.720698,2852.529342,5244.671815,2629.012725,2850.151503,2883.441264,7127.9993,2721.748267,6447.903707,3741.846324,3297.186598
Pta_5nM+1949_1uM,360,7256.409607,2883.441264,3306.69801,8599.974242,2926.242406,3620.575245,3656.24319,14666.508882,3042.756743,10036.305454,5380.212843,5480.085327
Pta_5nM+1949_1uM,420,8997.102975,3539.727961,4122.305806,14343.075594,3561.128704,4219.798839,4645.440546,22312.757383,3475.525764,13489.313122,6968.675688,8129.129555
Pta_5nM+1949_1uM,480,10756.858802,4229.310361,4673.975267,20952.313866,4155.596096,5442.038651,5399.236164,28423.146408,3844.094632,16680.861792,8378.819574,10714.053472
Pta_5nM+1949_1uM,540,12231.278613,4952.189325,5848.663428,27478.847951,4809.515328,6688.076665,6871.179306,30732.799913,4224.5546,18164.903929,8892.470064,11926.88004
Pta_5nM+1949_1uM,600,13134.968698,6438.391921,6797.462608,30483.040141,6007.98481,7991.205878,7710.603269,29974.008351,4683.486843,18880.773837,8821.129521,12064.8105
Pta_5nM+1949_1uM,660,13779.448651,7460.915335,8029.253765,31541.55119,6971.05365,10019.659084,8110.105585,28408.874812,5090.107764,18994.933086,8471.56178,10616.552526
Pta_5nM+1949_1uM,720,13667.675003,8771.191179,8716.49684,31817.479967,8176.689498,11634.373127,8202.847479,24538.987568,5282.718396,17762.973133,7498.96297,9808.012677
Pta_5nM+1949_1uM,780,13120.699828,9532.159775,9203.99118,29610.076393,9693.866533,13662.918681,8357.417542,21064.097689,5879.576507,16726.048567,6806.974436,8923.384319
Pta_5nM+1949_1uM,840,12768.735171,10519.0517,10243.196346,26282.435427,11161.132499,15299.11012,8024.497778,17724.920618,5739.278782,14871.033547,6250.534389,7693.957383
Pta_5nM+1949_1uM,900,11753.278247,11881.695975,10038.683507,23399.701778,12107.616553,15846.100184,7539.388602,15213.494622,6300.471158,13263.388644,5510.998263,7099.463705
Pta_5nM+1949_1uM,960,10488.136828,12228.900495,10157.586257,20417.180708,13306.195338,16764.100607,7087.573876,12797.272788,6816.486266,11719.984795,5228.026441,6650.029416
Pta_5nM+1949_1uM,1020,9135.028386,12654.584803,10048.195721,17606.006625,13553.523353,16830.691721,6298.093216,10471.490364,6402.722736,10426.307121,4543.191214,5570.446252
Pta_5nM+1949_1uM,1080,8362.173549,13085.027664,9817.524863,15263.436985,14395.395596,17089.921942,5777.325598,9227.771468,6407.478626,9225.393439,4253.08917,5042.549655
Pta_5nM+1949_1uM,1140,7273.055402,13127.834263,9301.490405,13346.623904,14262.217477,17006.682788,5401.614079,7919.866138,6676.186898,8533.389977,4326.803524,4638.306868
Pta_5nM+1949_1uM,1200,6609.604233,13270.523091,8583.32817,11296.683549,13869.818948,16440.658842,4780.980559,6516.864185,5955.670291,7548.900518,3972.499669,4407.651604
Pta_5nM+1949_1uM,1260,5948.536496,12970.876846,8171.933503,10157.586257,13508.33837,15993.550319,4495.63343,5596.603382,5862.931001,6502.596495,3684.777558,4020.057142
Pta_5nM+1949_1uM,1320,5394.480333,12794.894653,7655.909655,8673.6926,12951.851725,14925.732093,4084.259776,4966.456739,5705.987832,6048.409689,3627.708833,3706.178341
Pta_5nM+1949_1uM,1380,4887.985995,11822.243298,7313.48092,7318.236865,12314.512799,13981.592879,3915.430738,4440.942013,5251.805547,5273.206749,3515.949363,3632.464558
Pta_5nM+1949_1uM,1440,4543.191214,11422.72245,6583.446773,6559.667271,11453.637682,13258.632346,3922.564352,4153.218218,4980.724155,4952.189325,3197.316839,3518.327223
Pta_5nM+1949_1uM,1500,4055.725266,10890.031089,6065.055233,5908.111668,10371.611651,11548.76155,3758.491389,3943.965199,4852.317501,4795.247943,3254.385257,3366.144362
Pta_5nM+1949_1uM,1560,3948.720943,9784.232217,5701.231984,5182.846159,9686.732405,10809.17646,3489.792914,3741.846324,4607.394268,4469.476661,3156.8934,3121.225677
Pta_5nM+1949_1uM,1620,3449.369328,8882.957988,5189.979886,4709.643682,8424.001661,9662.951981,3242.496,3525.460801,4410.02949,4176.997005,3140.248461,3221.095341
Pta_5nM+1949_1uM,1680,3599.174485,8098.215606,4830.916412,4509.900762,7387.198093,9051.797506,3078.424431,3287.675187,4017.679268,3965.36605,3194.938989,3007.089071
Pta_5nM+1949_1uM,1740,3951.098815,8062.545681,5313.631257,4750.067905,7108.975569,8385.953586,3539.727961,3622.953107,4238.821884,4079.504024,3230.606745,3294.808745
Pta_5nM+1949_1uM,1800,3589.663038,6997.211237,4719.155262,4146.084583,6393.210955,7370.552274,3292.430892,3451.747185,3922.564352,3967.743923,3316.209423,3204.450389
Pta_5nM+1949_1uM,1860,3173.538343,6298.093216,4585.993244,3729.956995,5648.917665,6412.234517,3147.382006,3209.206089,4024.812891,3960.610305,3028.489672,3211.58394
Pta_5nM+1949_1uM,1920,3463.636474,5820.128288,4517.03443,3729.956995,5285.096308,6126.881571,3351.877233,3320.96513,3784.647926,3632.464558,3339.987961,3199.694689
Pta_5nM+1949_1uM,1980,3347.121524,5763.05804,4490.877653,3741.846324,4859.451198,5670.318973,3309.075863,3332.854399,3715.689801,3592.0409,3237.740298,3194.938989
Pta_5nM+1949_1uM,2040,3052.268125,5063.950801,4129.439438,3477.903622,4421.91892,4890.363896,3102.202898,2964.287885,3306.69801,3506.437926,2980.932788,2940.509459
Pta_5nM+1949_1uM,2100,2933.375932,4626.417405,3710.934071,3247.251703,3967.743923,4424.296807,2876.307743,2790.705534,3439.857899,3263.896664,2911.975356,2750.282301
Pta_5nM+1949_1uM,2160,2902.463991,4274.490105,3820.315944,3228.228894,3813.182339,4310.158342,2978.554945,3128.359221,3232.984596,3275.785925,2847.773663,2838.262305
Pta_5nM+1949_1uM,2220,3087.935817,4307.780459,3829.827419,3202.072539,3787.025793,4186.508522,2807.350401,2892.952627,3366.144362,3211.58394,2902.463991,2902.463991
Pta_5nM+1949_1uM,2280,2807.350401,3758.491389,3646.731737,3204.450389,3725.201263,4024.812891,2957.154357,2964.287885,3114.092135,3116.469982,2985.688475,3073.668738
Pta_5nM+1949_1uM,2340,3211.58394,4127.061561,3898.785641,3565.884426,3941.587327,4176.997005,3263.896664,3240.118149,3573.018009,3603.930209,3149.759854,3237.740298
Pta_5nM+1949_1uM,2400,3152.137703,3787.025793,3615.81952,3128.359221,3506.437926,3722.823398,2952.398671,2997.577694,3356.632942,3118.84783,3018.978293,2976.177101
Pta_5nM+1949_1uM,2460,2876.307743,3606.308071,3259.140961,2854.907182,3178.294042,3466.014331,2797.839048,2850.151503,3261.518812,3102.202898,3052.268125,2938.131617
Pta_5nM+1949_1uM,2520,3052.268125,3382.789348,3252.007406,3004.711227,3161.649098,3349.499379,3054.64597,2964.287885,3199.694689,3254.385257,3121.225677,3018.978293
Pta_5nM+1949_1uM,2580,2807.350401,3273.408072,3194.938989,2911.975356,2973.799258,3259.140961,2859.662862,2873.929902,3083.180124,2992.822006,2909.597515,2845.395824
Pta_5nM+1949_1uM,2640,2766.92716,3083.180124,3030.867517,2793.083372,3071.290892,3145.004157,2778.816346,2881.063424,2945.265144,2793.083372,2831.128788,2716.992595
Pta_5nM+1949_1uM,2700,2631.390558,3135.492765,2966.665728,2579.078246,2862.040702,3085.55797,2676.569399,2681.325068,3099.825051,2835.884466,2911.975356,2883.441264
Pta_5nM+1949_1uM,2760,2629.012725,3066.5352,3033.245362,2897.708309,2816.861755,2973.799258,2733.637447,2783.572021,2895.330468,2857.285022,2866.796382,2671.813731
Pta_5nM+1949_1uM,2820,2721.748267,2995.19985,3161.649098,2762.171485,2950.020829,2914.353198,2766.92716,2852.529342,3023.733982,2971.421415,2957.154357,2947.642986
Pta_5nM+1949_1uM,2880,2819.239594,3190.183289,3114.092135,2843.017984,2921.486723,2930.99809,2697.969912,2876.307743,2964.287885,2866.796382,2907.219674,2831.128788
Pta_5nM+1949_1uM,2940,2862.040702,3137.870613,2914.353198,2871.552062,2904.841832,3011.844759,2857.285022,2978.554945,2959.532199,2919.108881,2954.776514,2973.799258
Pta_10nM,0,2690.836407,2676.569399,2602.856565,2479.209383,2448.297618,2688.458573,2598.100901,2676.569399,2571.944752,2526.765969,2455.431101,2755.037975
Pta_10nM,60,2424.519345,2697.969912,2467.320241,2405.496731,2491.098527,2624.257059,2676.569399,2676.569399,2545.788611,2560.055596,2548.166442,2771.682834
Pta_10nM,120,2571.944752,2940.509459,2474.453726,2536.27729,2355.562392,3045.134588,2652.791058,2507.743331,2531.521629,2690.836407,2736.015283,2774.060671
Pta_10nM,180,2522.010309,3121.225677,2571.944752,2541.03295,2510.121161,3929.697967,2707.481253,2564.811258,2690.836407,2700.347747,2871.552062,2797.839048
Pta_10nM,240,3140.248461,4436.18624,2969.043571,2816.861755,2645.657558,5858.175143,3159.271249,3156.8934,2871.552062,2895.330468,3285.297334,2659.92456
Pta_10nM,300,4459.965111,6224.377046,3803.670867,2809.72824,2552.922103,8726.008896,4217.420959,5798.726941,3223.473192,2823.995271,3817.938076,2783.572021
Pta_10nM,360,6949.651995,9900.756539,5432.526986,2850.151503,2854.907182,14060.07254,6823.620138,10806.798384,3603.930209,3014.222604,4298.268928,3121.225677
Pta_10nM,420,9184.966955,13660.54052,7855.660427,3225.851043,3235.362447,17591.736957,9070.8217,16894.904633,4700.132103,3518.327223,4633.551082,3592.0409
Pta_10nM,480,11299.061639,17356.287814,10091.000695,3589.663038,3858.361848,19120.984112,11349.001559,21810.912765,6733.257797,4093.771282,4842.805905,4091.393405
Pta_10nM,540,13360.892814,21121.17885,12920.935914,4153.218218,4631.17319,20031.88705,12756.8445,24760.186898,8611.864295,4838.050107,4987.857865,4462.342998
Pta_10nM,600,15004.21268,23568.571925,15472.719605,4692.998419,5644.16182,19147.14567,14217.032094,25311.998645,10863.872229,5929.513045,4926.032407,4804.759533
Pta_10nM,660,15741.458317,25723.481432,16985.278449,5763.05804,6835.509928,18065.015614,14768.771149,24129.889343,12060.054273,6728.501888,4778.602663,4562.214336
Pta_10nM,720,18019.828084,26101.666899,19706.053738,6260.046152,7451.403429,15648.707686,14823.469625,21725.2903,13406.077714,6930.628306,4448.075674,4495.63343
Pta_10nM,780,17869.995929,25856.678625,19917.726323,7149.401004,8542.902011,13646.271556,14450.093817,19354.060117,14925.732093,8038.765739,4293.513162,4360.0939
Pta_10nM,840,17553.684524,24334.438194,20750.152031,7986.449893,9827.037051,10821.066841,13446.50633,16982.900189,15427.533538,8497.719857,4103.282789,4262.600696
Pta_10nM,900,16992.413228,22148.646712,21166.368131,8930.51838,10314.538156,9903.134589,11955.417357,14692.668984,15020.860087,8980.456821,3910.674996,3948.720943
Pta_10nM,960,16205.213085,20110.372645,20272.10078,9182.588927,11032.715927,8497.719857,10975.641961,12821.054144,13995.861902,9403.745816,4110.41642,4058.103141
Pta_10nM,1020,15192.090762,17035.221917,19375.46509,9739.049363,11553.517746,7089.951842,9574.964473,10362.099399,13579.683092,9215.881323,3580.151592,3687.155423
Pta_10nM,1080,13960.189348,15154.039469,18509.757404,10442.953576,11684.313256,6331.384412,8618.998328,8973.322756,12949.473585,9030.395294,3385.167203,3487.415055
Pta_10nM,1140,12742.575697,13337.111298,16749.83109,10911.433798,11941.148697,5625.138441,7812.856648,7846.148474,11810.352767,8930.51838,3796.537263,3537.3501
Pta_10nM,1200,11667.666543,11593.945426,15334.783271,10951.861154,11325.220641,5054.43918,7118.487434,6488.328808,11130.21738,8236.139468,3615.81952,3534.97224
Pta_10nM,1260,10198.013232,9829.415098,14245.570227,11251.49984,11974.442241,4647.818439,6455.037546,5670.318973,9394.23368,7577.436274,3442.235756,3232.984596
Pta_10nM,1320,9287.222218,8842.531677,13263.388644,11035.09401,11249.121751,4338.692943,5798.726941,5373.079099,8618.998328,6992.455312,3470.770047,3299.564451
Pta_10nM,1380,8117.239573,7603.594059,11329.976824,10530.942038,10645.089376,4012.92352,5541.911212,4400.517946,7582.192234,6450.281653,3223.473192,3021.356138
Pta_10nM,1440,7059.038295,6616.738087,10257.464703,10469.112298,10221.793815,3656.24319,4907.009199,4217.420959,6956.785879,5917.62339,3202.072539,3066.5352
Pta_10nM,1500,6072.189039,5760.680114,9460.818661,9803.256585,9541.671928,3582.529454,4600.260593,4003.412023,6217.243227,5627.516363,3306.69801,3128.359221
Pta_10nM,1560,5539.533293,5123.398458,8079.191644,9698.622619,8759.301102,3299.564451,4293.513162,3439.857899,5677.452744,5092.485671,3099.825051,2950.020829
Pta_10nM,1620,4712.021577,4593.126918,7032.880688,8868.689876,8171.933503,3066.5352,3896.40777,3252.007406,5156.689165,4947.433521,3106.958593,2859.662862
Pta_10nM,1680,4360.0939,4367.227554,6623.871942,8495.34185,7520.364772,3059.401662,3806.048735,3197.316839,4857.073299,4312.536225,3180.671891,3004.711227
Pta_10nM,1740,4502.767096,4471.854549,6157.794757,8072.057659,7529.876686,3435.102185,4036.702265,3530.216521,4797.62584,4357.716016,3492.170773,3116.469982
Pta_10nM,1800,4141.328827,3806.048735,5670.318973,7451.403429,7051.904401,3168.782645,3865.495457,3375.655782,4215.043078,4184.130642,3154.515551,3021.356138
Pta_10nM,1860,3677.643965,3739.468458,4887.985995,7018.612906,6238.644687,3097.447204,3468.392189,3102.202898,4115.172174,4089.015529,3109.33644,3123.603525
Pta_10nM,1920,3606.308071,3649.1096,4448.075674,6336.140298,5772.569745,3128.359221,3542.105821,3309.075863,3896.40777,4008.167771,3244.873851,3028.489672
Pta_10nM,1980,3765.624989,3827.44955,4291.13528,5782.081452,5456.306153,3342.365816,3534.97224,3399.434338,3903.541383,3810.804471,3249.629554,3194.938989
Pta_10nM,2040,3156.8934,3175.916192,4055.725266,5394.480333,4928.410308,2954.776514,3337.610107,2923.864564,3427.968614,3413.701474,3009.466915,2935.753774
Pta_10nM,2100,2985.688475,3083.180124,3596.796623,4742.934217,4619.283728,2950.020829,3045.134588,2873.929902,3392.30077,3235.362447,2859.662862,2724.126103
Pta_10nM,2160,2900.08615,3228.228894,3718.067667,4849.939602,4383.872748,2950.020829,3123.603525,2919.108881,3408.945762,3456.5029,2881.063424,2774.060671
Pta_10nM,2220,3030.867517,3071.290892,3413.701474,4333.937175,4210.287318,2869.174222,3033.245362,2923.864564,3232.984596,3354.255088,2807.350401,2881.063424
Pta_10nM,2280,2909.597515,3161.649098,3387.545059,4288.757398,4036.702265,2997.577694,3071.290892,2992.822006,3211.58394,3299.564451,2954.776514,2859.662862
Pta_10nM,2340,3368.522216,3416.079331,3649.1096,4498.011319,4136.573071,3232.984596,3411.323618,3294.808745,3546.861541,3613.441658,3228.228894,3152.137703
Pta_10nM,2400,3054.64597,3306.69801,3401.812194,4010.545645,3706.178341,3018.978293,3152.137703,3030.867517,3159.271249,3344.74367,3095.069357,2938.131617
Pta_10nM,2460,2969.043571,2976.177101,3083.180124,3734.712726,3389.922914,2840.640145,2957.154357,2831.128788,3228.228894,3209.206089,2983.310632,2892.952627
Pta_10nM,2520,2823.995271,3073.668738,3007.089071,3632.464558,3363.766507,2781.194184,3175.916192,2914.353198,3183.04974,3206.828239,3007.089071,3018.978293
Pta_10nM,2580,2831.128788,2904.841832,3023.733982,3420.835044,3323.342984,2790.705534,2966.665728,2762.171485,2997.577694,3102.202898,2859.662862,2814.483916
Pta_10nM,2640,2712.236924,2871.552062,2881.063424,3301.942304,3159.271249,2821.617432,2745.526628,2814.483916,2895.330468,2959.532199,2823.995271,2954.776514
Pta_10nM,2700,2612.367895,2752.660138,2892.952627,3116.469982,2940.509459,2693.214242,2814.483916,2785.949859,2843.017984,2890.574786,2954.776514,2809.72824
Pta_10nM,2760,2697.969912,2881.063424,2804.972563,3332.854399,2930.99809,2771.682834,2897.708309,2731.259611,2790.705534,3009.466915,2755.037975,2652.791058
Pta_10nM,2820,2712.236924,2845.395824,2804.972563,3240.118149,2814.483916,2864.418542,2923.864564,2859.662862,3059.401662,2990.444163,2852.529342,2876.307743
Pta_10nM,2880,2759.793649,2866.796382,2904.841832,3147.382006,2926.242406,2781.194184,2776.438509,2859.662862,3049.890279,2954.776514,2795.46121,2921.486723
Pta_10nM,2940,2788.327697,2833.506627,2821.617432,2959.532199,2859.662862,2793.083372,2973.799258,2911.975356,3049.890279,2983.310632,2840.640145,2888.196945
Pta_10nM+1949_1uM,0,2645.657558,2693.214242,2469.69807,2659.92456,2384.096296,2569.566921,2491.098527,2574.322583,2783.572021,2593.345237,2854.907182,2840.640145
Pta_10nM+1949_1uM,60,2472.075898,2493.476356,2531.521629,2600.478733,2548.166442,2612.367895,2514.87682,2512.49899,2923.864564,2650.413225,2859.662862,2745.526628
Pta_10nM+1949_1uM,120,3042.756743,2648.035391,2802.594725,2562.433427,2552.922103,2536.27729,2686.080738,2619.501393,2752.660138,2843.017984,2873.929902,2950.020829
Pta_10nM+1949_1uM,180,3741.846324,2536.27729,4488.499765,2595.723069,2586.211741,3520.705082,3608.685933,2769.304997,3116.469982,3387.545059,4709.643682,5841.529642
Pta_10nM+1949_1uM,240,4635.928975,2864.418542,9919.780935,2669.435896,2740.770955,5382.590758,4978.346253,3775.136457,7204.094272,4457.587223,8374.063566,17667.841879
Pta_10nM+1949_1uM,300,5782.081452,3399.434338,19822.592507,2752.660138,3489.792914,9032.773317,7743.895053,8093.459615,18507.3791,6954.407918,14283.621088,43271.742182
Pta_10nM+1949_1uM,360,7135.133201,5116.264737,30882.656151,2928.620248,5244.671815,13265.766793,13068.38066,16188.565431,35200.063478,12552.325238,20857.178821,66563.561765
Pta_10nM+1949_1uM,420,9099.357998,7846.148474,42814.967637,3313.83157,8552.414047,19758.377246,19059.147735,26555.967529,46678.601226,20693.071134,26684.409012,78477.392714
Pta_10nM+1949_1uM,480,11372.782484,11698.58187,49343.284778,3834.583156,13988.72739,25411.896005,25459.466221,37557.489965,52719.471066,30092.940723,30012.066691,79815.013001
Pta_10nM+1949_1uM,540,14343.075594,16331.259717,50204.567539,4716.777367,19760.755588,31210.913651,31736.604192,45931.55408,51277.615103,38725.52417,30359.349876,75183.419532
Pta_10nM+1949_1uM,600,16542.923376,22200.971817,46426.412556,5660.80728,25276.321046,37084.096027,35238.124303,51068.238839,46435.929095,42565.170159,29859.833441,65756.836269
Pta_10nM+1949_1uM,660,19387.356744,27740.491244,42522.347813,6959.163841,30659.061233,38685.082782,35178.654272,50968.309452,40198.08038,42988.636818,28140.09356,56157.664757
Pta_10nM+1949_1uM,720,21482.693816,32469.246543,36222.954435,8231.383468,34612.501793,38568.516544,33979.74788,48826.995411,33006.839027,38663.672644,24110.86157,47818.218425
Pta_10nM+1949_1uM,780,23249.859551,36772.46637,31562.959423,9475.086879,37331.497535,38392.478056,30820.810685,45091.729147,26232.486188,33660.994043,20495.666681,39681.849998
Pta_10nM+1949_1uM,840,24829.163159,40776.167202,26479.854154,10932.836513,38932.489238,36674.933674,26032.689543,39603.345208,21035.557124,28520.66905,17013.81757,32604.833687
Pta_10nM+1949_1uM,900,25024.199802,42032.27148,22141.511473,11593.945426,37478.987259,34905.092701,23071.476313,34443.608342,16721.292063,23383.052628,13803.230298,26770.036782
Pta_10nM+1949_1uM,960,25514.172004,42536.621926,18597.754736,12590.375293,37978.551247,32562.016669,20084.210772,30252.310377,14143.308629,18959.258303,11731.875312,23002.501568
Pta_10nM+1949_1uM,1020,25328.648196,40604.881783,15425.155325,13011.305242,35918.464598,30076.29018,16811.665682,25771.051833,11294.305458,15874.638899,9470.330806,17979.397157
Pta_10nM+1949_1uM,1080,24569.907868,39819.828299,13287.170138,13786.583144,33442.148861,27195.798442,14423.933794,22303.243712,9184.966955,12771.113305,7872.306347,14457.22837
Pta_10nM+1949_1uM,1140,22790.820824,37055.549749,11092.168018,13643.893396,31375.042906,25231.129444,12197.984963,18971.149896,7810.478661,10863.872229,7230.251935,11860.293006
Pta_10nM+1949_1uM,1200,20857.178821,34988.350471,9551.184082,14171.846736,28002.135392,21936.968226,10511.917497,16252.777828,6376.565343,9232.527526,6155.416819,9884.110197
Pta_10nM+1949_1uM,1260,20039.022101,31567.716809,8457.293741,13915.004135,25093.17629,20788.205984,9189.723011,14164.712208,5891.466156,7273.055402,5392.102418,7998.339855
Pta_10nM+1949_1uM,1320,18112.581463,28913.139419,6985.321424,13762.801502,22277.081122,18245.76599,8516.743919,12074.322954,5185.224068,6609.604233,4947.433521,6707.100297
Pta_10nM+1949_1uM,1380,16697.509548,25644.990332,6181.57414,13044.599231,19599.028487,16626.162047,7011.479016,10685.516597,4609.77216,5770.191819,4490.877653,5663.185203
Pta_10nM+1949_1uM,1440,14844.873386,22410.27258,5273.206749,12055.298047,16428.767625,15118.366399,6497.840599,9116.004177,4136.573071,5282.718396,4157.973975,5075.840329
Pta_10nM+1949_1uM,1500,13013.683383,20195.993382,5151.933349,11501.199602,14045.803505,13270.523091,6027.00828,7981.693909,4065.236768,4478.988212,3998.656276,4571.725898
Pta_10nM+1949_1uM,1560,11886.452191,17322.992032,4740.556321,11061.252925,11284.793096,11938.770587,5527.643696,7142.267102,3670.510373,3905.919254,3689.533287,4067.614644
Pta_10nM+1949_1uM,1620,10316.916218,14530.952124,4036.702265,9701.000663,9967.341943,10966.129637,4838.050107,6419.368353,3499.304349,3853.606109,3689.533287,3815.560208
Pta_10nM+1949_1uM,1680,9693.866533,12635.559758,3932.075839,9199.235123,8381.197578,9786.610263,4681.108948,5986.583412,3499.304349,3613.441658,3575.39587,3608.685933
Pta_10nM+1949_1uM,1740,8678.448626,11241.987483,4298.268928,9082.711823,7781.942822,9410.87992,4778.602663,5660.80728,3665.754645,3870.251197,3587.285177,3777.514324
Pta_10nM+1949_1uM,1800,7796.21074,10174.232656,3863.117588,8038.765739,6514.486237,8383.575582,4500.389207,5033.038037,3439.857899,3632.464558,3556.372983,3753.735656
Pta_10nM+1949_1uM,1860,6885.447062,8400.221612,3696.666881,7472.805219,5632.272208,7755.784979,4048.59164,4712.021577,3378.033637,3506.437926,3592.0409,3282.919482
Pta_10nM+1949_1uM,1920,6714.23416,7430.001645,3665.754645,6538.265725,5075.840329,7218.362087,4215.043078,4512.278651,3399.434338,3594.418762,3458.880758,3254.385257
Pta_10nM+1949_1uM,1980,6114.991887,6825.998096,3656.24319,6302.8491,4645.440546,6645.273511,4079.504024,4319.669874,3492.170773,3437.480042,3565.884426,3380.411492
Pta_10nM+1949_1uM,2040,5128.154272,5513.376182,3351.877233,5563.312491,4031.946515,5872.442719,3677.643965,3832.205287,3052.268125,3175.916192,3211.58394,3099.825051
Pta_10nM+1949_1uM,2100,4790.492148,5282.718396,3294.808745,5075.840329,3689.533287,5261.317192,3482.659338,3746.602057,2988.066319,3078.424431,3133.114916,2883.441264
Pta_10nM+1949_1uM,2160,4521.790208,4864.206997,3425.590757,4692.998419,3525.460801,5209.003161,3534.97224,3760.869255,3011.844759,3185.42759,3202.072539,2983.310632
Pta_10nM+1949_1uM,2220,4065.236768,4362.471785,3218.717491,4571.725898,3439.857899,4861.829098,3339.987961,3532.594381,3159.271249,3125.981373,3149.759854,3026.111827
Pta_10nM+1949_1uM,2280,3789.403661,4098.527035,3249.629554,4098.527035,3373.277927,4695.376314,3351.877233,3370.900072,3014.222604,2926.242406,3104.580745,2930.99809
Pta_10nM+1949_1uM,2340,4039.08014,4212.665198,3570.640148,4371.983323,3601.552347,4795.247943,3530.216521,3682.399694,3332.854399,3349.499379,3363.766507,3306.69801
Pta_10nM+1949_1uM,2400,3784.647926,3946.343071,3489.792914,4100.904912,3432.724328,4436.18624,3504.060067,3313.83157,3064.157354,3121.225677,3149.759854,3104.580745
Pta_10nM+1949_1uM,2460,3527.838661,3458.880758,3166.404796,3822.693813,3111.714287,4001.03415,3123.603525,3204.450389,2983.310632,3042.756743,3256.763109,2933.375932
Pta_10nM+1949_1uM,2520,3449.369328,3435.102185,3102.202898,3718.067667,3042.756743,3962.988178,3335.232253,3320.96513,3016.600448,3080.802277,3337.610107,2940.509459
Pta_10nM+1949_1uM,2580,3171.160494,3266.274516,3249.629554,3632.464558,2919.108881,3791.781528,3173.538343,2995.19985,2736.015283,2959.532199,2980.932788,2802.594725
Pta_10nM+1949_1uM,2640,3038.001052,3009.466915,3061.779508,3197.316839,2983.310632,3653.865327,2995.19985,3064.157354,2845.395824,2916.731039,2945.265144,2873.929902
Pta_10nM+1949_1uM,2700,3035.623207,3040.378898,3071.290892,3285.297334,2833.506627,3287.675187,2911.975356,2911.975356,2873.929902,2940.509459,3154.515551,2733.637447
Pta_10nM+1949_1uM,2760,2766.92716,2900.08615,2964.287885,3125.981373,2831.128788,3553.995122,2980.932788,2814.483916,2747.904465,2819.239594,2978.554945,2835.884466
Pta_10nM+1949_1uM,2820,2900.08615,2907.219674,3102.202898,3109.33644,2923.864564,3401.812194,2969.043571,2890.574786,2835.884466,2980.932788,3018.978293,2883.441264
Pta_10nM+1949_1uM,2880,2971.421415,2957.154357,3197.316839,3273.408072,2866.796382,3137.870613,2928.620248,2964.287885,2933.375932,2828.750949,2812.106078,2930.99809
Pta_10nM+1949_1uM,2940,2950.020829,2942.887301,2969.043571,2969.043571,2947.642986,3468.392189,3087.935817,2971.421415,2809.72824,2859.662862,3007.089071,2904.841832
Pta_100nM,0,2593.345237,2669.435896,2652.791058,2626.634892,2336.539795,2357.940217,2907.219674,2607.61223,2802.594725,2486.342869,2671.813731,2609.990062
Pta_100nM,60,2443.541962,2667.058062,2469.69807,2883.441264,2655.168892,2562.433427,2976.177101,2938.131617,2617.12356,2700.347747,2897.708309,2831.128788
Pta_100nM,120,2674.191565,4103.282789,2548.166442,4714.399472,2707.481253,2664.680228,4093.771282,5896.222016,3977.255415,2609.990062,3630.086695,3102.202898
Pta_100nM,180,3444.613613,8654.668501,3045.134588,9251.551763,2564.811258,4200.775799,7116.109468,9822.280957,13798.473968,2850.151503,8053.033703,6759.415307
Pta_100nM,240,5230.404351,16628.540296,5071.084517,16447.793572,4657.330012,8890.092045,10373.989714,16205.213085,31631.941547,3568.262287,20990.367916,19030.607884
Pta_100nM,300,7800.966714,30673.33323,9125.516281,24227.406753,7553.656477,16833.069976,13803.230298,24493.796383,49590.724181,5981.827546,38054.675557,34600.607877
Pta_100nM,360,10559.478857,44860.957267,13812.742959,32983.051672,11788.949817,26743.872731,17529.901762,33527.783861,66713.485098,9163.564707,50977.826531,44868.094532
Pta_100nM,420,13153.993862,54929.891442,20417.180708,39265.537599,17016.19583,34422.199338,20462.369592,40231.38568,78051.358205,15042.263901,59993.387974,45841.147573
Pta_100nM,480,15698.65032,59358.053872,26748.629831,42503.315666,23152.343331,40145.743508,21456.531494,44782.447398,82104.728067,20029.5087,60909.515313,41820.5404
Pta_100nM,540,17168.404651,62470.525268,31141.931891,43626.220059,28006.892566,42829.241802,20938.043602,45512.830066,80650.441992,23440.135443,57190.341389,33768.0381
Pta_100nM,600,19492.003378,61566.277987,34805.18349,43412.105717,33006.839027,44454.134233,19751.24222,43604.808599,77741.949089,27038.813432,50675.65982,26858.043196
Pta_100nM,660,21156.854596,59441.337082,38116.526612,41292.404643,36013.617548,46564.402485,17394.340154,41527.924212,73208.052646,29417.407203,43017.185213,21121.17885
Pta_100nM,720,21487.450602,56295.671462,38861.121913,38682.703877,37871.501558,46338.384623,15118.366399,38401.99364,67969.996452,31032.512669,35583.051352,16859.230786
Pta_100nM,780,21730.047102,51051.583933,39736.565503,35066.850734,38970.551838,46757.112955,13225.338268,34607.744227,62836.986285,31572.474196,29676.678196,13915.004135
Pta_100nM,840,22003.563644,47140.156132,39327.38959,30473.525498,40654.839992,45569.928666,11696.203767,30875.520133,58456.221241,31593.882437,24117.996984,10885.274932
Pta_100nM,900,21834.696799,43383.557182,39101.392162,25954.19814,39845.996625,44994.186313,9800.878539,26867.557409,53804.449113,30725.663909,19494.381713,9161.18668
Pta_100nM,960,21915.562568,39175.138621,38470.981658,22381.731534,39334.526361,44075.862039,8723.630882,23568.571925,49300.458806,30999.211196,15513.149265,7196.960365
Pta_100nM,1020,21687.235901,35185.790674,38401.99364,17651.193921,37635.992748,41330.468365,7208.85021,19713.18876,45132.173772,29491.144739,12262.194158,6038.897951
Pta_100nM,1080,20300.641073,31444.024868,36746.29905,15158.79588,35832.82704,39039.540346,6433.636029,17142.243739,40050.585645,28477.854217,9860.329715,4990.235768
Pta_100nM,1140,19698.918717,28197.179768,35109.669092,12668.853591,34179.564365,38130.799939,5955.670291,14742.611022,36065.951718,27086.384615,8414.48964,4581.237462
Pta_100nM,1200,18985.419809,25621.205166,33810.855763,10704.541179,31132.41717,35958.904588,5308.875431,12659.341066,31964.95953,24710.238609,6985.321424,4357.716016
Pta_100nM,1260,17175.539447,22077.29435,31532.036422,9101.736024,28113.929062,33599.146431,4740.556321,10894.787246,28347.031258,23440.135443,6024.630346,4077.126148
Pta_100nM,1320,16424.011139,19382.600083,29151.001185,8026.875771,25894.735007,30758.965268,4498.011319,9284.844187,24712.617098,21420.855614,5228.026441,3663.376781
Pta_100nM,1380,15584.495774,16916.308948,26646.352254,6885.447062,22424.543106,27509.769386,4012.92352,7841.392498,21932.211413,19763.13393,4543.191214,3449.369328
Pta_100nM,1440,14171.846736,15151.661264,24075.184506,6046.031754,19725.080464,25461.844733,3763.247122,7061.41626,19539.570075,18155.390751,4400.517946,3378.033637
Pta_100nM,1500,13080.271377,13073.136946,22196.214988,5277.962572,16951.98282,22726.603181,3649.1096,5991.339278,16464.44128,16297.964361,4050.969515,3271.03022
Pta_100nM,1560,12060.054273,11027.959762,19715.5671,4624.039512,15056.533114,20324.424658,3482.659338,5206.625252,14692.668984,14687.912601,3508.815785,3023.733982
Pta_100nM,1620,10680.760453,10561.856926,17085.165416,4200.775799,12595.131552,17408.609786,3385.167203,4878.474395,12566.594007,13213.447529,3470.770047,3016.600448
Pta_100nM,1680,9791.366355,9135.028386,15177.821525,4060.481017,11463.150064,15363.321803,3209.206089,4438.564126,11325.220641,11612.970224,3427.968614,2988.066319
Pta_100nM,1740,9379.965476,8668.936575,14176.603088,4226.93248,10121.915413,14057.694367,3494.548631,4217.420959,10545.210446,10811.554536,3782.270058,3230.606745
Pta_100nM,1800,8357.417542,7456.159382,12469.090804,3858.361848,8766.435148,12300.244076,3180.671891,4029.56864,9189.723011,9639.171564,3458.880758,3197.316839
Pta_100nM,1860,7213.606148,6787.950781,10992.28853,3420.835044,7674.933517,10749.724579,3066.5352,3808.426603,8369.307559,8464.42776,3301.942304,3149.759854
Pta_100nM,1920,6849.777677,6569.179071,9824.659004,3423.2129,6861.66747,9475.086879,3232.984596,3691.911152,7655.909655,8024.497778,3325.720838,3061.779508
Pta_100nM,1980,6309.982927,6055.543493,8878.20195,3482.659338,6504.974443,8692.716704,3247.251703,3644.353873,7275.433373,7270.677431,3542.105821,3128.359221
Pta_100nM,2040,5456.306153,5273.206749,7727.249159,3261.518812,5270.828837,6985.321424,2985.688475,2997.577694,6428.880137,6507.352392,3095.069357,2959.532199
Pta_100nM,2100,4971.212544,4973.590447,6761.793262,3064.157354,4840.428006,6500.218547,2702.725583,3199.694689,6098.346332,5572.824173,2850.151503,2797.839048
Pta_100nM,2160,4714.399472,4576.48168,6329.006469,2897.708309,4669.219479,5877.198577,2892.952627,3057.023816,5677.452744,5220.892711,2866.796382,2859.662862
Pta_100nM,2220,4357.716016,4400.517946,5608.492989,3254.385257,4319.669874,5449.172402,2873.929902,3147.382006,5173.334524,4935.544013,3111.714287,2938.131617
Pta_100nM,2280,4212.665198,4017.679268,5216.136891,2940.509459,4215.043078,4992.613671,2869.174222,3156.8934,4937.921914,4324.425641,3130.737068,2797.839048
Pta_100nM,2340,4250.711289,4376.739093,5211.381071,3344.74367,4215.043078,4942.677718,3335.232253,3404.19005,4980.724155,4431.430466,3206.828239,3232.984596
Pta_100nM,2400,3905.919254,3891.652029,4714.399472,3007.089071,3934.453711,4788.114251,2945.265144,3087.935817,4474.232436,3993.900529,3002.333382,3125.981373
Pta_100nM,2460,3718.067667,3596.796623,4333.937175,2952.398671,3644.353873,4219.798839,2904.841832,2997.577694,4176.997005,3808.426603,3073.668738,2957.154357
Pta_100nM,2520,3732.33486,3672.888237,3934.453711,2809.72824,3549.239402,4210.287318,2959.532199,3092.69151,4034.32439,3699.044746,3130.737068,3180.671891
Pta_100nM,2580,3356.632942,3228.228894,3965.36605,2826.37311,3311.453717,3794.159396,2797.839048,2961.910042,3751.357789,3527.838661,2935.753774,2883.441264
Pta_100nM,2640,3221.095341,3221.095341,3684.777558,2781.194184,3235.362447,4027.190766,2785.949859,2923.864564,3508.815785,3387.545059,2900.08615,2705.103418
Pta_100nM,2700,3175.916192,2983.310632,3675.266101,2833.506627,3121.225677,3618.197382,2695.592077,2707.481253,3468.392189,3185.42759,2890.574786,2664.680228
Pta_100nM,2760,3035.623207,3052.268125,3404.19005,2814.483916,3185.42759,3546.861541,2935.753774,2795.46121,3237.740298,3154.515551,2743.148792,2785.949859
Pta_100nM,2820,3085.55797,3133.114916,3496.92649,2764.549322,3092.69151,3546.861541,2681.325068,2826.37311,3437.480042,3408.945762,3087.935817,2961.910042
Pta_100nM,2880,3102.202898,2992.822006,3316.209423,2702.725583,3059.401662,3370.900072,2731.259611,2814.483916,3320.96513,3168.782645,2885.819105,2850.151503
Pta_100nM,2940,3007.089071,2850.151503,3197.316839,2878.685583,3097.447204,3411.323618,2988.066319,2954.776514,3297.186598,3123.603525,3026.111827,2828.750949
Pta_100nM+1949_1uM,0,2678.947234,2505.365502,2690.836407,2502.987673,2405.496731,2505.365502,2464.942413,2398.363252,2512.49899,2567.189089,2719.370431,2812.106078
Pta_100nM+1949_1uM,60,2714.61476,2472.075898,2593.345237,2514.87682,2457.808929,2524.388139,2700.347747,2576.700415,2621.879226,2655.168892,2697.969912,2914.353198
Pta_100nM+1949_1uM,120,4467.098773,2617.12356,3696.666881,2467.320241,2885.819105,3026.111827,2695.592077,3285.297334,2683.702903,2854.907182,3851.22824,5889.088226
Pta_100nM+1949_1uM,180,7822.368597,3235.362447,13822.255621,2517.25465,3247.251703,4001.03415,3301.942304,5722.633305,3542.105821,6533.509827,9805.634631,18293.331946
Pta_100nM+1949_1uM,240,12982.767548,5886.710296,36046.921107,2833.506627,4745.312113,6481.194965,5066.328706,8395.465603,6386.077121,21263.881931,23758.848575,41166.318693
Pta_100nM+1949_1uM,300,18138.742692,10293.135606,56371.813194,2914.353198,6811.730351,10435.819381,7463.293311,11042.228259,10676.004308,40052.964591,40873.704897,64597.926259
Pta_100nM+1949_1uM,360,24125.132399,16668.97054,72179.929168,3577.773731,9643.927646,14759.258375,10488.136828,13876.95345,14980.430676,57023.779741,50292.599724,78313.166853
Pta_100nM+1949_1uM,420,30052.503697,24032.372052,76937.490983,4238.821884,13184.909764,18469.32623,14830.604211,16283.694927,17503.740732,68284.127372,55584.225652,82913.998535
Pta_100nM+1949_1uM,480,33787.06817,29607.697758,74171.930399,5075.840329,16742.696332,22248.540124,17501.362457,18928.340171,20600.314764,70637.768707,52881.265105,79415.152638
Pta_100nM+1949_1uM,540,36227.712098,34236.65488,67503.561905,6079.322845,19482.490042,25216.858417,20873.827446,20207.885158,21863.237649,67762.956292,46592.952155,69247.945841
Pta_100nM+1949_1uM,600,36810.527943,35131.07828,58522.847051,6949.651995,22310.378965,27469.333665,24167.944904,20873.827446,23002.501568,61164.129188,39972.080494,59315.222541
Pta_100nM+1949_1uM,660,35062.093141,36272.90991,50594.764989,8019.741791,23851.608606,28470.718414,25923.277305,21901.292132,23630.411787,53438.029444,32055.350365,49245.736763
Pta_100nM+1949_1uM,720,32709.497605,36427.534195,42386.743867,8607.108274,25649.747366,29248.524714,27164.877128,22120.105759,23054.827231,46100.471773,27424.140825,40976.000655
Pta_100nM+1949_1uM,780,29084.399819,36494.141672,36025.511674,9665.330023,26456.06874,29476.872953,27300.455287,22074.91594,23026.285956,39496.293347,23014.393761,33068.686181
Pta_100nM+1949_1uM,840,25024.199802,35083.502315,30404.544373,10033.927401,27155.36288,29357.941497,27312.348119,22291.351624,22657.628732,34391.275232,19363.573438,27469.333665
Pta_100nM+1949_1uM,900,21444.639532,34683.865331,26715.33014,10685.516597,27773.791361,29614.833663,27122.063021,22543.464259,22129.619409,29491.144739,15957.876874,22966.824998
Pta_100nM+1949_1uM,960,18816.559332,33068.686181,22476.868392,11144.485895,27631.076672,29260.417835,26643.973708,21290.04419,21951.238668,25816.24374,13846.037281,19596.650149
Pta_100nM+1949_1uM,1020,15672.489889,31900.734525,19572.86678,10607.040245,27331.376653,28232.858669,25535.578625,20750.152031,21125.935615,21758.587914,11912.611385,15969.768021
Pta_100nM+1949_1uM,1080,13199.178645,30483.040141,16630.918545,11054.118675,26655.866442,27895.099046,24959.980367,20107.994293,20909.503082,18362.302633,10114.781247,12992.280112
Pta_100nM+1949_1uM,1140,11058.874842,28687.171395,14290.755627,11104.058442,27459.819381,26953.185375,23906.31329,20288.749283,20355.34333,16333.637957,8780.703242,11372.782484
Pta_100nM+1949_1uM,1200,9689.110448,27440.790816,12599.88781,10766.371101,25264.428517,26310.977864,22586.275918,18483.596054,19047.256129,13479.8005,7537.010623,9574.964473
Pta_100nM+1949_1uM,1260,8488.207828,25057.498789,10873.384541,10457.221969,25323.891181,25254.914494,21045.070644,18395.598848,18067.393906,11762.790664,6635.761702,8336.015515
Pta_100nM+1949_1uM,1320,7315.858892,23447.270797,9553.562121,9784.232217,24484.282452,23889.664034,20031.88705,17258.778776,17080.408891,10335.940712,6198.219712,7004.345126
Pta_100nM+1949_1uM,1380,6702.344388,21240.098066,8336.015515,9686.732405,22629.087599,21927.454599,18968.771577,16264.669019,15938.851044,9023.261225,5182.846159,6395.5889
Pta_100nM+1949_1uM,1440,5610.87091,19056.769413,7570.302334,9287.222218,21546.910461,20842.908574,17368.179168,15613.034395,14352.588319,7910.354178,4540.813324,5489.596998
Pta_100nM+1949_1uM,1500,5254.183458,17548.927971,7377.686196,8654.668501,20811.989714,19228.008724,16588.110072,14133.795928,13329.976845,7177.936617,4207.909438,5132.910087
Pta_100nM+1949_1uM,1560,4557.458555,16214.726031,6093.59046,8940.030461,18761.858127,17810.538802,14583.272249,13505.960214,12402.503319,6207.731469,3870.251197,4348.204479
Pta_100nM+1949_1uM,1620,4072.370396,13950.67667,5363.567441,8079.191644,17196.943837,15693.893878,13860.306281,12385.856457,11115.948867,5515.754101,3737.090592,4065.236768
Pta_100nM+1949_1uM,1680,4091.393405,13089.783952,5056.817085,7653.531673,16711.779056,14171.846736,12856.72619,12119.507127,10514.295565,5251.805547,3639.598147,4069.99252
Pta_100nM+1949_1uM,1740,4162.729732,11408.453885,5553.800811,7770.052892,14759.258375,13793.717638,11924.501931,11434.612922,9924.537034,5047.305465,3905.919254,3989.144781
Pta_100nM+1949_1uM,1800,3675.266101,10014.902979,4985.479961,7361.040379,13230.094564,12057.67616,11020.825514,10573.747271,8987.590887,4595.50481,3670.510373,3649.1096
Pta_100nM+1949_1uM,1860,3401.812194,9051.797506,4262.600696,7059.038295,12345.428376,11127.839294,10547.588515,9777.098081,7689.201416,4291.13528,3542.105821,3392.30077
Pta_100nM+1949_1uM,1920,3385.167203,7998.339855,4305.402576,6288.581449,10861.494152,10236.062168,9936.427284,9465.574733,7724.871175,4188.886401,3427.968614,3244.873851
Pta_100nM+1949_1uM,1980,3513.571504,7449.025452,4374.361208,6088.834588,10564.234995,9170.698789,9082.711823,8892.470064,7137.511168,3946.343071,3577.773731,3622.953107
Pta_100nM+1949_1uM,2040,3140.248461,6426.502191,3896.40777,5734.522931,9180.2109,8048.277715,7946.024035,7784.320808,6129.259508,3660.998918,3149.759854,3152.137703
Pta_100nM+1949_1uM,2100,2823.995271,5955.670291,3615.81952,5287.47422,8288.455477,7506.096903,7194.582396,7261.165548,5751.16841,3347.121524,2854.907182,3049.890279
Pta_100nM+1949_1uM,2160,2854.907182,5249.427636,3851.22824,5151.933349,7984.071901,6837.887886,6749.903484,7116.109468,5287.47422,3249.629554,3028.489672,3095.069357
Pta_100nM+1949_1uM,2220,2883.441264,5261.317192,3651.487463,4807.137431,6887.825021,6543.021624,6295.715274,6412.234517,5170.956615,3218.717491,3114.092135,2959.532199
Pta_100nM+1949_1uM,2280,2888.196945,4697.754208,3473.147905,4728.666843,6264.802034,6053.165558,5777.325598,6176.818263,4852.317501,3173.538343,3068.913046,3018.978293
Pta_100nM+1949_1uM,2340,3225.851043,4700.132103,3822.693813,4923.654506,6381.321232,5969.937884,5684.586515,6279.069682,4973.590447,3435.102185,3268.652368,3344.74367
Pta_100nM+1949_1uM,2400,3002.333382,4345.826595,3675.266101,4500.389207,5703.609908,5175.712432,5277.962572,5689.342363,4402.895832,3192.561139,3123.603525,3092.69151
Pta_100nM+1949_1uM,2460,2721.748267,3779.892191,3449.369328,4241.199765,5282.718396,4899.875497,4747.690009,5249.427636,4291.13528,3232.984596,3095.069357,2999.955538
Pta_100nM+1949_1uM,2520,2788.327697,3806.048735,3213.96179,4089.015529,5104.375203,4918.898703,4500.389207,5130.53218,4060.481017,3016.600448,3042.756743,3085.55797
Pta_100nM+1949_1uM,2580,2781.194184,3530.216521,3202.072539,3927.320096,4367.227554,4507.522874,4341.070827,4695.376314,3777.514324,2983.310632,2833.506627,2954.776514
Pta_100nM+1949_1uM,2640,2759.793649,3480.28148,3309.075863,3822.693813,4398.140061,4191.26428,4091.393405,4738.178425,3832.205287,2862.040702,2881.063424,2843.017984
Pta_100nM+1949_1uM,2700,2626.634892,3549.239402,3054.64597,3437.480042,4141.328827,4081.8819,3825.071681,4131.817316,3630.086695,2686.080738,3080.802277,2812.106078
Pta_100nM+1949_1uM,2760,2650.413225,3280.541629,3194.938989,3734.712726,3791.781528,4065.236768,3817.938076,3982.011161,3427.968614,2835.884466,2812.106078,2762.171485
Pta_100nM+1949_1uM,2820,2695.592077,3311.453717,3004.711227,3520.705082,3825.071681,3732.33486,3613.441658,4143.706705,3577.773731,2873.929902,2971.421415,3052.268125
Pta_100nM+1949_1uM,2880,2569.566921,3368.522216,3023.733982,3601.552347,3544.483681,3580.151592,3613.441658,3932.075839,3461.258616,2802.594725,2895.330468,2852.529342
Pta_100nM+1949_1uM,2940,2678.947234,3090.313664,3235.362447,3368.522216,3577.773731,3615.81952,3615.81952,3775.136457,3425.590757,3009.466915,2926.242406,2947.642986
