##BLOCKS= 1          
Plate:	Plate#1	1.3	PlateFormat	Kinetic	Luminescence	Raw	FALSE	14	840	60				1	450	1	12	96	405	Automatic	435			6	Automatic			1	8	None	
Time(hh:mm:ss)	Temperature(¡C)	1	2	3	4	5	6	7	8	9	10	11	12		
0:00	23.30	8595.218221	8457.293741	7922.244129	7736.761098	7957.913991	7960.291983	7984.071901	7967.425958	7884.196292	7722.49319	7660.66562	8024.497778		
		8338.393518	8371.685563	8148.153529	7603.594059	7912.732168	8072.057659	8100.593602	7800.966714	7834.258535	7841.392498	7819.99061	8162.421512		
		8773.569194	8131.507551	8416.867645	7786.698795	7708.225285	8267.053469	7858.038415	7976.937925	7924.622119	7598.838097	8121.995565	8293.21148		
		8471.56178	8485.829821	8069.679665	7829.50256	7805.722687	8079.191644	8055.411698	7791.454767	7817.612623	7620.239927	7912.732168	8212.359474		
		8404.977621	8043.521727	8093.459615	7532.254665	7834.258535	7855.660427	7703.469317	7701.091334	7665.421585	7522.742751	7988.827885	8366.929555		
		8352.661535	8176.689498	8072.057659	7613.105983	7800.966714	8048.277715	7884.196292	7674.933517	7891.33026	7641.641762	7867.55037	8366.929555		
		8402.599617	8055.411698	8174.3115	7682.067466	7632.129834	8124.373562	7877.062325	7651.15369	7639.26378	7534.632644	7829.50256	8302.723486		
		8355.039539	8231.383468	8248.029467	7601.216078	7995.961863	8074.435654	7791.454767	7853.282439	7741.517068	7960.291983	7853.282439	8119.617569		
		
1:00	23.40	6918.738502	6711.856205	6997.211237	7085.195911	6956.785879	7073.306084	6892.580941	6990.077349	6942.518111	7173.180681	7075.68405	6704.722343		
		6968.675688	7154.156939	6921.116463	6766.549174	6742.769618	6987.699387	7092.329807	6871.179306	7268.29946	6830.754012	7001.967163	6714.23416		
		7116.109468	6918.738502	7011.479016	7156.534906	6623.871942	6730.879842	7004.345126	6873.557265	6783.194868	6975.809575	7170.802713	6573.934971		
		7101.841671	6792.706694	7023.368833	6833.13197	6614.360136	6733.257797	7101.841671	7182.692554	7054.282366	6954.407918	6892.580941	6757.037351		
		7056.66033	6830.754012	7087.573876	6918.738502	6795.084651	6685.698712	7013.856979	6899.71482	6904.47074	6714.23416	7011.479016	6878.313184		
		7237.385845	6842.643802	7013.856979	7051.904401	6671.430991	6973.431612	7023.368833	6942.518111	7009.101052	6816.486266	6921.116463	6735.635752		
		7258.787577	6913.982581	7170.802713	6999.5892	6752.28144	6902.09278	7001.967163	6787.950781	6837.887886	7187.448491	7051.904401	6761.793262		
		7339.638619	6849.777677	7175.558649	6973.431612	6709.478251	7092.329807	7235.007875	6954.407918	6837.887886	7097.085739	6897.33686	6664.297132		
		
2:00	23.50	6585.824723	6516.864185	6378.943287	6419.368353	6409.856571	6623.871942	6290.95939	6314.738812	6547.777523	6402.722736	6602.470379	6371.809454		
		6533.509827	6773.683043	6331.384412	6447.903707	6324.250583	6569.179071	6279.069682	6481.194965	6604.848331	6250.534389	6585.824723	6609.604233		
		6376.565343	6355.163846	6500.218547	6409.856571	6241.022627	6367.053566	6452.6596	6248.156448	6690.454619	6564.423171	6564.423171	6531.131878		
		6566.801121	6462.171387	6428.880137	6186.330017	6314.738812	6271.935858	6367.053566	6400.34479	6676.186898	6509.73034	6573.934971	6400.34479		
		6645.273511	6471.683175	6317.116755	6416.990408	6426.502191	6395.5889	6295.715274	6367.053566	6616.738087	6512.108288	6488.328808	6466.927281		
		6583.446773	6469.305228	6466.927281	6245.778508	6424.124245	6340.896185	6250.534389	6545.399573	6466.927281	6274.313799	6619.116039	6485.95086		
		6890.202981	6592.958576	6321.87264	6452.6596	6654.785321	6229.132926	6145.905069	6611.982184	6450.281653	6471.683175	6735.635752	6585.824723		
		6721.368023	6402.722736	6559.667271	6250.534389	6714.23416	6540.643674	6191.085895	6381.321232	6478.817017	6559.667271	6628.627846	6557.289321		
		
3:00	23.50	6286.203507	6369.43151	6402.722736	6614.360136	6552.533422	6562.045221	6509.73034	6640.517606	6431.258083	6614.360136	6483.572912	6683.320758		
		6119.74776	6317.116755	6490.706755	6666.675085	6478.817017	6402.722736	6493.084703	6704.722343	6324.250583	6493.084703	6476.43907	6707.100297		
		6062.677298	6378.943287	6628.627846	6464.549334	6466.927281	6288.581449	6214.865287	6362.297678	6438.391921	6602.470379	6619.116039	6776.060999		
		6226.754986	6395.5889	6616.738087	6504.974443	6483.572912	6262.424093	6402.722736	6657.163274	6825.998096	6374.187398	6478.817017	6635.761702		
		6169.684448	6305.227043	6540.643674	6714.23416	6604.848331	6305.227043	6559.667271	6645.273511	6497.840599	6245.778508	6604.848331	6699.966434		
		6340.896185	6188.707956	6616.738087	6569.179071	6723.745978	6307.604985	6383.699176	6590.580625	6535.887776	6576.312922	6804.596479	6728.501888		
		6248.156448	6350.407959	6581.068822	6621.493991	6519.242134	6474.061123	6497.840599	6359.919734	6519.242134	6569.179071	6740.391663	6552.533422		
		6428.880137	6462.171387	6664.297132	6483.572912	6514.486237	6614.360136	6481.194965	6383.699176	6483.572912	6502.596495	6749.903484	6692.832573		
		
4:00	23.50	6283.825565	6219.621167	6155.416819	6038.897951	6098.346332	6402.722736	6134.015382	6386.077121	6324.250583	6281.447623	6523.998031	6514.486237		
		6229.132926	6181.57414	6065.055233	5974.693749	6098.346332	6393.210955	5981.827546	6262.424093	6150.660944	6129.259508	6533.509827	6447.903707		
		6181.57414	6136.393319	6110.236014	6050.787624	6010.362744	6034.142082	6162.550633	6248.156448	6046.031754	6131.637445	6229.132926	6279.069682		
		6183.952078	6050.787624	6126.881571	5900.977877	6060.299363	6233.888806	6233.888806	6095.968396	6057.921428	6350.407959	6500.218547	6523.998031		
		6126.881571	6214.865287	6136.393319	5960.426155	6183.952078	6095.968396	6269.557917	6036.520017	6260.046152	6181.57414	6566.801121	6707.100297		
		6069.811104	6202.97559	6041.275885	6074.566974	6248.156448	6221.999106	6210.109408	6031.764148	6198.219712	6326.628526	6609.604233	6488.328808		
		6488.328808	6105.480141	5991.339278	6060.299363	6319.494698	6295.715274	6160.172695	6283.825565	6319.494698	6274.313799	6540.643674	6616.738087		
		6172.062386	6074.566974	6012.740677	6138.771256	6333.762355	6459.79344	6221.999106	6267.179975	6119.74776	6241.022627	6455.037546	6469.305228		
		
5:00	23.50	6110.236014	6200.597651	6155.416819	6117.369823	5936.646839	5936.646839	5763.05804	5855.797214	5908.111668	6105.480141	6024.630346	6041.275885		
		6086.456652	6333.762355	6293.337332	6343.274128	5960.426155	5972.315816	5908.111668	5786.837305	6031.764148	6055.543493	6381.321232	6124.503634		
		6210.109408	6485.95086	6257.668211	6136.393319	5915.245459	5763.05804	5774.947672	5972.315816	5962.804087	6079.322845	6181.57414	5922.379252		
		6345.652072	6252.91233	6226.754986	5965.18202	5922.379252	5900.977877	6029.386214	6055.543493	6017.496544	5988.961345	6281.447623	5984.205479		
		6095.968396	6238.644687	6221.999106	6229.132926	5943.780633	5879.576507	5670.318973	6103.102204	5953.29236	6022.252412	6469.305228	6091.212524		
		6088.834588	6065.055233	6210.109408	6067.433168	5851.041357	5846.285499	5634.65013	6065.055233	5931.890976	6010.362744	6485.95086	6100.724268		
		6005.606877	6017.496544	6367.053566	6019.874478	5988.961345	5779.703525	5808.23865	5977.071681	5969.937884	6271.935858	6321.87264	6003.228943		
		6043.65382	6062.677298	6269.557917	5843.907571	5898.599946	5767.813893	5912.867529	6062.677298	5965.18202	6224.377046	6281.447623	6167.306509		
		
6:00	23.50	5722.633305	5698.854059	5627.516363	5736.900857	5563.312491	5784.459378	5741.656707	5765.435966	5739.278782	5715.499531	5639.405975	5572.824173		
		5796.349013	5848.663428	5646.539743	5720.255381	5710.743682	5648.917665	5955.670291	5427.771153	5556.178731	5675.07482	5648.917665	5767.813893		
		5615.626754	5900.977877	5575.202093	5701.231984	5881.954437	5755.924262	5665.563127	5582.335855	5396.858248	5520.509939	5622.760519	5708.365757		
		5591.847539	5713.121606	5886.710296	5694.098211	5510.998263	5820.128288	5791.593159	6069.811104	5575.202093	5618.004675	5727.389156	5779.703525		
		5568.068332	5782.081452	5772.569745	5851.041357	5677.452744	5644.16182	5629.894286	5722.633305	5513.376182	5729.767081	5708.365757	5577.580014		
		5591.847539	5758.302188	5696.476135	5770.191819	5713.121606	5684.586515	5760.680114	5575.202093	5656.051434	5491.974916	5696.476135	5803.482795		
		5629.894286	5508.620345	5717.877456	5577.580014	5777.325598	5784.459378	5784.459378	5510.998263	5537.155373	5501.486589	5805.860723	5694.098211		
		5691.720287	5703.609908	5782.081452	5608.492989	5817.750361	5736.900857	5832.017929	5525.265777	5615.626754	5565.690412	5653.673511	5732.145006		
		
7:00	23.60	5829.64	5425.393237	5475.329491	5563.312491	5689.342363	5494.352834	5456.306153	5480.085327	5522.887858	5482.463244	5822.506216	5905.733737		
		5827.262072	5468.195739	5639.405975	5396.858248	5613.248832	5684.586515	5301.741693	5418.259489	5368.32327	5625.138441	5679.830668	5817.750361		
		5641.783897	5798.726941	5575.202093	5380.212843	5606.115067	5705.987832	5506.242426	5482.463244	5487.21908	5836.773785	5713.121606	5489.596998		
		5660.80728	5534.777454	5658.429357	5544.289132	5682.208591	5515.754101	5337.410388	5370.701184	5465.817821	5698.854059	5615.626754	5575.202093		
		5601.359224	5506.242426	5722.633305	5446.794485	5575.202093	5587.091697	5399.236164	5489.596998	5468.195739	5793.971086	5686.964439	5575.202093		
		5596.603382	5653.673511	5527.643696	5691.720287	5608.492989	5432.526986	5494.352834	5377.834928	5461.061987	5637.028053	5627.516363	5639.405975		
		5639.405975	5694.098211	5689.342363	5401.614079	5698.854059	5373.079099	5444.416568	5285.096308	5380.212843	5572.824173	5496.730753	5765.435966		
		5534.777454	5484.841162	5598.981303	5598.981303	5363.567441	5584.713776	5470.573656	5384.968673	5318.387082	5751.16841	5682.208591	5772.569745		
		
8:00	23.60	5430.149069	5582.335855	5399.236164	5256.561369	5261.317192	5313.631257	5408.747826	5104.375203	5270.828837	5311.253344	5325.520822	5570.446252		
		5396.858248	5525.265777	5382.590758	5363.567441	5258.939281	5251.805547	5382.590758	5361.189527	5223.270621	5213.758981	5365.945356	5503.864508		
		5223.270621	5515.754101	5373.079099	5620.382597	5325.520822	5423.015321	5453.928236	5349.299957	5532.399534	5189.979886	5342.166215	5461.061987		
		5244.671815	5551.422891	5403.991994	5382.590758	5351.677871	5413.503657	5358.811613	5363.567441	5365.945356	5282.718396	5439.660735	5399.236164		
		5525.265777	5465.817821	5361.189527	5308.875431	5239.915993	5477.707409	5484.841162	5182.846159	5296.985869	5396.858248	5368.32327	5430.149069		
		5304.119606	5289.852132	5527.643696	5330.276648	5266.073015	5296.985869	5377.834928	5199.491523	5249.427636	5294.607956	5525.265777	5634.65013		
		5598.981303	5361.189527	5365.945356	5304.119606	5403.991994	5361.189527	5358.811613	5277.962572	5170.956615	5401.614079	5356.433699	5510.998263		
		5589.469618	5506.242426	5399.236164	5365.945356	5223.270621	5449.172402	5427.771153	5161.444981	5266.073015	5387.346588	5522.887858	5603.737146		
		
9:00	23.70	5230.404351	5104.375203	5097.241483	5163.82289	5166.200798	5201.869433	5006.881092	5025.904324	5220.892711	5149.555441	5235.160172	5237.538083		
		5097.241483	5059.19499	5149.555441	5420.637405	5185.224068	5185.224068	5104.375203	5085.351952	5363.567441	5408.747826	5247.049726	5180.46825		
		5194.735704	5156.689165	5178.090341	5301.741693	5068.706612	5140.04381	5285.096308	5151.933349	5270.828837	5014.014803	5178.090341	5292.230044		
		5149.555441	5037.793846	5218.514801	5194.735704	5244.671815	5156.689165	5301.741693	5128.154272	5487.21908	5035.415941	5168.578707	5144.799625		
		5063.950801	4847.561703	5211.381071	5256.561369	5163.82289	5137.665902	5287.47422	5268.450926	5375.457014	5063.950801	5099.61939	5042.549655		
		4987.857865	5080.59614	5042.549655	5273.206749	5239.915993	4964.078837	5087.729858	5092.485671	5287.47422	5154.311257	5111.508923	5251.805547		
		4904.631298	5285.096308	5189.979886	5277.962572	5044.92756	5035.415941	5099.61939	4942.677718	5199.491523	5225.648531	5166.200798	5192.357795		
		5104.375203	5147.177533	5287.47422	5320.764995	5189.979886	5044.92756	5094.863577	5090.107764	5420.637405	5090.107764	5209.003161	5151.933349		
		
10:00	23.70	4954.567228	4947.433521	5002.125285	5078.218235	4904.631298	5002.125285	5206.625252	5135.287994	5197.113614	5116.264737	5299.363781	5192.357795		
		4887.985995	4994.991574	4921.276605	4952.189325	4849.939602	5130.53218	5166.200798	5285.096308	5285.096308	5344.544129	5377.834928	5256.561369		
		4759.579489	5052.061275	4838.050107	4983.102058	4909.3871	5156.689165	5178.090341	5170.956615	5189.979886	5289.852132	5463.439904	5365.945356		
		4947.433521	4923.654506	5116.264737	4997.369478	4880.852295	5085.351952	5068.706612	5306.497519	5218.514801	5025.904324	5277.962572	5282.718396		
		4933.166111	4992.613671	4828.538513	4983.102058	5021.148515	5197.113614	5137.665902	5180.46825	5266.073015	5113.88683	5282.718396	5168.578707		
		4866.584897	4945.05562	4800.003738	5004.503188	4952.189325	5292.230044	5220.892711	5273.206749	5330.276648	5268.450926	5323.142908	5301.741693		
		4921.276605	5047.305465	4968.834642	4992.613671	5092.485671	5187.601977	5135.287994	4997.369478	5085.351952	5182.846159	5247.049726	5206.625252		
		5028.282228	4911.765	5047.305465	5044.92756	5099.61939	5266.073015	5396.858248	5071.084517	5178.090341	5180.46825	5423.015321	5358.811613		
		
11:00	23.80	4973.590447	4819.02692	4807.137431	4795.247943	4971.212544	4880.852295	5009.258996	4797.62584	5154.311257	5225.648531	5071.084517	4880.852295		
		4897.497597	4959.323032	4800.003738	4783.358456	4747.690009	4997.369478	4985.479961	4880.852295	5097.241483	5113.88683	5071.084517	4949.811423		
		4811.893226	5239.915993	4911.765	4833.29431	4911.765	4880.852295	5025.904324	4842.805905	4876.096495	5113.88683	5111.508923	5073.462423		
		4902.253398	4859.451198	4811.893226	5018.770611	4857.073299	4992.613671	4921.276605	4949.811423	4788.114251	5054.43918	5194.735704	5025.904324		
		4911.765	4873.718596	4873.718596	5068.706612	5033.038037	4940.299816	5047.305465	4961.700934	4926.032407	5104.375203	5125.776365	4878.474395		
		5056.817085	4904.631298	4947.433521	4852.317501	5033.038037	5109.131016	4990.235768	4892.741796	5016.392707	5116.264737	5254.183458	4999.747381		
		4968.834642	5040.17175	4890.363896	4961.700934	4866.584897	4983.102058	4994.991574	4804.759533	4956.94513	4876.096495	4994.991574	5094.863577		
		4566.970117	4935.544013	4945.05562	4923.654506	4809.515328	4857.073299	4876.096495	4880.852295	5016.392707	5175.712432	4890.363896	4940.299816		
		
12:00	23.80	4854.6954	4876.096495	4695.376314	4707.265787	4666.841586	4709.643682	4721.533157	4704.887892	4588.371136	4785.736354	4800.003738	4785.736354		
		4871.340696	4704.887892	4788.114251	4807.137431	4723.911052	4780.980559	4942.677718	4809.515328	4754.823697	4731.044738	5087.729858	4985.479961		
		4868.962796	4690.620525	4712.021577	4759.579489	4821.404818	4914.142901	4933.166111	4645.440546	4692.998419	4828.538513	5042.549655	4764.335282		
		4697.754208	4683.486843	4840.428006	4647.818439	4740.556321	4735.80053	4902.253398	4664.463692	4678.731054	4887.985995	4890.363896	4821.404818		
		4802.381635	4764.335282	4635.928975	4759.579489	4804.759533	4740.556321	4728.666843	4657.330012	4728.666843	4861.829098	4861.829098	4857.073299		
		4697.754208	4612.150052	4590.749027	4628.795297	4681.108948	4659.707905	4788.114251	4543.191214	4716.777367	4833.29431	4754.823697	4807.137431		
		4683.486843	4883.230195	4633.551082	4628.795297	4847.561703	4811.893226	4954.567228	4745.312113	4619.283728	4809.515328	5075.840329	4840.428006		
		4702.509997	4857.073299	4797.62584	4633.551082	4683.486843	4876.096495	4842.805905	4752.445801	4887.985995	4871.340696	4871.340696	4907.009199		
		
13:00	23.90	4671.597373	5116.264737	4830.916412	5004.503188	5161.444981	5111.508923	5294.607956	5073.462423	5009.258996	5142.421717	5132.910087	5268.450926		
		4609.77216	5044.92756	4935.544013	4859.451198	5306.497519	5156.689165	5140.04381	4935.544013	5054.43918	5116.264737	5140.04381	5137.665902		
		4612.150052	5163.82289	4961.700934	4849.939602	5156.689165	5044.92756	5123.398458	5023.526419	4904.631298	5168.578707	5154.311257	5256.561369		
		4590.749027	4907.009199	4966.456739	5090.107764	5225.648531	5101.997296	4983.102058	4968.834642	5109.131016	5161.444981	5121.020551	5073.462423		
		4654.952119	5049.68337	4930.78821	5209.003161	5168.578707	5232.782262	5180.46825	5056.817085	5071.084517	4961.700934	5325.520822	5223.270621		
		4557.458555	4949.811423	5061.572896	5066.328706	4945.05562	5304.119606	5040.17175	5049.68337	5075.840329	4956.94513	5194.735704	5075.840329		
		4707.265787	4902.253398	5078.218235	5147.177533	4947.433521	5140.04381	5059.19499	4985.479961	5085.351952	5159.067073	5235.160172	5006.881092		
		4752.445801	4956.94513	5052.061275	5242.293904	5166.200798	5192.357795	5118.642644	5033.038037	5063.950801	5085.351952	5154.311257	5040.17175		
		
~End
Original Filename: primer_pre_2_01-07-20-134942_1949.pda   Date Last Saved: 1/8/2020
