Name,Time,A1,A2,A3,A4,A5,A6,A7,A8,A9,A10,A11,A12
Col-Pa,0,4074.748272,3570.640148,3392.30077,3304.320157,3185.42759,3285.297334,3320.96513,3209.206089,3202.072539,3342.365816,3254.385257,3366.144362
Col-Pa,60,3285.297334,3187.80544,3097.447204,3266.274516,2988.066319,3204.450389,3154.515551,3102.202898,3145.004157,3213.96179,3213.96179,3311.453717
Col-Pa,120,4146.084583,3121.225677,3261.518812,3140.248461,3068.913046,6110.236014,3197.316839,3570.640148,3323.342984,3285.297334,3451.747185,3993.900529
Col-Pa,180,8145.775532,3905.919254,3998.656276,4262.600696,3235.362447,15934.094587,4616.905836,9187.344983,4823.782717,4224.5546,3394.678626,9379.965476
Col-Pa,240,14145.686804,6248.156448,5254.183458,8925.762339,4129.439438,28235.237263,7884.196292,24829.163159,11446.503397,8045.899721,4176.997005,18214.848134
Col-Pa,300,20588.42293,10064.842097,7372.930248,15829.452605,6153.038882,38949.141623,13113.565394,34626.774496,18086.420242,13199.178645,5884.332366,27034.056316
Col-Pa,360,24979.008343,14174.224912,9570.208394,22298.486877,8383.575582,44016.385442,19330.27682,40110.059296,24239.299129,18126.851223,8157.665517,33844.158406
Col-Pa,420,27830.877307,17667.841879,11477.418639,25630.719231,11192.04763,47482.755309,23580.464203,42558.0331,27557.340849,22503.031047,11546.383451,37883.395961
Col-Pa,480,27619.183792,19855.88933,12552.325238,28199.558361,13334.733147,44254.292097,25392.867927,42177.390858,30342.699277,24662.668839,13227.716416,37272.025949
Col-Pa,540,25604.555553,21756.209513,13313.329789,28810.859077,14599.919569,40826.125519,24971.872851,41099.707329,30397.408398,26080.260127,15867.504219,35321.38242
Col-Pa,600,23138.072675,21960.752298,12711.659967,29357.941497,16305.099079,36108.77061,24914.788944,40074.3751,30730.421245,26879.450177,17023.330612,31087.222261
Col-Pa,660,19365.951768,22091.564818,12725.928764,29093.914297,16833.069976,30544.885345,23687.494778,36677.312518,30042.989105,25920.89878,17829.565078,25623.583682
Col-Pa,720,15601.143302,21163.989747,11139.729723,28480.232818,17938.966251,25625.962198,21064.097689,34020.18689,28316.109499,24921.92443,17853.347929,20452.856141
Col-Pa,780,12899.532667,20295.884357,10590.393756,26834.257669,17173.161182,21083.124738,18937.853441,29545.853278,26039.825128,22552.977959,16906.795919,16638.053293
Col-Pa,840,10045.817667,18628.672741,9698.622619,25164.53134,16236.130165,17496.605907,16278.938449,25785.322958,24617.477583,20264.965708,16129.109554,12773.49144
Col-Pa,900,7762.918935,17073.274104,8252.785467,23725.550129,16029.22378,14685.53441,14017.265442,22055.888655,22434.056792,17694.002963,15396.61677,9998.256613
Col-Pa,960,6550.155472,15670.111668,7672.555534,21791.885542,15025.61649,11494.065312,11841.26815,18999.689725,19194.712163,15513.149265,14057.694367,7907.976188
Col-Pa,1020,5258.939281,13427.481096,6600.092428,18495.487576,13432.237404,9988.744405,10052.951828,15087.44975,16533.410391,12918.557775,12628.425367,6856.911553
Col-Pa,1080,4745.312113,11912.611385,5805.860723,16711.779056,12559.459622,7995.961863,8243.273467,12228.900495,14245.570227,10818.688765,11168.266759,5886.710296
Col-Pa,1140,4224.5546,10152.830143,5461.061987,13729.507214,11244.365572,6890.202981,6930.628306,9089.845898,11175.40102,9403.745816,9470.330806,4930.78821
Col-Pa,1200,3746.602057,8578.572151,5135.287994,11446.503397,9910.268737,6043.65382,6079.322845,7498.96297,9460.818661,7451.403429,8167.177507,4543.191214
Col-Pa,1260,3632.464558,7094.707773,4552.702775,9280.088126,8333.637513,5256.561369,5121.020551,6036.520017,7722.49319,6376.565343,7387.198093,4153.218218
Col-Pa,1320,3715.689801,6119.74776,4207.909438,7810.478661,7075.68405,4876.096495,4814.271124,5168.578707,6345.652072,5594.22546,6260.046152,4136.573071
Col-Pa,1380,3420.835044,5358.811613,4022.435017,6493.084703,6160.172695,4096.149158,4243.577646,4759.579489,5170.956615,4790.492148,5285.096308,3765.624989
Col-Pa,1440,3230.606745,4493.255542,3827.44955,5458.68407,5180.46825,4036.702265,3865.495457,4367.227554,4814.271124,4238.821884,4602.638484,3796.537263
Col-Pa,1500,3370.900072,4184.130642,3494.548631,4716.777367,4716.777367,3729.956995,3677.643965,3901.163512,4077.126148,4089.015529,4124.683683,3418.457187
Col-Pa,1560,3068.913046,3867.873327,3418.457187,4012.92352,4157.973975,3741.846324,3463.636474,3599.174485,3917.80861,3632.464558,3644.353873,3320.96513
Col-Pa,1620,3128.359221,3613.441658,3225.851043,3822.693813,3746.602057,3335.232253,3218.717491,3411.323618,3378.033637,3368.522216,3608.685933,3278.163777
Col-Pa,1680,3040.378898,3411.323618,3095.069357,3375.655782,3499.304349,3356.632942,3016.600448,3282.919482,3399.434338,3309.075863,3342.365816,3133.114916
Col-Pa,1740,3042.756743,3235.362447,2914.353198,3325.720838,3309.075863,3249.629554,3016.600448,3235.362447,3192.561139,3261.518812,3235.362447,3301.942304
Col-Pa,1800,3028.489672,2995.19985,3073.668738,2985.688475,3106.958593,3168.782645,2945.265144,3164.026947,3223.473192,3164.026947,3320.96513,3137.870613
Col-Pa,1860,2854.907182,3111.714287,2995.19985,3078.424431,3135.492765,3071.290892,2997.577694,3097.447204,3109.33644,3152.137703,3106.958593,3123.603525
Col-Pa,1920,2940.509459,3508.815785,3463.636474,3565.884426,3494.548631,3544.483681,3401.812194,3649.1096,3423.2129,3527.838661,3446.99147,3418.457187
Col-Pa,1980,3328.098691,3537.3501,3466.014331,3537.3501,3456.5029,3468.392189,3570.640148,3827.44955,3670.510373,3753.735656,3782.270058,3584.907315
Col-Pa,2040,3791.781528,3553.995122,3427.968614,3741.846324,3611.063795,3606.308071,3699.044746,3634.842421,3558.750844,3615.81952,3649.1096,3546.861541
Col-Pa,2100,3542.105821,3318.587277,3458.880758,3385.167203,3359.010797,3594.418762,3416.079331,3530.216521,3504.060067,3625.33097,3596.796623,3573.018009
Col-Pa,2160,3494.548631,3499.304349,3482.659338,3439.857899,3299.564451,3546.861541,3366.144362,3544.483681,3368.522216,3551.617262,3720.445532,3468.392189
Col-Pa,2220,3363.766507,3282.919482,3339.987961,3192.561139,3252.007406,3418.457187,3397.056482,3492.170773,3423.2129,3496.92649,3680.021829,3466.014331
Col-Pa,2280,4058.103141,4438.564126,4540.813324,4619.283728,4695.376314,4583.615353,4566.970117,4692.998419,4488.499765,4662.085799,4555.080665,4543.191214
Col-Pa,2340,4685.864737,5044.92756,5087.729858,5092.485671,5056.817085,5118.642644,5118.642644,5239.915993,5349.299957,5156.689165,5396.858248,5327.898735
Col-Pa,2400,5249.427636,5261.317192,5106.753109,5389.724503,5446.794485,5418.259489,5237.538083,5380.212843,5537.155373,5651.295588,5763.05804,5560.934571
Col-Pa,2460,5496.730753,5862.931001,5644.16182,5739.278782,5779.703525,5829.64,5739.278782,5865.308931,5722.633305,5929.513045,5941.402701,5834.395857
Col-Pa,2520,5541.911212,5734.522931,5603.737146,5872.442719,5682.208591,5653.673511,5679.830668,5865.308931,5791.593159,5981.827546,5953.29236,5874.820648
Col-Pa,2580,5779.703525,5846.285499,5881.954437,5996.095144,5739.278782,5846.285499,5812.994505,5753.546336,5834.395857,5915.245459,6134.015382,6081.700781
Col-Pa,2640,5765.435966,5955.670291,5967.559952,6076.94491,6065.055233,6312.36087,6088.834588,6198.219712,6245.778508,6050.787624,6298.093216,6407.478626
Col-Pa,2700,6205.353529,6350.407959,6576.312922,6611.982184,6581.068822,6481.194965,6369.43151,6283.825565,6286.203507,6409.856571,6773.683043,6861.66747
Col-Pa,2760,6535.887776,6607.226282,6421.746299,6493.084703,6459.79344,6531.131878,6638.139654,6680.942805,6904.47074,6657.163274,6795.084651,6659.541226
Col-Pa,2820,6792.706694,6704.722343,6871.179306,6749.903484,6697.58848,6578.690872,6776.060999,6918.738502,7078.062015,7206.472241,7168.424745,7154.156939
Col-Pa,2880,6937.762188,6730.879842,6635.761702,6830.754012,7070.928119,6885.447062,7113.731501,7108.975569,7166.046777,7263.543519,6657.163274,6883.069102
Col-Pa,2940,6776.060999,6500.218547,6619.116039,6571.557021,6592.958576,6868.801347,6669.053038,6754.659395,7030.502724,7080.43998,6944.896072,6904.47074
fls2/efr-Pa,0,3810.804471,3544.483681,3311.453717,3332.854399,3166.404796,3287.675187,3054.64597,3175.916192,3278.163777,3332.854399,3451.747185,3418.457187
fls2/efr-Pa,60,3225.851043,3045.134588,3225.851043,3194.938989,3064.157354,3140.248461,3159.271249,3104.580745,3240.118149,3161.649098,3280.541629,3252.007406
fls2/efr-Pa,120,3085.55797,3178.294042,2978.554945,3145.004157,3123.603525,3185.42759,3073.668738,3278.163777,3204.450389,3435.102185,3399.434338,3299.564451
fls2/efr-Pa,180,3042.756743,3140.248461,2966.665728,3206.828239,3149.759854,3049.890279,3057.023816,3123.603525,3109.33644,3199.694689,3116.469982,3339.987961
fls2/efr-Pa,240,2973.799258,3054.64597,3073.668738,2983.310632,2950.020829,3047.512434,3038.001052,3202.072539,3087.935817,3123.603525,3325.720838,3168.782645
fls2/efr-Pa,300,3011.844759,3007.089071,2933.375932,2988.066319,3116.469982,3161.649098,3171.160494,3030.867517,3137.870613,3147.382006,3197.316839,3228.228894
fls2/efr-Pa,360,2957.154357,3047.512434,3035.623207,3168.782645,3057.023816,3047.512434,3263.896664,3007.089071,3294.808745,3199.694689,3301.942304,3137.870613
fls2/efr-Pa,420,3225.851043,3104.580745,3147.382006,3168.782645,3147.382006,3223.473192,3159.271249,3216.33964,3183.04974,3311.453717,3290.05304,3223.473192
fls2/efr-Pa,480,3045.134588,3290.05304,3018.978293,2940.509459,3071.290892,3047.512434,3002.333382,3078.424431,3030.867517,3102.202898,3033.245362,3130.737068
fls2/efr-Pa,540,3121.225677,3085.55797,3128.359221,2971.421415,2983.310632,2985.688475,2878.685583,3061.779508,3040.378898,3202.072539,3263.896664,3316.209423
fls2/efr-Pa,600,2959.532199,2990.444163,3197.316839,3030.867517,3083.180124,3052.268125,3114.092135,3118.84783,3047.512434,3102.202898,3311.453717,3344.74367
fls2/efr-Pa,660,3192.561139,3057.023816,3099.825051,2995.19985,3068.913046,3173.538343,2964.287885,3197.316839,3325.720838,3223.473192,3225.851043,3252.007406
fls2/efr-Pa,720,2890.574786,3030.867517,3004.711227,2985.688475,3102.202898,3142.626309,3164.026947,3202.072539,3278.163777,3240.118149,3202.072539,3135.492765
fls2/efr-Pa,780,3028.489672,3080.802277,3016.600448,3102.202898,3168.782645,3125.981373,3057.023816,3021.356138,3078.424431,3206.828239,3161.649098,3085.55797
fls2/efr-Pa,840,3026.111827,2857.285022,2940.509459,3002.333382,2942.887301,2897.708309,2935.753774,3018.978293,3016.600448,3204.450389,3194.938989,3078.424431
fls2/efr-Pa,900,2933.375932,3313.83157,3035.623207,3159.271249,3073.668738,3061.779508,3152.137703,3023.733982,3178.294042,3242.496,3375.655782,3292.430892
fls2/efr-Pa,960,3021.356138,2964.287885,2952.398671,3054.64597,3092.69151,3130.737068,3152.137703,3023.733982,3007.089071,3194.938989,3392.30077,3180.671891
fls2/efr-Pa,1020,2990.444163,3133.114916,3071.290892,3002.333382,3035.623207,2992.822006,2923.864564,3090.313664,3052.268125,3185.42759,3135.492765,3111.714287
fls2/efr-Pa,1080,3052.268125,2850.151503,2866.796382,3057.023816,3068.913046,3128.359221,3085.55797,3147.382006,3085.55797,3137.870613,3149.759854,3252.007406
fls2/efr-Pa,1140,3021.356138,3083.180124,3145.004157,3040.378898,3083.180124,3140.248461,2952.398671,3066.5352,3206.828239,3080.802277,3123.603525,3309.075863
fls2/efr-Pa,1200,3023.733982,3011.844759,2945.265144,3085.55797,3318.587277,3097.447204,3125.981373,3209.206089,3099.825051,3066.5352,3164.026947,3247.251703
fls2/efr-Pa,1260,3061.779508,3121.225677,3078.424431,3085.55797,3128.359221,3099.825051,3104.580745,3244.873851,3166.404796,3263.896664,3297.186598,3344.74367
fls2/efr-Pa,1320,3149.759854,3185.42759,3057.023816,3278.163777,3266.274516,3206.828239,3123.603525,3178.294042,3175.916192,3406.567906,3565.884426,3551.617262
fls2/efr-Pa,1380,2997.577694,3109.33644,3045.134588,3123.603525,3047.512434,3083.180124,3137.870613,3154.515551,3064.157354,3216.33964,3130.737068,3256.763109
fls2/efr-Pa,1440,3114.092135,3178.294042,3173.538343,3154.515551,3002.333382,3190.183289,3187.80544,3009.466915,3145.004157,3178.294042,3263.896664,3316.209423
fls2/efr-Pa,1500,3156.8934,3030.867517,3038.001052,3123.603525,3114.092135,3147.382006,3066.5352,3190.183289,3087.935817,3242.496,3218.717491,3211.58394
fls2/efr-Pa,1560,3016.600448,3066.5352,2992.822006,2988.066319,2859.662862,3106.958593,3080.802277,3033.245362,3197.316839,2995.19985,3116.469982,3018.978293
fls2/efr-Pa,1620,3097.447204,2940.509459,3009.466915,2957.154357,2973.799258,2940.509459,2831.128788,2969.043571,2947.642986,3007.089071,2859.662862,3228.228894
fls2/efr-Pa,1680,2752.660138,2954.776514,2928.620248,2788.327697,2840.640145,2897.708309,3042.756743,2926.242406,2907.219674,3156.8934,3147.382006,2957.154357
fls2/efr-Pa,1740,2995.19985,2938.131617,2873.929902,2928.620248,2999.955538,2928.620248,2942.887301,2762.171485,2904.841832,3040.378898,3106.958593,2988.066319
fls2/efr-Pa,1800,2840.640145,2952.398671,2859.662862,2866.796382,2978.554945,2812.106078,2902.463991,2843.017984,2885.819105,2916.731039,2928.620248,3121.225677
fls2/efr-Pa,1860,2793.083372,3066.5352,2935.753774,2885.819105,3004.711227,2866.796382,2964.287885,2838.262305,3007.089071,2999.955538,3057.023816,2954.776514
fls2/efr-Pa,1920,3011.844759,3254.385257,3351.877233,3463.636474,3370.900072,3285.297334,3416.079331,3097.447204,3468.392189,3375.655782,3599.174485,3656.24319
fls2/efr-Pa,1980,3225.851043,3313.83157,3501.682208,3385.167203,3299.564451,3442.235756,3439.857899,3373.277927,3608.685933,3618.197382,3760.869255,3615.81952
fls2/efr-Pa,2040,3706.178341,3584.907315,3615.81952,3477.903622,3544.483681,3496.92649,3573.018009,3385.167203,3675.266101,3680.021829,3768.002856,3634.842421
fls2/efr-Pa,2100,3271.03022,3361.388652,3332.854399,3290.05304,3273.408072,3366.144362,3187.80544,3370.900072,3542.105821,3458.880758,3511.193644,3556.372983
fls2/efr-Pa,2160,3439.857899,3406.567906,3442.235756,3206.828239,3344.74367,3332.854399,3271.03022,3347.121524,3318.587277,3416.079331,3499.304349,3387.545059
fls2/efr-Pa,2220,3190.183289,3373.277927,3259.140961,3197.316839,3375.655782,3290.05304,3299.564451,3313.83157,3397.056482,3347.121524,3458.880758,3380.411492
fls2/efr-Pa,2280,4008.167771,4262.600696,4498.011319,4550.324884,4476.610324,4348.204479,4329.181408,4481.3661,4407.651604,4509.900762,4526.545987,4507.522874
fls2/efr-Pa,2340,4540.813324,5249.427636,4904.631298,4887.985995,5035.415941,5075.840329,5097.241483,5189.979886,5344.544129,5147.177533,5216.136891,5344.544129
fls2/efr-Pa,2400,5213.758981,5047.305465,5218.514801,5185.224068,5316.009169,5239.915993,5273.206749,5251.805547,5413.503657,5484.841162,5703.609908,5420.637405
fls2/efr-Pa,2460,5513.376182,5720.255381,5589.469618,5796.349013,5618.004675,5746.412559,5656.051434,5491.974916,5881.954437,5758.302188,5772.569745,6043.65382
fls2/efr-Pa,2520,5549.044971,5501.486589,5715.499531,5708.365757,5637.028053,5606.115067,5708.365757,5608.492989,5720.255381,5927.135114,5755.924262,5939.02477
fls2/efr-Pa,2580,5710.743682,5660.80728,5782.081452,5722.633305,5591.847539,5558.556651,5734.522931,5572.824173,5782.081452,5841.529642,5827.262072,6214.865287
fls2/efr-Pa,2640,5679.830668,6081.700781,6015.118611,6050.787624,6110.236014,6205.353529,5953.29236,6012.740677,6274.313799,6350.407959,6290.95939,6269.557917
fls2/efr-Pa,2700,6169.684448,6405.100681,6471.683175,6409.856571,6526.37598,6647.651463,6424.124245,6416.990408,6416.990408,6604.848331,6592.958576,6695.210527
fls2/efr-Pa,2760,6148.283006,6369.43151,6466.927281,6440.769867,6466.927281,6478.817017,6424.124245,6509.73034,6654.785321,6543.021624,6821.242181,6685.698712
fls2/efr-Pa,2820,6474.061123,6666.675085,6871.179306,6825.998096,6504.974443,6654.785321,6916.360542,6933.006266,6921.116463,6994.833275,7235.007875,7016.234942
fls2/efr-Pa,2880,6652.407368,6787.950781,6657.163274,6902.09278,6778.438955,6899.71482,7018.612906,6937.762188,7180.314586,7166.046777,6764.171218,6837.887886
fls2/efr-Pa,2940,6564.423171,6564.423171,6607.226282,6576.312922,6552.533422,6745.147573,6621.493991,6818.864223,6818.864223,7196.960365,6921.116463,7120.865401
bak1-4-Pa,0,3817.938076,3290.05304,3442.235756,3313.83157,3339.987961,3199.694689,3149.759854,3259.140961,2990.444163,3366.144362,3309.075863,3444.613613
bak1-4-Pa,60,3187.80544,3306.69801,3125.981373,3268.652368,2938.131617,3161.649098,3209.206089,3076.046584,3235.362447,3235.362447,3363.766507,3287.675187
bak1-4-Pa,120,3023.733982,3040.378898,3087.935817,3247.251703,3278.163777,3171.160494,3147.382006,3347.121524,3370.900072,3380.411492,3273.408072,3221.095341
bak1-4-Pa,180,2895.330468,3192.561139,3106.958593,3130.737068,3197.316839,2978.554945,2969.043571,3145.004157,3247.251703,3266.274516,3111.714287,3123.603525
bak1-4-Pa,240,3042.756743,3142.626309,3161.649098,2983.310632,2978.554945,2999.955538,3299.564451,3035.623207,3114.092135,3256.763109,3192.561139,3187.80544
bak1-4-Pa,300,3166.404796,3192.561139,3332.854399,3095.069357,3026.111827,3416.079331,4507.522874,3280.541629,3199.694689,3756.113522,3249.629554,3030.867517
bak1-4-Pa,360,3361.388652,3344.74367,3406.567906,3354.255088,3359.010797,4169.863368,7246.897725,3171.160494,3620.575245,5608.492989,3851.22824,3218.717491
bak1-4-Pa,420,4079.504024,3989.144781,4115.172174,4871.340696,4319.669874,5270.828837,10469.112298,3972.499669,4733.422634,8286.077476,4773.846869,4072.370396
bak1-4-Pa,480,5384.968673,4735.80053,4935.544013,6975.809575,5560.934571,6959.163841,12892.398252,5118.642644,5689.342363,11812.730873,5782.081452,5579.957935
bak1-4-Pa,540,6388.455066,5701.231984,6053.165558,9023.261225,6523.998031,8174.3115,14255.082941,6821.242181,7377.686196,13850.793614,7051.904401,7522.742751
bak1-4-Pa,600,8195.713484,6695.210527,6210.109408,10205.147406,7344.394565,9330.026785,14920.975696,8692.716704,8759.301102,14076.719751,8737.898968,9403.745816
bak1-4-Pa,660,9341.916947,7508.474881,5934.268907,10017.281031,6918.738502,9237.283585,13596.330203,9603.500951,9111.248126,13182.531617,9168.320762,10286.001424
bak1-4-Pa,720,8799.72737,7527.498708,5187.601977,8754.545072,6162.550633,7850.904451,11715.228589,9446.550446,8956.676607,10687.89467,8992.346931,9712.890879
bak1-4-Pa,780,7634.507816,6880.691143,4357.716016,7161.290842,5472.951574,6478.817017,9258.685852,8416.867645,7779.564836,8481.073807,8081.569639,8804.483403
bak1-4-Pa,840,6609.604233,5641.783897,3951.098815,5865.308931,4533.679655,5166.200798,7108.975569,6856.911553,6195.841773,6402.722736,6854.533594,7147.023037
bak1-4-Pa,900,5439.660735,5068.706612,3637.220284,5147.177533,4241.199765,4350.582363,5874.820648,5677.452744,5451.550319,5151.933349,6000.85101,6191.085895
bak1-4-Pa,960,4742.934217,4391.006404,3594.418762,4526.545987,4036.702265,3917.80861,5004.503188,4921.276605,4552.702775,4445.697787,4819.02692,4866.584897
bak1-4-Pa,1020,4122.305806,3836.961025,3244.873851,4012.92352,3580.151592,3523.082942,4333.937175,4395.762175,4167.485489,4024.812891,3982.011161,4198.397919
bak1-4-Pa,1080,3582.529454,3368.522216,3213.96179,3684.777558,3225.851043,3399.434338,3979.633288,3784.647926,3592.0409,3756.113522,3834.583156,3929.697967
bak1-4-Pa,1140,3435.102185,3349.499379,3211.58394,3758.491389,3190.183289,3147.382006,3825.071681,3722.823398,3577.773731,3473.147905,3660.998918,3860.739718
bak1-4-Pa,1200,3213.96179,3235.362447,3263.896664,3496.92649,3458.880758,3225.851043,3551.617262,3670.510373,3330.476545,3235.362447,3401.812194,3468.392189
bak1-4-Pa,1260,3237.740298,3168.782645,3002.333382,3335.232253,3183.04974,3216.33964,3563.506565,3294.808745,3382.789348,3366.144362,3404.19005,3570.640148
bak1-4-Pa,1320,3328.098691,3192.561139,3235.362447,3530.216521,3190.183289,3252.007406,3454.125043,3539.727961,3385.167203,3592.0409,3449.369328,3694.289016
bak1-4-Pa,1380,3209.206089,3125.981373,3247.251703,3375.655782,3125.981373,3230.606745,3273.408072,3373.277927,3135.492765,3156.8934,3123.603525,3339.987961
bak1-4-Pa,1440,3197.316839,3147.382006,3152.137703,3444.613613,3209.206089,3164.026947,3199.694689,3263.896664,3275.785925,3194.938989,3197.316839,3328.098691
bak1-4-Pa,1500,3225.851043,3033.245362,3035.623207,3199.694689,3052.268125,3059.401662,3194.938989,3190.183289,3256.763109,3254.385257,3149.759854,3285.297334
bak1-4-Pa,1560,2900.08615,2935.753774,3052.268125,2921.486723,3125.981373,3285.297334,3261.518812,3133.114916,3154.515551,3059.401662,3085.55797,3194.938989
bak1-4-Pa,1620,3078.424431,2895.330468,2945.265144,2950.020829,2926.242406,3135.492765,3023.733982,2959.532199,3026.111827,3097.447204,3007.089071,3080.802277
bak1-4-Pa,1680,2826.37311,2823.995271,2907.219674,2919.108881,2866.796382,2990.444163,2999.955538,3014.222604,3033.245362,3047.512434,3099.825051,2973.799258
bak1-4-Pa,1740,2990.444163,2909.597515,2843.017984,3009.466915,2869.174222,2919.108881,2980.932788,2928.620248,3007.089071,3076.046584,3154.515551,3066.5352
bak1-4-Pa,1800,2864.418542,2812.106078,2771.682834,2857.285022,2854.907182,2895.330468,2985.688475,2871.552062,2883.441264,2990.444163,3128.359221,3175.916192
bak1-4-Pa,1860,2990.444163,2992.822006,2919.108881,3040.378898,2885.819105,2961.910042,2897.708309,3016.600448,2999.955538,3149.759854,3071.290892,3123.603525
bak1-4-Pa,1920,3054.64597,3290.05304,3423.2129,3328.098691,3225.851043,3263.896664,3420.835044,3394.678626,3313.83157,3366.144362,3596.796623,3489.792914
bak1-4-Pa,1980,3504.060067,3373.277927,3328.098691,3359.010797,3418.457187,3542.105821,3427.968614,3532.594381,3418.457187,3594.418762,3646.731737,3660.998918
bak1-4-Pa,2040,3561.128704,3442.235756,3444.613613,3644.353873,3451.747185,3480.28148,3466.014331,3437.480042,3504.060067,3599.174485,3660.998918,3496.92649
bak1-4-Pa,2100,3323.342984,3311.453717,3404.19005,3373.277927,3420.835044,3439.857899,3316.209423,3444.613613,3337.610107,3466.014331,3556.372983,3551.617262
bak1-4-Pa,2160,3320.96513,3311.453717,3354.255088,3339.987961,3235.362447,3311.453717,3282.919482,3244.873851,3323.342984,3494.548631,3435.102185,3435.102185
bak1-4-Pa,2220,3183.04974,3461.258616,3104.580745,3287.675187,3240.118149,3301.942304,3420.835044,3511.193644,3375.655782,3463.636474,3485.037197,3416.079331
bak1-4-Pa,2280,3958.232433,4388.628519,4583.615353,4776.224766,4569.348008,4483.743989,4459.965111,4322.047758,4445.697787,4407.651604,4669.219479,4595.50481
bak1-4-Pa,2340,4471.854549,5216.136891,5052.061275,4868.962796,5044.92756,5128.154272,5170.956615,5113.88683,5237.538083,5373.079099,5206.625252,5408.747826
bak1-4-Pa,2400,5028.282228,5365.945356,5351.677871,5228.026441,5399.236164,5256.561369,5223.270621,5411.125741,5389.724503,5812.994505,5553.800811,5534.777454
bak1-4-Pa,2460,5584.713776,5848.663428,5632.272208,5805.860723,5701.231984,5679.830668,5903.355807,5667.94105,5765.435966,5722.633305,5782.081452,5841.529642
bak1-4-Pa,2520,5734.522931,5432.526986,5644.16182,5710.743682,5741.656707,5587.091697,5653.673511,5667.94105,5715.499531,5998.473077,5962.804087,5891.466156
bak1-4-Pa,2580,5810.616578,5651.295588,5782.081452,5553.800811,5644.16182,5722.633305,5698.854059,5753.546336,5829.64,5741.656707,6124.503634,5912.867529
bak1-4-Pa,2640,5618.004675,5872.442719,5946.158564,5948.536496,5969.937884,6150.660944,6217.243227,6179.196201,6062.677298,6355.163846,6402.722736,6279.069682
bak1-4-Pa,2700,6205.353529,6495.462651,6609.604233,6495.462651,6623.871942,6440.769867,6497.840599,6367.053566,6428.880137,6386.077121,6631.005798,6604.848331
bak1-4-Pa,2760,6412.234517,6407.478626,6654.785321,6405.100681,6386.077121,6274.313799,6671.430991,6509.73034,6590.580625,6476.43907,6904.47074,6688.076665
bak1-4-Pa,2820,6642.895559,6790.328738,6897.33686,6633.38375,6659.541226,6835.509928,7025.746797,6921.116463,6994.833275,7270.677431,7020.990869,7204.094272
bak1-4-Pa,2880,6697.58848,6864.045429,6733.257797,6818.864223,6840.265844,7066.172189,7154.156939,7078.062015,7070.928119,6840.265844,6816.486266,6823.620138
bak1-4-Pa,2940,6481.194965,6564.423171,6669.053038,6538.265725,6792.706694,6638.139654,6866.423388,6766.549174,6726.123933,7270.677431,7208.85021,7073.306084
bak1-5-Pa,0,3753.735656,3461.258616,3268.652368,3263.896664,3313.83157,3178.294042,3204.450389,3232.984596,3140.248461,3197.316839,3311.453717,3351.877233
bak1-5-Pa,60,3282.919482,3204.450389,3204.450389,3023.733982,2995.19985,3125.981373,3147.382006,3114.092135,3399.434338,3204.450389,3366.144362,3263.896664
bak1-5-Pa,120,4935.544013,3133.114916,3095.069357,3140.248461,3161.649098,3097.447204,3142.626309,3316.209423,3223.473192,3370.900072,3223.473192,3230.606745
bak1-5-Pa,180,11681.935154,2828.750949,2999.955538,3028.489672,3071.290892,3142.626309,2921.486723,3111.714287,3232.984596,3109.33644,3235.362447,3109.33644
bak1-5-Pa,240,17544.171418,3116.469982,2916.731039,2992.822006,2919.108881,3028.489672,3130.737068,2942.887301,3180.671891,3164.026947,3261.518812,3130.737068
bak1-5-Pa,300,21896.535321,3023.733982,2964.287885,3026.111827,3156.8934,3085.55797,3185.42759,3118.84783,3111.714287,3237.740298,3190.183289,3183.04974
bak1-5-Pa,360,23299.806929,3011.844759,3161.649098,3090.313664,3092.69151,3137.870613,3073.668738,3161.649098,3259.140961,3240.118149,3171.160494,3266.274516
bak1-5-Pa,420,22655.250304,3202.072539,3095.069357,3007.089071,3164.026947,3099.825051,3168.782645,3059.401662,3418.457187,3083.180124,3263.896664,3449.369328
bak1-5-Pa,480,21413.72044,3042.756743,3099.825051,3026.111827,3268.652368,3116.469982,3078.424431,3033.245362,3280.541629,3092.69151,3247.251703,3164.026947
bak1-5-Pa,540,17805.782234,3049.890279,3066.5352,2990.444163,3278.163777,2961.910042,3009.466915,2857.285022,3090.313664,3135.492765,3278.163777,3361.388652
bak1-5-Pa,600,15774.753442,3073.668738,3099.825051,3104.580745,3565.884426,3130.737068,3087.935817,3159.271249,3216.33964,3278.163777,3323.342984,3213.96179
bak1-5-Pa,660,14557.112182,3085.55797,3114.092135,3202.072539,3508.815785,3016.600448,3080.802277,3111.714287,3456.5029,3304.320157,3323.342984,3354.255088
bak1-5-Pa,720,11905.477059,3033.245362,3090.313664,3087.935817,3442.235756,3147.382006,3194.938989,3061.779508,3332.854399,3430.346471,3230.606745,3106.958593
bak1-5-Pa,780,10271.733062,3083.180124,3216.33964,3145.004157,3240.118149,3071.290892,3085.55797,3109.33644,3287.675187,3304.320157,3106.958593,3223.473192
bak1-5-Pa,840,8523.877943,2916.731039,3118.84783,3166.404796,2997.577694,2921.486723,3133.114916,2900.08615,3218.717491,3273.408072,3280.541629,3171.160494
bak1-5-Pa,900,7537.010623,3090.313664,3156.8934,3140.248461,3271.03022,3118.84783,3168.782645,3114.092135,3178.294042,3278.163777,3299.564451,3209.206089
bak1-5-Pa,960,6414.612462,3159.271249,3175.916192,3137.870613,3301.942304,3078.424431,3052.268125,3083.180124,3137.870613,3335.232253,3330.476545,3337.610107
bak1-5-Pa,1020,5651.295588,3028.489672,3090.313664,2980.932788,3099.825051,3078.424431,3125.981373,3026.111827,3344.74367,3240.118149,3147.382006,3123.603525
bak1-5-Pa,1080,4678.731054,2864.418542,2964.287885,3023.733982,3076.046584,3078.424431,3133.114916,2964.287885,3256.763109,3266.274516,3301.942304,3147.382006
bak1-5-Pa,1140,4391.006404,2916.731039,3064.157354,2999.955538,3014.222604,2990.444163,3038.001052,3087.935817,3171.160494,3187.80544,3275.785925,3230.606745
bak1-5-Pa,1200,3836.961025,2995.19985,3244.873851,3109.33644,3173.538343,3049.890279,3221.095341,3235.362447,3271.03022,3273.408072,3133.114916,3268.652368
bak1-5-Pa,1260,3656.24319,3145.004157,3097.447204,2942.887301,3009.466915,3018.978293,3114.092135,2985.688475,3159.271249,3202.072539,3330.476545,3311.453717
bak1-5-Pa,1320,3611.063795,3009.466915,3130.737068,3090.313664,3159.271249,3175.916192,3078.424431,3111.714287,3213.96179,3463.636474,3385.167203,3527.838661
bak1-5-Pa,1380,3282.919482,2978.554945,2969.043571,3109.33644,3154.515551,3223.473192,3080.802277,3147.382006,3180.671891,3149.759854,3202.072539,3330.476545
bak1-5-Pa,1440,3394.678626,3133.114916,3035.623207,3237.740298,3021.356138,3095.069357,3028.489672,3121.225677,3104.580745,3197.316839,3237.740298,3297.186598
bak1-5-Pa,1500,3354.255088,3014.222604,3018.978293,3125.981373,3021.356138,2985.688475,2966.665728,3235.362447,3273.408072,3147.382006,3271.03022,3359.010797
bak1-5-Pa,1560,3059.401662,3002.333382,2930.99809,2930.99809,2973.799258,3114.092135,3068.913046,3102.202898,3016.600448,3147.382006,3014.222604,3099.825051
bak1-5-Pa,1620,3187.80544,2897.708309,2850.151503,2850.151503,3026.111827,2938.131617,2885.819105,2890.574786,2902.463991,3018.978293,3130.737068,3154.515551
bak1-5-Pa,1680,2869.174222,2847.773663,2928.620248,2890.574786,3009.466915,2850.151503,2921.486723,2973.799258,2942.887301,3016.600448,2897.708309,2957.154357
bak1-5-Pa,1740,3076.046584,2795.46121,3026.111827,2973.799258,2921.486723,2909.597515,2897.708309,2923.864564,2916.731039,3106.958593,3099.825051,3080.802277
bak1-5-Pa,1800,2928.620248,2911.975356,2840.640145,2845.395824,2854.907182,2828.750949,2907.219674,2916.731039,2950.020829,2978.554945,2938.131617,3004.711227
bak1-5-Pa,1860,2921.486723,3023.733982,2871.552062,2895.330468,3023.733982,2983.310632,2933.375932,2881.063424,2926.242406,3021.356138,3076.046584,2990.444163
bak1-5-Pa,1920,2988.066319,3309.075863,3306.69801,3332.854399,3271.03022,3263.896664,3444.613613,3211.58394,3356.632942,3385.167203,3489.792914,3537.3501
bak1-5-Pa,1980,3382.789348,3378.033637,3416.079331,3446.99147,3190.183289,3385.167203,3418.457187,3499.304349,3404.19005,3592.0409,3670.510373,3539.727961
bak1-5-Pa,2040,3653.865327,3401.812194,3392.30077,3584.907315,3530.216521,3523.082942,3492.170773,3416.079331,3546.861541,3606.308071,3684.777558,3715.689801
bak1-5-Pa,2100,3299.564451,3297.186598,3411.323618,3261.518812,3351.877233,3382.789348,3318.587277,3375.655782,3318.587277,3451.747185,3401.812194,3496.92649
bak1-5-Pa,2160,3313.83157,3397.056482,3446.99147,3228.228894,3249.629554,3328.098691,3370.900072,3175.916192,3313.83157,3492.170773,3437.480042,3553.995122
bak1-5-Pa,2220,3349.499379,3242.496,3247.251703,3249.629554,3387.545059,3325.720838,3456.5029,3397.056482,3316.209423,3392.30077,3370.900072,3456.5029
bak1-5-Pa,2280,3910.674996,4490.877653,4616.905836,4343.448711,4540.813324,4502.767096,4545.569104,4364.849669,4624.039512,4417.163148,4502.767096,4505.144985
bak1-5-Pa,2340,4509.900762,5163.82289,4971.212544,5035.415941,5097.241483,5018.770611,5080.59614,4975.96835,5199.491523,5363.567441,5142.421717,5282.718396
bak1-5-Pa,2400,5113.88683,5168.578707,5254.183458,5249.427636,5268.450926,5342.166215,5292.230044,5230.404351,5565.690412,5686.964439,5582.335855,5560.934571
bak1-5-Pa,2460,5618.004675,5691.720287,5729.767081,5836.773785,5601.359224,5753.546336,5848.663428,5663.185203,5841.529642,5734.522931,5822.506216,6012.740677
bak1-5-Pa,2520,5663.185203,5527.643696,5686.964439,5774.947672,5615.626754,5601.359224,5530.021615,5556.178731,5893.844086,5993.717211,5734.522931,5817.750361
bak1-5-Pa,2580,5827.262072,5682.208591,5744.034633,5815.372433,5663.185203,5805.860723,5577.580014,5644.16182,5808.23865,5805.860723,6053.165558,6046.031754
bak1-5-Pa,2640,5510.998263,5979.449614,5881.954437,5988.961345,5969.937884,6155.416819,6019.874478,5972.315816,6191.085895,6314.738812,6091.212524,6143.527131
bak1-5-Pa,2700,6181.57414,6628.627846,6661.919179,6362.297678,6664.297132,6317.116755,6374.187398,6402.722736,6393.210955,6509.73034,6783.194868,6611.982184
bak1-5-Pa,2760,6576.312922,6523.998031,6642.895559,6393.210955,6476.43907,6260.046152,6540.643674,6421.746299,6412.234517,6771.305086,6776.060999,6602.470379
bak1-5-Pa,2820,6611.982184,6873.557265,6642.895559,6564.423171,6640.517606,7016.234942,6811.730351,6766.549174,6997.211237,6963.919765,7094.707773,6887.825021
bak1-5-Pa,2880,6683.320758,6538.265725,6871.179306,6982.943462,6930.628306,6768.92713,7292.079173,7063.794225,6978.187537,6809.352393,6897.33686,6840.265844
bak1-5-Pa,2940,6578.690872,6573.934971,6528.753929,6626.249894,6688.076665,6559.667271,6804.596479,6752.28144,6780.816911,7075.68405,7073.306084,7059.038295
Col-1391,0,3699.044746,3389.922914,3442.235756,3206.828239,3187.80544,3180.671891,3092.69151,3237.740298,3287.675187,3266.274516,3375.655782,3399.434338
Col-1391,60,3178.294042,3211.58394,3111.714287,2999.955538,3076.046584,3049.890279,3116.469982,3128.359221,3197.316839,3225.851043,3301.942304,3320.96513
Col-1391,120,3007.089071,3202.072539,3009.466915,3161.649098,3213.96179,3047.512434,3187.80544,3204.450389,3171.160494,3439.857899,3282.919482,3266.274516
Col-1391,180,3375.655782,3076.046584,3382.789348,3271.03022,3087.935817,3275.785925,3080.802277,3301.942304,3111.714287,3194.938989,3898.785641,3851.22824
Col-1391,240,3970.121796,5801.104868,4105.660666,5936.646839,3777.514324,5877.198577,3114.092135,5423.015321,4060.481017,3910.674996,5946.158564,6416.990408
Col-1391,300,6443.147814,10557.100789,5394.480333,12885.263839,6982.943462,12114.750897,3418.457187,9220.637381,6367.053566,5411.125741,8511.987903,12176.581909
Col-1391,360,9532.159775,15836.587281,6835.509928,20336.316453,11667.666543,17380.070524,3913.052867,12985.145689,10236.062168,8105.349593,10935.214593,17215.969967
Col-1391,420,12445.309553,20429.072517,8043.521727,23380.674178,15272.949819,20298.262715,4654.952119,16702.266051,14297.890166,11123.083123,13006.548959,19710.810419
Col-1391,480,14469.119294,21149.719446,9127.894307,23806.417808,17163.648121,20091.345827,4631.17319,18685.752165,15898.421169,12925.692192,13013.683383,18464.569623
Col-1391,540,14350.210138,20393.397096,10036.305454,20795.341102,16768.857113,17746.325155,5266.073015,19408.761727,15877.017125,13605.842839,12014.870133,15311.001168
Col-1391,600,13115.943539,17479.957985,9750.939585,16609.514306,15451.315675,13617.733636,5313.631257,18390.842245,14012.5091,13379.918032,10133.805693,11192.04763
Col-1391,660,11503.577699,14666.508882,8778.325226,12383.478334,13403.699561,10802.042232,5235.160172,14832.982407,10985.154286,12100.482209,8421.623656,8290.833478
Col-1391,720,9517.891547,11108.814611,7080.43998,8740.276983,11180.157194,7900.842218,5035.415941,11765.168769,8402.599617,9415.635989,6652.407368,5744.034633
Col-1391,780,7089.951842,8471.56178,6333.762355,6466.927281,7893.70825,6050.787624,4588.371136,8186.20149,6255.29027,7013.856979,4992.613671,4581.237462
Col-1391,840,5689.342363,6547.777523,4983.102058,4616.905836,5986.583412,4685.864737,4041.458015,5910.489598,4828.538513,5401.614079,4310.158342,3913.052867
Col-1391,900,4804.759533,5244.671815,4279.245869,4193.64216,4735.80053,4186.508522,3877.384807,4612.150052,4084.259776,4652.574225,3920.186481,3613.441658
Col-1391,960,4043.83589,4700.132103,4022.435017,3889.274159,4414.785262,3732.33486,3584.907315,3984.389035,3839.338894,3951.098815,3606.308071,3423.2129
Col-1391,1020,3639.598147,3965.36605,3530.216521,3237.740298,3646.731737,3444.613613,3539.727961,3622.953107,3492.170773,3739.468458,3230.606745,3256.763109
Col-1391,1080,3416.079331,3741.846324,3282.919482,3209.206089,3356.632942,3299.564451,3332.854399,3313.83157,3202.072539,3573.018009,3439.857899,3432.724328
Col-1391,1140,3240.118149,3294.808745,3332.854399,3166.404796,3337.610107,3199.694689,3104.580745,3392.30077,3297.186598,3359.010797,3256.763109,3382.789348
Col-1391,1200,3133.114916,3209.206089,3128.359221,3237.740298,3427.968614,3202.072539,3285.297334,3237.740298,3206.828239,3309.075863,3285.297334,3294.808745
Col-1391,1260,3154.515551,3166.404796,3242.496,3282.919482,3223.473192,3111.714287,3223.473192,3249.629554,3235.362447,3297.186598,3328.098691,3408.945762
Col-1391,1320,3252.007406,3237.740298,3194.938989,3213.96179,3278.163777,3130.737068,3109.33644,3268.652368,3247.251703,3432.724328,3378.033637,3646.731737
Col-1391,1380,3166.404796,3085.55797,3140.248461,3185.42759,3004.711227,3244.873851,3114.092135,3218.717491,3059.401662,3140.248461,3187.80544,3325.720838
Col-1391,1440,3099.825051,3095.069357,3114.092135,3166.404796,3149.759854,3118.84783,3133.114916,3225.851043,3099.825051,3380.411492,3194.938989,3449.369328
Col-1391,1500,3118.84783,3221.095341,3178.294042,3047.512434,3109.33644,3042.756743,3080.802277,3057.023816,3228.228894,3223.473192,3218.717491,3254.385257
Col-1391,1560,3183.04974,2930.99809,2976.177101,3085.55797,3059.401662,3140.248461,3104.580745,3209.206089,3164.026947,3166.404796,3076.046584,3104.580745
Col-1391,1620,3078.424431,2940.509459,3057.023816,3095.069357,3023.733982,2997.577694,2988.066319,3064.157354,3095.069357,2909.597515,3040.378898,3218.717491
Col-1391,1680,3011.844759,3023.733982,3002.333382,2942.887301,3011.844759,2976.177101,2992.822006,3049.890279,2961.910042,3049.890279,2990.444163,3109.33644
Col-1391,1740,2938.131617,2876.307743,2892.952627,3178.294042,3014.222604,2988.066319,2990.444163,2942.887301,3002.333382,2952.398671,3061.779508,3080.802277
Col-1391,1800,2959.532199,2911.975356,2854.907182,3197.316839,2895.330468,2942.887301,2809.72824,2942.887301,3052.268125,3004.711227,3061.779508,3104.580745
Col-1391,1860,2933.375932,2923.864564,2990.444163,2973.799258,3154.515551,2847.773663,2814.483916,2771.682834,3040.378898,2980.932788,3125.981373,3230.606745
Col-1391,1920,3135.492765,3337.610107,3442.235756,3694.289016,3397.056482,3366.144362,3363.766507,3278.163777,3413.701474,3520.705082,3449.369328,3537.3501
Col-1391,1980,3494.548631,3430.346471,3430.346471,3768.002856,3406.567906,3451.747185,3489.792914,3492.170773,3608.685933,3544.483681,3663.376781,3599.174485
Col-1391,2040,3699.044746,3492.170773,3601.552347,3765.624989,3546.861541,3615.81952,3549.239402,3425.590757,3630.086695,3584.907315,3584.907315,3603.930209
Col-1391,2100,3416.079331,3240.118149,3620.575245,3544.483681,3454.125043,3468.392189,3406.567906,3473.147905,3399.434338,3592.0409,3406.567906,3446.99147
Col-1391,2160,3430.346471,3370.900072,3468.392189,3570.640148,3387.545059,3382.789348,3287.675187,3266.274516,3454.125043,3482.659338,3413.701474,3513.571504
Col-1391,2220,3275.785925,3194.938989,3389.922914,3401.812194,3375.655782,3406.567906,3530.216521,3418.457187,3397.056482,3487.415055,3582.529454,3406.567906
Col-1391,2280,3960.610305,4495.63343,4524.168097,4842.805905,4664.463692,4517.03443,4443.3199,4305.402576,4619.283728,4448.075674,4666.841586,4754.823697
Col-1391,2340,4733.422634,5182.846159,5140.04381,5308.875431,4952.189325,5080.59614,5052.061275,5242.293904,4947.433521,5292.230044,5254.183458,5572.824173
Col-1391,2400,5142.421717,5363.567441,5375.457014,5722.633305,5266.073015,5406.36991,5277.962572,5377.834928,5465.817821,5665.563127,5606.115067,5622.760519
Col-1391,2460,5522.887858,5544.289132,5782.081452,6331.384412,5627.516363,5784.459378,5677.452744,5622.760519,5824.884144,5684.586515,5853.419285,6169.684448
Col-1391,2520,5544.289132,5708.365757,5748.790484,6155.416819,5798.726941,5758.302188,5622.760519,5665.563127,5765.435966,5915.245459,5960.426155,6067.433168
Col-1391,2580,5836.773785,5658.429357,5767.813893,6219.621167,5646.539743,5936.646839,5675.07482,5872.442719,5943.780633,5881.954437,6103.102204,6210.109408
Col-1391,2640,5472.951574,5900.977877,6015.118611,6447.903707,6241.022627,6124.503634,6124.503634,6364.675622,6376.565343,6281.447623,6607.226282,6590.580625
Col-1391,2700,6381.321232,6600.092428,6723.745978,6823.620138,6602.470379,6531.131878,6233.888806,6497.840599,6295.715274,6595.336526,6830.754012,6557.289321
Col-1391,2760,6652.407368,6466.927281,6671.430991,7059.038295,6514.486237,6614.360136,6678.564851,6735.635752,6469.305228,6749.903484,6952.029956,7035.258652
Col-1391,2820,6640.517606,6757.037351,6963.919765,7175.558649,6683.320758,6904.47074,6904.47074,6992.455312,7170.802713,7009.101052,7125.621334,7078.062015
Col-1391,2880,6638.139654,6602.470379,6959.163841,7387.198093,6923.494423,7006.723089,7089.951842,7201.716303,7066.172189,6790.328738,6802.218522,6978.187537
Col-1391,2940,6547.777523,6804.596479,6954.407918,7075.68405,6787.950781,6723.745978,6861.66747,7004.345126,6980.565499,7080.43998,7220.740057,7073.306084
fls2/efr-1391,0,3836.961025,3385.167203,3349.499379,3323.342984,3366.144362,3209.206089,3175.916192,3178.294042,3325.720838,3237.740298,3290.05304,3397.056482
fls2/efr-1391,60,3118.84783,3187.80544,3111.714287,3059.401662,3090.313664,3164.026947,3023.733982,3202.072539,3320.96513,3263.896664,3285.297334,3263.896664
fls2/efr-1391,120,3009.466915,3180.671891,3114.092135,3078.424431,3064.157354,3168.782645,3149.759854,3249.629554,3292.430892,3275.785925,3147.382006,3095.069357
fls2/efr-1391,180,3052.268125,2947.642986,3066.5352,3040.378898,2992.822006,3054.64597,3099.825051,3128.359221,3047.512434,3194.938989,3199.694689,3092.69151
fls2/efr-1391,240,3052.268125,3073.668738,2995.19985,2959.532199,3038.001052,3059.401662,3033.245362,3087.935817,2980.932788,3287.675187,3218.717491,3071.290892
fls2/efr-1391,300,3090.313664,2907.219674,2945.265144,3135.492765,3030.867517,3161.649098,3306.69801,3071.290892,2942.887301,3090.313664,3142.626309,3225.851043
fls2/efr-1391,360,2997.577694,2995.19985,3047.512434,2990.444163,3040.378898,3033.245362,3125.981373,3054.64597,3228.228894,3301.942304,3247.251703,3363.766507
fls2/efr-1391,420,3183.04974,3230.606745,3183.04974,3133.114916,3085.55797,3187.80544,3054.64597,3218.717491,3209.206089,3221.095341,3249.629554,3368.522216
fls2/efr-1391,480,3057.023816,3137.870613,3004.711227,3057.023816,3078.424431,3204.450389,3030.867517,2938.131617,3111.714287,3090.313664,3042.756743,3183.04974
fls2/efr-1391,540,3180.671891,2976.177101,2985.688475,2940.509459,3099.825051,3033.245362,2964.287885,3042.756743,3259.140961,3066.5352,3259.140961,3318.587277
fls2/efr-1391,600,2995.19985,3095.069357,3111.714287,2938.131617,3078.424431,3026.111827,3059.401662,3083.180124,3104.580745,3180.671891,3268.652368,3266.274516
fls2/efr-1391,660,3076.046584,3137.870613,3140.248461,3175.916192,3073.668738,2928.620248,2942.887301,3154.515551,3095.069357,3230.606745,3359.010797,3356.632942
fls2/efr-1391,720,2978.554945,2990.444163,2957.154357,3164.026947,2954.776514,3235.362447,3301.942304,3123.603525,3109.33644,3209.206089,3054.64597,3159.271249
fls2/efr-1391,780,3064.157354,3038.001052,3028.489672,3130.737068,3078.424431,3035.623207,3137.870613,2988.066319,3083.180124,3066.5352,3076.046584,3280.541629
fls2/efr-1391,840,3095.069357,2964.287885,2966.665728,2897.708309,2945.265144,3011.844759,3028.489672,2988.066319,3137.870613,3192.561139,3166.404796,3045.134588
fls2/efr-1391,900,3142.626309,3130.737068,3033.245362,3076.046584,3204.450389,3042.756743,3080.802277,2959.532199,3145.004157,3370.900072,3309.075863,3271.03022
fls2/efr-1391,960,3004.711227,2942.887301,3066.5352,3249.629554,3235.362447,3389.922914,3116.469982,3040.378898,3128.359221,3287.675187,3325.720838,3187.80544
fls2/efr-1391,1020,2961.910042,2988.066319,2921.486723,3137.870613,3011.844759,3038.001052,3178.294042,3023.733982,3178.294042,3123.603525,3004.711227,3128.359221
fls2/efr-1391,1080,2921.486723,3038.001052,2907.219674,2926.242406,3118.84783,3135.492765,3145.004157,3118.84783,2976.177101,3235.362447,3232.984596,3273.408072
fls2/efr-1391,1140,3066.5352,3054.64597,3114.092135,3038.001052,3095.069357,3218.717491,2997.577694,3185.42759,3142.626309,3194.938989,3178.294042,3320.96513
fls2/efr-1391,1200,3028.489672,2990.444163,3040.378898,3211.58394,3130.737068,3249.629554,3194.938989,3118.84783,3175.916192,3054.64597,3137.870613,3282.919482
fls2/efr-1391,1260,3016.600448,3038.001052,3018.978293,3030.867517,3066.5352,3140.248461,3180.671891,3202.072539,3228.228894,3259.140961,3185.42759,3221.095341
fls2/efr-1391,1320,3140.248461,3009.466915,3202.072539,3192.561139,3194.938989,3339.987961,3142.626309,3378.033637,3339.987961,3427.968614,3458.880758,3263.896664
fls2/efr-1391,1380,3114.092135,3083.180124,2930.99809,3194.938989,3135.492765,3142.626309,2973.799258,3007.089071,3111.714287,3078.424431,3256.763109,3344.74367
fls2/efr-1391,1440,3028.489672,3038.001052,3287.675187,3178.294042,3152.137703,3152.137703,3156.8934,3085.55797,3140.248461,3178.294042,3263.896664,3359.010797
fls2/efr-1391,1500,3301.942304,3040.378898,3014.222604,3183.04974,2971.421415,3297.186598,2995.19985,3125.981373,3171.160494,3278.163777,3204.450389,3118.84783
fls2/efr-1391,1560,2935.753774,2878.685583,2957.154357,3018.978293,2954.776514,3104.580745,3130.737068,3128.359221,2957.154357,3221.095341,3078.424431,3106.958593
fls2/efr-1391,1620,3033.245362,2814.483916,2923.864564,2888.196945,2845.395824,3130.737068,2904.841832,2973.799258,3030.867517,2961.910042,3087.935817,2995.19985
fls2/efr-1391,1680,2919.108881,2950.020829,3114.092135,2900.08615,2928.620248,3137.870613,2781.194184,2945.265144,2873.929902,2995.19985,2978.554945,2980.932788
fls2/efr-1391,1740,2985.688475,2926.242406,2804.972563,3009.466915,2923.864564,2833.506627,2966.665728,2957.154357,2973.799258,3049.890279,2995.19985,3004.711227
fls2/efr-1391,1800,2883.441264,2895.330468,2869.174222,2933.375932,2814.483916,2952.398671,2843.017984,2919.108881,2921.486723,3007.089071,2954.776514,3021.356138
fls2/efr-1391,1860,2916.731039,3042.756743,2945.265144,2997.577694,2892.952627,2892.952627,2823.995271,2788.327697,2907.219674,3026.111827,3045.134588,3052.268125
fls2/efr-1391,1920,3002.333382,3256.763109,3240.118149,3399.434338,3411.323618,3544.483681,3344.74367,3411.323618,3477.903622,3411.323618,3454.125043,3420.835044
fls2/efr-1391,1980,3280.541629,3411.323618,3301.942304,3458.880758,3418.457187,3584.907315,3499.304349,3423.2129,3589.663038,3620.575245,3520.705082,3656.24319
fls2/efr-1391,2040,3653.865327,3456.5029,3622.953107,3601.552347,3451.747185,3699.044746,3475.525764,3530.216521,3701.422611,3618.197382,3680.021829,3606.308071
fls2/efr-1391,2100,3399.434338,3228.228894,3292.430892,3406.567906,3309.075863,3356.632942,3309.075863,3468.392189,3339.987961,3339.987961,3518.327223,3404.19005
fls2/efr-1391,2160,3337.610107,3278.163777,3223.473192,3442.235756,3394.678626,3370.900072,3328.098691,3313.83157,3356.632942,3458.880758,3506.437926,3392.30077
fls2/efr-1391,2220,3199.694689,3332.854399,3102.202898,3202.072539,3496.92649,3287.675187,3444.613613,3430.346471,3285.297334,3556.372983,3378.033637,3449.369328
fls2/efr-1391,2280,3908.297125,4371.983323,4638.306868,4588.371136,4417.163148,4538.435435,4438.564126,4400.517946,4360.0939,4540.813324,4547.946994,4490.877653
fls2/efr-1391,2340,4538.435435,5116.264737,5094.863577,4964.078837,4892.741796,5014.014803,5059.19499,5068.706612,5237.538083,5254.183458,5339.788302,5503.864508
fls2/efr-1391,2400,5078.218235,5161.444981,5149.555441,5418.259489,5389.724503,5199.491523,5406.36991,5463.439904,5461.061987,5755.924262,5520.509939,5458.68407
fls2/efr-1391,2460,5522.887858,5725.01123,5591.847539,5765.435966,5587.091697,5653.673511,5777.325598,5670.318973,5822.506216,5931.890976,5865.308931,5910.489598
fls2/efr-1391,2520,5663.185203,5703.609908,5725.01123,5779.703525,5532.399534,5708.365757,5622.760519,5629.894286,5708.365757,5827.262072,5910.489598,5834.395857
fls2/efr-1391,2580,5751.16841,5570.446252,5808.23865,5472.951574,5767.813893,5725.01123,5698.854059,5727.389156,5827.262072,5820.128288,6091.212524,6038.897951
fls2/efr-1391,2640,5558.556651,5829.64,5922.379252,6036.520017,6069.811104,6084.078717,6188.707956,5991.339278,6055.543493,6374.187398,6345.652072,6414.612462
fls2/efr-1391,2700,6241.022627,6573.934971,6628.627846,6331.384412,6523.998031,6381.321232,6212.487348,6262.424093,6383.699176,6493.084703,6911.604621,6516.864185
fls2/efr-1391,2760,6081.700781,6367.053566,6540.643674,6466.927281,6317.116755,6633.38375,6538.265725,6528.753929,6485.95086,6562.045221,6445.52576,6780.816911
fls2/efr-1391,2820,6614.360136,6640.517606,6809.352393,6718.990069,6502.596495,6861.66747,6902.09278,6906.8487,7130.377267,7018.612906,7078.062015,7056.66033
fls2/efr-1391,2880,6614.360136,6868.801347,6714.23416,6954.407918,6859.289511,6954.407918,7063.794225,7025.746797,7118.487434,6823.620138,6880.691143,6971.05365
fls2/efr-1391,2940,6516.864185,6478.817017,6516.864185,6709.478251,6654.785321,6676.186898,6623.871942,6752.28144,6925.872384,7163.668809,7223.118026,6942.518111
bak1-4-1391,0,3751.357789,3418.457187,3318.587277,3318.587277,3387.545059,3349.499379,3475.525764,3309.075863,3582.529454,3423.2129,3354.255088,3494.548631
bak1-4-1391,60,3197.316839,3256.763109,3076.046584,3083.180124,3057.023816,3209.206089,3311.453717,3152.137703,3454.125043,3135.492765,3237.740298,3304.320157
bak1-4-1391,120,2947.642986,3192.561139,3076.046584,3111.714287,3092.69151,3166.404796,3351.877233,3254.385257,3451.747185,3411.323618,3104.580745,3299.564451
bak1-4-1391,180,3026.111827,2995.19985,3152.137703,3235.362447,2938.131617,3185.42759,3259.140961,3002.333382,3361.388652,3294.808745,3280.541629,3206.828239
bak1-4-1391,240,2966.665728,3087.935817,3014.222604,3016.600448,3047.512434,3102.202898,3235.362447,3038.001052,3316.209423,3368.522216,3187.80544,3116.469982
bak1-4-1391,300,2945.265144,3097.447204,3095.069357,3057.023816,3194.938989,3085.55797,3216.33964,3073.668738,3330.476545,3294.808745,3168.782645,3223.473192
bak1-4-1391,360,2957.154357,3114.092135,3042.756743,3078.424431,3156.8934,3192.561139,3268.652368,3026.111827,3399.434338,3118.84783,3168.782645,3266.274516
bak1-4-1391,420,3095.069357,3230.606745,2990.444163,3118.84783,3073.668738,3221.095341,3190.183289,3237.740298,3263.896664,3287.675187,3323.342984,3183.04974
bak1-4-1391,480,3173.538343,3111.714287,3076.046584,3052.268125,3116.469982,3187.80544,3190.183289,3090.313664,3187.80544,3057.023816,2990.444163,3185.42759
bak1-4-1391,540,3068.913046,2973.799258,2983.310632,3028.489672,3109.33644,3106.958593,2966.665728,3047.512434,3218.717491,3059.401662,3368.522216,3242.496
bak1-4-1391,600,3061.779508,3175.916192,3016.600448,3090.313664,3183.04974,3059.401662,3190.183289,2985.688475,3171.160494,3192.561139,3240.118149,3221.095341
bak1-4-1391,660,3102.202898,3178.294042,2980.932788,3161.649098,3085.55797,3466.014331,3135.492765,3142.626309,3287.675187,3218.717491,3323.342984,3278.163777
bak1-4-1391,720,3109.33644,2973.799258,3045.134588,2950.020829,3128.359221,3839.338894,3118.84783,3128.359221,3356.632942,3230.606745,3228.228894,3199.694689
bak1-4-1391,780,2992.822006,3011.844759,3130.737068,3068.913046,3054.64597,4029.56864,3061.779508,3038.001052,3254.385257,3059.401662,3161.649098,3180.671891
bak1-4-1391,840,3159.271249,2935.753774,2881.063424,2885.819105,3004.711227,4536.057545,2997.577694,2985.688475,3164.026947,3180.671891,3092.69151,3145.004157
bak1-4-1391,900,3066.5352,3064.157354,3021.356138,3171.160494,3106.958593,5230.404351,3225.851043,3080.802277,3311.453717,3161.649098,3183.04974,3235.362447
bak1-4-1391,960,3095.069357,3164.026947,3092.69151,3137.870613,3278.163777,5539.533293,3125.981373,3083.180124,3332.854399,3361.388652,3230.606745,3287.675187
bak1-4-1391,1020,2978.554945,2945.265144,2938.131617,3002.333382,3016.600448,5415.881573,3028.489672,3087.935817,3130.737068,3178.294042,3282.919482,3152.137703
bak1-4-1391,1080,2914.353198,2952.398671,2812.106078,2950.020829,3109.33644,5111.508923,3078.424431,2992.822006,3071.290892,3164.026947,3266.274516,3230.606745
bak1-4-1391,1140,3125.981373,3114.092135,3016.600448,3011.844759,3123.603525,5296.985869,3085.55797,3137.870613,3313.83157,3147.382006,3368.522216,3375.655782
bak1-4-1391,1200,3061.779508,3109.33644,3068.913046,3090.313664,3152.137703,5254.183458,3092.69151,3092.69151,3192.561139,3152.137703,3228.228894,3211.58394
bak1-4-1391,1260,3059.401662,3078.424431,3111.714287,3045.134588,3109.33644,5154.311257,3118.84783,3211.58394,3168.782645,3368.522216,3297.186598,3316.209423
bak1-4-1391,1320,3216.33964,3154.515551,3059.401662,3202.072539,3221.095341,4985.479961,3242.496,3252.007406,3494.548631,3366.144362,3468.392189,3320.96513
bak1-4-1391,1380,3133.114916,3049.890279,2900.08615,3040.378898,3161.649098,4650.196332,3080.802277,3023.733982,3168.782645,3121.225677,3328.098691,3292.430892
bak1-4-1391,1440,3121.225677,3125.981373,3221.095341,3097.447204,3104.580745,4800.003738,3206.828239,3068.913046,3339.987961,3202.072539,3297.186598,3271.03022
bak1-4-1391,1500,3009.466915,2969.043571,3154.515551,3071.290892,3087.935817,4381.494863,3085.55797,3178.294042,3133.114916,3249.629554,3275.785925,3078.424431
bak1-4-1391,1560,2992.822006,2909.597515,2947.642986,2835.884466,2921.486723,4274.490105,3068.913046,3049.890279,3011.844759,3237.740298,3149.759854,3161.649098
bak1-4-1391,1620,3028.489672,2907.219674,2902.463991,2916.731039,3011.844759,3770.380723,3059.401662,3042.756743,3033.245362,3054.64597,3111.714287,3061.779508
bak1-4-1391,1680,2854.907182,2976.177101,3002.333382,2973.799258,2947.642986,3727.579129,2921.486723,2940.509459,3026.111827,3092.69151,2971.421415,2930.99809
bak1-4-1391,1740,2928.620248,2869.174222,2854.907182,3002.333382,3009.466915,3732.33486,2938.131617,2954.776514,3028.489672,3002.333382,3133.114916,3054.64597
bak1-4-1391,1800,2850.151503,2819.239594,2942.887301,2964.287885,2826.37311,3534.97224,2902.463991,2973.799258,3014.222604,3054.64597,3123.603525,2897.708309
bak1-4-1391,1860,2904.841832,2790.705534,3014.222604,2902.463991,2804.972563,3451.747185,2850.151503,2857.285022,3026.111827,3004.711227,3087.935817,3011.844759
bak1-4-1391,1920,2854.907182,3342.365816,3252.007406,3318.587277,3411.323618,3905.919254,3330.476545,3309.075863,3389.922914,3470.770047,3416.079331,3530.216521
bak1-4-1391,1980,3271.03022,3466.014331,3363.766507,3347.121524,3411.323618,4122.305806,3530.216521,3356.632942,3684.777558,3599.174485,3715.689801,3584.907315
bak1-4-1391,2040,3739.468458,3444.613613,3641.97601,3582.529454,3420.835044,3846.472501,3615.81952,3435.102185,3603.930209,3708.556206,3689.533287,3715.689801
bak1-4-1391,2100,3318.587277,3306.69801,3301.942304,3339.987961,3363.766507,3722.823398,3451.747185,3399.434338,3373.277927,3442.235756,3534.97224,3408.945762
bak1-4-1391,2160,3375.655782,3206.828239,3413.701474,3309.075863,3297.186598,3670.510373,3282.919482,3294.808745,3375.655782,3411.323618,3463.636474,3385.167203
bak1-4-1391,2220,3080.802277,3337.610107,3154.515551,3123.603525,3368.522216,3741.846324,3485.037197,3297.186598,3382.789348,3380.411492,3397.056482,3435.102185
bak1-4-1391,2280,3946.343071,4196.020039,4576.48168,4481.3661,4474.232436,4747.690009,4595.50481,4595.50481,4457.587223,4555.080665,4754.823697,4562.214336
bak1-4-1391,2340,4552.702775,5049.68337,5006.881092,4961.700934,5044.92756,5292.230044,5130.53218,5011.636899,5040.17175,5159.067073,5442.038651,5408.747826
bak1-4-1391,2400,5068.706612,5235.160172,5092.485671,5434.904902,5311.253344,5423.015321,5323.142908,5294.607956,5484.841162,5634.65013,5720.255381,5415.881573
bak1-4-1391,2460,5560.934571,5689.342363,5637.028053,5677.452744,5677.452744,5981.827546,5729.767081,5625.138441,5903.355807,5939.02477,5898.599946,6191.085895
bak1-4-1391,2520,5606.115067,5675.07482,5596.603382,5646.539743,5589.469618,6034.142082,5770.191819,5527.643696,5905.733737,5808.23865,5881.954437,5977.071681
bak1-4-1391,2580,5620.382597,5672.696897,5915.245459,5553.800811,5553.800811,5905.733737,5625.138441,5625.138441,5808.23865,6150.660944,6034.142082,5872.442719
bak1-4-1391,2640,5560.934571,5879.576507,6126.881571,6141.149194,6098.346332,6074.566974,6202.97559,6136.393319,6345.652072,6250.534389,6400.34479,6554.911371
bak1-4-1391,2700,6279.069682,6519.242134,6654.785321,6355.163846,6445.52576,6526.37598,6426.502191,6305.227043,6355.163846,6526.37598,6911.604621,6512.108288
bak1-4-1391,2760,6340.896185,6371.809454,6550.155472,6428.880137,6357.54179,6676.186898,6861.66747,6604.848331,6533.509827,6685.698712,6466.927281,6959.163841
bak1-4-1391,2820,6583.446773,6447.903707,6823.620138,6604.848331,6595.336526,7158.912874,6937.762188,7082.817945,7244.519755,7013.856979,7070.928119,6933.006266
bak1-4-1391,2880,6742.769618,6752.28144,6669.053038,6935.384227,6728.501888,7173.180681,7249.275695,7073.306084,7001.967163,6680.942805,7135.133201,7070.928119
bak1-4-1391,2940,6559.667271,6604.848331,6512.108288,6540.643674,6680.942805,6811.730351,6952.029956,6726.123933,6902.09278,7054.282366,7208.85021,7040.01458
bak1-5-1391,0,3599.174485,3549.239402,3297.186598,3301.942304,3282.919482,3247.251703,3061.779508,3332.854399,3304.320157,3140.248461,3313.83157,3442.235756
bak1-5-1391,60,3271.03022,3232.984596,3304.320157,3135.492765,3187.80544,3059.401662,3009.466915,3145.004157,3187.80544,3235.362447,3173.538343,3161.649098
bak1-5-1391,120,3156.8934,3109.33644,2930.99809,2976.177101,3095.069357,3026.111827,3228.228894,3026.111827,3287.675187,3285.297334,3204.450389,3057.023816
bak1-5-1391,180,2966.665728,2995.19985,3038.001052,3173.538343,3014.222604,3038.001052,3232.984596,2961.910042,3026.111827,3018.978293,3166.404796,3192.561139
bak1-5-1391,240,2978.554945,3073.668738,2857.285022,2957.154357,2859.662862,2950.020829,3149.759854,3038.001052,3049.890279,3111.714287,3147.382006,3213.96179
bak1-5-1391,300,2890.574786,3078.424431,2978.554945,3090.313664,3133.114916,3190.183289,3123.603525,3059.401662,3152.137703,3202.072539,3197.316839,3171.160494
bak1-5-1391,360,3078.424431,3066.5352,3109.33644,3147.382006,3109.33644,3104.580745,2995.19985,3068.913046,3259.140961,3223.473192,3133.114916,3408.945762
bak1-5-1391,420,3114.092135,3009.466915,3064.157354,3054.64597,3033.245362,3071.290892,3116.469982,3145.004157,3178.294042,3290.05304,3256.763109,3249.629554
bak1-5-1391,480,3145.004157,3154.515551,3038.001052,3047.512434,3054.64597,3047.512434,3102.202898,3123.603525,3030.867517,3125.981373,3183.04974,2938.131617
bak1-5-1391,540,3059.401662,3045.134588,3054.64597,2862.040702,3045.134588,2959.532199,3023.733982,3002.333382,3147.382006,3180.671891,3194.938989,3192.561139
bak1-5-1391,600,3216.33964,3090.313664,2978.554945,3102.202898,3152.137703,3047.512434,3111.714287,3004.711227,3092.69151,3183.04974,3273.408072,3202.072539
bak1-5-1391,660,3035.623207,3023.733982,3026.111827,3249.629554,2914.353198,3038.001052,2992.822006,3114.092135,3159.271249,3206.828239,3266.274516,3278.163777
bak1-5-1391,720,2885.819105,2964.287885,2928.620248,3142.626309,3211.58394,3154.515551,3052.268125,3026.111827,3054.64597,3168.782645,3068.913046,3206.828239
bak1-5-1391,780,3045.134588,2954.776514,2988.066319,3102.202898,2916.731039,3164.026947,3016.600448,2983.310632,3040.378898,3140.248461,3116.469982,3173.538343
bak1-5-1391,840,2983.310632,2850.151503,2892.952627,2762.171485,2897.708309,2983.310632,2926.242406,2859.662862,2973.799258,3052.268125,3114.092135,3249.629554
bak1-5-1391,900,3206.828239,3185.42759,3102.202898,3042.756743,3033.245362,2950.020829,3130.737068,3133.114916,3259.140961,3380.411492,3261.518812,3204.450389
bak1-5-1391,960,3180.671891,3137.870613,3152.137703,3287.675187,3011.844759,3178.294042,3054.64597,3161.649098,3185.42759,3209.206089,3249.629554,3275.785925
bak1-5-1391,1020,3047.512434,3078.424431,2997.577694,2992.822006,2978.554945,3052.268125,3057.023816,3118.84783,2971.421415,3125.981373,3128.359221,3011.844759
bak1-5-1391,1080,3095.069357,3047.512434,2969.043571,2980.932788,3125.981373,3009.466915,3033.245362,2976.177101,3083.180124,3011.844759,3413.701474,3142.626309
bak1-5-1391,1140,3011.844759,3076.046584,2947.642986,2969.043571,3023.733982,2947.642986,2971.421415,3068.913046,3237.740298,3087.935817,3335.232253,3399.434338
bak1-5-1391,1200,3057.023816,3166.404796,3199.694689,2957.154357,3030.867517,3130.737068,2933.375932,3145.004157,3137.870613,3092.69151,3121.225677,3292.430892
bak1-5-1391,1260,3068.913046,3040.378898,3035.623207,3085.55797,3125.981373,2976.177101,3042.756743,3221.095341,3130.737068,3263.896664,3230.606745,3156.8934
bak1-5-1391,1320,3204.450389,2990.444163,2980.932788,3282.919482,3128.359221,3202.072539,3183.04974,3228.228894,3342.365816,3413.701474,3337.610107,3444.613613
bak1-5-1391,1380,3059.401662,2890.574786,3114.092135,3118.84783,3168.782645,3028.489672,3183.04974,3159.271249,3171.160494,3047.512434,3026.111827,3190.183289
bak1-5-1391,1440,3102.202898,3164.026947,3166.404796,3137.870613,2890.574786,3228.228894,3068.913046,3154.515551,3087.935817,3254.385257,3247.251703,3311.453717
bak1-5-1391,1500,3171.160494,2938.131617,3114.092135,3049.890279,2883.441264,2947.642986,3128.359221,3164.026947,3142.626309,3204.450389,3204.450389,3228.228894
bak1-5-1391,1560,2938.131617,2966.665728,2919.108881,2973.799258,2928.620248,3099.825051,3142.626309,2921.486723,2890.574786,3175.916192,3052.268125,3097.447204
bak1-5-1391,1620,2971.421415,2952.398671,2909.597515,2921.486723,2795.46121,2869.174222,2897.708309,2964.287885,2876.307743,2854.907182,3142.626309,3249.629554
bak1-5-1391,1680,2828.750949,2969.043571,2745.526628,2750.282301,3002.333382,2847.773663,2826.37311,2909.597515,2850.151503,3021.356138,2976.177101,2959.532199
bak1-5-1391,1740,3104.580745,2764.549322,2897.708309,2890.574786,2980.932788,2940.509459,2809.72824,2871.552062,2954.776514,2947.642986,3061.779508,3047.512434
bak1-5-1391,1800,2947.642986,2812.106078,2728.881774,2992.822006,2743.148792,2916.731039,2876.307743,2838.262305,2952.398671,2997.577694,3042.756743,3090.313664
bak1-5-1391,1860,2959.532199,2940.509459,2714.61476,2916.731039,2764.549322,2923.864564,2919.108881,2945.265144,2999.955538,3064.157354,3085.55797,2911.975356
bak1-5-1391,1920,2988.066319,3373.277927,3247.251703,3335.232253,3168.782645,3147.382006,3242.496,3301.942304,3354.255088,3366.144362,3444.613613,3442.235756
bak1-5-1391,1980,3244.873851,3240.118149,3394.678626,3442.235756,3339.987961,3401.812194,3461.258616,3646.731737,3570.640148,3525.460801,3577.773731,3551.617262
bak1-5-1391,2040,3618.197382,3368.522216,3558.750844,3499.304349,3378.033637,3451.747185,3451.747185,3387.545059,3573.018009,3632.464558,3601.552347,3542.105821
bak1-5-1391,2100,3356.632942,3344.74367,3380.411492,3349.499379,3299.564451,3420.835044,3313.83157,3282.919482,3316.209423,3280.541629,3356.632942,3582.529454
bak1-5-1391,2160,3382.789348,3297.186598,3190.183289,3111.714287,3223.473192,3168.782645,3180.671891,3375.655782,3394.678626,3425.590757,3546.861541,3592.0409
bak1-5-1391,2220,3211.58394,3235.362447,3099.825051,3168.782645,3351.877233,3316.209423,3382.789348,3213.96179,3370.900072,3408.945762,3435.102185,3504.060067
bak1-5-1391,2280,3801.292999,4260.222814,4429.05258,4431.430466,4367.227554,4412.407376,4419.541034,4488.499765,4402.895832,4833.29431,4519.412319,4581.237462
bak1-5-1391,2340,4547.946994,4885.608095,4909.3871,5080.59614,4845.183804,4940.299816,5354.055785,4987.857865,5125.776365,5170.956615,5444.416568,5456.306153
bak1-5-1391,2400,5018.770611,5040.17175,5277.962572,5211.381071,5189.979886,5325.520822,5382.590758,5249.427636,5382.590758,5596.603382,5763.05804,5591.847539
bak1-5-1391,2460,5532.399534,5584.713776,5615.626754,5732.145006,5646.539743,5672.696897,5779.703525,5601.359224,5808.23865,5739.278782,5889.088226,5967.559952
bak1-5-1391,2520,5396.858248,5744.034633,5506.242426,5710.743682,5544.289132,5705.987832,5579.957935,5525.265777,5848.663428,5763.05804,5922.379252,5936.646839
bak1-5-1391,2580,5734.522931,5632.272208,5779.703525,5660.80728,5582.335855,5667.94105,5677.452744,5584.713776,5753.546336,6019.874478,5962.804087,5796.349013
bak1-5-1391,2640,5701.231984,5984.205479,5853.419285,6324.250583,6046.031754,6098.346332,6352.785902,6034.142082,6153.038882,6205.353529,6359.919734,6364.675622
bak1-5-1391,2700,5898.599946,6393.210955,6348.030015,6512.108288,6590.580625,6374.187398,6186.330017,6317.116755,6162.550633,6452.6596,6809.352393,6571.557021
bak1-5-1391,2760,6100.724268,6319.494698,6390.833011,6526.37598,6295.715274,6436.013975,6604.848331,6533.509827,6614.360136,6623.871942,6757.037351,6761.793262
bak1-5-1391,2820,6502.596495,6604.848331,6742.769618,6650.029416,6523.998031,6747.525529,6738.013708,6849.777677,7106.597603,7120.865401,6978.187537,6913.982581
bak1-5-1391,2880,6647.651463,6600.092428,6785.572824,6868.801347,6757.037351,6961.541803,6904.47074,7246.897725,7020.990869,6650.029416,6875.935224,6785.572824
bak1-5-1391,2940,6552.533422,6557.289321,6562.045221,6545.399573,6828.376054,6628.627846,6814.108308,6909.226661,7094.707773,7082.817945,7035.258652,7082.817945
