Name,Time,A1,A2,A3,A4,A5,A6,A7,A8,A9,A10,A11,A12
Col-Pa,0,5501.486589,4814.271124,4678.731054,4576.48168,4336.315059,4412.407376,4310.158342,4495.63343,4562.214336,4509.900762,4662.085799,4588.371136
Col-Pa,60,4436.18624,4493.255542,4341.070827,4431.430466,4264.978578,4547.946994,4412.407376,4298.268928,4585.993244,4695.376314,4819.02692,4795.247943
Col-Pa,120,4909.3871,4500.389207,5182.846159,4509.900762,4350.582363,4398.140061,4478.988212,4517.03443,5011.636899,4761.957386,4911.765,4704.887892
Col-Pa,180,7068.550154,6840.265844,8148.153529,5575.202093,5254.183458,4766.713179,4645.440546,5140.04381,6669.053038,7819.99061,6062.677298,7303.969032
Col-Pa,240,11846.024363,15670.111668,12618.912847,9836.549239,7479.93915,6726.123933,5296.985869,10019.659084,10966.129637,14635.592408,10371.611651,15289.597282
Col-Pa,300,18780.884629,25038.470795,16866.365554,14264.595655,10445.331641,9496.48921,6709.478251,17173.161182,16117.218384,22476.868392,18091.176827,24817.270696
Col-Pa,360,24881.490016,32338.41706,19727.458805,19425.41005,13534.498094,11900.720841,8193.335485,22536.328985,19494.381713,29250.903338,26315.734937,32064.865195
Col-Pa,420,28856.0527,38102.253288,21099.77341,23211.804427,16626.162047,14359.722864,9660.573939,27664.376743,21910.805755,32416.914724,32944.99192,36346.653763
Col-Pa,480,32224.238776,40495.449623,21194.908743,24610.342124,19063.904377,16590.48832,11070.76526,30673.33323,23777.876265,33756.144309,34788.531967,37476.60839
Col-Pa,540,33432.633866,39501.051204,20179.344898,27288.562457,19660.865281,17223.104767,12140.910166,32236.13234,22981.095624,34619.638144,32747.557245,37647.887115
Col-Pa,600,34505.456607,38328.247894,19527.678399,26574.995883,20198.371737,17777.242831,12214.631786,31493.97736,22086.807995,34024.944422,27164.877128,36629.735635
Col-Pa,660,33696.67538,35126.320682,17546.549694,26182.53698,20792.96273,17237.374369,11917.367603,30728.042577,19751.24222,32074.380027,21366.152629,35007.380831
Col-Pa,720,32516.820953,32045.835535,16312.233798,23744.577811,20146.047941,17606.006625,11722.362899,29581.53278,17686.868121,31315.575746,16181.430724,32514.442232
Col-Pa,780,31689.030246,28613.4346,14592.785003,21206.800668,19706.053738,17137.487211,11284.793096,28496.883029,15682.002772,28620.570416,12333.537769,30014.445338
Col-Pa,840,28984.497874,24805.378235,13004.170817,17969.884001,18236.252802,16466.819524,10920.946115,25894.735007,13313.329789,25383.35389,9898.37849,26353.791537
Col-Pa,900,26986.485164,21506.477752,10982.776205,15506.014617,17151.756797,15220.629243,10050.573774,23033.421274,11334.733007,23352.132786,8488.207828,22897.850343
Col-Pa,960,24460.49763,17824.808509,10091.000695,13351.380207,15360.943592,14295.511986,9334.78285,20666.90907,9410.87992,20067.562311,7415.733792,20331.559735
Col-Pa,1020,20976.097645,15230.142073,8747.411027,11180.157194,14423.933794,13358.514662,8871.067894,17981.775446,8676.070613,17313.478953,6702.344388,16616.649052
Col-Pa,1080,18231.496209,12354.940864,8105.349593,9701.000663,12868.616876,11807.974662,7634.507816,15201.603588,7508.474881,14293.133806,6167.306509,13739.019867
Col-Pa,1140,16207.591321,10435.819381,7161.290842,8514.365911,10920.946115,10416.794863,7258.787577,12288.353474,7011.479016,12233.656731,5920.001321,11972.06413
Col-Pa,1200,13551.145196,9111.248126,6695.210527,7487.073082,9658.195897,9320.514657,6566.801121,10540.45431,6436.013975,10450.087772,5601.359224,10297.891728
Col-Pa,1260,11508.333892,8041.143733,6046.031754,6830.754012,8267.053469,8383.575582,6129.259508,8692.716704,6124.503634,8768.813163,5703.609908,8668.936575
Col-Pa,1320,9610.635073,7173.180681,5727.389156,6502.596495,7327.748755,7489.451059,5865.308931,7487.073082,5722.633305,7724.871175,5532.399534,7620.239927
Col-Pa,1380,8314.613495,6424.124245,5672.696897,6084.078717,6609.604233,7070.928119,5625.138441,6973.431612,5777.325598,6795.084651,5420.637405,6562.045221
Col-Pa,1440,7403.843916,6095.968396,5525.265777,5815.372433,6288.581449,6352.785902,5544.289132,6236.266746,5484.841162,6507.352392,5394.480333,6317.116755
Col-Pa,1500,6730.879842,5772.569745,5632.272208,5812.994505,6091.212524,6440.769867,5472.951574,6107.858077,5396.858248,6036.520017,5330.276648,5981.827546
Col-Pa,1560,6143.527131,5584.713776,5175.712432,5660.80728,5770.191819,5803.482795,5368.32327,5598.981303,5282.718396,5625.138441,5373.079099,5715.499531
Col-Pa,1620,5732.145006,5401.614079,5223.270621,5387.346588,5549.044971,5610.87091,5258.939281,5449.172402,5294.607956,5682.208591,5361.189527,5515.754101
Col-Pa,1680,5694.098211,5365.945356,5154.311257,5344.544129,5311.253344,5656.051434,5147.177533,5534.777454,5470.573656,5472.951574,5308.875431,5430.149069
Col-Pa,1740,5475.329491,5247.049726,5149.555441,5275.584661,5258.939281,5149.555441,5216.136891,5275.584661,5054.43918,5185.224068,5239.915993,5263.695103
Col-Pa,1800,5423.015321,4926.032407,5052.061275,4830.916412,4902.253398,5289.852132,5061.572896,5128.154272,5025.904324,5140.04381,5082.974046,5308.875431
Col-Pa,1860,5247.049726,5244.671815,5059.19499,5159.067073,5099.61939,5420.637405,5170.956615,5180.46825,5182.846159,5104.375203,5085.351952,5285.096308
Col-Pa,1920,5254.183458,4964.078837,4999.747381,5101.997296,5082.974046,5173.334524,4878.474395,5018.770611,5028.282228,5113.88683,5232.782262,5206.625252
Col-Pa,1980,4949.811423,5023.526419,5082.974046,5047.305465,5028.282228,4985.479961,4926.032407,5154.311257,5097.241483,5239.915993,5228.026441,5287.47422
Col-Pa,2040,5125.776365,5037.793846,4766.713179,5068.706612,4930.78821,5018.770611,4754.823697,5004.503188,5023.526419,5263.695103,5332.654561,5273.206749
Col-Pa,2100,5014.014803,5137.665902,5002.125285,4961.700934,4909.3871,5111.508923,4937.921914,5018.770611,4961.700934,4916.520802,5116.264737,5104.375203
Col-Pa,2160,4742.934217,5140.04381,5092.485671,5080.59614,5116.264737,4854.6954,4907.009199,5075.840329,5268.450926,5178.090341,5242.293904,5411.125741
Col-Pa,2220,5123.398458,5261.317192,4918.898703,5078.218235,5073.462423,5111.508923,4916.520802,5147.177533,5085.351952,5194.735704,5254.183458,5232.782262
Col-Pa,2280,5218.514801,5425.393237,4997.369478,5168.578707,4895.119696,5018.770611,4918.898703,4997.369478,5147.177533,5159.067073,5166.200798,5539.533293
Col-Pa,2340,4973.590447,5068.706612,4928.410308,5087.729858,5033.038037,5192.357795,5151.933349,4994.991574,4990.235768,5071.084517,5201.869433,5320.764995
Col-Pa,2400,5156.689165,5230.404351,5130.53218,5135.287994,5042.549655,5263.695103,5187.601977,5130.53218,5209.003161,5413.503657,5277.962572,5551.422891
Col-Pa,2460,5280.340484,5099.61939,5194.735704,5144.799625,5280.340484,5118.642644,4921.276605,5047.305465,5287.47422,5316.009169,5363.567441,5413.503657
Col-Pa,2520,5047.305465,5121.020551,5261.317192,4990.235768,5113.88683,5125.776365,5004.503188,5261.317192,5389.724503,5354.055785,5487.21908,5520.509939
Col-Pa,2580,5247.049726,5116.264737,5311.253344,5142.421717,5156.689165,5301.741693,5109.131016,5197.113614,5239.915993,5489.596998,5618.004675,5382.590758
Col-Pa,2640,5299.363781,5106.753109,5125.776365,5063.950801,4907.009199,4830.916412,4968.834642,4949.811423,5090.107764,5147.177533,5327.898735,5132.910087
Col-Pa,2700,5030.660132,4954.567228,4899.875497,4857.073299,5023.526419,4785.736354,4997.369478,4987.857865,4980.724155,5125.776365,5073.462423,5204.247342
Col-Pa,2760,5033.038037,4935.544013,4838.050107,4876.096495,4990.235768,4928.410308,4935.544013,5018.770611,5159.067073,5361.189527,5130.53218,5220.892711
Col-Pa,2820,4990.235768,5004.503188,5011.636899,5021.148515,5014.014803,4959.323032,5106.753109,4966.456739,4780.980559,4956.94513,4952.189325,4930.78821
Col-Pa,2880,4940.299816,4852.317501,4928.410308,4914.142901,4890.363896,5030.660132,4821.404818,4985.479961,5168.578707,5144.799625,5170.956615,5180.46825
Col-Pa,2940,4940.299816,4795.247943,4852.317501,5030.660132,4911.765,4838.050107,4840.428006,4937.921914,5035.415941,5130.53218,4975.96835,5140.04381
fls2/efr-Pa,0,5387.346588,5009.258996,4759.579489,4590.749027,4431.430466,4457.587223,4400.517946,4607.394268,4388.628519,4526.545987,4450.453561,4559.836446
fls2/efr-Pa,60,4526.545987,4338.692943,4555.080665,4303.024693,4174.619126,4310.158342,4443.3199,4495.63343,4417.163148,4566.970117,4664.463692,4795.247943
fls2/efr-Pa,120,4419.541034,4200.775799,4386.250634,4417.163148,4459.965111,4519.412319,4614.527944,4464.720886,4517.03443,4600.260593,4671.597373,4631.17319
fls2/efr-Pa,180,4633.551082,4509.900762,4750.067905,4481.3661,4455.209336,4512.278651,4443.3199,4483.743989,4571.725898,4726.288948,4740.556321,4952.189325
fls2/efr-Pa,240,4393.38429,4614.527944,4512.278651,4531.301766,4509.900762,4714.399472,4564.592226,4531.301766,4640.68476,4757.201593,4723.911052,4819.02692
fls2/efr-Pa,300,4600.260593,4433.808353,4519.412319,4493.255542,4445.697787,4360.0939,4405.273718,4585.993244,4690.620525,4880.852295,4897.497597,4928.410308
fls2/efr-Pa,360,4752.445801,4612.150052,4628.795297,4731.044738,4719.155262,4695.376314,4490.877653,4778.602663,4726.288948,4975.96835,4859.451198,4866.584897
fls2/efr-Pa,420,4621.66162,4654.952119,4673.975267,4914.142901,4702.509997,4486.121877,4671.597373,4742.934217,4904.631298,4650.196332,5263.695103,4640.68476
fls2/efr-Pa,480,4136.573071,4757.201593,5009.258996,4495.63343,4785.736354,4833.29431,4307.780459,4293.513162,4985.479961,4626.417405,4502.767096,4914.142901
fls2/efr-Pa,540,4478.988212,4809.515328,4286.379515,4966.456739,4640.68476,4828.538513,5028.282228,4873.718596,5068.706612,4792.870045,5135.287994,4880.852295
fls2/efr-Pa,600,4593.126918,4664.463692,4519.412319,4712.021577,4657.330012,4716.777367,4735.80053,4830.916412,4902.253398,5090.107764,4733.422634,4878.474395
fls2/efr-Pa,660,4624.039512,4721.533157,4773.846869,4688.242631,4650.196332,4690.620525,4640.68476,4821.404818,4904.631298,4585.993244,4902.253398,4975.96835
fls2/efr-Pa,720,4659.707905,4830.916412,4752.445801,4700.132103,4804.759533,4816.649022,4676.353161,5004.503188,4916.520802,5021.148515,5180.46825,5006.881092
fls2/efr-Pa,780,4830.916412,4714.399472,4857.073299,4652.574225,4861.829098,4876.096495,4647.818439,4759.579489,4849.939602,4949.811423,4866.584897,4761.957386
fls2/efr-Pa,840,4547.946994,4536.057545,4954.567228,4804.759533,4809.515328,4956.94513,4816.649022,4871.340696,4785.736354,4852.317501,4890.363896,4890.363896
fls2/efr-Pa,900,4769.091075,4800.003738,4790.492148,4842.805905,4728.666843,4766.713179,4735.80053,4716.777367,4830.916412,4928.410308,5040.17175,5004.503188
fls2/efr-Pa,960,4776.224766,4704.887892,4788.114251,4712.021577,4669.219479,4968.834642,4857.073299,4926.032407,4880.852295,5068.706612,4987.857865,5116.264737
fls2/efr-Pa,1020,4821.404818,4757.201593,4728.666843,4833.29431,4928.410308,4994.991574,5035.415941,4847.561703,4994.991574,5054.43918,5156.689165,5256.561369
fls2/efr-Pa,1080,4685.864737,4814.271124,5018.770611,4835.672209,4757.201593,4845.183804,4907.009199,4937.921914,5002.125285,5042.549655,5002.125285,5042.549655
fls2/efr-Pa,1140,5006.881092,4971.212544,4807.137431,4792.870045,5068.706612,5014.014803,5025.904324,4971.212544,5025.904324,5132.910087,5016.392707,5147.177533
fls2/efr-Pa,1200,4830.916412,4828.538513,4952.189325,4968.834642,4897.497597,4997.369478,5009.258996,5068.706612,5111.508923,5270.828837,5118.642644,5030.660132
fls2/efr-Pa,1260,4809.515328,4838.050107,4895.119696,4795.247943,4868.962796,4880.852295,5049.68337,5028.282228,5059.19499,5123.398458,5237.538083,5151.933349
fls2/efr-Pa,1320,4926.032407,4964.078837,4940.299816,4902.253398,4871.340696,4745.312113,4868.962796,5071.084517,5033.038037,5016.392707,4999.747381,5144.799625
fls2/efr-Pa,1380,4885.608095,4778.602663,4792.870045,5004.503188,4814.271124,5151.933349,5137.665902,5235.160172,5156.689165,5178.090341,5235.160172,5137.665902
fls2/efr-Pa,1440,4733.422634,4826.160615,4997.369478,4928.410308,4997.369478,4899.875497,5116.264737,5113.88683,5090.107764,5094.863577,5092.485671,5206.625252
fls2/efr-Pa,1500,5071.084517,5123.398458,4985.479961,5218.514801,5209.003161,5335.032475,5004.503188,5066.328706,5071.084517,5118.642644,5111.508923,5113.88683
fls2/efr-Pa,1560,5094.863577,5073.462423,4937.921914,4959.323032,5054.43918,4864.206997,5044.92756,5080.59614,5009.258996,5018.770611,4940.299816,5344.544129
fls2/efr-Pa,1620,4916.520802,4819.02692,4897.497597,4921.276605,5052.061275,4964.078837,5197.113614,5016.392707,5082.974046,5220.892711,5280.340484,5342.166215
fls2/efr-Pa,1680,5109.131016,5052.061275,4966.456739,5113.88683,4997.369478,5080.59614,5168.578707,5185.224068,5071.084517,5121.020551,5223.270621,5363.567441
fls2/efr-Pa,1740,5009.258996,4964.078837,5109.131016,5040.17175,4842.805905,4852.317501,5097.241483,4964.078837,5021.148515,5118.642644,5166.200798,5206.625252
fls2/efr-Pa,1800,4911.765,4778.602663,4952.189325,4795.247943,4752.445801,4840.428006,4864.206997,4887.985995,5082.974046,4933.166111,5156.689165,5225.648531
fls2/efr-Pa,1860,4935.544013,4937.921914,4994.991574,4880.852295,4830.916412,5125.776365,4966.456739,5101.997296,5161.444981,5080.59614,5187.601977,5121.020551
fls2/efr-Pa,1920,4876.096495,4914.142901,4926.032407,4968.834642,4937.921914,5056.817085,4776.224766,4890.363896,4971.212544,5016.392707,5163.82289,5068.706612
fls2/efr-Pa,1980,4895.119696,4930.78821,4928.410308,4980.724155,5002.125285,4857.073299,5002.125285,4964.078837,4999.747381,5063.950801,5147.177533,5056.817085
fls2/efr-Pa,2040,4868.962796,4845.183804,4588.371136,4852.317501,4907.009199,4966.456739,4895.119696,4899.875497,4804.759533,5308.875431,5330.276648,5037.793846
fls2/efr-Pa,2100,4735.80053,4776.224766,4726.288948,4923.654506,4819.02692,5087.729858,5018.770611,5063.950801,4821.404818,4952.189325,5030.660132,5049.68337
fls2/efr-Pa,2160,4738.178425,5006.881092,5006.881092,4978.346253,4926.032407,4892.741796,4826.160615,5014.014803,5142.421717,5109.131016,5296.985869,5218.514801
fls2/efr-Pa,2220,4983.102058,5042.549655,5002.125285,5028.282228,5116.264737,5092.485671,5073.462423,4873.718596,5009.258996,5211.381071,5277.962572,5204.247342
fls2/efr-Pa,2280,5189.979886,5121.020551,5104.375203,5156.689165,4975.96835,5006.881092,4902.253398,4873.718596,5144.799625,5216.136891,5277.962572,5161.444981
fls2/efr-Pa,2340,4968.834642,4985.479961,4880.852295,5090.107764,4975.96835,5099.61939,4961.700934,4859.451198,4973.590447,5054.43918,5232.782262,5080.59614
fls2/efr-Pa,2400,4990.235768,4918.898703,5035.415941,5033.038037,4914.142901,5128.154272,5061.572896,5054.43918,5223.270621,5327.898735,5344.544129,5406.36991
fls2/efr-Pa,2460,5151.933349,5030.660132,5258.939281,4973.590447,5025.904324,5113.88683,5161.444981,5204.247342,5228.026441,5116.264737,5239.915993,5154.311257
fls2/efr-Pa,2520,4994.991574,4966.456739,5080.59614,4916.520802,5061.572896,5080.59614,5211.381071,5220.892711,5270.828837,5316.009169,5370.701184,5423.015321
fls2/efr-Pa,2580,4937.921914,5118.642644,5175.712432,5092.485671,5268.450926,5299.363781,5201.869433,5380.212843,5151.933349,5408.747826,5432.526986,5477.707409
fls2/efr-Pa,2640,5408.747826,5002.125285,4918.898703,5071.084517,5066.328706,4949.811423,4899.875497,5004.503188,5009.258996,5275.584661,5327.898735,5104.375203
fls2/efr-Pa,2700,4857.073299,4738.178425,5011.636899,4816.649022,4928.410308,4842.805905,4978.346253,4833.29431,5080.59614,5178.090341,5163.82289,5118.642644
fls2/efr-Pa,2760,4985.479961,4788.114251,4804.759533,4849.939602,4871.340696,4973.590447,5037.793846,5068.706612,5144.799625,5244.671815,5287.47422,5258.939281
fls2/efr-Pa,2820,4909.3871,4823.782717,4916.520802,5130.53218,4811.893226,4904.631298,5011.636899,4961.700934,4780.980559,4940.299816,4895.119696,4811.893226
fls2/efr-Pa,2880,5009.258996,4873.718596,4745.312113,4864.206997,4945.05562,4754.823697,4830.916412,5014.014803,4883.230195,5071.084517,5130.53218,5199.491523
fls2/efr-Pa,2940,4802.381635,4816.649022,4887.985995,4666.841586,4709.643682,4814.271124,4968.834642,4907.009199,5135.287994,5056.817085,5187.601977,5113.88683
bak1-4-Pa,0,5420.637405,4792.870045,4897.497597,4531.301766,4828.538513,4828.538513,4329.181408,4659.707905,4433.808353,4700.132103,4585.993244,4616.905836
bak1-4-Pa,60,4521.790208,4452.831449,4474.232436,4393.38429,4478.988212,4605.016376,4493.255542,4512.278651,4574.103789,4557.458555,4819.02692,4692.998419
bak1-4-Pa,120,4336.315059,4367.227554,4545.569104,4448.075674,4721.533157,4785.736354,4412.407376,4512.278651,4566.970117,4683.486843,4819.02692,4624.039512
bak1-4-Pa,180,4607.394268,4578.859571,4635.928975,4557.458555,4721.533157,4742.934217,4647.818439,4657.330012,4438.564126,4631.17319,4778.602663,4790.492148
bak1-4-Pa,240,4581.237462,4578.859571,4609.77216,4552.702775,4605.016376,4840.428006,4555.080665,4780.980559,4830.916412,4574.103789,4866.584897,4633.551082
bak1-4-Pa,300,4704.887892,4552.702775,4683.486843,4555.080665,4776.224766,4721.533157,4450.453561,5254.183458,4747.690009,4861.829098,4883.230195,5106.753109
bak1-4-Pa,360,5653.673511,4759.579489,5056.817085,5116.264737,5087.729858,4945.05562,4745.312113,6286.203507,5418.259489,5242.293904,4823.782717,6295.715274
bak1-4-Pa,420,7377.686196,4838.050107,5180.46825,5920.001321,5118.642644,4852.317501,5675.07482,7037.636616,6238.644687,7922.244129,4826.160615,9510.757434
bak1-4-Pa,480,8940.030461,5230.404351,5939.02477,7011.479016,5575.202093,5042.549655,6628.627846,7339.638619,7056.66033,12711.659967,5094.863577,12178.960026
bak1-4-Pa,540,11375.160577,6041.275885,6386.077121,8366.929555,6117.369823,5132.910087,9829.415098,8131.507551,7834.258535,18864.125627,4902.253398,15729.567205
bak1-4-Pa,600,13301.439038,7620.239927,6440.769867,10214.659639,6631.005798,5308.875431,12780.625843,8150.531526,7727.249159,21144.962679,5078.218235,17220.7265
bak1-4-Pa,660,14421.55561,9066.065651,6488.328808,11479.796735,6564.423171,5413.503657,15239.654903,7548.900518,7496.584992,19706.053738,4654.952119,16074.410186
bak1-4-Pa,720,14442.959264,9805.634631,6093.59046,11762.790664,6048.409689,5342.166215,15731.945427,7496.584992,6790.328738,16126.73132,5087.729858,14281.242909
bak1-4-Pa,780,13601.086521,9819.90291,6103.102204,11032.715927,5872.442719,5430.149069,14530.952124,6426.502191,6421.746299,12145.666397,4852.317501,11261.012198
bak1-4-Pa,840,11370.404391,8923.384319,5537.155373,10159.964313,5499.108671,5263.695103,11929.258149,5986.583412,5746.412559,9149.296545,5080.59614,9006.615065
bak1-4-Pa,900,9810.390724,7848.526462,5601.359224,8618.998328,5230.404351,5004.503188,8852.043748,5546.667051,5420.637405,7418.111767,5125.776365,7496.584992
bak1-4-Pa,960,7984.071901,6885.447062,5192.357795,7627.373871,5087.729858,5092.485671,7123.243367,5166.200798,5570.446252,6711.856205,5218.514801,6481.194965
bak1-4-Pa,1020,6571.557021,5969.937884,5080.59614,6497.840599,5159.067073,4961.700934,6129.259508,5113.88683,5610.87091,6131.637445,5011.636899,5793.971086
bak1-4-Pa,1080,5917.62339,5627.516363,5037.793846,5862.931001,5213.758981,4926.032407,5480.085327,5140.04381,5204.247342,5744.034633,5113.88683,5308.875431
bak1-4-Pa,1140,5427.771153,5494.352834,5061.572896,5751.16841,5130.53218,5125.776365,5430.149069,5206.625252,5085.351952,5480.085327,5006.881092,5344.544129
bak1-4-Pa,1200,5261.317192,5201.869433,5009.258996,5337.410388,4964.078837,5094.863577,5380.212843,5280.340484,5299.363781,5629.894286,5154.311257,5522.887858
bak1-4-Pa,1260,5044.92756,5151.933349,5056.817085,5237.538083,5006.881092,4959.323032,5434.904902,4956.94513,5180.46825,5389.724503,5194.735704,5289.852132
bak1-4-Pa,1320,4828.538513,4933.166111,4873.718596,5156.689165,4985.479961,4964.078837,5187.601977,5014.014803,5121.020551,5258.939281,5021.148515,5054.43918
bak1-4-Pa,1380,4940.299816,4928.410308,4937.921914,5073.462423,4952.189325,5147.177533,5192.357795,5237.538083,5035.415941,5325.520822,5318.387082,5316.009169
bak1-4-Pa,1440,4871.340696,4819.02692,4933.166111,5332.654561,5173.334524,4849.939602,5185.224068,4990.235768,5135.287994,5249.427636,5189.979886,5111.508923
bak1-4-Pa,1500,5135.287994,5263.695103,5123.398458,5137.665902,5270.828837,5213.758981,5078.218235,5061.572896,5147.177533,5313.631257,5059.19499,5185.224068
bak1-4-Pa,1560,5085.351952,5163.82289,5106.753109,5109.131016,4980.724155,4959.323032,5021.148515,5021.148515,5106.753109,5344.544129,5166.200798,5206.625252
bak1-4-Pa,1620,4759.579489,4821.404818,4902.253398,5006.881092,5021.148515,5249.427636,5106.753109,5011.636899,5125.776365,5149.555441,5132.910087,5311.253344
bak1-4-Pa,1680,4966.456739,5075.840329,5075.840329,5175.712432,4975.96835,5392.102418,5320.764995,5002.125285,5054.43918,5273.206749,5132.910087,5503.864508
bak1-4-Pa,1740,4907.009199,5170.956615,5092.485671,4968.834642,5104.375203,5040.17175,4973.590447,4978.346253,4985.479961,5135.287994,5206.625252,5320.764995
bak1-4-Pa,1800,5035.415941,5014.014803,4819.02692,4738.178425,4740.556321,4918.898703,4838.050107,4868.962796,5068.706612,5118.642644,5140.04381,5099.61939
bak1-4-Pa,1860,5068.706612,4909.3871,4887.985995,4994.991574,5037.793846,5011.636899,5118.642644,4954.567228,5163.82289,5101.997296,5135.287994,5225.648531
bak1-4-Pa,1920,4904.631298,4911.765,4911.765,4871.340696,5042.549655,4899.875497,5011.636899,4928.410308,4971.212544,5097.241483,4994.991574,5106.753109
bak1-4-Pa,1980,4885.608095,5073.462423,4857.073299,4942.677718,4776.224766,4738.178425,4902.253398,5030.660132,5066.328706,5042.549655,5320.764995,5287.47422
bak1-4-Pa,2040,4892.741796,5018.770611,4747.690009,4985.479961,4983.102058,5056.817085,4823.782717,5109.131016,4914.142901,5125.776365,5320.764995,5142.421717
bak1-4-Pa,2100,4902.253398,4828.538513,4616.905836,4849.939602,4923.654506,4926.032407,5044.92756,4857.073299,4914.142901,4814.271124,5078.218235,5071.084517
bak1-4-Pa,2160,4859.451198,4868.962796,5004.503188,5130.53218,4999.747381,4990.235768,4792.870045,5121.020551,5137.665902,5180.46825,5256.561369,5230.404351
bak1-4-Pa,2220,4911.765,4954.567228,5063.950801,4975.96835,5151.933349,5140.04381,5014.014803,4933.166111,4964.078837,5199.491523,5349.299957,5151.933349
bak1-4-Pa,2280,5071.084517,5063.950801,4997.369478,5173.334524,4842.805905,4930.78821,4966.456739,4942.677718,4983.102058,5197.113614,5082.974046,5268.450926
bak1-4-Pa,2340,5016.392707,4838.050107,4883.230195,4975.96835,5078.218235,5059.19499,4921.276605,4956.94513,4992.613671,5189.979886,5082.974046,5311.253344
bak1-4-Pa,2400,4980.724155,5151.933349,5004.503188,5042.549655,4828.538513,5323.142908,5078.218235,5085.351952,5137.665902,5287.47422,5389.724503,5323.142908
bak1-4-Pa,2460,5144.799625,5304.119606,5211.381071,5035.415941,5194.735704,5275.584661,5066.328706,5094.863577,5285.096308,5178.090341,5403.991994,5237.538083
bak1-4-Pa,2520,4994.991574,5028.282228,5006.881092,5106.753109,5016.392707,5052.061275,5211.381071,5220.892711,5242.293904,5444.416568,5510.998263,5358.811613
bak1-4-Pa,2580,5063.950801,5097.241483,5304.119606,5047.305465,5249.427636,5228.026441,5256.561369,5282.718396,5323.142908,5442.038651,5387.346588,5510.998263
bak1-4-Pa,2640,5339.788302,5109.131016,5016.392707,4933.166111,4968.834642,5028.282228,4809.515328,5073.462423,5040.17175,5018.770611,5097.241483,5101.997296
bak1-4-Pa,2700,4904.631298,4983.102058,4883.230195,4892.741796,4921.276605,4788.114251,4754.823697,4885.608095,5090.107764,5156.689165,5223.270621,5247.049726
bak1-4-Pa,2760,4842.805905,4911.765,4797.62584,4999.747381,4918.898703,4980.724155,4878.474395,4952.189325,5056.817085,5306.497519,5033.038037,5068.706612
bak1-4-Pa,2820,4897.497597,4902.253398,4783.358456,5170.956615,4911.765,5056.817085,5047.305465,4911.765,4999.747381,4985.479961,4868.962796,4987.857865
bak1-4-Pa,2880,4823.782717,4764.335282,4897.497597,4788.114251,4857.073299,4866.584897,4826.160615,5044.92756,5002.125285,5144.799625,5178.090341,5228.026441
bak1-4-Pa,2940,4821.404818,4759.579489,4778.602663,4833.29431,4747.690009,4895.119696,4987.857865,4859.451198,5168.578707,5116.264737,5189.979886,5228.026441
bak1-5-Pa,0,5280.340484,4909.3871,4595.50481,4478.988212,4545.569104,4566.970117,4448.075674,4564.592226,4398.140061,4652.574225,4766.713179,4564.592226
bak1-5-Pa,60,4414.785262,4407.651604,4345.826595,4452.831449,4298.268928,4443.3199,4462.342998,4469.476661,4455.209336,4700.132103,4683.486843,4666.841586
bak1-5-Pa,120,4478.988212,4367.227554,4464.720886,4312.536225,4450.453561,4483.743989,4459.965111,4448.075674,4574.103789,4688.242631,4564.592226,4714.399472
bak1-5-Pa,180,4666.841586,4528.923876,4659.707905,4514.65654,4659.707905,4552.702775,4562.214336,4593.126918,4638.306868,4507.522874,6436.013975,4866.584897
bak1-5-Pa,240,4341.070827,4462.342998,4595.50481,4507.522874,4402.895832,4452.831449,4566.970117,4671.597373,4702.509997,4581.237462,9684.354362,4814.271124
bak1-5-Pa,300,4593.126918,4286.379515,4253.08917,4333.937175,4526.545987,4569.348008,4652.574225,4547.946994,4524.168097,4790.492148,13608.220999,4902.253398
bak1-5-Pa,360,4673.975267,4769.091075,4918.898703,4609.77216,4883.230195,4597.882701,4757.201593,4857.073299,4854.6954,4690.620525,16578.597082,4754.823697
bak1-5-Pa,420,4552.702775,4474.232436,4773.846869,4792.870045,4569.348008,4887.985995,4490.877653,4868.962796,4754.823697,4538.435435,18300.466842,4773.846869
bak1-5-Pa,480,4738.178425,4785.736354,4785.736354,4956.94513,4345.826595,4476.610324,5140.04381,5068.706612,4780.980559,5094.863577,18909.313634,4956.94513
bak1-5-Pa,540,4885.608095,4887.985995,4792.870045,4745.312113,4512.278651,4804.759533,4966.456739,4852.317501,5021.148515,4816.649022,19123.362435,4845.183804
bak1-5-Pa,600,4536.057545,4807.137431,4688.242631,4902.253398,4640.68476,4673.975267,4847.561703,4647.818439,4726.288948,4975.96835,18103.068291,5037.793846
bak1-5-Pa,660,4757.201593,4923.654506,4926.032407,4883.230195,4676.353161,4999.747381,4899.875497,4647.818439,4914.142901,4921.276605,16752.209342,4823.782717
bak1-5-Pa,720,4740.556321,4887.985995,4961.700934,5185.224068,4764.335282,4885.608095,4885.608095,4833.29431,5061.572896,5258.939281,16000.68501,5094.863577
bak1-5-Pa,780,4790.492148,4897.497597,4978.346253,5116.264737,4728.666843,4704.887892,4821.404818,4937.921914,5182.846159,5258.939281,14861.52076,4899.875497
bak1-5-Pa,840,4807.137431,4766.713179,4907.009199,4980.724155,4916.520802,4752.445801,4945.05562,4816.649022,4926.032407,5180.46825,13546.388881,4747.690009
bak1-5-Pa,900,4852.317501,4954.567228,4923.654506,5066.328706,4954.567228,4880.852295,4933.166111,4866.584897,4866.584897,5132.910087,12412.015814,5094.863577
bak1-5-Pa,960,4826.160615,4887.985995,4823.782717,4966.456739,5056.817085,4878.474395,5028.282228,4854.6954,5080.59614,5249.427636,10878.140697,5071.084517
bak1-5-Pa,1020,4859.451198,5040.17175,4947.433521,5094.863577,5009.258996,4975.96835,4992.613671,4923.654506,5023.526419,5232.782262,9924.537034,5142.421717
bak1-5-Pa,1080,4683.486843,5018.770611,4826.160615,4814.271124,5040.17175,4833.29431,4861.829098,4854.6954,4918.898703,5130.53218,8909.1162,5106.753109
bak1-5-Pa,1140,5068.706612,5016.392707,4928.410308,5137.665902,4845.183804,4985.479961,5189.979886,5016.392707,4940.299816,4868.962796,7986.449893,5161.444981
bak1-5-Pa,1200,4916.520802,4956.94513,4771.468972,4959.323032,4978.346253,4909.3871,4987.857865,5040.17175,5006.881092,5261.317192,7548.900518,5220.892711
bak1-5-Pa,1260,4830.916412,4899.875497,4868.962796,4692.998419,4880.852295,4997.369478,4961.700934,5025.904324,5082.974046,5044.92756,6573.934971,5189.979886
bak1-5-Pa,1320,4761.957386,5075.840329,5014.014803,4918.898703,4859.451198,5025.904324,5018.770611,4764.335282,5016.392707,5237.538083,6091.212524,5194.735704
bak1-5-Pa,1380,4773.846869,4712.021577,4840.428006,4942.677718,4964.078837,5068.706612,4918.898703,5090.107764,5059.19499,5109.131016,6086.456652,5187.601977
bak1-5-Pa,1440,4776.224766,4911.765,4961.700934,4954.567228,5128.154272,4935.544013,5111.508923,4918.898703,5042.549655,5035.415941,5829.64,5194.735704
bak1-5-Pa,1500,5125.776365,5140.04381,5199.491523,5263.695103,5151.933349,5118.642644,5113.88683,4992.613671,5149.555441,5223.270621,5539.533293,5216.136891
bak1-5-Pa,1560,5149.555441,5128.154272,4880.852295,4985.479961,4845.183804,4945.05562,4987.857865,4990.235768,5140.04381,5237.538083,5285.096308,5223.270621
bak1-5-Pa,1620,4809.515328,4868.962796,5066.328706,5063.950801,5049.68337,5123.398458,5071.084517,5073.462423,5144.799625,5282.718396,5311.253344,5304.119606
bak1-5-Pa,1680,5111.508923,4916.520802,5130.53218,5061.572896,5185.224068,5123.398458,5204.247342,4990.235768,5159.067073,5389.724503,5228.026441,5325.520822
bak1-5-Pa,1740,5059.19499,5132.910087,5085.351952,5009.258996,4923.654506,4918.898703,4923.654506,5071.084517,5006.881092,5170.956615,5237.538083,5242.293904
bak1-5-Pa,1800,4930.78821,5025.904324,4747.690009,4845.183804,4647.818439,4890.363896,4911.765,4823.782717,5128.154272,5006.881092,5168.578707,5251.805547
bak1-5-Pa,1860,4918.898703,5004.503188,4928.410308,4804.759533,4904.631298,5025.904324,5002.125285,5059.19499,5097.241483,5180.46825,5189.979886,5106.753109
bak1-5-Pa,1920,4930.78821,4890.363896,5063.950801,4959.323032,5014.014803,4949.811423,4876.096495,4876.096495,4788.114251,5106.753109,5261.317192,5249.427636
bak1-5-Pa,1980,4830.916412,5092.485671,4980.724155,5118.642644,4845.183804,4857.073299,4814.271124,4859.451198,4971.212544,4980.724155,5406.36991,5042.549655
bak1-5-Pa,2040,4747.690009,4816.649022,4866.584897,4892.741796,5075.840329,4868.962796,5014.014803,4833.29431,5042.549655,5092.485671,5325.520822,5170.956615
bak1-5-Pa,2100,4959.323032,4880.852295,4838.050107,4956.94513,4921.276605,4895.119696,4954.567228,4828.538513,4985.479961,4897.497597,5106.753109,5009.258996
bak1-5-Pa,2160,4854.6954,4985.479961,4959.323032,4994.991574,5168.578707,4885.608095,4949.811423,5047.305465,5094.863577,5194.735704,5149.555441,5244.671815
bak1-5-Pa,2220,5002.125285,4973.590447,4945.05562,5087.729858,5085.351952,4880.852295,5068.706612,4890.363896,5056.817085,5147.177533,5244.671815,5085.351952
bak1-5-Pa,2280,5173.334524,5014.014803,4918.898703,4878.474395,4835.672209,4914.142901,4911.765,4959.323032,5025.904324,5056.817085,5230.404351,5247.049726
bak1-5-Pa,2340,4961.700934,4792.870045,4947.433521,4928.410308,5044.92756,5101.997296,4971.212544,5042.549655,5018.770611,5156.689165,5125.776365,5201.869433
bak1-5-Pa,2400,5068.706612,5006.881092,4994.991574,5066.328706,4845.183804,5235.160172,4947.433521,5085.351952,5230.404351,5204.247342,5503.864508,5368.32327
bak1-5-Pa,2460,5106.753109,5163.82289,5235.160172,5125.776365,5082.974046,4987.857865,5304.119606,4930.78821,5128.154272,5270.828837,5311.253344,5220.892711
bak1-5-Pa,2520,5006.881092,4949.811423,5009.258996,5166.200798,5049.68337,5166.200798,5216.136891,5261.317192,5304.119606,5304.119606,5373.079099,5525.265777
bak1-5-Pa,2580,5085.351952,5206.625252,5323.142908,5063.950801,5185.224068,5142.421717,5256.561369,5280.340484,5273.206749,5375.457014,5525.265777,5423.015321
bak1-5-Pa,2640,5213.758981,5154.311257,5113.88683,4966.456739,4954.567228,4802.381635,4971.212544,4956.94513,5106.753109,5094.863577,5296.985869,5006.881092
bak1-5-Pa,2700,4911.765,4978.346253,4892.741796,5090.107764,4785.736354,4864.206997,4847.561703,4861.829098,4940.299816,5228.026441,5151.933349,5085.351952
bak1-5-Pa,2760,4983.102058,4714.399472,4752.445801,4716.777367,4811.893226,4883.230195,4921.276605,4971.212544,5220.892711,5223.270621,5144.799625,5182.846159
bak1-5-Pa,2820,4880.852295,4795.247943,4842.805905,5004.503188,4785.736354,4949.811423,4914.142901,4845.183804,4921.276605,4802.381635,4892.741796,4961.700934
bak1-5-Pa,2880,4792.870045,4640.68476,4702.509997,4738.178425,4859.451198,4800.003738,4956.94513,4926.032407,4940.299816,5216.136891,5244.671815,5232.782262
bak1-5-Pa,2940,5002.125285,4773.846869,4892.741796,4816.649022,4709.643682,4871.340696,4828.538513,4840.428006,4992.613671,5116.264737,5063.950801,5104.375203
Col-1391,0,5223.270621,4809.515328,4590.749027,4600.260593,4374.361208,4379.116978,4569.348008,4500.389207,4685.864737,4555.080665,4585.993244,4676.353161
Col-1391,60,4303.024693,4267.356459,4440.942013,4255.467052,4245.955527,4398.140061,4498.011319,4500.389207,4645.440546,4790.492148,4723.911052,4876.096495
Col-1391,120,4295.891045,4314.914108,4490.877653,4426.674693,4443.3199,4590.749027,4443.3199,4450.453561,4593.126918,5658.429357,4716.777367,4628.795297
Col-1391,180,6390.833011,4780.980559,4740.556321,5380.212843,4490.877653,4876.096495,4429.05258,4975.96835,4728.666843,6792.706694,5760.680114,6048.409689
Col-1391,240,17334.883381,5739.278782,6426.502191,8034.009752,4814.271124,8324.125503,5518.13202,8205.225478,6183.952078,8652.290489,8400.221612,10944.726913
Col-1391,300,34424.578116,7910.354178,10435.819381,11765.168769,5147.177533,15008.969082,7339.638619,14043.425333,13087.405808,12949.473585,14012.5091,16531.032145
Col-1391,360,42379.606824,10110.025136,15068.424127,14369.235591,5929.513045,21385.17975,10278.867243,18402.733753,20852.422072,17855.726215,19218.495419,19722.702123
Col-1391,420,43043.354584,10133.805693,18233.874505,15187.334349,6638.139654,22117.727347,13134.968698,20911.881458,23582.842658,20374.37021,20134.156174,21406.585266
Col-1391,480,40868.946958,10863.872229,18029.341246,14580.894061,6935.384227,21599.235172,14062.450713,20850.043697,22172.430846,20800.097848,19898.699551,20000.968504
Col-1391,540,34022.565656,9686.732405,16956.739338,13199.178645,6821.242181,19931.996405,13941.163992,19784.539013,18738.075006,18179.173699,18497.865881,17308.722415
Col-1391,600,24408.171048,8680.826639,14495.279331,11327.598732,6635.761702,16307.477318,11746.143935,15960.255104,15408.507834,17163.648121,15139.770239,13586.817568
Col-1391,660,16816.422192,7696.335366,11700.959972,9356.185144,6333.762355,11988.710906,10133.805693,12759.222634,12055.298047,14937.623086,11201.559981,10026.793242
Col-1391,720,11910.233276,6521.620083,9282.466156,7510.852859,5872.442719,9125.516281,8516.743919,10178.98877,9917.402885,11743.765831,8861.555821,8024.497778
Col-1391,780,8668.936575,5988.961345,7441.891524,6581.068822,5420.637405,7163.668809,6745.147573,8167.177507,8057.789692,9434.660269,6921.116463,6376.565343
Col-1391,840,6718.990069,5346.922043,5998.473077,5851.041357,5230.404351,6210.109408,5777.325598,7108.975569,6842.643802,7703.469317,5979.449614,5696.476135
Col-1391,900,6022.252412,5168.578707,5810.616578,5425.393237,5209.003161,5584.713776,5413.503657,5986.583412,6055.543493,6450.281653,5399.236164,5527.643696
Col-1391,960,5515.754101,5256.561369,5239.915993,5178.090341,5037.793846,5558.556651,5023.526419,5506.242426,5917.62339,5862.931001,5525.265777,5277.962572
Col-1391,1020,5173.334524,5118.642644,5173.334524,5159.067073,4975.96835,5282.718396,5197.113614,5337.410388,5601.359224,5577.580014,5037.793846,5037.793846
Col-1391,1080,5075.840329,4942.677718,5028.282228,4764.335282,4795.247943,5249.427636,4959.323032,5189.979886,5308.875431,5425.393237,5237.538083,5256.561369
Col-1391,1140,5040.17175,4937.921914,5094.863577,4838.050107,4857.073299,4928.410308,5071.084517,5159.067073,5189.979886,5161.444981,5304.119606,5342.166215
Col-1391,1200,5030.660132,5040.17175,4842.805905,5004.503188,4999.747381,5092.485671,5063.950801,5104.375203,5308.875431,5168.578707,5101.997296,5384.968673
Col-1391,1260,5040.17175,4878.474395,5014.014803,4964.078837,4911.765,4987.857865,5028.282228,5063.950801,5365.945356,5242.293904,5275.584661,5123.398458
Col-1391,1320,5099.61939,4945.05562,5199.491523,5059.19499,4940.299816,4845.183804,4902.253398,5061.572896,5299.363781,5277.962572,5078.218235,5101.997296
Col-1391,1380,4854.6954,5004.503188,4968.834642,5073.462423,4964.078837,5009.258996,4990.235768,5220.892711,5377.834928,5206.625252,5323.142908,5225.648531
Col-1391,1440,5130.53218,4933.166111,5037.793846,4895.119696,5125.776365,4918.898703,4861.829098,5185.224068,5189.979886,5211.381071,5206.625252,5216.136891
Col-1391,1500,5299.363781,5052.061275,5166.200798,5337.410388,5256.561369,5130.53218,5140.04381,5023.526419,5109.131016,5163.82289,5151.933349,5292.230044
Col-1391,1560,5135.287994,4990.235768,5166.200798,4983.102058,4814.271124,5111.508923,5189.979886,5044.92756,5080.59614,5249.427636,5251.805547,5332.654561
Col-1391,1620,4873.718596,4821.404818,5097.241483,5044.92756,5090.107764,5047.305465,5075.840329,5025.904324,5085.351952,5280.340484,5339.788302,5323.142908
Col-1391,1680,5156.689165,4866.584897,5063.950801,5187.601977,5123.398458,5059.19499,5166.200798,5002.125285,5292.230044,5273.206749,5201.869433,5527.643696
Col-1391,1740,5161.444981,5033.038037,5189.979886,5109.131016,5049.68337,4811.893226,5068.706612,5066.328706,5187.601977,5306.497519,5071.084517,5320.764995
Col-1391,1800,4971.212544,5137.665902,4916.520802,4864.206997,4885.608095,4997.369478,4928.410308,4940.299816,5285.096308,5018.770611,5023.526419,5439.660735
Col-1391,1860,4933.166111,4992.613671,4899.875497,5016.392707,5059.19499,5087.729858,5097.241483,5216.136891,5209.003161,5078.218235,5159.067073,5099.61939
Col-1391,1920,5154.311257,4940.299816,4994.991574,5018.770611,4978.346253,4987.857865,4945.05562,4973.590447,4997.369478,5199.491523,5194.735704,5434.904902
Col-1391,1980,4800.003738,5061.572896,4895.119696,5044.92756,4740.556321,4921.276605,4854.6954,5285.096308,5111.508923,5092.485671,5182.846159,5330.276648
Col-1391,2040,4964.078837,4866.584897,4916.520802,4964.078837,5094.863577,5035.415941,5023.526419,5040.17175,5220.892711,5113.88683,5268.450926,5446.794485
Col-1391,2100,5006.881092,4930.78821,4921.276605,4973.590447,4819.02692,4937.921914,4907.009199,5151.933349,5023.526419,5075.840329,5109.131016,5125.776365
Col-1391,2160,4945.05562,4895.119696,4859.451198,5147.177533,4928.410308,4987.857865,5168.578707,5289.852132,5033.038037,5280.340484,5235.160172,5477.707409
Col-1391,2220,5075.840329,4990.235768,4892.741796,5125.776365,5128.154272,4940.299816,5111.508923,5247.049726,5168.578707,5268.450926,5128.154272,5415.881573
Col-1391,2280,5151.933349,5042.549655,4895.119696,5016.392707,4849.939602,4997.369478,4952.189325,5199.491523,5092.485671,5206.625252,5277.962572,5663.185203
Col-1391,2340,5118.642644,4878.474395,5037.793846,5116.264737,5040.17175,5273.206749,4978.346253,5080.59614,5142.421717,5121.020551,5325.520822,5430.149069
Col-1391,2400,5218.514801,5209.003161,5166.200798,5156.689165,4866.584897,5306.497519,5166.200798,5258.939281,5199.491523,5230.404351,5346.922043,5753.546336
Col-1391,2460,5370.701184,5168.578707,5209.003161,5137.665902,5211.381071,5187.601977,5277.962572,5220.892711,5337.410388,5239.915993,5223.270621,5748.790484
Col-1391,2520,5149.555441,5071.084517,4968.834642,5135.287994,5080.59614,5242.293904,5237.538083,5394.480333,5154.311257,5418.259489,5335.032475,5715.499531
Col-1391,2580,5370.701184,5187.601977,5375.457014,5349.299957,5356.433699,5228.026441,5244.671815,5123.398458,5104.375203,5408.747826,5637.028053,5684.586515
Col-1391,2640,5639.405975,5037.793846,5149.555441,5125.776365,4864.206997,4868.962796,5033.038037,5028.282228,5175.712432,5251.805547,5370.701184,5449.172402
Col-1391,2700,5149.555441,4975.96835,5204.247342,5068.706612,4937.921914,4983.102058,4895.119696,5094.863577,5142.421717,5403.991994,5163.82289,5363.567441
Col-1391,2760,4937.921914,4866.584897,5033.038037,5170.956615,4840.428006,5159.067073,5085.351952,5063.950801,5054.43918,5411.125741,5247.049726,5439.660735
Col-1391,2820,5151.933349,4909.3871,4999.747381,5137.665902,4887.985995,5113.88683,4942.677718,5116.264737,4947.433521,4987.857865,5002.125285,5049.68337
Col-1391,2880,4952.189325,4914.142901,4926.032407,5042.549655,4909.3871,4899.875497,5068.706612,5087.729858,4975.96835,5237.538083,4997.369478,5266.073015
Col-1391,2940,4876.096495,4780.980559,5056.817085,5149.555441,4719.155262,5228.026441,4876.096495,4956.94513,5194.735704,5463.439904,5213.758981,5342.166215
fls2/efr-1391,0,5209.003161,4673.975267,4547.946994,4495.63343,4224.5546,4605.016376,4531.301766,4379.116978,4662.085799,4614.527944,4602.638484,4547.946994
fls2/efr-1391,60,4402.895832,4360.0939,4364.849669,4279.245869,4424.296807,4388.628519,4362.471785,4555.080665,4552.702775,4773.846869,4564.592226,4752.445801
fls2/efr-1391,120,4426.674693,4253.08917,4457.587223,4398.140061,4298.268928,4324.425641,4362.471785,4609.77216,4605.016376,4690.620525,4631.17319,4562.214336
fls2/efr-1391,180,4628.795297,4512.278651,4452.831449,4593.126918,4521.790208,4486.121877,4426.674693,4631.17319,4731.044738,4752.445801,4954.567228,4771.468972
fls2/efr-1391,240,4581.237462,4593.126918,4576.48168,4612.150052,4650.196332,4574.103789,4490.877653,4600.260593,4647.818439,4783.358456,4792.870045,4861.829098
fls2/efr-1391,300,4507.522874,4424.296807,4524.168097,4495.63343,4421.91892,4502.767096,4543.191214,4514.65654,4690.620525,4738.178425,4985.479961,4926.032407
fls2/efr-1391,360,4700.132103,4764.335282,4609.77216,4621.66162,4788.114251,4685.864737,4783.358456,4662.085799,4654.952119,4873.718596,4999.747381,4842.805905
fls2/efr-1391,420,4704.887892,4797.62584,4569.348008,4761.957386,4907.009199,4566.970117,4816.649022,4792.870045,4685.864737,4766.713179,5228.026441,5118.642644
fls2/efr-1391,480,4921.276605,4759.579489,4407.651604,5132.910087,5044.92756,4978.346253,4833.29431,4343.448711,4947.433521,4685.864737,5011.636899,4507.522874
fls2/efr-1391,540,4821.404818,4816.649022,4757.201593,4795.247943,4412.407376,4940.299816,4688.242631,4761.957386,4968.834642,4945.05562,4945.05562,4909.3871
fls2/efr-1391,600,4495.63343,4436.18624,4455.209336,4564.592226,4602.638484,4773.846869,4792.870045,4707.265787,4833.29431,4849.939602,4926.032407,4949.811423
fls2/efr-1391,660,4809.515328,4868.962796,4407.651604,4619.283728,4783.358456,4740.556321,4657.330012,4838.050107,4707.265787,4892.741796,4788.114251,4926.032407
fls2/efr-1391,720,4600.260593,4654.952119,4766.713179,4811.893226,4650.196332,4761.957386,4769.091075,4845.183804,4871.340696,4949.811423,4847.561703,5161.444981
fls2/efr-1391,780,4585.993244,4864.206997,4780.980559,4633.551082,4816.649022,4754.823697,4821.404818,4904.631298,4892.741796,4956.94513,4992.613671,4914.142901
fls2/efr-1391,840,4780.980559,4612.150052,4605.016376,4785.736354,4723.911052,4838.050107,4664.463692,4828.538513,4780.980559,5002.125285,4966.456739,4928.410308
fls2/efr-1391,900,4757.201593,4804.759533,4807.137431,4714.399472,4933.166111,4704.887892,4685.864737,4721.533157,4766.713179,4916.520802,5056.817085,4968.834642
fls2/efr-1391,960,4876.096495,4764.335282,4707.265787,4728.666843,4985.479961,4961.700934,4838.050107,4804.759533,4954.567228,4954.567228,5085.351952,4983.102058
fls2/efr-1391,1020,4776.224766,4859.451198,4807.137431,4821.404818,4854.6954,4911.765,5042.549655,4842.805905,5033.038037,4990.235768,5042.549655,5018.770611
fls2/efr-1391,1080,4802.381635,4776.224766,4842.805905,4776.224766,4707.265787,4761.957386,4702.509997,4926.032407,4980.724155,5040.17175,5066.328706,4942.677718
fls2/efr-1391,1140,4918.898703,4947.433521,4930.78821,4916.520802,4842.805905,4952.189325,4973.590447,4792.870045,4857.073299,4907.009199,5087.729858,5066.328706
fls2/efr-1391,1200,4918.898703,4973.590447,4830.916412,4994.991574,4788.114251,4935.544013,5025.904324,4980.724155,5049.68337,5123.398458,5163.82289,5263.695103
fls2/efr-1391,1260,4985.479961,4814.271124,4773.846869,4852.317501,4864.206997,5178.090341,4873.718596,4783.358456,5011.636899,4933.166111,5232.782262,5275.584661
fls2/efr-1391,1320,4735.80053,4937.921914,4845.183804,4854.6954,4814.271124,4945.05562,4911.765,4994.991574,5061.572896,5087.729858,5018.770611,5137.665902
fls2/efr-1391,1380,4778.602663,4978.346253,4840.428006,4926.032407,5056.817085,4999.747381,4899.875497,5028.282228,5209.003161,5063.950801,5304.119606,5211.381071
fls2/efr-1391,1440,4750.067905,4866.584897,4845.183804,4911.765,5137.665902,5071.084517,5092.485671,5056.817085,4968.834642,5320.764995,5068.706612,5187.601977
fls2/efr-1391,1500,4926.032407,5199.491523,5289.852132,5044.92756,5173.334524,4997.369478,4956.94513,5104.375203,5118.642644,5030.660132,5130.53218,5249.427636
fls2/efr-1391,1560,5042.549655,5135.287994,5014.014803,4880.852295,4783.358456,5192.357795,5101.997296,4935.544013,5144.799625,5104.375203,5163.82289,5128.154272
fls2/efr-1391,1620,4928.410308,4907.009199,4904.631298,5137.665902,4930.78821,4902.253398,5123.398458,5087.729858,5166.200798,5401.614079,5078.218235,5275.584661
fls2/efr-1391,1680,5009.258996,4861.829098,4949.811423,5090.107764,5049.68337,5052.061275,5144.799625,5042.549655,5092.485671,5142.421717,5135.287994,5330.276648
fls2/efr-1391,1740,4999.747381,5082.974046,5094.863577,5054.43918,4802.381635,4947.433521,5040.17175,5028.282228,5059.19499,4971.212544,5285.096308,5187.601977
fls2/efr-1391,1800,4823.782717,4835.672209,4671.597373,4614.527944,4723.911052,4923.654506,4757.201593,4849.939602,5173.334524,5063.950801,5289.852132,5099.61939
fls2/efr-1391,1860,4876.096495,5035.415941,4942.677718,4999.747381,5052.061275,5014.014803,5104.375203,4959.323032,4921.276605,5232.782262,5025.904324,5277.962572
fls2/efr-1391,1920,4821.404818,4914.142901,4980.724155,5028.282228,4873.718596,4987.857865,4845.183804,4795.247943,4819.02692,5106.753109,5277.962572,4926.032407
fls2/efr-1391,1980,4830.916412,4973.590447,5002.125285,4923.654506,4788.114251,4849.939602,4949.811423,5040.17175,4930.78821,5042.549655,5403.991994,5021.148515
fls2/efr-1391,2040,4847.561703,4828.538513,4769.091075,4923.654506,4968.834642,4883.230195,4876.096495,4994.991574,5073.462423,5097.241483,5239.915993,5025.904324
fls2/efr-1391,2100,4733.422634,4914.142901,4983.102058,4959.323032,4954.567228,4923.654506,5109.131016,4890.363896,4769.091075,4904.631298,4909.3871,5004.503188
fls2/efr-1391,2160,4852.317501,4854.6954,4904.631298,5002.125285,4899.875497,4994.991574,5111.508923,4826.160615,4964.078837,5166.200798,5304.119606,5109.131016
fls2/efr-1391,2220,5004.503188,4952.189325,4971.212544,4940.299816,5242.293904,4994.991574,5125.776365,5056.817085,5023.526419,4959.323032,5099.61939,5266.073015
fls2/efr-1391,2280,5142.421717,5121.020551,5097.241483,5006.881092,4771.468972,4830.916412,4861.829098,4983.102058,5085.351952,5135.287994,5082.974046,5299.363781
fls2/efr-1391,2340,4761.957386,4795.247943,4997.369478,5156.689165,5052.061275,5170.956615,5044.92756,4895.119696,5009.258996,4954.567228,5411.125741,5156.689165
fls2/efr-1391,2400,4814.271124,5047.305465,5182.846159,4987.857865,5075.840329,5097.241483,4921.276605,5121.020551,5137.665902,5142.421717,5453.928236,5382.590758
fls2/efr-1391,2460,5201.869433,5137.665902,5230.404351,5199.491523,4923.654506,5014.014803,5185.224068,5254.183458,5104.375203,5263.695103,5463.439904,5325.520822
fls2/efr-1391,2520,4883.230195,4918.898703,4892.741796,5011.636899,5156.689165,4952.189325,5156.689165,5109.131016,5216.136891,5382.590758,5522.887858,5330.276648
fls2/efr-1391,2580,5109.131016,5066.328706,5263.695103,5073.462423,5223.270621,5073.462423,5294.607956,5135.287994,5384.968673,5277.962572,5629.894286,5247.049726
fls2/efr-1391,2640,5182.846159,4956.94513,4849.939602,4985.479961,4859.451198,4994.991574,4945.05562,4833.29431,4971.212544,5042.549655,5318.387082,5159.067073
fls2/efr-1391,2700,4780.980559,5042.549655,4964.078837,4807.137431,4866.584897,4842.805905,4945.05562,4930.78821,4980.724155,5170.956615,5475.329491,5173.334524
fls2/efr-1391,2760,4778.602663,4778.602663,4857.073299,4861.829098,4914.142901,4980.724155,4978.346253,5002.125285,5047.305465,5209.003161,5273.206749,5266.073015
fls2/efr-1391,2820,4707.265787,4887.985995,4940.299816,4940.299816,4942.677718,5068.706612,4823.782717,4769.091075,4804.759533,5006.881092,4994.991574,4985.479961
fls2/efr-1391,2880,4911.765,4940.299816,4681.108948,4633.551082,4716.777367,4742.934217,4814.271124,4949.811423,5061.572896,5163.82289,5696.476135,5170.956615
fls2/efr-1391,2940,4750.067905,4723.911052,4814.271124,4830.916412,4771.468972,4968.834642,4940.299816,5144.799625,5123.398458,5147.177533,5118.642644,5078.218235
bak1-4-1391,0,5251.805547,4721.533157,4540.813324,4645.440546,4462.342998,4538.435435,4509.900762,4657.330012,4500.389207,4545.569104,4647.818439,4502.767096
bak1-4-1391,60,4324.425641,4367.227554,4464.720886,4131.817316,4505.144985,4581.237462,4602.638484,4369.605439,4704.887892,4640.68476,4704.887892,4654.952119
bak1-4-1391,120,4402.895832,4276.867987,4474.232436,4348.204479,4421.91892,4462.342998,4531.301766,4552.702775,4650.196332,4609.77216,4769.091075,4645.440546
bak1-4-1391,180,4488.499765,4467.098773,4657.330012,4536.057545,4702.509997,4602.638484,4709.643682,4742.934217,4878.474395,4757.201593,4902.253398,4966.456739
bak1-4-1391,240,4474.232436,4645.440546,4476.610324,4490.877653,4526.545987,4574.103789,4695.376314,4752.445801,4721.533157,4614.527944,4823.782717,4764.335282
bak1-4-1391,300,4581.237462,4659.707905,4369.605439,4471.854549,4400.517946,4421.91892,4669.219479,4838.050107,4759.579489,4847.561703,4849.939602,4930.78821
bak1-4-1391,360,4652.574225,4807.137431,4771.468972,4612.150052,4904.631298,4750.067905,4790.492148,4540.813324,4854.6954,4676.353161,4695.376314,4921.276605
bak1-4-1391,420,4666.841586,4628.795297,4662.085799,4519.412319,4700.132103,4750.067905,4481.3661,4852.317501,5044.92756,5054.43918,4971.212544,4785.736354
bak1-4-1391,480,4538.435435,4828.538513,4096.149158,5092.485671,5090.107764,5161.444981,4483.743989,4324.425641,4671.597373,5230.404351,4945.05562,5287.47422
bak1-4-1391,540,4419.541034,4326.803524,4759.579489,4945.05562,4638.306868,5042.549655,4778.602663,4935.544013,4949.811423,4983.102058,5059.19499,4790.492148
bak1-4-1391,600,4807.137431,4802.381635,4783.358456,4797.62584,4878.474395,4731.044738,4721.533157,4961.700934,4669.219479,4759.579489,5018.770611,5237.538083
bak1-4-1391,660,4657.330012,4740.556321,4585.993244,4773.846869,4911.765,4935.544013,4849.939602,4871.340696,4688.242631,4819.02692,4819.02692,5166.200798
bak1-4-1391,720,4635.928975,4666.841586,4909.3871,4797.62584,4790.492148,4764.335282,5030.660132,4921.276605,4868.962796,5137.665902,4849.939602,5520.509939
bak1-4-1391,780,4676.353161,5037.793846,4721.533157,4624.039512,4726.288948,4731.044738,4985.479961,4909.3871,4890.363896,5021.148515,4902.253398,5484.841162
bak1-4-1391,840,4733.422634,4671.597373,4714.399472,4785.736354,4823.782717,4809.515328,4892.741796,4935.544013,4830.916412,5080.59614,5144.799625,6110.236014
bak1-4-1391,900,4766.713179,4861.829098,4826.160615,4878.474395,4745.312113,4709.643682,4830.916412,4857.073299,4845.183804,4971.212544,5087.729858,6350.407959
bak1-4-1391,960,4764.335282,4712.021577,4790.492148,4880.852295,4954.567228,5059.19499,4890.363896,4895.119696,5080.59614,4992.613671,5044.92756,6982.943462
bak1-4-1391,1020,4688.242631,4904.631298,4721.533157,4685.864737,4942.677718,4999.747381,5147.177533,4975.96835,4871.340696,5018.770611,5092.485671,7282.567287
bak1-4-1391,1080,4914.142901,4892.741796,4780.980559,4928.410308,4814.271124,4861.829098,4733.422634,5104.375203,4994.991574,5071.084517,5116.264737,7223.118026
bak1-4-1391,1140,5009.258996,4826.160615,4987.857865,4994.991574,4935.544013,4994.991574,4887.985995,5042.549655,5099.61939,4964.078837,5244.671815,7663.043603
bak1-4-1391,1200,4838.050107,4885.608095,4819.02692,5025.904324,5033.038037,5052.061275,5037.793846,5156.689165,5121.020551,5028.282228,5061.572896,7541.766581
bak1-4-1391,1260,4902.253398,4864.206997,4788.114251,4747.690009,4994.991574,5082.974046,5085.351952,4899.875497,5033.038037,5228.026441,5189.979886,7066.172189
bak1-4-1391,1320,4954.567228,4828.538513,5068.706612,4980.724155,4873.718596,4883.230195,5121.020551,4921.276605,5059.19499,5185.224068,5037.793846,6978.187537
bak1-4-1391,1380,5006.881092,4809.515328,4892.741796,4845.183804,5018.770611,4983.102058,5163.82289,5168.578707,5049.68337,5204.247342,5342.166215,6935.384227
bak1-4-1391,1440,4871.340696,4947.433521,4868.962796,4983.102058,5047.305465,5040.17175,5035.415941,5106.753109,5054.43918,5249.427636,5049.68337,6704.722343
bak1-4-1391,1500,4968.834642,5080.59614,5235.160172,4992.613671,5263.695103,5128.154272,4902.253398,4928.410308,5261.317192,5166.200798,5230.404351,6424.124245
bak1-4-1391,1560,4954.567228,5035.415941,4966.456739,4975.96835,4821.404818,5199.491523,5275.584661,4987.857865,5130.53218,5123.398458,5201.869433,6298.093216
bak1-4-1391,1620,4790.492148,4773.846869,5161.444981,5135.287994,4942.677718,4994.991574,5156.689165,4999.747381,5099.61939,5280.340484,5189.979886,6226.754986
bak1-4-1391,1680,5071.084517,5040.17175,5087.729858,5052.061275,5318.387082,5132.910087,5151.933349,5335.032475,5128.154272,5194.735704,5132.910087,6214.865287
bak1-4-1391,1740,5011.636899,5135.287994,5023.526419,4961.700934,5075.840329,5042.549655,5168.578707,5023.526419,5035.415941,4994.991574,5261.317192,6145.905069
bak1-4-1391,1800,5099.61939,4842.805905,4918.898703,4759.579489,4804.759533,4987.857865,4887.985995,4966.456739,4975.96835,5101.997296,5220.892711,5746.412559
bak1-4-1391,1860,4973.590447,5073.462423,4978.346253,4878.474395,5071.084517,5047.305465,5113.88683,4899.875497,5002.125285,5280.340484,5320.764995,5770.191819
bak1-4-1391,1920,4835.672209,4835.672209,4959.323032,4959.323032,5004.503188,4918.898703,4807.137431,4921.276605,4871.340696,5023.526419,5187.601977,5568.068332
bak1-4-1391,1980,4795.247943,5030.660132,5071.084517,4945.05562,4864.206997,4819.02692,5156.689165,5049.68337,4887.985995,5270.828837,5361.189527,5644.16182
bak1-4-1391,2040,4759.579489,4854.6954,4790.492148,5061.572896,4987.857865,4945.05562,4954.567228,4761.957386,5049.68337,5182.846159,5097.241483,5598.981303
bak1-4-1391,2100,4792.870045,4721.533157,4883.230195,4971.212544,4814.271124,5085.351952,5028.282228,4859.451198,4769.091075,4937.921914,5097.241483,5442.038651
bak1-4-1391,2160,4907.009199,4911.765,4761.957386,5094.863577,4921.276605,4895.119696,4992.613671,5125.776365,4933.166111,5304.119606,5392.102418,5579.957935
bak1-4-1391,2220,5154.311257,5047.305465,4904.631298,5021.148515,5018.770611,4997.369478,5063.950801,5097.241483,5004.503188,5123.398458,5166.200798,5456.306153
bak1-4-1391,2280,5087.729858,4937.921914,5059.19499,4892.741796,4745.312113,4990.235768,5035.415941,4952.189325,5068.706612,5173.334524,5149.555441,5296.985869
bak1-4-1391,2340,4797.62584,4830.916412,4909.3871,4859.451198,5016.392707,5197.113614,4975.96835,5009.258996,5149.555441,4909.3871,5254.183458,5270.828837
bak1-4-1391,2400,5052.061275,5099.61939,5173.334524,5137.665902,5016.392707,5097.241483,5216.136891,5123.398458,5180.46825,5325.520822,5463.439904,5560.934571
bak1-4-1391,2460,5018.770611,5142.421717,5180.46825,5128.154272,5080.59614,5090.107764,5251.805547,5277.962572,5092.485671,5584.713776,5323.142908,5430.149069
bak1-4-1391,2520,4883.230195,4947.433521,4887.985995,5185.224068,5052.061275,5199.491523,5342.166215,5266.073015,5056.817085,5356.433699,5415.881573,5280.340484
bak1-4-1391,2580,4994.991574,5130.53218,5033.038037,5237.538083,5149.555441,5159.067073,5154.311257,5266.073015,5316.009169,5320.764995,5368.32327,5394.480333
bak1-4-1391,2640,5135.287994,4916.520802,4983.102058,5047.305465,4883.230195,4971.212544,4959.323032,5104.375203,5014.014803,5156.689165,5132.910087,5071.084517
bak1-4-1391,2700,4797.62584,5009.258996,4852.317501,4994.991574,4788.114251,4838.050107,5116.264737,5059.19499,4840.428006,5023.526419,5104.375203,5178.090341
bak1-4-1391,2760,4959.323032,4785.736354,4819.02692,4826.160615,5023.526419,5071.084517,5258.939281,5063.950801,5011.636899,5147.177533,5135.287994,5342.166215
bak1-4-1391,2820,4830.916412,4975.96835,4842.805905,5116.264737,5035.415941,4992.613671,4985.479961,4880.852295,4780.980559,4916.520802,4990.235768,4990.235768
bak1-4-1391,2880,4688.242631,4702.509997,4899.875497,4785.736354,4688.242631,4887.985995,5144.799625,4902.253398,5021.148515,5080.59614,5028.282228,5178.090341
bak1-4-1391,2940,4716.777367,4602.638484,4764.335282,4842.805905,4792.870045,4907.009199,5140.04381,5054.43918,4947.433521,5192.357795,5066.328706,4978.346253
bak1-5-1391,0,5161.444981,4776.224766,4500.389207,4578.859571,4381.494863,4300.64681,4369.605439,4371.983323,4478.988212,4581.237462,4607.394268,4585.993244
bak1-5-1391,60,4317.291991,4374.361208,4179.374884,4288.757398,4324.425641,4400.517946,4505.144985,4457.587223,4647.818439,4581.237462,4509.900762,4764.335282
bak1-5-1391,120,4312.536225,4352.960247,4445.697787,4274.490105,4462.342998,4559.836446,4329.181408,4326.803524,4550.324884,4609.77216,4816.649022,4640.68476
bak1-5-1391,180,4360.0939,4547.946994,4436.18624,4509.900762,4540.813324,4581.237462,4509.900762,4498.011319,4662.085799,4745.312113,6438.391921,4752.445801
bak1-5-1391,240,4486.121877,4562.214336,4486.121877,4757.201593,4628.795297,4410.02949,4431.430466,4616.905836,4673.975267,4669.219479,9365.697276,4883.230195
bak1-5-1391,300,4445.697787,4502.767096,4305.402576,4521.790208,4419.541034,4395.762175,4371.983323,4807.137431,4759.579489,4987.857865,13253.876048,5748.790484
bak1-5-1391,360,4607.394268,4607.394268,4733.422634,4833.29431,4845.183804,4645.440546,4830.916412,4571.725898,4714.399472,4728.666843,14918.597498,6806.974436
bak1-5-1391,420,4676.353161,4723.911052,4609.77216,4467.098773,4414.785262,4942.677718,4785.736354,4524.168097,4973.590447,4714.399472,15123.122807,7624.99589
bak1-5-1391,480,4307.780459,4961.700934,4122.305806,5028.282228,4956.94513,5037.793846,4493.255542,4329.181408,4414.785262,4816.649022,12654.584803,7413.355816
bak1-5-1391,540,4985.479961,4828.538513,4928.410308,4816.649022,4840.428006,4859.451198,4835.672209,4761.957386,4600.260593,4840.428006,11211.072333,7044.770508
bak1-5-1391,600,4669.219479,4892.741796,4802.381635,4635.928975,4638.306868,4954.567228,4721.533157,4866.584897,4807.137431,4904.631298,9092.223923,6362.297678
bak1-5-1391,660,4662.085799,4819.02692,4700.132103,4521.790208,4585.993244,4750.067905,4614.527944,4650.196332,4788.114251,4690.620525,7106.597603,5660.80728
bak1-5-1391,720,4692.998419,4590.749027,4790.492148,4707.265787,4709.643682,4712.021577,4926.032407,4821.404818,4854.6954,5132.910087,6340.896185,5401.614079
bak1-5-1391,780,4795.247943,4923.654506,4849.939602,4697.754208,4500.389207,4709.643682,4864.206997,4842.805905,4757.201593,4971.212544,5513.376182,4997.369478
bak1-5-1391,840,4671.597373,4712.021577,4657.330012,4878.474395,4909.3871,4716.777367,4783.358456,4697.754208,4785.736354,4826.160615,5346.922043,4980.724155
bak1-5-1391,900,4733.422634,5006.881092,4728.666843,4726.288948,4766.713179,4590.749027,4707.265787,4726.288948,4930.78821,5023.526419,5147.177533,5116.264737
bak1-5-1391,960,4852.317501,4769.091075,4697.754208,4654.952119,4849.939602,5030.660132,4861.829098,4885.608095,5144.799625,5068.706612,5042.549655,4857.073299
bak1-5-1391,1020,4700.132103,4975.96835,4716.777367,4921.276605,4780.980559,4852.317501,4997.369478,4892.741796,5016.392707,4949.811423,5211.381071,5109.131016
bak1-5-1391,1080,4795.247943,4714.399472,4714.399472,4826.160615,4826.160615,4773.846869,4952.189325,4811.893226,4895.119696,5042.549655,5204.247342,5201.869433
bak1-5-1391,1140,4890.363896,4790.492148,4880.852295,4978.346253,4909.3871,4928.410308,5040.17175,4783.358456,4954.567228,4876.096495,5149.555441,5209.003161
bak1-5-1391,1200,4868.962796,4795.247943,5014.014803,4895.119696,4788.114251,4952.189325,4838.050107,4926.032407,5080.59614,5254.183458,5006.881092,5159.067073
bak1-5-1391,1260,4826.160615,4828.538513,4985.479961,4792.870045,4842.805905,4940.299816,4952.189325,4928.410308,5047.305465,5135.287994,5106.753109,5033.038037
bak1-5-1391,1320,4923.654506,4930.78821,4866.584897,4823.782717,4842.805905,4864.206997,4945.05562,4999.747381,5270.828837,5033.038037,5061.572896,5137.665902
bak1-5-1391,1380,4731.044738,4788.114251,4945.05562,4857.073299,5137.665902,4971.212544,5156.689165,5180.46825,5082.974046,5189.979886,5192.357795,5113.88683
bak1-5-1391,1440,4769.091075,5137.665902,4814.271124,4890.363896,4975.96835,4973.590447,4956.94513,5075.840329,5163.82289,5113.88683,5206.625252,5294.607956
bak1-5-1391,1500,5061.572896,5080.59614,4978.346253,5154.311257,5268.450926,5054.43918,5078.218235,5275.584661,5094.863577,5168.578707,5228.026441,5370.701184
bak1-5-1391,1560,5249.427636,5063.950801,5025.904324,4994.991574,4823.782717,5073.462423,5009.258996,5056.817085,4992.613671,5125.776365,5166.200798,5423.015321
bak1-5-1391,1620,4926.032407,4759.579489,4966.456739,5063.950801,4987.857865,5097.241483,5085.351952,5111.508923,5063.950801,5049.68337,5337.410388,5375.457014
bak1-5-1391,1680,4999.747381,4885.608095,5130.53218,5071.084517,5109.131016,5075.840329,5099.61939,5033.038037,5094.863577,5285.096308,5109.131016,5266.073015
bak1-5-1391,1740,4935.544013,5118.642644,5030.660132,5009.258996,4816.649022,4990.235768,4935.544013,4930.78821,4909.3871,5044.92756,5325.520822,5061.572896
bak1-5-1391,1800,4961.700934,5016.392707,4704.887892,4785.736354,4892.741796,4835.672209,4731.044738,4790.492148,5018.770611,4947.433521,5082.974046,5156.689165
bak1-5-1391,1860,5073.462423,5054.43918,4864.206997,5009.258996,5052.061275,4930.78821,5018.770611,4923.654506,4937.921914,5018.770611,5239.915993,5097.241483
bak1-5-1391,1920,4802.381635,4975.96835,4940.299816,4909.3871,4918.898703,4823.782717,4838.050107,4909.3871,4952.189325,5154.311257,5323.142908,5147.177533
bak1-5-1391,1980,4975.96835,4971.212544,4885.608095,4897.497597,4876.096495,4945.05562,4971.212544,4890.363896,4968.834642,5109.131016,5220.892711,5263.695103
bak1-5-1391,2040,4849.939602,4916.520802,4819.02692,5011.636899,4814.271124,4921.276605,4823.782717,4814.271124,5101.997296,5192.357795,5025.904324,5147.177533
bak1-5-1391,2100,4809.515328,4828.538513,4788.114251,4935.544013,4907.009199,4819.02692,4909.3871,4819.02692,4861.829098,4994.991574,5021.148515,5247.049726
bak1-5-1391,2160,4945.05562,4923.654506,5016.392707,5066.328706,4904.631298,4926.032407,5016.392707,4964.078837,4956.94513,5216.136891,5206.625252,5040.17175
bak1-5-1391,2220,4956.94513,4916.520802,4973.590447,4978.346253,5144.799625,5116.264737,4952.189325,5056.817085,5128.154272,5292.230044,5118.642644,5442.038651
bak1-5-1391,2280,5116.264737,5063.950801,5135.287994,4978.346253,4800.003738,4942.677718,4783.358456,4902.253398,5199.491523,5014.014803,5304.119606,5311.253344
bak1-5-1391,2340,4899.875497,4771.468972,4994.991574,5009.258996,4994.991574,5071.084517,5068.706612,4990.235768,5063.950801,5137.665902,5266.073015,5182.846159
bak1-5-1391,2400,5021.148515,4918.898703,5161.444981,5092.485671,4992.613671,5080.59614,5025.904324,5054.43918,5192.357795,5244.671815,5437.282818,5437.282818
bak1-5-1391,2460,5237.538083,5118.642644,4994.991574,5066.328706,5061.572896,4949.811423,5028.282228,5411.125741,5268.450926,5323.142908,5268.450926,5249.427636
bak1-5-1391,2520,5054.43918,5056.817085,4983.102058,4968.834642,5078.218235,5066.328706,5194.735704,5166.200798,5280.340484,5403.991994,5572.824173,5358.811613
bak1-5-1391,2580,5147.177533,5044.92756,5266.073015,5094.863577,5211.381071,5280.340484,5071.084517,5035.415941,5370.701184,5411.125741,5506.242426,5166.200798
bak1-5-1391,2640,4954.567228,4847.561703,4935.544013,4940.299816,4861.829098,4897.497597,4911.765,5040.17175,4983.102058,5111.508923,5189.979886,5156.689165
bak1-5-1391,2700,4937.921914,4902.253398,4892.741796,4849.939602,4757.201593,4935.544013,5090.107764,4892.741796,4942.677718,5002.125285,5261.317192,5163.82289
bak1-5-1391,2760,5023.526419,4800.003738,4840.428006,4800.003738,4990.235768,4902.253398,5018.770611,5125.776365,5078.218235,5185.224068,5216.136891,5194.735704
bak1-5-1391,2820,4821.404818,4878.474395,4918.898703,4897.497597,4914.142901,4990.235768,4840.428006,4731.044738,4776.224766,4866.584897,4983.102058,4935.544013
bak1-5-1391,2880,4895.119696,4814.271124,4871.340696,4766.713179,4683.486843,4914.142901,4830.916412,4861.829098,4994.991574,5194.735704,5201.869433,5092.485671
bak1-5-1391,2940,4750.067905,4700.132103,4880.852295,4700.132103,4930.78821,4897.497597,4983.102058,4907.009199,5090.107764,5163.82289,5285.096308,5185.224068
