##BLOCKS= 1          
Plate:	Plate#1	1.3	PlateFormat	Kinetic	Luminescence	Raw	FALSE	50	3000	60				1	450	1	12	96	405	Automatic	435			6	Automatic			1	8	None	
Time(hh:mm:ss)	Temperature(¡C)	1	2	3	4	5	6	7	8	9	10	11	12		
0:00	23.80	1218.970156	629.280126	417.658554	320.170153	305.903568	217.926348	156.104575	158.482335	213.170825	122.815948	165.615614	94.282851		
		966.924692	629.280126	434.302927	317.792388	196.526498	198.904259	196.526498	148.971297	146.593538	153.726816	103.793882	144.215778		
		1111.969626	543.680322	450.947303	688.724489	301.14804	198.904259	191.770977	122.815948	118.060431	227.437394	144.215778	191.770977		
		919.369033	598.369075	415.280787	355.836627	270.237115	210.793064	210.793064	184.637695	167.993374	120.43819	120.43819	101.416124		
		959.791341	408.147485	393.880884	296.392512	298.770276	191.770977	151.349056	217.926348	127.571466	94.282851	144.215778	118.060431		
		869.435622	512.769304	303.525804	258.348301	260.726064	267.859352	115.682673	210.793064	134.704742	122.815948	106.17164	127.571466		
		672.080063	519.902614	284.503694	260.726064	198.904259	179.882174	141.838019	146.593538	89.527335	346.325566	96.660608	125.193707		
		902.724559	446.191767	391.503118	303.525804	236.948441	225.059632	182.259935	170.371134	144.215778	151.349056	120.43819	125.193707		
		
1:00	24.10	182.259935	187.015455	89.527335	153.726816	103.793882	63.372006	84.77182	106.17164	103.793882	89.527335	115.682673	89.527335		
		115.682673	141.838019	96.660608	51.483223	118.060431	108.549398	72.883034	87.149578	72.883034	91.905093	72.883034	72.883034		
		106.17164	106.17164	132.326983	208.415303	103.793882	91.905093	91.905093	46.72771	75.260791	148.971297	144.215778	129.949224		
		127.571466	75.260791	72.883034	80.016306	101.416124	51.483223	101.416124	101.416124	56.238736	70.505277	51.483223	77.638548		
		94.282851	68.12752	144.215778	75.260791	132.326983	94.282851	120.43819	129.949224	99.038366	96.660608	91.905093	68.12752		
		58.616493	89.527335	94.282851	60.994249	108.549398	120.43819	80.016306	72.883034	80.016306	106.17164	65.749763	77.638548		
		108.549398	72.883034	96.660608	72.883034	94.282851	106.17164	70.505277	82.394063	65.749763	343.947801	60.994249	94.282851		
		58.616493	91.905093	122.815948	84.77182	56.238736	87.149578	87.149578	70.505277	49.105467	84.77182	72.883034	51.483223		
		
2:00	24.40	634.035673	1849.087289	313.03686	2959.532199	253.592776	336.814506	99.038366	988.324748	1311.704064	103.793882	365.34769	850.413378		
		51.483223	72.883034	70.505277	60.994249	75.260791	56.238736	72.883034	63.372006	65.749763	56.238736	53.86098	46.72771		
		80.016306	72.883034	56.238736	151.349056	44.349954	70.505277	65.749763	60.994249	53.86098	144.215778	106.17164	134.704742		
		51.483223	65.749763	63.372006	70.505277	84.77182	49.105467	80.016306	139.46026	68.12752	41.972198	49.105467	60.994249		
		106.17164	175.126654	99.038366	120.43819	748.168895	106.17164	118.060431	139.46026	72.883034	58.616493	46.72771	49.105467		
		70.505277	51.483223	87.149578	49.105467	60.994249	70.505277	56.238736	80.016306	53.86098	75.260791	77.638548	60.994249		
		46.72771	56.238736	68.12752	77.638548	72.883034	44.349954	94.282851	58.616493	63.372006	220.304109	27.705662	80.016306		
		41.972198	58.616493	53.86098	101.416124	65.749763	65.749763	77.638548	91.905093	39.594442	63.372006	51.483223	60.994249		
		
3:00	24.50	2555.299934	6226.754986	1822.931384	12609.400328	1967.97787	2162.958806	1026.369305	5323.142908	8849.665731	546.058093	2203.381743	3218.717491		
		63.372006	113.304915	68.12752	39.594442	51.483223	60.994249	46.72771	82.394063	58.616493	70.505277	63.372006	84.77182		
		58.616493	58.616493	113.304915	225.059632	39.594442	108.549398	68.12752	63.372006	72.883034	129.949224	94.282851	99.038366		
		51.483223	53.86098	46.72771	41.972198	39.594442	41.972198	75.260791	101.416124	84.77182	25.327906	80.016306	51.483223		
		75.260791	622.146805	141.838019	1169.036558	2602.856565	752.92445	557.946949	862.30228	1116.725202	177.504414	127.571466	332.058976		
		60.994249	51.483223	46.72771	58.616493	72.883034	99.038366	30.083418	49.105467	84.77182	72.883034	68.12752	51.483223		
		58.616493	51.483223	51.483223	75.260791	58.616493	46.72771	72.883034	63.372006	44.349954	239.326203	41.972198	39.594442		
		51.483223	30.083418	51.483223	39.594442	58.616493	32.461174	77.638548	63.372006	46.72771	60.994249	49.105467	60.994249		
		
4:00	24.60	5656.051434	10939.970753	5033.038037	25771.051833	6293.337332	4305.402576	4614.527944	13413.212174	19401.626732	2124.913708	3292.430892	5285.096308		
		65.749763	77.638548	80.016306	58.616493	72.883034	65.749763	60.994249	49.105467	49.105467	101.416124	65.749763	72.883034		
		127.571466	75.260791	593.61353	579.346896	236.948441	82.394063	305.903568	65.749763	139.46026	144.215778	274.992641	103.793882		
		39.594442	32.461174	84.77182	41.972198	53.86098	51.483223	46.72771	65.749763	75.260791	72.883034	99.038366	25.327906		
		208.415303	2284.227677	890.835651	6157.794757	7211.228179	1932.310677	2481.587212	3423.2129	4904.631298	886.080089	317.792388	1092.947325		
		41.972198	56.238736	53.86098	58.616493	72.883034	72.883034	46.72771	41.972198	41.972198	84.77182	56.238736	41.972198		
		49.105467	53.86098	41.972198	49.105467	22.950151	60.994249	44.349954	63.372006	77.638548	134.704742	53.86098	77.638548		
		51.483223	27.705662	75.260791	27.705662	32.461174	56.238736	77.638548	70.505277	68.12752	39.594442	46.72771	46.72771		
		
5:00	24.70	9753.31763	16295.586122	7917.488148	35982.692827	12014.870133	6219.621167	10148.07403	21271.017091	28727.607732	4562.214336	3677.643965	6783.194868		
		58.616493	87.149578	72.883034	68.12752	58.616493	68.12752	60.994249	58.616493	39.594442	51.483223	51.483223	65.749763		
		415.280787	320.170153	2006.022894	1573.26182	2025.045412	203.65978	2215.270845	229.815155	653.057866	158.482335	641.168995	184.637695		
		91.905093	72.883034	30.083418	51.483223	63.372006	41.972198	63.372006	108.549398	132.326983	60.994249	89.527335	58.616493		
		779.080004	5758.302188	3102.202898	17166.026386	11712.850486	4692.998419	5767.813893	8737.898968	15529.796778	2322.27285	969.302476	3670.510373		
		44.349954	56.238736	60.994249	63.372006	80.016306	46.72771	32.461174	39.594442	49.105467	46.72771	80.016306	56.238736		
		32.461174	44.349954	60.994249	34.83893	49.105467	63.372006	41.972198	63.372006	27.705662	172.748894	56.238736	84.77182		
		27.705662	34.83893	46.72771	34.83893	44.349954	56.238736	39.594442	60.994249	87.149578	56.238736	32.461174	72.883034		
		
6:00	24.80	12335.91589	20086.589123	10150.452087	40871.325927	16861.609042	8083.947634	15303.866539	27485.983666	35119.184286	7634.507816	3530.216521	8019.741791		
		70.505277	46.72771	46.72771	53.86098	46.72771	46.72771	37.216686	65.749763	44.349954	63.372006	44.349954	65.749763		
		1397.30469	1090.569537	4469.476661	2800.216886	7896.086239	603.124621	7632.129834	1040.636019	2022.667597	160.860094	926.50238	253.592776		
		75.260791	158.482335	139.46026	65.749763	49.105467	37.216686	53.86098	49.105467	165.615614	99.038366	96.660608	41.972198		
		2272.338564	10409.66067	6248.156448	26729.601434	13517.850996	8516.743919	8897.226102	15132.635625	27352.78376	4607.394268	2079.735178	6483.572912		
		41.972198	39.594442	80.016306	60.994249	72.883034	49.105467	39.594442	39.594442	46.72771	68.12752	56.238736	30.083418		
		53.86098	56.238736	44.349954	80.016306	51.483223	46.72771	30.083418	56.238736	34.83893	201.28202	58.616493	44.349954		
		34.83893	44.349954	77.638548	34.83893	41.972198	51.483223	56.238736	53.86098	53.86098	65.749763	32.461174	77.638548		
		
7:00	24.80	13275.27939	23080.990076	12466.712679	41991.828422	21097.395028	9120.760229	19094.822562	29821.775174	35923.222243	10305.025911	3030.867517	7634.507816		
		37.216686	60.994249	44.349954	63.372006	41.972198	60.994249	39.594442	34.83893	46.72771	37.216686	46.72771	49.105467		
		3451.747185	2391.229774	9396.611714	3677.643965	13974.458368	924.124598	14968.539676	2327.028498	4721.533157	253.592776	1116.725202	607.880166		
		70.505277	284.503694	229.815155	70.505277	65.749763	58.616493	80.016306	91.905093	251.215014	103.793882	113.304915	134.704742		
		4926.032407	15146.904854	9001.85902	31101.494335	13194.422351	11251.49984	11548.76155	20735.881803	31339.362605	6699.966434	4341.070827	9425.148128		
		46.72771	32.461174	56.238736	65.749763	58.616493	91.905093	27.705662	44.349954	27.705662	72.883034	41.972198	58.616493		
		63.372006	106.17164	44.349954	87.149578	41.972198	41.972198	39.594442	68.12752	22.950151	217.926348	70.505277	63.372006		
		63.372006	56.238736	63.372006	41.972198	37.216686	41.972198	56.238736	41.972198	70.505277	53.86098	49.105467	58.616493		
		
8:00	24.80	12654.584803	23364.025032	12882.885701	39294.084665	22978.717186	8721.252868	21030.800364	30663.818565	32861.736275	12637.937889	2793.083372	7123.243367		
		51.483223	68.12752	34.83893	58.616493	60.994249	65.749763	65.749763	53.86098	974.058043	41.972198	51.483223	41.972198		
		5717.877456	3660.998918	14288.377447	4666.841586	19515.786723	1604.173248	20911.881458	3532.594381	7784.320808	303.525804	1047.769377	1245.125863		
		44.349954	660.191189	405.769718	139.46026	122.815948	99.038366	63.372006	80.016306	303.525804	196.526498	156.104575	156.104575		
		7346.772538	17677.354999	10043.439614	31738.98289	10951.861154	13410.834021	12278.840995	24034.750521	31222.807064	8421.623656	6859.289511	11603.457824		
		58.616493	56.238736	39.594442	32.461174	56.238736	68.12752	60.994249	65.749763	44.349954	70.505277	30.083418	37.216686		
		72.883034	51.483223	56.238736	58.616493	46.72771	41.972198	51.483223	53.86098	44.349954	179.882174	39.594442	44.349954		
		32.461174	44.349954	80.016306	53.86098	46.72771	41.972198	39.594442	151.349056	106.17164	37.216686	44.349954	53.86098		
		
9:00	24.90	10238.440227	22367.461015	12832.944824	36289.561742	24486.660935	7767.674907	22388.866795	29015.419892	26375.198383	14469.119294	1818.175766	6319.494698		
		39.594442	63.372006	51.483223	49.105467	70.505277	127.571466	46.72771	41.972198	125.193707	51.483223	63.372006	58.616493		
		7013.856979	4112.794297	16840.204741	4607.394268	20215.020224	1927.555053	23642.304074	4157.973975	8452.537729	229.815155	933.635728	1844.331669		
		37.216686	831.391139	572.21358	101.416124	148.971297	184.637695	68.12752	134.704742	313.03686	167.993374	120.43819	215.548586		
		9734.293274	16374.068052	9841.305334	29239.010218	8664.18055	13173.019031	12523.787708	23777.876265	30670.954564	9365.697276	8985.212865	12428.662682		
		39.594442	49.105467	44.349954	41.972198	60.994249	122.815948	46.72771	37.216686	49.105467	56.238736	46.72771	46.72771		
		51.483223	41.972198	49.105467	63.372006	51.483223	34.83893	53.86098	39.594442	70.505277	151.349056	44.349954	46.72771		
		32.461174	32.461174	34.83893	63.372006	39.594442	51.483223	46.72771	82.394063	41.972198	44.349954	39.594442	46.72771		
		
10:00	25.00	7746.273038	21092.638264	12312.134679	30987.317816	23949.125677	6545.399573	22101.078464	25292.97059	20633.61191	15753.349432	1364.015547	4859.451198		
		41.972198	41.972198	63.372006	60.994249	60.994249	51.483223	49.105467	58.616493	80.016306	22.950151	51.483223	49.105467		
		7456.159382	3996.278402	15910.312306	4039.08014	19047.256129	1811.04234	21318.584846	4236.444003	7615.483964	267.859352	902.724559	1984.622566		
		51.483223	881.324526	664.946738	113.304915	158.482335	334.436741	53.86098	68.12752	248.837252	187.015455	141.838019	196.526498		
		10761.614952	14012.5091	9439.41634	26268.164213	6742.769618	11729.497209	12052.919934	21963.130705	25145.50332	9967.341943	10045.817667	12526.165835		
		44.349954	41.972198	30.083418	63.372006	65.749763	49.105467	41.972198	56.238736	51.483223	80.016306	44.349954	46.72771		
		41.972198	49.105467	39.594442	65.749763	32.461174	53.86098	27.705662	51.483223	32.461174	139.46026	60.994249	39.594442		
		60.994249	39.594442	41.972198	34.83893	46.72771	46.72771	58.616493	58.616493	63.372006	51.483223	41.972198	94.282851		
		
11:00	25.10	5620.382597	17715.407492	11085.033765	25088.419289	23290.29314	5116.264737	21860.859244	21718.155099	14309.781065	15753.349432	936.013511	3789.403661		
		39.594442	46.72771	41.972198	27.705662	77.638548	68.12752	56.238736	34.83893	34.83893	63.372006	58.616493	46.72771		
		6402.722736	3344.74367	13653.406038	2866.796382	14507.170261	1639.840294	16271.803734	3385.167203	5584.713776	222.68187	733.902234	1749.219337		
		120.43819	805.235567	722.013351	99.038366	127.571466	424.791856	56.238736	125.193707	189.393216	158.482335	158.482335	134.704742		
		10794.908004	10756.858802	7762.918935	21161.611364	4792.870045	10271.733062	9565.452316	18060.25903	19827.349195	9772.34199	8866.311857	11605.835924		
		34.83893	41.972198	39.594442	46.72771	70.505277	32.461174	63.372006	27.705662	41.972198	37.216686	44.349954	65.749763		
		56.238736	37.216686	22.950151	63.372006	41.972198	44.349954	37.216686	39.594442	56.238736	153.726816	37.216686	53.86098		
		41.972198	39.594442	41.972198	25.327906	60.994249	51.483223	41.972198	101.416124	51.483223	60.994249	25.327906	44.349954		
		
12:00	25.10	4129.439438	14982.808876	10511.917497	20707.341354	22165.295605	3684.777558	20405.288901	17594.115235	9962.585841	15679.624551	743.413341	2486.342869		
		27.705662	34.83893	56.238736	63.372006	41.972198	51.483223	49.105467	75.260791	58.616493	46.72771	106.17164	34.83893		
		4840.428006	2648.035391	10071.976259	1956.088804	9477.464915	1335.482007	10892.409167	2379.340645	3710.934071	305.903568	550.813635	1451.994027		
		134.704742	645.924543	691.102264	118.060431	106.17164	408.147485	37.216686	65.749763	196.526498	113.304915	110.927156	82.394063		
		10630.82095	8259.919468	6264.802034	17059.004532	3751.357789	8183.823492	8069.679665	15006.590881	14138.552278	8992.346931	7674.933517	10785.395702		
		44.349954	37.216686	46.72771	39.594442	51.483223	89.527335	51.483223	27.705662	53.86098	41.972198	41.972198	44.349954		
		82.394063	65.749763	44.349954	80.016306	34.83893	82.394063	41.972198	41.972198	77.638548	184.637695	63.372006	51.483223		
		49.105467	68.12752	41.972198	56.238736	113.304915	63.372006	30.083418	77.638548	56.238736	27.705662	39.594442	60.994249		
		
13:00	25.20	2533.89946	11696.203767	9368.075309	15957.876874	21278.152253	2736.015283	19040.121167	14373.991955	6864.045429	15717.676094	460.458377	1839.57605		
		27.705662	27.705662	53.86098	41.972198	65.749763	63.372006	77.638548	63.372006	44.349954	53.86098	94.282851	49.105467		
		3164.026947	1915.665993	6604.848331	1311.704064	5568.068332	726.768904	6264.802034	1849.087289	2172.470084	217.926348	417.658554	1185.681087		
		189.393216	595.991302	460.458377	89.527335	77.638548	279.748168	56.238736	51.483223	99.038366	120.43819	68.12752	82.394063		
		9812.76877	5691.720287	4393.38429	13061.24623	2536.27729	6573.934971	6355.163846	11239.609394	9681.976319	8076.813649	5991.339278	9199.235123		
		37.216686	65.749763	58.616493	56.238736	37.216686	44.349954	65.749763	63.372006	25.327906	20.572395	72.883034	51.483223		
		72.883034	32.461174	39.594442	132.326983	49.105467	44.349954	49.105467	115.682673	65.749763	225.059632	53.86098	49.105467		
		39.594442	41.972198	65.749763	41.972198	34.83893	65.749763	75.260791	160.860094	51.483223	39.594442	27.705662	63.372006		
		
14:00	25.30	1915.665993	9496.48921	8462.049754	12623.669107	19608.541836	2196.248282	18024.584664	11165.888672	4402.895832	14709.316327	343.947801	1314.081858		
		39.594442	46.72771	49.105467	39.594442	68.12752	72.883034	32.461174	65.749763	49.105467	89.527335	94.282851	80.016306		
		2231.915592	1361.637751	4184.130642	798.102231	3185.42759	584.10244	3651.487463	1287.926129	1223.725738	191.770977	284.503694	662.568964		
		184.637695	429.547391	410.525252	96.660608	115.682673	227.437394	58.616493	56.238736	89.527335	82.394063	65.749763	70.505277		
		8252.785467	4072.370396	3468.392189	10419.172927	2063.090463	5239.915993	4364.849669	8882.957988	6393.210955	7092.329807	4198.397919	8195.713484		
		32.461174	49.105467	37.216686	34.83893	39.594442	30.083418	53.86098	41.972198	51.483223	49.105467	44.349954	41.972198		
		77.638548	46.72771	39.594442	118.060431	41.972198	25.327906	39.594442	46.72771	39.594442	244.081727	60.994249	65.749763		
		46.72771	37.216686	60.994249	44.349954	32.461174	46.72771	41.972198	101.416124	30.083418	39.594442	37.216686	60.994249		
		
15:00	25.30	1304.570683	7334.882673	7111.353535	9489.355099	18122.094636	1475.772011	16093.436049	8545.28002	2930.99809	14045.803505	289.259221	1038.258233		
		27.705662	58.616493	46.72771	46.72771	60.994249	68.12752	34.83893	44.349954	49.105467	60.994249	229.815155	56.238736		
		1356.882161	1009.724809	2602.856565	581.724668	2134.424981	441.436231	1929.932865	912.235687	762.435559	132.326983	122.815948	517.524844		
		184.637695	267.859352	258.348301	65.749763	96.660608	175.126654	63.372006	77.638548	51.483223	68.12752	65.749763	80.016306		
		7211.228179	3109.33644	2284.227677	7629.751853	1349.748775	4043.83589	3309.075863	5965.18202	4231.688241	6229.132926	3211.58394	6412.234517		
		41.972198	58.616493	25.327906	39.594442	49.105467	39.594442	46.72771	39.594442	53.86098	49.105467	39.594442	65.749763		
		77.638548	72.883034	60.994249	122.815948	80.016306	56.238736	39.594442	37.216686	72.883034	324.925682	30.083418	70.505277		
		53.86098	46.72771	37.216686	80.016306	20.572395	94.282851	39.594442	96.660608	32.461174	51.483223	56.238736	99.038366		
		
16:00	25.30	852.791158	5805.860723	5941.402701	6683.320758	15862.747766	1204.70341	14319.293787	6497.840599	2193.870462	12840.079233	146.593538	584.10244		
		51.483223	53.86098	32.461174	44.349954	58.616493	75.260791	80.016306	72.883034	44.349954	37.216686	415.280787	20.572395		
		821.880021	622.146805	1725.441271	313.03686	1544.728205	424.791856	1276.037164	579.346896	467.591683	120.43819	113.304915	391.503118		
		108.549398	132.326983	184.637695	77.638548	80.016306	194.148737	41.972198	63.372006	70.505277	56.238736	60.994249	56.238736		
		6162.550633	2519.63248	1746.84153	5855.797214	1059.658308	3040.378898	2241.426878	4607.394268	2674.191565	5080.59614	2082.112995	5515.754101		
		32.461174	32.461174	41.972198	49.105467	56.238736	30.083418	75.260791	49.105467	32.461174	27.705662	70.505277	65.749763		
		75.260791	60.994249	46.72771	179.882174	39.594442	65.749763	44.349954	75.260791	63.372006	274.992641	53.86098	39.594442		
		34.83893	27.705662	51.483223	25.327906	30.083418	96.660608	51.483223	132.326983	25.327906	51.483223	37.216686	77.638548		
		
17:00	25.30	672.080063	4536.057545	5123.398458	5192.357795	13408.455867	781.457782	12328.781526	4878.474395	1321.21524	11772.303083	187.015455	488.991606		
		51.483223	44.349954	44.349954	68.12752	82.394063	106.17164	46.72771	41.972198	34.83893	56.238736	320.170153	70.505277		
		550.813635	519.902614	1233.236904	227.437394	1161.903189	327.303446	1040.636019	401.014184	305.903568	103.793882	113.304915	260.726064		
		129.949224	110.927156	179.882174	41.972198	60.994249	75.260791	58.616493	46.72771	46.72771	65.749763	49.105467	72.883034		
		5028.282228	1718.307853	1183.303297	4276.867987	852.791158	2522.010309	1806.286723	3154.515551	1813.420149	4267.356459	1437.72724	3924.942224		
		53.86098	37.216686	46.72771	46.72771	53.86098	49.105467	56.238736	44.349954	34.83893	53.86098	60.994249	44.349954		
		82.394063	51.483223	41.972198	89.527335	77.638548	37.216686	37.216686	58.616493	49.105467	263.103827	51.483223	41.972198		
		25.327906	37.216686	56.238736	56.238736	30.083418	106.17164	58.616493	96.660608	63.372006	30.083418	41.972198	44.349954		
		
18:00	25.30	515.147074	3444.613613	4072.370396	4005.789897	11211.072333	731.524457	10999.422775	3634.842421	919.369033	10036.305454	163.237854	332.058976		
		46.72771	53.86098	63.372006	37.216686	30.083418	127.571466	56.238736	27.705662	30.083418	46.72771	265.48159	37.216686		
		370.103221	294.014748	864.68006	108.549398	950.280208	324.925682	850.413378	294.014748	167.993374	87.149578	75.260791	206.037541		
		84.77182	103.793882	87.149578	53.86098	39.594442	82.394063	53.86098	70.505277	53.86098	44.349954	44.349954	75.260791		
		3934.453711	1249.881447	1033.502662	3492.170773	591.235757	1972.733497	1195.192248	2374.584994	1394.926894	3216.33964	1064.413881	2930.99809		
		53.86098	34.83893	34.83893	41.972198	63.372006	34.83893	91.905093	25.327906	41.972198	44.349954	34.83893	25.327906		
		60.994249	49.105467	68.12752	80.016306	56.238736	34.83893	25.327906	70.505277	56.238736	163.237854	49.105467	37.216686		
		56.238736	30.083418	56.238736	44.349954	46.72771	101.416124	37.216686	89.527335	44.349954	53.86098	46.72771	84.77182		
		
19:00	25.40	453.325072	2633.768391	3404.19005	3128.359221	9211.125266	479.480528	9189.723011	2645.657558	669.702288	8198.091482	167.993374	265.48159		
		27.705662	49.105467	41.972198	58.616493	65.749763	132.326983	39.594442	32.461174	46.72771	56.238736	141.838019	53.86098		
		194.148737	227.437394	691.102264	141.838019	674.457838	246.459489	567.458036	196.526498	96.660608	65.749763	70.505277	177.504414		
		118.060431	82.394063	99.038366	51.483223	60.994249	49.105467	51.483223	44.349954	41.972198	51.483223	32.461174	30.083418		
		3280.541629	1038.258233	695.857815	2517.25465	486.613836	1435.349442	886.080089	1751.597144	931.257945	2491.098527	762.435559	2253.315986		
		20.572395	53.86098	32.461174	37.216686	65.749763	41.972198	75.260791	53.86098	44.349954	41.972198	87.149578	70.505277		
		110.927156	25.327906	72.883034	60.994249	60.994249	37.216686	51.483223	56.238736	60.994249	151.349056	58.616493	53.86098		
		37.216686	49.105467	60.994249	58.616493	96.660608	46.72771	65.749763	134.704742	63.372006	51.483223	58.616493	60.994249		
		
20:00	25.40	255.970539	2072.601728	2574.322583	2393.6076	6975.809575	348.703331	7035.258652	1991.756008	415.280787	6811.730351	87.149578	198.904259		
		34.83893	49.105467	68.12752	58.616493	56.238736	110.927156	53.86098	30.083418	41.972198	34.83893	163.237854	56.238736		
		175.126654	153.726816	619.769032	77.638548	417.658554	210.793064	460.458377	137.082501	77.638548	72.883034	53.86098	163.237854		
		108.549398	68.12752	49.105467	32.461174	60.994249	72.883034	65.749763	56.238736	39.594442	46.72771	41.972198	91.905093		
		2405.496731	674.457838	586.480212	1967.97787	322.547917	976.435827	774.324448	1259.392615	743.413341	1972.733497	527.035926	1665.996139		
		25.327906	63.372006	89.527335	44.349954	70.505277	30.083418	51.483223	46.72771	37.216686	32.461174	34.83893	37.216686		
		110.927156	39.594442	49.105467	39.594442	34.83893	56.238736	22.950151	60.994249	49.105467	139.46026	44.349954	94.282851		
		41.972198	46.72771	51.483223	46.72771	34.83893	46.72771	20.572395	72.883034	39.594442	44.349954	30.083418	51.483223		
		
21:00	25.40	203.65978	1480.527609	2077.357361	1594.662038	5534.777454	272.614878	5508.620345	1451.994027	365.34769	5101.997296	70.505277	182.259935		
		70.505277	56.238736	25.327906	27.705662	70.505277	129.949224	25.327906	34.83893	68.12752	56.238736	75.260791	27.705662		
		94.282851	146.593538	374.858753	72.883034	412.903019	91.905093	339.192271	106.17164	60.994249	72.883034	70.505277	118.060431		
		53.86098	94.282851	72.883034	41.972198	58.616493	91.905093	44.349954	37.216686	37.216686	41.972198	41.972198	41.972198		
		1720.685659	477.102759	443.813999	1451.994027	272.614878	874.191183	417.658554	962.169125	474.72499	1492.416604	370.103221	1109.591838		
		58.616493	53.86098	39.594442	27.705662	44.349954	58.616493	65.749763	37.216686	18.19464	39.594442	58.616493	60.994249		
		58.616493	25.327906	25.327906	49.105467	77.638548	53.86098	41.972198	56.238736	49.105467	110.927156	51.483223	39.594442		
		94.282851	51.483223	63.372006	82.394063	44.349954	89.527335	56.238736	115.682673	44.349954	30.083418	34.83893	30.083418		
		
22:00	25.40	182.259935	1107.21405	1482.905408	1371.148933	3848.850371	175.126654	3962.988178	1116.725202	260.726064	4065.236768	56.238736	115.682673		
		27.705662	39.594442	49.105467	58.616493	30.083418	72.883034	41.972198	60.994249	49.105467	37.216686	75.260791	32.461174		
		101.416124	94.282851	260.726064	82.394063	310.659096	65.749763	187.015455	84.77182	75.260791	60.994249	56.238736	101.416124		
		58.616493	56.238736	80.016306	37.216686	65.749763	56.238736	65.749763	37.216686	32.461174	39.594442	51.483223	32.461174		
		1273.659371	434.302927	379.614286	871.813403	198.904259	672.080063	327.303446	638.791221	308.281332	1043.013805	303.525804	955.035775		
		46.72771	44.349954	68.12752	49.105467	63.372006	68.12752	77.638548	30.083418	39.594442	27.705662	63.372006	65.749763		
		41.972198	39.594442	37.216686	37.216686	80.016306	56.238736	37.216686	46.72771	39.594442	89.527335	39.594442	53.86098		
		41.972198	68.12752	49.105467	56.238736	49.105467	82.394063	49.105467	72.883034	25.327906	37.216686	56.238736	53.86098		
		
23:00	25.50	148.971297	786.213339	1221.347947	821.880021	2821.617432	148.971297	2992.822006	838.524478	229.815155	2947.642986	72.883034	118.060431		
		58.616493	60.994249	27.705662	49.105467	49.105467	84.77182	39.594442	27.705662	56.238736	34.83893	65.749763	30.083418		
		65.749763	72.883034	241.703965	70.505277	122.815948	49.105467	139.46026	70.505277	65.749763	60.994249	77.638548	115.682673		
		44.349954	80.016306	44.349954	63.372006	34.83893	41.972198	53.86098	41.972198	34.83893	22.950151	70.505277	49.105467		
		852.791158	236.948441	294.014748	876.568964	184.637695	474.72499	303.525804	512.769304	246.459489	845.657818	246.459489	700.613366		
		49.105467	49.105467	41.972198	56.238736	49.105467	58.616493	56.238736	32.461174	34.83893	49.105467	53.86098	32.461174		
		58.616493	37.216686	20.572395	39.594442	44.349954	72.883034	51.483223	101.416124	25.327906	101.416124	56.238736	96.660608		
		37.216686	58.616493	46.72771	27.705662	70.505277	51.483223	32.461174	44.349954	41.972198	68.12752	25.327906	46.72771		
		
24:00	25.50	103.793882	643.546769	871.813403	657.813415	1915.665993	151.349056	2153.44753	543.680322	179.882174	1987.00038	75.260791	99.038366		
		70.505277	41.972198	49.105467	56.238736	60.994249	82.394063	63.372006	51.483223	51.483223	41.972198	58.616493	41.972198		
		37.216686	70.505277	120.43819	34.83893	103.793882	82.394063	113.304915	60.994249	91.905093	56.238736	34.83893	108.549398		
		46.72771	70.505277	37.216686	34.83893	49.105467	60.994249	34.83893	51.483223	63.372006	37.216686	39.594442	39.594442		
		603.124621	206.037541	232.192917	612.635712	153.726816	336.814506	244.081727	427.169624	182.259935	546.058093	156.104575	498.502684		
		46.72771	37.216686	44.349954	49.105467	49.105467	25.327906	44.349954	75.260791	41.972198	37.216686	44.349954	49.105467		
		110.927156	39.594442	49.105467	51.483223	80.016306	53.86098	34.83893	58.616493	25.327906	75.260791	44.349954	77.638548		
		37.216686	27.705662	30.083418	65.749763	53.86098	58.616493	30.083418	63.372006	46.72771	72.883034	25.327906	39.594442		
		
25:00	25.50	103.793882	534.169238	626.902352	595.991302	1411.57147	96.660608	1530.461401	500.880454	125.193707	1394.926894	94.282851	91.905093		
		49.105467	34.83893	56.238736	65.749763	49.105467	110.927156	41.972198	20.572395	30.083418	39.594442	58.616493	41.972198		
		60.994249	58.616493	72.883034	56.238736	82.394063	49.105467	106.17164	51.483223	63.372006	37.216686	65.749763	82.394063		
		68.12752	58.616493	37.216686	27.705662	27.705662	37.216686	53.86098	30.083418	41.972198	49.105467	41.972198	58.616493		
		436.680695	220.304109	122.815948	415.280787	184.637695	251.215014	167.993374	253.592776	115.682673	450.947303	151.349056	429.547391		
		56.238736	34.83893	77.638548	44.349954	51.483223	27.705662	51.483223	37.216686	56.238736	34.83893	68.12752	56.238736		
		34.83893	30.083418	53.86098	44.349954	82.394063	44.349954	32.461174	32.461174	82.394063	56.238736	41.972198	56.238736		
		32.461174	46.72771	44.349954	41.972198	34.83893	44.349954	32.461174	58.616493	58.616493	37.216686	25.327906	49.105467		
		
26:00	25.50	99.038366	324.925682	519.902614	346.325566	957.413558	101.416124	1054.902735	332.058976	122.815948	981.191395	49.105467	82.394063		
		32.461174	32.461174	53.86098	49.105467	30.083418	87.149578	53.86098	41.972198	56.238736	53.86098	41.972198	58.616493		
		70.505277	68.12752	91.905093	34.83893	94.282851	51.483223	80.016306	44.349954	41.972198	65.749763	34.83893	89.527335		
		49.105467	49.105467	34.83893	72.883034	63.372006	77.638548	46.72771	41.972198	30.083418	39.594442	37.216686	34.83893		
		289.259221	182.259935	127.571466	367.725456	141.838019	232.192917	144.215778	194.148737	139.46026	360.592158	129.949224	298.770276		
		30.083418	44.349954	41.972198	53.86098	70.505277	32.461174	49.105467	32.461174	39.594442	44.349954	53.86098	94.282851		
		89.527335	37.216686	75.260791	53.86098	72.883034	39.594442	41.972198	30.083418	32.461174	84.77182	51.483223	70.505277		
		58.616493	39.594442	46.72771	37.216686	39.594442	122.815948	37.216686	51.483223	25.327906	37.216686	22.950151	27.705662		
		
27:00	25.50	94.282851	324.925682	362.969924	265.48159	702.991142	80.016306	760.057782	251.215014	80.016306	817.124462	65.749763	56.238736		
		34.83893	68.12752	37.216686	51.483223	44.349954	77.638548	27.705662	44.349954	34.83893	56.238736	58.616493	46.72771		
		82.394063	44.349954	84.77182	53.86098	75.260791	46.72771	77.638548	44.349954	37.216686	103.793882	41.972198	63.372006		
		37.216686	37.216686	25.327906	41.972198	34.83893	37.216686	60.994249	37.216686	51.483223	32.461174	60.994249	60.994249		
		267.859352	139.46026	153.726816	253.592776	213.170825	213.170825	106.17164	194.148737	129.949224	258.348301	87.149578	282.125931		
		20.572395	39.594442	25.327906	39.594442	49.105467	30.083418	49.105467	25.327906	32.461174	27.705662	68.12752	70.505277		
		70.505277	77.638548	41.972198	51.483223	58.616493	44.349954	39.594442	34.83893	39.594442	63.372006	63.372006	58.616493		
		60.994249	41.972198	25.327906	30.083418	56.238736	49.105467	53.86098	58.616493	30.083418	32.461174	34.83893	53.86098		
		
28:00	25.50	49.105467	279.748168	310.659096	201.28202	579.346896	77.638548	653.057866	263.103827	106.17164	550.813635	37.216686	70.505277		
		46.72771	30.083418	46.72771	32.461174	63.372006	56.238736	58.616493	34.83893	39.594442	41.972198	56.238736	46.72771		
		46.72771	77.638548	58.616493	53.86098	51.483223	58.616493	58.616493	49.105467	49.105467	56.238736	44.349954	103.793882		
		37.216686	39.594442	30.083418	37.216686	56.238736	41.972198	72.883034	30.083418	46.72771	30.083418	51.483223	27.705662		
		222.68187	129.949224	129.949224	334.436741	182.259935	170.371134	132.326983	222.68187	118.060431	189.393216	94.282851	191.770977		
		44.349954	39.594442	37.216686	34.83893	63.372006	44.349954	34.83893	39.594442	37.216686	49.105467	82.394063	56.238736		
		32.461174	27.705662	44.349954	60.994249	60.994249	37.216686	56.238736	18.19464	72.883034	96.660608	25.327906	56.238736		
		41.972198	51.483223	32.461174	46.72771	30.083418	77.638548	34.83893	58.616493	27.705662	30.083418	63.372006	39.594442		
		
29:00	25.50	68.12752	148.971297	234.570679	206.037541	500.880454	75.260791	393.880884	187.015455	108.549398	377.23652	58.616493	65.749763		
		30.083418	32.461174	65.749763	46.72771	60.994249	82.394063	44.349954	32.461174	46.72771	37.216686	44.349954	27.705662		
		68.12752	51.483223	56.238736	41.972198	103.793882	58.616493	58.616493	37.216686	46.72771	44.349954	32.461174	63.372006		
		58.616493	32.461174	53.86098	58.616493	51.483223	34.83893	63.372006	39.594442	65.749763	60.994249	30.083418	34.83893		
		127.571466	94.282851	146.593538	229.815155	146.593538	163.237854	156.104575	184.637695	101.416124	172.748894	108.549398	191.770977		
		30.083418	65.749763	41.972198	37.216686	56.238736	37.216686	46.72771	68.12752	39.594442	53.86098	56.238736	41.972198		
		30.083418	44.349954	44.349954	58.616493	32.461174	60.994249	72.883034	30.083418	89.527335	134.704742	46.72771	56.238736		
		63.372006	46.72771	27.705662	56.238736	49.105467	60.994249	37.216686	39.594442	60.994249	22.950151	44.349954	46.72771		
		
30:00	25.50	84.77182	198.904259	203.65978	189.393216	315.414624	94.282851	324.925682	196.526498	72.883034	272.614878	70.505277	49.105467		
		27.705662	32.461174	30.083418	41.972198	58.616493	80.016306	51.483223	27.705662	27.705662	25.327906	99.038366	44.349954		
		49.105467	44.349954	72.883034	39.594442	63.372006	94.282851	65.749763	51.483223	44.349954	41.972198	46.72771	99.038366		
		68.12752	30.083418	46.72771	44.349954	30.083418	46.72771	30.083418	51.483223	41.972198	32.461174	41.972198	32.461174		
		101.416124	115.682673	115.682673	374.858753	172.748894	165.615614	129.949224	151.349056	160.860094	137.082501	120.43819	203.65978		
		34.83893	51.483223	37.216686	75.260791	68.12752	58.616493	32.461174	49.105467	37.216686	46.72771	80.016306	30.083418		
		53.86098	27.705662	34.83893	65.749763	39.594442	72.883034	34.83893	30.083418	68.12752	108.549398	37.216686	72.883034		
		39.594442	34.83893	32.461174	63.372006	41.972198	115.682673	41.972198	80.016306	53.86098	51.483223	32.461174	30.083418		
		
31:00	25.50	68.12752	182.259935	208.415303	120.43819	236.948441	56.238736	305.903568	132.326983	77.638548	277.370404	89.527335	39.594442		
		44.349954	46.72771	46.72771	32.461174	75.260791	75.260791	56.238736	44.349954	49.105467	30.083418	60.994249	53.86098		
		68.12752	30.083418	44.349954	39.594442	49.105467	49.105467	41.972198	49.105467	39.594442	32.461174	56.238736	96.660608		
		58.616493	37.216686	41.972198	41.972198	41.972198	39.594442	39.594442	30.083418	39.594442	34.83893	46.72771	30.083418		
		75.260791	108.549398	80.016306	367.725456	208.415303	191.770977	201.28202	158.482335	279.748168	156.104575	63.372006	267.859352		
		30.083418	25.327906	65.749763	39.594442	44.349954	58.616493	51.483223	63.372006	46.72771	34.83893	49.105467	49.105467		
		60.994249	49.105467	27.705662	60.994249	65.749763	34.83893	44.349954	41.972198	34.83893	75.260791	46.72771	80.016306		
		56.238736	49.105467	41.972198	27.705662	65.749763	63.372006	41.972198	63.372006	75.260791	41.972198	32.461174	56.238736		
		
32:00	25.60	49.105467	127.571466	120.43819	82.394063	206.037541	49.105467	177.504414	134.704742	44.349954	236.948441	87.149578	63.372006		
		37.216686	41.972198	32.461174	34.83893	41.972198	63.372006	58.616493	46.72771	53.86098	41.972198	37.216686	22.950151		
		44.349954	46.72771	70.505277	39.594442	58.616493	60.994249	65.749763	56.238736	44.349954	58.616493	53.86098	72.883034		
		22.950151	68.12752	25.327906	44.349954	32.461174	60.994249	32.461174	46.72771	39.594442	49.105467	60.994249	22.950151		
		89.527335	125.193707	75.260791	422.414089	255.970539	132.326983	201.28202	265.48159	460.458377	153.726816	77.638548	206.037541		
		27.705662	30.083418	37.216686	39.594442	70.505277	34.83893	34.83893	49.105467	44.349954	30.083418	99.038366	60.994249		
		34.83893	37.216686	39.594442	53.86098	65.749763	46.72771	46.72771	56.238736	44.349954	82.394063	56.238736	39.594442		
		27.705662	58.616493	51.483223	72.883034	37.216686	70.505277	34.83893	34.83893	51.483223	39.594442	27.705662	44.349954		
		
33:00	25.50	99.038366	113.304915	113.304915	120.43819	220.304109	39.594442	163.237854	144.215778	51.483223	187.015455	77.638548	70.505277		
		27.705662	30.083418	30.083418	53.86098	53.86098	60.994249	51.483223	32.461174	56.238736	51.483223	75.260791	41.972198		
		68.12752	46.72771	49.105467	30.083418	63.372006	51.483223	46.72771	46.72771	63.372006	34.83893	46.72771	37.216686		
		44.349954	49.105467	32.461174	41.972198	51.483223	22.950151	51.483223	37.216686	53.86098	39.594442	72.883034	34.83893		
		103.793882	148.971297	77.638548	529.413696	286.881458	156.104575	229.815155	203.65978	698.235591	177.504414	96.660608	191.770977		
		41.972198	39.594442	49.105467	46.72771	30.083418	53.86098	58.616493	44.349954	39.594442	34.83893	80.016306	72.883034		
		41.972198	49.105467	22.950151	46.72771	49.105467	53.86098	32.461174	60.994249	53.86098	80.016306	30.083418	39.594442		
		70.505277	39.594442	63.372006	49.105467	60.994249	110.927156	77.638548	65.749763	39.594442	41.972198	44.349954	30.083418		
		
34:00	25.60	58.616493	120.43819	96.660608	94.282851	144.215778	63.372006	137.082501	125.193707	39.594442	146.593538	82.394063	44.349954		
		20.572395	30.083418	41.972198	70.505277	37.216686	30.083418	44.349954	60.994249	53.86098	39.594442	46.72771	39.594442		
		63.372006	56.238736	65.749763	30.083418	63.372006	49.105467	51.483223	77.638548	44.349954	46.72771	49.105467	65.749763		
		56.238736	41.972198	22.950151	72.883034	58.616493	53.86098	58.616493	68.12752	58.616493	25.327906	34.83893	41.972198		
		80.016306	139.46026	68.12752	686.346713	244.081727	191.770977	258.348301	184.637695	557.946949	172.748894	49.105467	206.037541		
		41.972198	72.883034	30.083418	51.483223	51.483223	49.105467	46.72771	27.705662	32.461174	34.83893	60.994249	51.483223		
		44.349954	63.372006	58.616493	30.083418	82.394063	49.105467	60.994249	49.105467	46.72771	46.72771	60.994249	30.083418		
		56.238736	56.238736	30.083418	30.083418	30.083418	72.883034	34.83893	56.238736	41.972198	30.083418	41.972198	34.83893		
		
35:00	25.60	82.394063	94.282851	72.883034	82.394063	122.815948	49.105467	122.815948	80.016306	51.483223	141.838019	84.77182	56.238736		
		34.83893	77.638548	49.105467	27.705662	34.83893	70.505277	49.105467	51.483223	41.972198	53.86098	56.238736	84.77182		
		39.594442	39.594442	41.972198	39.594442	25.327906	65.749763	68.12752	75.260791	53.86098	39.594442	68.12752	53.86098		
		58.616493	46.72771	41.972198	32.461174	56.238736	32.461174	39.594442	46.72771	46.72771	25.327906	56.238736	37.216686		
		77.638548	115.682673	89.527335	622.146805	244.081727	158.482335	246.459489	201.28202	581.724668	215.548586	58.616493	265.48159		
		34.83893	30.083418	27.705662	39.594442	108.549398	53.86098	53.86098	39.594442	37.216686	46.72771	72.883034	53.86098		
		58.616493	44.349954	58.616493	44.349954	53.86098	44.349954	44.349954	41.972198	39.594442	56.238736	44.349954	51.483223		
		65.749763	25.327906	51.483223	18.19464	89.527335	56.238736	58.616493	58.616493	63.372006	25.327906	41.972198	22.950151		
		
36:00	25.60	68.12752	110.927156	125.193707	99.038366	94.282851	68.12752	106.17164	91.905093	60.994249	82.394063	82.394063	65.749763		
		53.86098	30.083418	41.972198	37.216686	68.12752	56.238736	37.216686	44.349954	51.483223	46.72771	56.238736	41.972198		
		27.705662	53.86098	39.594442	44.349954	60.994249	60.994249	46.72771	56.238736	34.83893	56.238736	39.594442	82.394063		
		41.972198	25.327906	46.72771	46.72771	25.327906	58.616493	56.238736	27.705662	30.083418	32.461174	68.12752	53.86098		
		108.549398	163.237854	75.260791	657.813415	194.148737	139.46026	148.971297	189.393216	486.613836	239.326203	49.105467	267.859352		
		34.83893	75.260791	32.461174	49.105467	30.083418	39.594442	46.72771	27.705662	30.083418	49.105467	68.12752	96.660608		
		41.972198	63.372006	37.216686	80.016306	37.216686	58.616493	53.86098	39.594442	65.749763	58.616493	58.616493	46.72771		
		32.461174	53.86098	46.72771	75.260791	65.749763	60.994249	32.461174	32.461174	20.572395	41.972198	51.483223	32.461174		
		
37:00	25.60	65.749763	103.793882	89.527335	70.505277	134.704742	53.86098	125.193707	134.704742	56.238736	103.793882	75.260791	53.86098		
		51.483223	51.483223	39.594442	63.372006	41.972198	75.260791	56.238736	41.972198	30.083418	68.12752	77.638548	94.282851		
		32.461174	41.972198	39.594442	22.950151	18.19464	51.483223	65.749763	70.505277	46.72771	49.105467	37.216686	80.016306		
		44.349954	22.950151	32.461174	41.972198	87.149578	41.972198	84.77182	75.260791	39.594442	60.994249	63.372006	49.105467		
		89.527335	134.704742	84.77182	474.72499	96.660608	127.571466	129.949224	220.304109	448.569535	248.837252	60.994249	203.65978		
		65.749763	44.349954	56.238736	39.594442	51.483223	39.594442	44.349954	44.349954	49.105467	32.461174	56.238736	41.972198		
		60.994249	30.083418	46.72771	101.416124	30.083418	41.972198	39.594442	58.616493	39.594442	39.594442	60.994249	37.216686		
		49.105467	53.86098	65.749763	56.238736	72.883034	46.72771	44.349954	41.972198	51.483223	39.594442	46.72771	27.705662		
		
38:00	25.60	82.394063	134.704742	80.016306	146.593538	134.704742	41.972198	77.638548	91.905093	49.105467	118.060431	34.83893	53.86098		
		37.216686	46.72771	41.972198	58.616493	65.749763	70.505277	37.216686	46.72771	30.083418	39.594442	72.883034	41.972198		
		30.083418	32.461174	46.72771	41.972198	51.483223	49.105467	41.972198	51.483223	41.972198	49.105467	39.594442	68.12752		
		51.483223	25.327906	39.594442	53.86098	58.616493	51.483223	49.105467	106.17164	58.616493	51.483223	60.994249	68.12752		
		89.527335	146.593538	75.260791	367.725456	144.215778	127.571466	110.927156	229.815155	277.370404	253.592776	70.505277	148.971297		
		30.083418	32.461174	51.483223	34.83893	44.349954	32.461174	30.083418	32.461174	63.372006	39.594442	68.12752	63.372006		
		91.905093	49.105467	37.216686	141.838019	58.616493	51.483223	44.349954	60.994249	77.638548	72.883034	32.461174	80.016306		
		39.594442	63.372006	32.461174	39.594442	44.349954	108.549398	49.105467	65.749763	46.72771	39.594442	58.616493	37.216686		
		
39:00	25.60	80.016306	118.060431	94.282851	120.43819	106.17164	51.483223	82.394063	89.527335	51.483223	82.394063	63.372006	82.394063		
		32.461174	41.972198	37.216686	46.72771	49.105467	49.105467	32.461174	37.216686	44.349954	41.972198	70.505277	30.083418		
		44.349954	53.86098	39.594442	34.83893	44.349954	56.238736	30.083418	56.238736	34.83893	51.483223	34.83893	65.749763		
		27.705662	34.83893	39.594442	32.461174	91.905093	32.461174	65.749763	80.016306	30.083418	41.972198	27.705662	51.483223		
		87.149578	148.971297	68.12752	282.125931	91.905093	120.43819	115.682673	170.371134	251.215014	260.726064	80.016306	158.482335		
		34.83893	46.72771	44.349954	22.950151	34.83893	41.972198	37.216686	37.216686	46.72771	53.86098	65.749763	53.86098		
		122.815948	60.994249	44.349954	170.371134	25.327906	53.86098	41.972198	39.594442	53.86098	77.638548	77.638548	70.505277		
		49.105467	41.972198	46.72771	34.83893	96.660608	91.905093	51.483223	58.616493	53.86098	30.083418	41.972198	44.349954		
		
40:00	25.70	127.571466	96.660608	127.571466	129.949224	129.949224	65.749763	99.038366	72.883034	58.616493	65.749763	56.238736	70.505277		
		51.483223	46.72771	41.972198	39.594442	41.972198	108.549398	49.105467	70.505277	56.238736	46.72771	44.349954	34.83893		
		44.349954	37.216686	49.105467	41.972198	39.594442	39.594442	44.349954	75.260791	46.72771	46.72771	41.972198	75.260791		
		34.83893	34.83893	39.594442	60.994249	41.972198	34.83893	65.749763	65.749763	32.461174	39.594442	63.372006	41.972198		
		82.394063	139.46026	49.105467	334.436741	91.905093	127.571466	127.571466	165.615614	332.058976	225.059632	60.994249	177.504414		
		27.705662	49.105467	30.083418	58.616493	44.349954	25.327906	49.105467	34.83893	39.594442	72.883034	84.77182	46.72771		
		177.504414	63.372006	30.083418	201.28202	49.105467	37.216686	63.372006	46.72771	65.749763	84.77182	60.994249	63.372006		
		18.19464	32.461174	30.083418	39.594442	46.72771	70.505277	22.950151	60.994249	30.083418	37.216686	53.86098	44.349954		
		
41:00	25.70	108.549398	120.43819	89.527335	103.793882	91.905093	51.483223	91.905093	56.238736	80.016306	101.416124	63.372006	82.394063		
		60.994249	53.86098	39.594442	56.238736	32.461174	46.72771	51.483223	49.105467	32.461174	72.883034	65.749763	37.216686		
		51.483223	34.83893	32.461174	70.505277	51.483223	44.349954	58.616493	60.994249	32.461174	37.216686	53.86098	70.505277		
		32.461174	53.86098	51.483223	58.616493	41.972198	32.461174	46.72771	58.616493	63.372006	68.12752	53.86098	39.594442		
		84.77182	118.060431	87.149578	389.125351	80.016306	175.126654	101.416124	177.504414	405.769718	210.793064	44.349954	160.860094		
		30.083418	32.461174	44.349954	34.83893	58.616493	32.461174	72.883034	39.594442	32.461174	49.105467	84.77182	41.972198		
		206.037541	37.216686	34.83893	274.992641	51.483223	34.83893	49.105467	56.238736	68.12752	96.660608	49.105467	44.349954		
		51.483223	41.972198	46.72771	41.972198	32.461174	84.77182	56.238736	75.260791	30.083418	60.994249	30.083418	49.105467		
		
42:00	25.70	170.371134	94.282851	96.660608	96.660608	72.883034	60.994249	87.149578	58.616493	30.083418	87.149578	77.638548	46.72771		
		25.327906	37.216686	27.705662	27.705662	63.372006	63.372006	51.483223	46.72771	51.483223	46.72771	39.594442	44.349954		
		41.972198	44.349954	77.638548	34.83893	51.483223	39.594442	68.12752	56.238736	37.216686	37.216686	53.86098	65.749763		
		30.083418	32.461174	25.327906	91.905093	44.349954	56.238736	65.749763	30.083418	34.83893	68.12752	44.349954	58.616493		
		91.905093	120.43819	68.12752	322.547917	99.038366	177.504414	113.304915	213.170825	384.369818	196.526498	46.72771	189.393216		
		32.461174	41.972198	46.72771	37.216686	34.83893	51.483223	32.461174	34.83893	41.972198	44.349954	77.638548	49.105467		
		210.793064	30.083418	44.349954	253.592776	39.594442	56.238736	68.12752	58.616493	65.749763	132.326983	56.238736	127.571466		
		44.349954	51.483223	56.238736	46.72771	51.483223	75.260791	53.86098	89.527335	37.216686	58.616493	34.83893	46.72771		
		
43:00	25.60	115.682673	172.748894	70.505277	53.86098	58.616493	41.972198	72.883034	68.12752	56.238736	63.372006	46.72771	34.83893		
		25.327906	53.86098	34.83893	58.616493	58.616493	58.616493	53.86098	49.105467	68.12752	53.86098	65.749763	41.972198		
		34.83893	65.749763	27.705662	41.972198	46.72771	51.483223	34.83893	58.616493	39.594442	56.238736	37.216686	37.216686		
		37.216686	49.105467	51.483223	65.749763	60.994249	39.594442	32.461174	46.72771	27.705662	46.72771	41.972198	41.972198		
		110.927156	110.927156	56.238736	381.992052	96.660608	99.038366	80.016306	253.592776	429.547391	203.65978	58.616493	170.371134		
		37.216686	27.705662	46.72771	44.349954	44.349954	39.594442	49.105467	39.594442	37.216686	53.86098	75.260791	58.616493		
		196.526498	39.594442	53.86098	289.259221	68.12752	44.349954	30.083418	49.105467	49.105467	96.660608	41.972198	37.216686		
		41.972198	34.83893	63.372006	65.749763	37.216686	72.883034	49.105467	51.483223	34.83893	51.483223	22.950151	20.572395		
		
44:00	25.70	148.971297	175.126654	80.016306	70.505277	58.616493	53.86098	72.883034	63.372006	41.972198	46.72771	30.083418	60.994249		
		25.327906	41.972198	34.83893	51.483223	41.972198	80.016306	60.994249	22.950151	51.483223	49.105467	46.72771	44.349954		
		58.616493	37.216686	46.72771	80.016306	58.616493	58.616493	65.749763	49.105467	46.72771	30.083418	41.972198	113.304915		
		25.327906	30.083418	32.461174	34.83893	72.883034	56.238736	56.238736	39.594442	63.372006	41.972198	53.86098	37.216686		
		96.660608	99.038366	63.372006	322.547917	146.593538	132.326983	53.86098	360.592158	503.258224	156.104575	27.705662	170.371134		
		34.83893	49.105467	32.461174	44.349954	37.216686	41.972198	51.483223	53.86098	46.72771	46.72771	94.282851	51.483223		
		153.726816	56.238736	30.083418	196.526498	49.105467	84.77182	32.461174	75.260791	84.77182	165.615614	51.483223	68.12752		
		70.505277	49.105467	39.594442	68.12752	91.905093	80.016306	37.216686	87.149578	51.483223	70.505277	63.372006	41.972198		
		
45:00	25.70	141.838019	163.237854	53.86098	80.016306	96.660608	41.972198	91.905093	70.505277	46.72771	58.616493	44.349954	63.372006		
		30.083418	27.705662	46.72771	30.083418	53.86098	58.616493	56.238736	56.238736	39.594442	63.372006	37.216686	39.594442		
		34.83893	84.77182	39.594442	30.083418	41.972198	30.083418	41.972198	60.994249	53.86098	49.105467	22.950151	99.038366		
		30.083418	37.216686	34.83893	22.950151	39.594442	89.527335	32.461174	58.616493	44.349954	34.83893	58.616493	51.483223		
		65.749763	110.927156	68.12752	327.303446	118.060431	144.215778	113.304915	377.23652	527.035926	201.28202	51.483223	220.304109		
		30.083418	41.972198	25.327906	37.216686	51.483223	34.83893	39.594442	41.972198	63.372006	37.216686	56.238736	51.483223		
		160.860094	25.327906	46.72771	139.46026	34.83893	80.016306	25.327906	22.950151	70.505277	153.726816	51.483223	41.972198		
		30.083418	51.483223	34.83893	53.86098	27.705662	68.12752	41.972198	89.527335	58.616493	39.594442	20.572395	41.972198		
		
46:00	25.70	170.371134	182.259935	63.372006	75.260791	91.905093	56.238736	63.372006	75.260791	65.749763	53.86098	84.77182	56.238736		
		34.83893	46.72771	51.483223	25.327906	51.483223	60.994249	49.105467	51.483223	60.994249	46.72771	65.749763	32.461174		
		51.483223	41.972198	101.416124	32.461174	68.12752	60.994249	65.749763	60.994249	46.72771	44.349954	46.72771	77.638548		
		41.972198	39.594442	72.883034	58.616493	34.83893	46.72771	53.86098	51.483223	34.83893	37.216686	49.105467	32.461174		
		68.12752	56.238736	63.372006	343.947801	137.082501	198.904259	118.060431	458.080609	453.325072	144.215778	41.972198	220.304109		
		41.972198	87.149578	41.972198	72.883034	46.72771	46.72771	46.72771	34.83893	32.461174	22.950151	53.86098	60.994249		
		132.326983	30.083418	27.705662	94.282851	49.105467	77.638548	56.238736	30.083418	91.905093	134.704742	63.372006	63.372006		
		32.461174	41.972198	39.594442	37.216686	41.972198	87.149578	49.105467	68.12752	37.216686	77.638548	44.349954	44.349954		
		
47:00	25.70	129.949224	165.615614	82.394063	84.77182	82.394063	44.349954	70.505277	87.149578	58.616493	80.016306	94.282851	63.372006		
		44.349954	39.594442	53.86098	20.572395	56.238736	65.749763	46.72771	53.86098	41.972198	60.994249	41.972198	46.72771		
		32.461174	49.105467	58.616493	53.86098	82.394063	53.86098	32.461174	51.483223	70.505277	53.86098	34.83893	84.77182		
		27.705662	27.705662	37.216686	39.594442	51.483223	32.461174	39.594442	49.105467	49.105467	46.72771	58.616493	53.86098		
		39.594442	68.12752	53.86098	317.792388	217.926348	234.570679	87.149578	586.480212	465.213915	163.237854	32.461174	308.281332		
		49.105467	37.216686	34.83893	30.083418	51.483223	34.83893	56.238736	30.083418	58.616493	51.483223	41.972198	37.216686		
		115.682673	32.461174	39.594442	94.282851	41.972198	70.505277	53.86098	84.77182	139.46026	87.149578	51.483223	53.86098		
		46.72771	51.483223	32.461174	60.994249	58.616493	77.638548	77.638548	84.77182	37.216686	46.72771	32.461174	58.616493		
		
48:00	25.70	148.971297	148.971297	49.105467	72.883034	132.326983	30.083418	58.616493	72.883034	53.86098	84.77182	58.616493	51.483223		
		37.216686	34.83893	41.972198	39.594442	65.749763	46.72771	51.483223	37.216686	32.461174	63.372006	37.216686	34.83893		
		44.349954	56.238736	22.950151	56.238736	63.372006	46.72771	44.349954	39.594442	34.83893	46.72771	60.994249	70.505277		
		44.349954	34.83893	60.994249	53.86098	30.083418	51.483223	49.105467	32.461174	49.105467	60.994249	39.594442	44.349954		
		75.260791	53.86098	68.12752	279.748168	144.215778	272.614878	89.527335	719.635574	534.169238	210.793064	27.705662	298.770276		
		58.616493	39.594442	49.105467	30.083418	65.749763	32.461174	27.705662	30.083418	80.016306	72.883034	63.372006	46.72771		
		120.43819	34.83893	30.083418	94.282851	32.461174	60.994249	70.505277	70.505277	63.372006	99.038366	41.972198	63.372006		
		27.705662	34.83893	49.105467	46.72771	34.83893	89.527335	22.950151	99.038366	22.950151	46.72771	22.950151	30.083418		
		
49:00	25.70	172.748894	141.838019	84.77182	70.505277	151.349056	58.616493	77.638548	34.83893	63.372006	60.994249	63.372006	34.83893		
		58.616493	41.972198	41.972198	46.72771	44.349954	46.72771	44.349954	58.616493	58.616493	46.72771	53.86098	32.461174		
		51.483223	56.238736	56.238736	44.349954	68.12752	68.12752	70.505277	32.461174	65.749763	37.216686	25.327906	77.638548		
		27.705662	65.749763	25.327906	32.461174	41.972198	53.86098	53.86098	37.216686	65.749763	53.86098	63.372006	58.616493		
		84.77182	80.016306	60.994249	415.280787	215.548586	213.170825	125.193707	752.92445	446.191767	270.237115	34.83893	327.303446		
		39.594442	34.83893	49.105467	46.72771	56.238736	49.105467	63.372006	27.705662	72.883034	58.616493	60.994249	44.349954		
		101.416124	30.083418	70.505277	65.749763	77.638548	51.483223	113.304915	58.616493	80.016306	103.793882	58.616493	39.594442		
		34.83893	56.238736	30.083418	53.86098	63.372006	60.994249	65.749763	68.12752	37.216686	63.372006	49.105467	51.483223		
		
~End
Original Filename: bak_exp_12-10-19-134034_pa_1857_col_fe_14_15.pda   Date Last Saved: 12/10/2019
