##BLOCKS= 1          
Plate:	Plate#1	1.3	PlateFormat	Kinetic	Luminescence	Raw	FALSE	50	3000	60				1	450	1	12	96	405	Automatic	435			6	Automatic			1	8	None	
Time(hh:mm:ss)	Temperature(¡C)	1	2	3	4	5	6	7	8	9	10	11	12		
0:00	23.50	3140.248461	5018.770611	2407.874558	2369.829343	2405.496731	2398.363252	2419.763691	2336.539795	2386.474122	2277.094209	2341.295444	2338.91762		
		3373.277927	2621.879226	2526.765969	2467.320241	2438.786308	2312.761555	2329.406323	2310.383732	2300.872438	2338.91762	2193.870462	2279.472031		
		3066.5352	2762.171485	2479.209383	2341.295444	2267.582919	2431.652826	2357.940217	2343.673269	2170.092264	2296.116792	2322.27285	2583.83391		
		2919.108881	2562.433427	2360.318042	2426.897172	2284.227677	2393.6076	2279.472031	2101.135531	2246.182521	2315.139379	2305.628085	2315.139379		
		2776.438509	4188.886401	2529.143799	2260.449452	2357.940217	2248.560343	2217.648666	2265.205097	2189.114822	2224.782129	2429.274999	2253.315986		
		2845.395824	2507.743331	2407.874558	2341.295444	2269.960741	2272.338564	2331.784147	2234.293414	2260.449452	2319.895027	2384.096296	2327.028498		
		2655.168892	2415.008037	2329.406323	2227.15995	2248.560343	2288.983322	2324.650674	2267.582919	2267.582919	2120.158072	2369.829343	2431.652826		
		2783.572021	2469.69807	2579.078246	2455.431101	2300.872438	2308.005908	2426.897172	2291.361145	2288.983322	2438.786308	2474.453726	2376.962819		
		
1:00	23.80	2181.981362	2831.128788	2393.6076	2281.849854	2462.564585	2179.603542	2709.859089	2308.005908	2319.895027	2607.61223	2381.718471	2400.741078		
		2193.870462	2170.092264	2346.051093	2277.094209	2334.161971	2229.537771	2350.806743	2412.630211	2400.741078	2460.186757	2483.965041	2422.141518		
		2146.314074	2205.759563	2357.940217	2258.07163	2258.07163	2331.784147	2246.182521	2274.716386	2248.560343	2476.831555	2393.6076	2514.87682		
		2239.049056	2196.248282	2374.584994	2286.6055	2288.983322	2215.270845	2179.603542	2274.716386	2208.137384	2453.053273	2274.716386	2277.094209		
		2155.825349	3223.473192	2464.942413	2322.27285	2300.872438	2246.182521	2243.804699	2269.960741	2308.005908	2267.582919	2455.431101	2384.096296		
		2120.158072	2224.782129	2227.15995	2203.381743	2267.582919	2193.870462	2291.361145	2255.693808	2217.648666	2388.851948	2398.363252	2308.005908		
		2279.472031	2277.094209	2288.983322	2300.872438	2279.472031	2117.780254	2291.361145	2284.227677	2386.474122	2455.431101	2350.806743	2426.897172		
		2279.472031	2422.141518	2357.940217	2343.673269	2165.336625	2212.893025	2388.851948	2284.227677	2277.094209	2374.584994	2305.628085	2298.494615		
		
2:00	23.90	3057.023816	4455.209336	2769.304997	2738.393119	4181.752763	2607.61223	8005.473833	2407.874558	2776.438509	4555.080665	2407.874558	2526.765969		
		2201.003922	2346.051093	2431.652826	2231.915592	2260.449452	2376.962819	2360.318042	2250.938165	2331.784147	2305.628085	2365.073693	2417.385864		
		2298.494615	2139.180618	2319.895027	2196.248282	2279.472031	2372.207168	2367.451518	2507.743331	2239.049056	2312.761555	2445.91979	2514.87682		
		2243.804699	2224.782129	2246.182521	2243.804699	2355.562392	2181.981362	2272.338564	2246.182521	2343.673269	2338.91762	2405.496731	2505.365502		
		2205.759563	3451.747185	4517.03443	3271.03022	2298.494615	2381.718471	2821.617432	2476.831555	2445.91979	3225.851043	3218.717491	2823.995271		
		2217.648666	2158.203168	2474.453726	2488.720698	2258.07163	2374.584994	2269.960741	2281.849854	2367.451518	2445.91979	2388.851948	2360.318042		
		2243.804699	2384.096296	2234.293414	2384.096296	2255.693808	2395.985426	2300.872438	2357.940217	2331.784147	2327.028498	2434.030653	2598.100901		
		2260.449452	2229.537771	2296.116792	2310.383732	2310.383732	2362.695867	2181.981362	2277.094209	2384.096296	2305.628085	2355.562392	2374.584994		
		
3:00	24.20	5641.783897	12426.284557	3962.988178	3665.754645	9995.878561	4712.021577	17518.010383	2992.822006	8007.851826	7753.406993	3114.092135	3411.323618		
		2122.53589	2234.293414	2379.340645	2355.562392	2272.338564	2336.539795	2208.137384	2246.182521	2448.297618	2388.851948	2419.763691	2319.895027		
		2234.293414	2246.182521	2381.718471	2417.385864	2381.718471	2310.383732	2212.893025	2353.184567	2355.562392	2415.008037	2491.098527	2550.544273		
		2162.958806	2208.137384	2274.716386	2117.780254	2151.069711	2250.938165	2210.515204	2288.983322	2265.205097	2288.983322	2481.587212	2400.741078		
		2322.27285	5025.904324	9104.114049	9850.817523	2909.597515	2181.981362	6264.802034	3822.693813	2269.960741	8523.877943	4738.178425	5705.987832		
		2241.426878	2262.827274	2308.005908	2381.718471	2189.114822	2248.560343	2386.474122	2308.005908	2391.229774	2386.474122	2327.028498	2362.695867		
		2136.802799	2324.650674	2379.340645	2464.942413	2203.381743	2338.91762	2272.338564	2419.763691	2483.965041	2303.250261	2400.741078	2640.901891		
		2243.804699	2310.383732	2305.628085	2424.519345	2319.895027	2360.318042	2148.691892	2310.383732	2405.496731	2288.983322	2322.27285	2445.91979		
		
4:00	24.30	9774.720035	21456.531494	5689.342363	5370.701184	16024.467317	9208.747237	27609.66949	4179.374884	14892.437321	13584.439409	4355.338131	5998.473077		
		2341.295444	2139.180618	2241.426878	2284.227677	2312.761555	2274.716386	2151.069711	2300.872438	2317.517203	2355.562392	2617.12356	2362.695867		
		2419.763691	2341.295444	2460.186757	2186.737002	2381.718471	2338.91762	2398.363252	2502.987673	2300.872438	2674.191565	2474.453726	2659.92456		
		2236.671235	2205.759563	2336.539795	2284.227677	2269.960741	2222.404308	2288.983322	2241.426878	2341.295444	2448.297618	2602.856565	2502.987673		
		2816.861755	6409.856571	13108.809105	18129.229516	3903.541383	2346.051093	13341.867601	6640.517606	2869.174222	16507.249687	7617.861945	12114.750897		
		2210.515204	2369.829343	2184.359182	2277.094209	2243.804699	2258.07163	2336.539795	2362.695867	2210.515204	2393.6076	2491.098527	2386.474122		
		2231.915592	2246.182521	2291.361145	2338.91762	2046.445751	2293.738968	2379.340645	2129.669344	2398.363252	2386.474122	2493.476356	2412.630211		
		2286.6055	2386.474122	2305.628085	2291.361145	2312.761555	2243.804699	2255.693808	2250.938165	2464.942413	2350.806743	2457.808929	2507.743331		
		
5:00	24.40	13313.329789	26555.967529	7006.723089	7201.716303	20609.828233	13023.19595	36893.787695	5004.503188	17772.486265	19882.051129	5874.820648	8775.94721		
		2300.872438	2417.385864	2324.650674	2255.693808	2457.808929	2308.005908	2319.895027	2376.962819	2274.716386	2346.051093	2441.164135	2438.786308		
		2762.171485	4053.34739	2386.474122	2840.640145	2391.229774	2697.969912	2184.359182	2522.010309	2422.141518	3370.900072	2438.786308	2980.932788		
		2272.338564	2460.186757	2355.562392	2360.318042	2469.69807	2186.737002	2317.517203	2376.962819	2217.648666	2319.895027	2426.897172	2415.008037		
		3689.533287	8450.159723	13786.583144	20845.286948	5905.733737	3099.825051	17789.134248	10659.357805	3313.83157	22184.322916	9382.34351	17660.70704		
		2388.851948	2400.741078	2376.962819	2438.786308	2436.40848	2353.184567	2365.073693	2201.003922	2229.537771	2410.252384	2269.960741	2438.786308		
		2312.761555	2403.118905	2464.942413	2586.211741	2403.118905	2284.227677	2162.958806	2398.363252	2291.361145	2298.494615	2338.91762	2220.026487		
		2355.562392	2424.519345	2262.827274	2476.831555	2250.938165	2248.560343	2193.870462	2324.650674	2201.003922	2384.096296	2355.562392	2274.716386		
		
6:00	24.50	17130.352419	25694.939205	7767.674907	8797.349354	23720.793209	14747.367408	42320.131487	5927.135114	18383.707341	24814.892203	7957.913991	12545.190854		
		2148.691892	2205.759563	2246.182521	2343.673269	2279.472031	2198.626102	2224.782129	2170.092264	2300.872438	2239.049056	2365.073693	2391.229774		
		2645.657558	7427.623669	2284.227677	3913.052867	2229.537771	3677.643965	2336.539795	2491.098527	2569.566921	3932.075839	2498.232014	4165.107611		
		2210.515204	2400.741078	2331.784147	2136.802799	2243.804699	2108.268984	2184.359182	2074.979545	2388.851948	2393.6076	2343.673269	2346.051093		
		4509.900762	9144.540492	12709.281834	19049.63445	7525.120729	3886.896288	18933.096806	13836.524616	3962.988178	22774.1718	11280.036916	19587.136801		
		2272.338564	2234.293414	2181.981362	2215.270845	2250.938165	2172.470084	2127.291526	2203.381743	2231.915592	2167.714445	2376.962819	2464.942413		
		2220.026487	2279.472031	2174.847903	2369.829343	2165.336625	2210.515204	2236.671235	2241.426878	2284.227677	2393.6076	2476.831555	2457.808929		
		2222.404308	2310.383732	2013.156337	2212.893025	2205.759563	2196.248282	2274.716386	2215.270845	2198.626102	2422.141518	2388.851948	2398.363252		
		
7:00	24.60	19004.446364	24303.517986	7929.3781	10121.915413	24405.792568	15525.040345	43145.653115	6633.38375	18464.569623	27849.905965	9734.293274	14932.866688		
		2132.047163	2260.449452	2172.470084	2262.827274	2196.248282	2445.91979	2350.806743	2291.361145	2300.872438	2529.143799	2384.096296	2443.541962		
		3475.525764	10942.348833	2441.164135	7287.32323	2453.053273	5658.429357	2210.515204	2650.413225	3011.844759	5370.701184	2464.942413	6899.71482		
		2215.270845	2181.981362	2170.092264	2281.849854	2201.003922	2388.851948	2281.849854	2284.227677	2336.539795	2557.677765	2388.851948	2360.318042		
		5396.858248	8806.86142	11643.88553	15444.181033	8267.053469	4500.389207	19389.735076	15425.155325	4386.250634	20153.183002	11582.05493	19332.655149		
		2274.716386	2162.958806	2210.515204	2317.517203	2239.049056	2286.6055	2239.049056	2350.806743	2346.051093	2360.318042	2450.675445	2467.320241		
		2179.603542	2279.472031	2117.780254	2343.673269	2241.426878	2262.827274	2296.116792	2281.849854	2481.587212	2462.564585	2467.320241	2595.723069		
		2074.979545	2153.44753	2177.225723	2210.515204	2239.049056	2300.872438	2220.026487	2262.827274	2514.87682	2424.519345	2422.141518	2479.209383		
		
8:00	24.60	19715.5671	21023.665224	7496.584992	10445.331641	23180.884652	15289.597282	42141.705741	6633.38375	17311.100684	27838.013054	10435.819381	16954.361079		
		2139.180618	2193.870462	2234.293414	2205.759563	2279.472031	2315.139379	2310.383732	2300.872438	2357.940217	2386.474122	2336.539795	2343.673269		
		4486.121877	14890.059124	2405.496731	11903.09895	2541.03295	7708.225285	2243.804699	3190.183289	3418.457187	6331.384412	2479.209383	8393.087599		
		2141.558436	2174.847903	2288.983322	2296.116792	2272.338564	2386.474122	2217.648666	2231.915592	2312.761555	2367.451518	2317.517203	2303.250261		
		6036.520017	8057.789692	9089.845898	10645.089376	7434.757596	4388.628519	16916.308948	14083.854271	4234.066122	15860.36954	10970.885799	16214.726031		
		2248.560343	2217.648666	2327.028498	2277.094209	2274.716386	2155.825349	2208.137384	2262.827274	2167.714445	2308.005908	2450.675445	2231.915592		
		2231.915592	2186.737002	2293.738968	2217.648666	2374.584994	2220.026487	2281.849854	2269.960741	2308.005908	2255.693808	2250.938165	2400.741078		
		2198.626102	2260.449452	2429.274999	2236.671235	2357.940217	2196.248282	2229.537771	2265.205097	2243.804699	2279.472031	2267.582919	2367.451518		
		
9:00	24.70	20148.426294	17016.19583	7166.046777	10561.856926	21447.017924	13503.582058	37250.616188	6324.250583	15584.495774	26624.945336	11063.631009	17713.029211		
		2172.470084	2181.981362	2196.248282	2220.026487	2227.15995	2269.960741	2239.049056	2269.960741	2262.827274	2398.363252	2552.922103	2448.297618		
		4907.009199	17801.025666	2441.164135	15011.347283	2512.49899	8921.006299	2184.359182	3603.930209	3601.552347	7087.573876	2579.078246	9479.842952		
		2258.07163	2191.492642	2258.07163	2248.560343	2312.761555	2317.517203	2338.91762	2372.207168	2424.519345	2510.121161	2376.962819	2481.587212		
		6338.518242	6421.746299	6493.084703	7601.216078	6378.943287	4186.508522	13082.64952	12138.53205	3796.537263	10887.65301	9073.199724	12236.03485		
		2158.203168	2155.825349	2319.895027	2227.15995	2255.693808	2217.648666	2310.383732	2203.381743	2386.474122	2434.030653	2552.922103	2529.143799		
		2255.693808	2239.049056	2203.381743	2227.15995	2160.580987	2234.293414	2253.315986	2162.958806	2405.496731	2422.141518	2431.652826	2462.564585		
		2229.537771	2222.404308	2229.537771	2205.759563	2241.426878	2258.07163	2227.15995	2220.026487	2391.229774	2348.428918	2579.078246	2500.609843		
		
10:00	24.70	19325.520161	13976.836538	6214.865287	10162.34237	18160.14734	12340.672133	31953.066007	5782.081452	12637.937889	24022.858176	10821.066841	17470.444888		
		2212.893025	2336.539795	2308.005908	2191.492642	2357.940217	2274.716386	2343.673269	2519.63248	2498.232014	2600.478733	2529.143799	2562.433427		
		5335.032475	21477.937029	2424.519345	16775.991873	2802.594725	9275.332064	2298.494615	4067.614644	4129.439438	7372.930248	2636.146224	8041.143733		
		2291.361145	2210.515204	2338.91762	2319.895027	2336.539795	2343.673269	2353.184567	2469.69807	2588.589573	2747.904465	2522.010309	2529.143799		
		5506.242426	5085.351952	4638.306868	5449.172402	5618.004675	3734.712726	10005.390769	9039.907388	3523.082942	7356.284432	7501.340947	8519.121927		
		2227.15995	2193.870462	2234.293414	2450.675445	2407.874558	2350.806743	2367.451518	2393.6076	2522.010309	2488.720698	2683.702903	2434.030653		
		2227.15995	2212.893025	2234.293414	2296.116792	2393.6076	2315.139379	2277.094209	2438.786308	2552.922103	2531.521629	2693.214242	2650.413225		
		2203.381743	2324.650674	2341.295444	2331.784147	2184.359182	2246.182521	2443.541962	2343.673269	2422.141518	2631.390558	2560.055596	2507.743331		
		
11:00	24.70	18034.097827	11439.369112	5577.580014	9736.671318	15796.157458	9646.305688	26049.339244	5235.160172	10716.431545	20195.993382	10364.477462	16321.746757		
		2415.008037	2310.383732	2348.428918	2491.098527	2348.428918	2312.761555	2300.872438	2434.030653	2388.851948	2426.897172	2631.390558	2576.700415		
		5014.014803	21658.695114	2636.146224	16098.192515	2857.285022	8126.751558	2376.962819	4231.688241	3779.892191	6559.667271	2762.171485	6557.289321		
		2303.250261	2250.938165	2229.537771	2395.985426	2374.584994	2555.299934	2588.589573	2410.252384	2403.118905	2819.239594	2586.211741	2567.189089		
		4902.253398	4350.582363	3703.800476	3936.831583	4845.183804	3204.450389	7280.189316	6523.998031	3166.404796	4595.50481	5665.563127	5598.981303		
		2443.541962	2438.786308	2450.675445	2317.517203	2303.250261	2241.426878	2279.472031	2343.673269	2395.985426	2536.27729	2502.987673	2479.209383		
		2455.431101	2346.051093	2305.628085	2381.718471	2336.539795	2419.763691	2193.870462	2422.141518	2462.564585	2379.340645	2514.87682	2662.302394		
		2445.91979	2398.363252	2443.541962	2315.139379	2317.517203	2381.718471	2445.91979	2388.851948	2379.340645	2476.831555	2560.055596	2469.69807		
		
12:00	24.80	16338.394438	8961.432649	4700.132103	9686.732405	12904.288943	7760.54095	21544.532065	4176.997005	8485.829821	17137.487211	9724.781098	15272.949819		
		2379.340645	2331.784147	2443.541962	2436.40848	2296.116792	2483.965041	2343.673269	2334.161971	2524.388139	2571.944752	2541.03295	2488.720698		
		4424.296807	20976.097645	2557.677765	13001.792676	2928.620248	7030.502724	2298.494615	4012.92352	3665.754645	6100.724268	2624.257059	4883.230195		
		2438.786308	2405.496731	2407.874558	2405.496731	2272.338564	2552.922103	2783.572021	2353.184567	2533.89946	2969.043571	2393.6076	2609.990062		
		3917.80861	3863.117588	3009.466915	3254.385257	4245.955527	2809.72824	5285.096308	4980.724155	2938.131617	3592.0409	4600.260593	3991.522655		
		2395.985426	2260.449452	2464.942413	2412.630211	2312.761555	2448.297618	2274.716386	2429.274999	2438.786308	2448.297618	2486.342869	2460.186757		
		2476.831555	2338.91762	2462.564585	2474.453726	2158.203168	2296.116792	2277.094209	2460.186757	2602.856565	2579.078246	2564.811258	2481.587212		
		2395.985426	2369.829343	2312.761555	2284.227677	2310.383732	2443.541962	2669.435896	2353.184567	2405.496731	2522.010309	2533.89946	2462.564585		
		
13:00	24.80	14545.221246	7363.418353	4072.370396	9070.8217	10742.590356	6547.777523	16968.630633	3748.979923	6742.769618	13510.716527	9132.650359	14768.771149		
		2486.342869	2236.671235	2336.539795	2483.965041	2510.121161	2398.363252	2548.166442	2462.564585	2491.098527	2536.27729	2629.012725	2526.765969		
		3768.002856	18271.927262	2505.365502	9796.122447	3137.870613	5846.285499	2495.854185	3913.052867	3425.590757	5380.212843	2835.884466	4276.867987		
		2502.987673	2415.008037	2357.940217	2291.361145	2457.808929	2491.098527	2826.37311	2391.229774	2479.209383	3145.004157	2469.69807	2674.191565		
		3199.694689	3413.701474	2526.765969	2752.660138	3917.80861	2688.458573	4193.64216	3713.311936	2505.365502	3033.245362	3527.838661	3330.476545		
		2374.584994	2217.648666	2279.472031	2336.539795	2388.851948	2434.030653	2353.184567	2410.252384	2545.788611	2555.299934	2595.723069	2697.969912		
		2317.517203	2443.541962	2248.560343	2334.161971	2410.252384	2376.962819	2372.207168	2324.650674	2548.166442	2479.209383	2645.657558	2669.435896		
		2291.361145	2407.874558	2346.051093	2343.673269	2346.051093	2357.940217	2579.078246	2293.738968	2483.965041	2522.010309	2569.566921	2593.345237		
		
14:00	24.90	13308.573488	6076.94491	3699.044746	7803.3447	8951.920565	5101.997296	13736.641703	3366.144362	5223.270621	10878.140697	8231.383468	13194.422351		
		2472.075898	2303.250261	2312.761555	2269.960741	2293.738968	2483.965041	2541.03295	2410.252384	2398.363252	2648.035391	2690.836407	2614.745728		
		3427.968614	14856.764367	2467.320241	6597.714477	3351.877233	4673.975267	2445.91979	3542.105821	3135.492765	4621.66162	2895.330468	3844.094632		
		2571.944752	2536.27729	2398.363252	2415.008037	2336.539795	2457.808929	2995.19985	2500.609843	2405.496731	2935.753774	2636.146224	2728.881774		
		2819.239594	3038.001052	2317.517203	2586.211741	3513.571504	2557.677765	3653.865327	3078.424431	2633.768391	2909.597515	3099.825051	2983.310632		
		2445.91979	2374.584994	2258.07163	2310.383732	2296.116792	2550.544273	2395.985426	2403.118905	2479.209383	2579.078246	2683.702903	2576.700415		
		2407.874558	2272.338564	2376.962819	2410.252384	2312.761555	2336.539795	2381.718471	2374.584994	2391.229774	2612.367895	2645.657558	2629.012725		
		2243.804699	2239.049056	2250.938165	2419.763691	2353.184567	2448.297618	2522.010309	2288.983322	2365.073693	2483.965041	2688.458573	2595.723069		
		
15:00	24.90	11401.319604	4709.643682	3368.522216	7586.948195	7586.948195	4531.301766	10916.189957	3159.271249	4664.463692	8783.081257	7239.763815	11420.344356		
		2391.229774	2529.143799	2510.121161	2548.166442	2448.297618	2664.680228	2491.098527	2410.252384	2460.186757	2483.965041	2467.320241	2464.942413		
		3142.626309	10980.398123	2619.501393	5137.665902	3294.808745	4350.582363	2529.143799	3156.8934	3080.802277	4284.001633	2690.836407	3494.548631		
		2381.718471	2531.521629	2522.010309	2514.87682	2619.501393	2505.365502	2909.597515	2588.589573	2460.186757	2838.262305	2629.012725	2526.765969		
		2598.100901	3007.089071	2688.458573	2667.058062	3087.935817	2524.388139	2911.975356	2959.532199	2407.874558	2600.478733	2914.353198	2702.725583		
		2410.252384	2445.91979	2562.433427	2514.87682	2315.139379	2424.519345	2393.6076	2483.965041	2524.388139	2533.89946	2443.541962	2555.299934		
		2505.365502	2419.763691	2526.765969	2617.12356	2552.922103	2512.49899	2491.098527	2569.566921	2493.476356	2593.345237	2624.257059	2600.478733		
		2443.541962	2441.164135	2498.232014	2574.322583	2657.546726	2445.91979	2581.456078	2462.564585	2505.365502	2448.297618	2571.944752	2403.118905		
		
16:00	24.90	9860.329715	4127.061561	3071.290892	6692.832573	6352.785902	3860.739718	9032.773317	2878.685583	4048.59164	7558.412435	6778.438955	9967.341943		
		2319.895027	2357.940217	2441.164135	2315.139379	2388.851948	2469.69807	2386.474122	2474.453726	2507.743331	2531.521629	2659.92456	2624.257059		
		2821.617432	7891.33026	2469.69807	3875.006937	3099.825051	3691.911152	2455.431101	3038.001052	2852.529342	3589.663038	2816.861755	3337.610107		
		2607.61223	2298.494615	2438.786308	2400.741078	2376.962819	2438.786308	2923.864564	2517.25465	2512.49899	2850.151503	2659.92456	2598.100901		
		2464.942413	2752.660138	2410.252384	2453.053273	2973.799258	2493.476356	2747.904465	2609.990062	2391.229774	2695.592077	2790.705534	2783.572021		
		2334.161971	2384.096296	2462.564585	2388.851948	2376.962819	2476.831555	2486.342869	2415.008037	2526.765969	2457.808929	2590.967405	2586.211741		
		2426.897172	2388.851948	2329.406323	2426.897172	2486.342869	2353.184567	2365.073693	2474.453726	2479.209383	2590.967405	2460.186757	2619.501393		
		2533.89946	2393.6076	2410.252384	2479.209383	2495.854185	2407.874558	2541.03295	2545.788611	2536.27729	2581.456078	2626.634892	2581.456078		
		
17:00	25.00	8550.036038	3696.666881	2928.620248	5965.18202	5292.230044	3542.105821	7194.582396	2833.506627	3765.624989	5920.001321	6150.660944	8661.802538		
		2455.431101	2526.765969	2467.320241	2605.234398	2533.89946	2557.677765	2386.474122	2583.83391	2536.27729	2709.859089	2807.350401	2595.723069		
		2921.486723	5870.064789	2552.922103	3263.896664	3045.134588	3470.770047	2614.745728	2852.529342	2885.819105	3408.945762	2902.463991	3252.007406		
		2486.342869	2545.788611	2707.481253	2569.566921	2626.634892	2548.166442	2866.796382	2648.035391	2657.546726	2923.864564	2721.748267	2512.49899		
		2512.49899	2869.174222	2479.209383	2548.166442	2774.060671	2438.786308	2593.345237	2681.325068	2526.765969	2707.481253	2705.103418	2774.060671		
		2519.63248	2562.433427	2576.700415	2576.700415	2533.89946	2486.342869	2510.121161	2548.166442	2560.055596	2598.100901	2564.811258	2619.501393		
		2343.673269	2495.854185	2483.965041	2543.410781	2403.118905	2431.652826	2567.189089	2550.544273	2579.078246	2657.546726	2688.458573	2745.526628		
		2415.008037	2460.186757	2350.806743	2593.345237	2479.209383	2491.098527	2586.211741	2469.69807	2488.720698	2588.589573	2593.345237	2690.836407		
		
18:00	25.00	7206.472241	3064.157354	2640.901891	5594.22546	4243.577646	3187.80544	5717.877456	2695.592077	3280.541629	5173.334524	4930.78821	7501.340947		
		2407.874558	2403.118905	2462.564585	2419.763691	2410.252384	2448.297618	2346.051093	2536.27729	2550.544273	2422.141518	2617.12356	2617.12356		
		2652.791058	4659.707905	2500.609843	2990.444163	2831.128788	3466.014331	2448.297618	2567.189089	2667.058062	3054.64597	2586.211741	2938.131617		
		2341.295444	2443.541962	2581.456078	2448.297618	2367.451518	2417.385864	2560.055596	2353.184567	2550.544273	2631.390558	2605.234398	2467.320241		
		2453.053273	2510.121161	2464.942413	2448.297618	2650.413225	2346.051093	2483.965041	2379.340645	2707.481253	2600.478733	2731.259611	2614.745728		
		2341.295444	2300.872438	2522.010309	2308.005908	2538.65512	2507.743331	2434.030653	2481.587212	2505.365502	2609.990062	2631.390558	2538.65512		
		2434.030653	2412.630211	2434.030653	2331.784147	2243.804699	2505.365502	2417.385864	2376.962819	2293.738968	2502.987673	2567.189089	2500.609843		
		2319.895027	2391.229774	2391.229774	2400.741078	2422.141518	2412.630211	2512.49899	2491.098527	2424.519345	2548.166442	2586.211741	2626.634892		
		
19:00	25.00	6179.196201	2843.017984	2693.214242	4776.224766	3839.338894	3104.580745	5480.085327	2557.677765	3116.469982	4450.453561	4562.214336	6578.690872		
		2384.096296	2415.008037	2338.91762	2536.27729	2519.63248	2502.987673	2443.541962	2648.035391	2541.03295	2536.27729	2550.544273	2650.413225		
		2512.49899	3839.338894	2341.295444	2807.350401	2643.279724	3213.96179	2403.118905	2714.61476	2895.330468	2914.353198	2728.881774	2904.841832		
		2441.164135	2560.055596	2502.987673	2541.03295	2476.831555	2457.808929	2552.922103	2453.053273	2567.189089	2738.393119	2674.191565	2588.589573		
		2362.695867	2643.279724	2500.609843	2336.539795	2617.12356	2457.808929	2505.365502	2617.12356	2581.456078	2586.211741	2738.393119	2510.121161		
		2288.983322	2555.299934	2472.075898	2336.539795	2429.274999	2384.096296	2522.010309	2438.786308	2562.433427	2593.345237	2750.282301	2529.143799		
		2441.164135	2472.075898	2486.342869	2386.474122	2412.630211	2583.83391	2519.63248	2529.143799	2593.345237	2552.922103	2721.748267	2633.768391		
		2431.652826	2453.053273	2479.209383	2469.69807	2429.274999	2422.141518	2550.544273	2571.944752	2667.058062	2576.700415	2664.680228	2567.189089		
		
20:00	25.10	5149.555441	2700.347747	2562.433427	4524.168097	3427.968614	2804.972563	4583.615353	2507.743331	2969.043571	3929.697967	4039.08014	5299.363781		
		2391.229774	2412.630211	2386.474122	2305.628085	2405.496731	2445.91979	2467.320241	2422.141518	2574.322583	2567.189089	2631.390558	2510.121161		
		2507.743331	3366.144362	2324.650674	2686.080738	2640.901891	2831.128788	2526.765969	2626.634892	2683.702903	2781.194184	2821.617432	2802.594725		
		2410.252384	2343.673269	2374.584994	2460.186757	2400.741078	2467.320241	2474.453726	2438.786308	2557.677765	2548.166442	2648.035391	2469.69807		
		2400.741078	2405.496731	2338.91762	2381.718471	2631.390558	2436.40848	2469.69807	2434.030653	2569.566921	2519.63248	2571.944752	2600.478733		
		2281.849854	2386.474122	2298.494615	2448.297618	2374.584994	2405.496731	2419.763691	2476.831555	2467.320241	2355.562392	2481.587212	2541.03295		
		2500.609843	2429.274999	2317.517203	2405.496731	2410.252384	2367.451518	2469.69807	2524.388139	2455.431101	2457.808929	2731.259611	2629.012725		
		2443.541962	2319.895027	2398.363252	2417.385864	2376.962819	2388.851948	2552.922103	2438.786308	2493.476356	2529.143799	2659.92456	2609.990062		
		
21:00	25.20	4376.739093	2581.456078	2621.879226	4074.748272	3190.183289	2655.168892	4108.038543	2483.965041	2826.37311	3637.220284	3851.22824	4616.905836		
		2374.584994	2395.985426	2322.27285	2329.406323	2426.897172	2388.851948	2434.030653	2557.677765	2441.164135	2614.745728	2638.524057	2700.347747		
		2505.365502	3007.089071	2443.541962	2590.967405	2372.207168	2567.189089	2448.297618	2624.257059	2705.103418	2947.642986	2697.969912	2819.239594		
		2331.784147	2393.6076	2552.922103	2291.361145	2300.872438	2348.428918	2541.03295	2502.987673	2562.433427	2821.617432	2800.216886	2693.214242		
		2362.695867	2550.544273	2336.539795	2395.985426	2348.428918	2436.40848	2514.87682	2474.453726	2609.990062	2605.234398	2695.592077	2626.634892		
		2267.582919	2303.250261	2455.431101	2381.718471	2469.69807	2269.960741	2403.118905	2429.274999	2481.587212	2733.637447	2640.901891	2631.390558		
		2300.872438	2455.431101	2346.051093	2398.363252	2384.096296	2355.562392	2426.897172	2476.831555	2571.944752	2569.566921	2612.367895	2854.907182		
		2334.161971	2334.161971	2422.141518	2412.630211	2281.849854	2376.962819	2453.053273	2541.03295	2479.209383	2659.92456	2681.325068	2598.100901		
		
22:00	25.20	3958.232433	2674.191565	2598.100901	3725.201263	3073.668738	2814.483916	3632.464558	2607.61223	2605.234398	3568.262287	3432.724328	4314.914108		
		2434.030653	2443.541962	2355.562392	2398.363252	2422.141518	2574.322583	2491.098527	2543.410781	2686.080738	2733.637447	2693.214242	2795.46121		
		2545.788611	2973.799258	2467.320241	2629.012725	2588.589573	2790.705534	2538.65512	2681.325068	2664.680228	2812.106078	2740.770955	2961.910042		
		2353.184567	2407.874558	2493.476356	2629.012725	2493.476356	2338.91762	2683.702903	2491.098527	2581.456078	2581.456078	2769.304997	2766.92716		
		2545.788611	2491.098527	2376.962819	2633.768391	2593.345237	2438.786308	2450.675445	2598.100901	2678.947234	2595.723069	2712.236924	2802.594725		
		2422.141518	2450.675445	2443.541962	2438.786308	2538.65512	2486.342869	2481.587212	2483.965041	2583.83391	2519.63248	2495.854185	2612.367895		
		2398.363252	2538.65512	2346.051093	2502.987673	2450.675445	2474.453726	2536.27729	2419.763691	2469.69807	2638.524057	2438.786308	2659.92456		
		2434.030653	2545.788611	2457.808929	2543.410781	2538.65512	2486.342869	2557.677765	2548.166442	2555.299934	2645.657558	2500.609843	2721.748267		
		
23:00	25.20	3943.965199	2871.552062	2728.881774	3684.777558	3040.378898	2819.239594	3515.949363	2873.929902	2983.310632	3485.037197	3382.789348	4003.412023		
		2579.078246	2669.435896	2788.327697	2783.572021	2659.92456	2631.390558	2726.503938	2771.682834	2881.063424	2909.597515	2885.819105	3009.466915		
		2690.836407	2980.932788	2864.418542	2919.108881	2595.723069	2992.822006	2888.196945	2854.907182	2881.063424	3221.095341	3033.245362	3204.450389		
		2686.080738	2678.947234	2781.194184	2733.637447	2605.234398	2752.660138	2852.529342	2743.148792	2857.285022	3004.711227	2869.174222	3149.759854		
		2745.526628	2643.279724	2823.995271	3183.04974	2686.080738	2793.083372	2752.660138	2812.106078	2897.708309	2983.310632	2947.642986	2999.955538		
		2602.856565	2659.92456	2826.37311	2728.881774	2724.126103	2793.083372	2631.390558	2831.128788	2766.92716	2957.154357	2935.753774	3009.466915		
		2745.526628	2700.347747	2690.836407	2655.168892	2804.972563	2757.415812	2833.506627	2788.327697	2907.219674	2885.819105	3035.623207	3066.5352		
		2733.637447	2766.92716	2762.171485	2655.168892	2678.947234	2802.594725	3014.222604	2745.526628	2873.929902	2795.46121	2895.330468	3092.69151		
		
24:00	25.20	3630.086695	2964.287885	3078.424431	3741.846324	3323.342984	3109.33644	3903.541383	3121.225677	3111.714287	3496.92649	3687.155423	4077.126148		
		2971.421415	2952.398671	2980.932788	2888.196945	2881.063424	3064.157354	3152.137703	3004.711227	3085.55797	3278.163777	3235.362447	3311.453717		
		3004.711227	3099.825051	2985.688475	3109.33644	2895.330468	3109.33644	3121.225677	3090.313664	3118.84783	3242.496	3282.919482	3501.682208		
		2857.285022	2930.99809	2897.708309	2947.642986	2995.19985	2911.975356	3002.333382	3090.313664	3066.5352	3244.873851	3204.450389	3373.277927		
		2940.509459	3047.512434	2850.151503	3513.571504	3035.623207	3125.981373	3140.248461	3097.447204	3128.359221	3199.694689	3249.629554	3285.297334		
		2828.750949	2892.952627	2916.731039	2866.796382	3083.180124	3026.111827	3018.978293	2959.532199	3142.626309	3230.606745	3202.072539	3335.232253		
		2911.975356	3040.378898	2788.327697	2990.444163	2923.864564	3052.268125	3123.603525	2961.910042	3059.401662	3164.026947	3247.251703	3473.147905		
		2945.265144	2862.040702	2973.799258	3073.668738	3059.401662	3106.958593	3116.469982	2976.177101	3142.626309	3225.851043	3301.942304	3359.010797		
		
25:00	25.20	3813.182339	3475.525764	3361.388652	3965.36605	3518.327223	3411.323618	3751.357789	3325.720838	3582.529454	3729.956995	3691.911152	3765.624989		
		3359.010797	3347.121524	3287.675187	3387.545059	3278.163777	3311.453717	3332.854399	3294.808745	3413.701474	3359.010797	3294.808745	3397.056482		
		3309.075863	3534.97224	3347.121524	3389.922914	3294.808745	3330.476545	3496.92649	3463.636474	3401.812194	3311.453717	3411.323618	3387.545059		
		3399.434338	3242.496	3249.629554	3199.694689	3435.102185	3316.209423	3406.567906	3282.919482	3432.724328	3325.720838	3534.97224	3337.610107		
		3423.2129	3520.705082	3328.098691	3901.163512	3299.564451	3337.610107	3589.663038	3477.903622	3394.678626	3413.701474	3446.99147	3418.457187		
		3468.392189	3335.232253	3237.740298	3123.603525	3368.522216	3130.737068	3292.430892	3361.388652	3183.04974	3316.209423	3534.97224	3425.590757		
		3404.19005	3427.968614	3380.411492	3202.072539	3316.209423	3266.274516	3275.785925	3423.2129	3221.095341	3271.03022	3475.525764	3330.476545		
		3387.545059	3375.655782	3297.186598	3408.945762	3187.80544	3515.949363	3394.678626	3363.766507	3249.629554	3287.675187	3418.457187	3401.812194		
		
26:00	25.20	3546.861541	3185.42759	3180.671891	3708.556206	3252.007406	3128.359221	3406.567906	3209.206089	3297.186598	3435.102185	3515.949363	3496.92649		
		3045.134588	3106.958593	2928.620248	3183.04974	2997.577694	3223.473192	3102.202898	3171.160494	3242.496	3330.476545	3299.564451	3261.518812		
		3168.782645	3199.694689	3099.825051	3228.228894	3109.33644	3199.694689	3225.851043	3204.450389	3328.098691	3485.037197	3309.075863	3320.96513		
		3064.157354	3023.733982	2983.310632	2923.864564	3204.450389	3042.756743	3221.095341	3078.424431	3359.010797	3156.8934	3273.408072	3337.610107		
		3049.890279	3052.268125	3111.714287	3599.174485	3142.626309	3180.671891	3423.2129	3199.694689	3280.541629	3271.03022	3278.163777	3211.58394		
		3154.515551	3092.69151	3076.046584	3128.359221	3064.157354	3133.114916	3180.671891	3273.408072	3237.740298	3292.430892	3406.567906	3387.545059		
		3175.916192	3102.202898	3106.958593	3073.668738	3152.137703	3111.714287	3232.984596	3166.404796	3347.121524	3204.450389	3342.365816	3223.473192		
		3145.004157	3009.466915	3078.424431	3256.763109	2978.554945	3216.33964	3190.183289	3225.851043	3273.408072	3190.183289	3304.320157	3285.297334		
		
27:00	25.30	3263.896664	3106.958593	3111.714287	3416.079331	3370.900072	3125.981373	3389.922914	3166.404796	3401.812194	3337.610107	3520.705082	3630.086695		
		3102.202898	3066.5352	3109.33644	2961.910042	3040.378898	3375.655782	3282.919482	3073.668738	3266.274516	3180.671891	3427.968614	3370.900072		
		3021.356138	3090.313664	3206.828239	3273.408072	3171.160494	3316.209423	3235.362447	3125.981373	3292.430892	3316.209423	3480.28148	3316.209423		
		3004.711227	3049.890279	3130.737068	3202.072539	2995.19985	3128.359221	3078.424431	3030.867517	3254.385257	3309.075863	3485.037197	3392.30077		
		2973.799258	3230.606745	3156.8934	3689.533287	3116.469982	3199.694689	3394.678626	3218.717491	3190.183289	3285.297334	3404.19005	3489.792914		
		3049.890279	3185.42759	3106.958593	3128.359221	3123.603525	3104.580745	3111.714287	3178.294042	3230.606745	3292.430892	3411.323618	3299.564451		
		2885.819105	3128.359221	3111.714287	3102.202898	3076.046584	3204.450389	2980.932788	3254.385257	3294.808745	3427.968614	3444.613613	3313.83157		
		3121.225677	3052.268125	3109.33644	3073.668738	3232.984596	3209.206089	3349.499379	3304.320157	3287.675187	3228.228894	3342.365816	3382.789348		
		
28:00	25.30	3385.167203	3087.935817	3218.717491	3501.682208	3477.903622	3282.919482	3427.968614	3261.518812	3271.03022	3435.102185	3456.5029	3594.418762		
		3194.938989	3102.202898	3206.828239	3278.163777	3309.075863	3285.297334	3187.80544	3211.58394	3223.473192	3152.137703	3318.587277	3399.434338		
		3080.802277	3194.938989	3199.694689	3247.251703	3156.8934	3235.362447	3437.480042	3432.724328	3294.808745	3304.320157	3380.411492	3494.548631		
		3194.938989	3130.737068	3318.587277	3328.098691	3145.004157	3306.69801	3261.518812	3252.007406	3249.629554	3339.987961	3458.880758	3456.5029		
		3232.984596	3290.05304	3209.206089	3753.735656	3118.84783	3397.056482	3468.392189	3237.740298	3499.304349	3537.3501	3680.021829	3501.682208		
		3304.320157	3178.294042	3216.33964	3194.938989	3280.541629	3290.05304	3209.206089	3202.072539	3313.83157	3294.808745	3454.125043	3309.075863		
		3152.137703	3216.33964	3240.118149	3232.984596	3078.424431	3304.320157	3168.782645	3140.248461	3199.694689	3351.877233	3456.5029	3423.2129		
		3180.671891	3249.629554	3173.538343	3485.037197	3068.913046	3432.724328	3330.476545	3099.825051	3278.163777	3354.255088	3470.770047	3359.010797		
		
29:00	25.20	3320.96513	3223.473192	3249.629554	3313.83157	3192.561139	3235.362447	3316.209423	3204.450389	3225.851043	3470.770047	3506.437926	3539.727961		
		3137.870613	3133.114916	3456.5029	3140.248461	3066.5352	3164.026947	3209.206089	3425.590757	3413.701474	3290.05304	3532.594381	3359.010797		
		3175.916192	3211.58394	3361.388652	3116.469982	3002.333382	3152.137703	3356.632942	3244.873851	3325.720838	3489.792914	3618.197382	3278.163777		
		2995.19985	3235.362447	3121.225677	3230.606745	3099.825051	3054.64597	3304.320157	3209.206089	3316.209423	3435.102185	3387.545059	3501.682208		
		3109.33644	3275.785925	3152.137703	3729.956995	3185.42759	3173.538343	3482.659338	3235.362447	3299.564451	3442.235756	3444.613613	3313.83157		
		3059.401662	3159.271249	3240.118149	3280.541629	3040.378898	3218.717491	3330.476545	3256.763109	3413.701474	3370.900072	3416.079331	3278.163777		
		3180.671891	3309.075863	3175.916192	3237.740298	3249.629554	3111.714287	3161.649098	3292.430892	3301.942304	3309.075863	3527.838661	3444.613613		
		3218.717491	3173.538343	3247.251703	3263.896664	3266.274516	3209.206089	3166.404796	3271.03022	3268.652368	3435.102185	3401.812194	3406.567906		
		
30:00	25.30	3328.098691	3213.96179	3268.652368	3397.056482	3311.453717	3206.828239	3553.995122	3525.460801	3525.460801	3539.727961	3504.060067	3613.441658		
		3247.251703	3204.450389	3259.140961	3294.808745	3337.610107	3418.457187	3416.079331	3485.037197	3427.968614	3456.5029	3537.3501	3466.014331		
		3194.938989	3375.655782	3399.434338	3180.671891	3342.365816	3404.19005	3622.953107	3454.125043	3539.727961	3482.659338	3615.81952	3663.376781		
		3271.03022	3247.251703	3280.541629	3213.96179	3349.499379	3420.835044	3406.567906	3351.877233	3354.255088	3387.545059	3644.353873	3468.392189		
		3297.186598	3223.473192	3211.58394	3677.643965	3356.632942	3385.167203	3622.953107	3494.548631	3335.232253	3466.014331	3658.621054	3580.151592		
		3187.80544	3313.83157	3237.740298	3320.96513	3306.69801	3506.437926	3513.571504	3392.30077	3385.167203	3375.655782	3518.327223	3532.594381		
		3147.382006	3356.632942	3373.277927	3420.835044	3311.453717	3473.147905	3458.880758	3299.564451	3378.033637	3461.258616	3418.457187	3468.392189		
		3301.942304	3335.232253	3202.072539	3354.255088	3330.476545	3489.792914	3480.28148	3461.258616	3325.720838	3444.613613	3523.082942	3575.39587		
		
31:00	25.30	3437.480042	3480.28148	3511.193644	3584.907315	3475.525764	3408.945762	3568.262287	3594.418762	3542.105821	3684.777558	3665.754645	3637.220284		
		3237.740298	3537.3501	3411.323618	3504.060067	3456.5029	3318.587277	3394.678626	3508.815785	3470.770047	3653.865327	3722.823398	3699.044746		
		3275.785925	3518.327223	3404.19005	3530.216521	3494.548631	3382.789348	3475.525764	3515.949363	3568.262287	3639.598147	3810.804471	3803.670867		
		3297.186598	3411.323618	3437.480042	3468.392189	3485.037197	3468.392189	3416.079331	3694.289016	3534.97224	3573.018009	3677.643965	3725.201263		
		3313.83157	3542.105821	3385.167203	3701.422611	3580.151592	3418.457187	3589.663038	3475.525764	3615.81952	3608.685933	3689.533287	3687.155423		
		3496.92649	3427.968614	3418.457187	3244.873851	3461.258616	3468.392189	3496.92649	3442.235756	3563.506565	3675.266101	3670.510373	3573.018009		
		3394.678626	3501.682208	3375.655782	3446.99147	3389.922914	3573.018009	3373.277927	3496.92649	3525.460801	3641.97601	3625.33097	3641.97601		
		3432.724328	3411.323618	3401.812194	3487.415055	3394.678626	3449.369328	3451.747185	3430.346471	3475.525764	3639.598147	3677.643965	3746.602057		
		
32:00	25.30	3599.174485	3530.216521	3292.430892	3397.056482	3425.590757	3501.682208	3397.056482	3397.056482	3539.727961	3594.418762	3827.44955	3748.979923		
		3442.235756	3589.663038	3411.323618	3482.659338	3520.705082	3351.877233	3359.010797	3515.949363	3449.369328	3537.3501	3787.025793	3737.090592		
		3515.949363	3461.258616	3468.392189	3420.835044	3404.19005	3475.525764	3420.835044	3494.548631	3520.705082	3703.800476	3798.915131	3680.021829		
		3549.239402	3230.606745	3349.499379	3475.525764	3435.102185	3397.056482	3373.277927	3320.96513	3444.613613	3563.506565	3718.067667	3611.063795		
		3532.594381	3361.388652	3518.327223	3639.598147	3587.285177	3430.346471	3413.701474	3492.170773	3582.529454	3680.021829	3649.1096	3699.044746		
		3446.99147	3420.835044	3349.499379	3553.995122	3487.415055	3356.632942	3339.987961	3506.437926	3506.437926	3501.682208	3720.445532	3682.399694		
		3523.082942	3370.900072	3380.411492	3328.098691	3530.216521	3339.987961	3418.457187	3361.388652	3587.285177	3651.487463	3860.739718	3584.907315		
		3525.460801	3309.075863	3449.369328	3311.453717	3389.922914	3342.365816	3332.854399	3466.014331	3475.525764	3530.216521	3798.915131	3658.621054		
		
33:00	25.40	3401.812194	3385.167203	3323.342984	3413.701474	3603.930209	3363.766507	3404.19005	3439.857899	3606.308071	3622.953107	3710.934071	3649.1096		
		3266.274516	3316.209423	3508.815785	3344.74367	3313.83157	3366.144362	3401.812194	3413.701474	3565.884426	3570.640148	3580.151592	3651.487463		
		3342.365816	3309.075863	3482.659338	3330.476545	3232.984596	3275.785925	3380.411492	3408.945762	3451.747185	3618.197382	3658.621054	3653.865327		
		3418.457187	3449.369328	3499.304349	3437.480042	3370.900072	3380.411492	3339.987961	3354.255088	3499.304349	3672.888237	3777.514324	3599.174485		
		3442.235756	3413.701474	3534.97224	3482.659338	3408.945762	3537.3501	3461.258616	3380.411492	3534.97224	3568.262287	3580.151592	3634.842421		
		3382.789348	3285.297334	3347.121524	3380.411492	3299.564451	3347.121524	3461.258616	3268.652368	3511.193644	3411.323618	3468.392189	3523.082942		
		3268.652368	3423.2129	3299.564451	3373.277927	3311.453717	3373.277927	3463.636474	3389.922914	3427.968614	3513.571504	3699.044746	3477.903622		
		3294.808745	3378.033637	3534.97224	3482.659338	3249.629554	3394.678626	3382.789348	3508.815785	3413.701474	3634.842421	3670.510373	3584.907315		
		
34:00	25.40	3461.258616	3425.590757	3408.945762	3420.835044	3446.99147	3366.144362	3228.228894	3259.140961	3546.861541	3532.594381	3577.773731	3665.754645		
		3418.457187	3304.320157	3349.499379	3323.342984	3401.812194	3266.274516	3361.388652	3087.935817	3394.678626	3611.063795	3656.24319	3482.659338		
		3382.789348	3325.720838	3401.812194	3299.564451	3342.365816	3373.277927	3418.457187	3446.99147	3463.636474	3328.098691	3527.838661	3680.021829		
		3375.655782	3285.297334	3406.567906	3394.678626	3149.759854	3373.277927	3273.408072	3332.854399	3437.480042	3489.792914	3454.125043	3608.685933		
		3427.968614	3432.724328	3553.995122	3394.678626	3394.678626	3392.30077	3342.365816	3380.411492	3496.92649	3675.266101	3687.155423	3568.262287		
		3425.590757	3387.545059	3318.587277	3411.323618	3294.808745	3263.896664	3263.896664	3392.30077	3363.766507	3573.018009	3577.773731	3651.487463		
		3304.320157	3437.480042	3261.518812	3501.682208	3285.297334	3242.496	3301.942304	3425.590757	3553.995122	3482.659338	3639.598147	3513.571504		
		3423.2129	3318.587277	3306.69801	3356.632942	3266.274516	3252.007406	3280.541629	3496.92649	3394.678626	3506.437926	3549.239402	3587.285177		
		
35:00	25.40	3468.392189	3237.740298	3351.877233	3627.708833	3537.3501	3401.812194	3608.685933	3537.3501	3544.483681	3744.22419	3777.514324	3573.018009		
		3332.854399	3318.587277	3359.010797	3496.92649	3373.277927	3366.144362	3344.74367	3508.815785	3575.39587	3753.735656	3727.579129	3625.33097		
		3366.144362	3401.812194	3221.095341	3534.97224	3382.789348	3492.170773	3573.018009	3563.506565	3530.216521	3592.0409	3627.708833	3684.777558		
		3458.880758	3404.19005	3254.385257	3551.617262	3463.636474	3356.632942	3553.995122	3394.678626	3599.174485	3504.060067	3732.33486	3699.044746		
		3496.92649	3344.74367	3527.838661	3563.506565	3423.2129	3399.434338	3485.037197	3601.552347	3580.151592	3729.956995	3660.998918	3725.201263		
		3344.74367	3330.476545	3373.277927	3449.369328	3254.385257	3487.415055	3508.815785	3542.105821	3570.640148	3582.529454	3687.155423	3670.510373		
		3351.877233	3249.629554	3406.567906	3451.747185	3278.163777	3544.483681	3563.506565	3665.754645	3542.105821	3699.044746	3511.193644	3551.617262		
		3304.320157	3325.720838	3454.125043	3382.789348	3363.766507	3618.197382	3632.464558	3423.2129	3570.640148	3603.930209	3637.220284	3499.304349		
		
36:00	25.40	3584.907315	3634.842421	3489.792914	3672.888237	3525.460801	3496.92649	3660.998918	3508.815785	3625.33097	3803.670867	3684.777558	3532.594381		
		3470.770047	3504.060067	3527.838661	3513.571504	3551.617262	3413.701474	3651.487463	3611.063795	3544.483681	3675.266101	3608.685933	3860.739718		
		3458.880758	3373.277927	3532.594381	3544.483681	3494.548631	3594.418762	3539.727961	3506.437926	3663.376781	3565.884426	3825.071681	3770.380723		
		3570.640148	3473.147905	3451.747185	3406.567906	3430.346471	3504.060067	3542.105821	3663.376781	3618.197382	3603.930209	3675.266101	3817.938076		
		3508.815785	3513.571504	3482.659338	3608.685933	3494.548631	3432.724328	3668.132509	3653.865327	3584.907315	3770.380723	3537.3501	3691.911152		
		3485.037197	3475.525764	3332.854399	3539.727961	3468.392189	3544.483681	3568.262287	3525.460801	3468.392189	3913.052867	3668.132509	3663.376781		
		3542.105821	3373.277927	3492.170773	3392.30077	3587.285177	3508.815785	3520.705082	3618.197382	3420.835044	3651.487463	3813.182339	3518.327223		
		3435.102185	3475.525764	3592.0409	3423.2129	3537.3501	3649.1096	3432.724328	3558.750844	3594.418762	3618.197382	3539.727961	3751.357789		
		
37:00	25.40	3791.781528	3794.159396	3668.132509	3806.048735	3708.556206	3575.39587	3672.888237	3546.861541	3573.018009	3787.025793	3867.873327	3644.353873		
		3672.888237	3820.315944	3608.685933	3801.292999	3608.685933	3542.105821	3668.132509	3596.796623	3689.533287	3813.182339	3927.320096	3746.602057		
		3687.155423	3775.136457	3722.823398	3630.086695	3649.1096	3699.044746	3684.777558	3582.529454	3596.796623	3718.067667	3820.315944	3844.094632		
		3732.33486	3756.113522	3613.441658	3573.018009	3534.97224	3644.353873	3706.178341	3627.708833	3473.147905	3727.579129	3787.025793	3758.491389		
		3542.105821	3582.529454	3739.468458	4176.997005	3634.842421	3549.239402	3734.712726	3713.311936	3753.735656	3851.22824	3936.831583	3891.652029		
		3677.643965	3672.888237	3658.621054	3739.468458	3651.487463	3630.086695	3653.865327	3658.621054	3570.640148	3689.533287	3820.315944	3556.372983		
		3639.598147	3660.998918	3708.556206	3632.464558	3613.441658	3546.861541	3611.063795	3568.262287	3703.800476	3841.716763	3915.430738	3615.81952		
		3741.846324	3582.529454	3782.270058	3663.376781	3718.067667	3737.090592	3599.174485	3596.796623	3549.239402	3665.754645	3713.311936	3539.727961		
		
38:00	25.40	3518.327223	3299.564451	3287.675187	3282.919482	3532.594381	3463.636474	3416.079331	3596.796623	3513.571504	3558.750844	3851.22824	3744.22419		
		3458.880758	3263.896664	3477.903622	3280.541629	3427.968614	3506.437926	3380.411492	3549.239402	3530.216521	3592.0409	3758.491389	3720.445532		
		3458.880758	3244.873851	3397.056482	3494.548631	3325.720838	3356.632942	3290.05304	3606.308071	3468.392189	3660.998918	3984.389035	3653.865327		
		3446.99147	3194.938989	3380.411492	3580.151592	3337.610107	3537.3501	3359.010797	3637.220284	3499.304349	3568.262287	3848.850371	3646.731737		
		3413.701474	3218.717491	3568.262287	3836.961025	3418.457187	3370.900072	3691.911152	3608.685933	3677.643965	3841.716763	3703.800476	3844.094632		
		3323.342984	3261.518812	3347.121524	3461.258616	3477.903622	3342.365816	3320.96513	3501.682208	3382.789348	3618.197382	3615.81952	3606.308071		
		3359.010797	3361.388652	3223.473192	3359.010797	3477.903622	3461.258616	3466.014331	3594.418762	3551.617262	3660.998918	3689.533287	3722.823398		
		3361.388652	3435.102185	3382.789348	3406.567906	3501.682208	3575.39587	3553.995122	3532.594381	3603.930209	3587.285177	3527.838661	3573.018009		
		
39:00	25.40	3508.815785	3430.346471	3420.835044	3482.659338	3651.487463	3620.575245	3699.044746	3556.372983	3641.97601	3653.865327	3791.781528	3720.445532		
		3551.617262	3625.33097	3416.079331	3508.815785	3558.750844	3437.480042	3520.705082	3582.529454	3715.689801	3527.838661	3722.823398	3810.804471		
		3599.174485	3451.747185	3392.30077	3423.2129	3511.193644	3454.125043	3570.640148	3568.262287	3594.418762	3627.708833	3708.556206	3822.693813		
		3394.678626	3596.796623	3446.99147	3294.808745	3520.705082	3546.861541	3594.418762	3451.747185	3637.220284	3656.24319	3722.823398	3649.1096		
		3485.037197	3710.934071	3580.151592	4374.361208	3732.33486	3677.643965	3644.353873	3580.151592	3618.197382	4065.236768	3558.750844	3675.266101		
		3501.682208	3413.701474	3454.125043	3339.987961	3363.766507	3561.128704	3475.525764	3599.174485	3477.903622	3634.842421	3846.472501	3696.666881		
		3494.548631	3537.3501	3527.838661	3347.121524	3511.193644	3663.376781	3496.92649	3553.995122	3708.556206	3577.773731	3813.182339	3696.666881		
		3473.147905	3413.701474	3351.877233	3463.636474	3532.594381	3706.178341	3594.418762	3751.357789	3551.617262	3734.712726	3720.445532	3665.754645		
		
40:00	25.40	3413.701474	3727.579129	3551.617262	3577.773731	3701.422611	3577.773731	3625.33097	3744.22419	3748.979923	3689.533287	3801.292999	3687.155423		
		3406.567906	3468.392189	3332.854399	3565.884426	3694.289016	3506.437926	3553.995122	3634.842421	3523.082942	3720.445532	3775.136457	3684.777558		
		3380.411492	3701.422611	3475.525764	3442.235756	3575.39587	3725.201263	3561.128704	3634.842421	3713.311936	3727.579129	3663.376781	3561.128704		
		3584.907315	3570.640148	3573.018009	3504.060067	3537.3501	3485.037197	3603.930209	3520.705082	3701.422611	3989.144781	3739.468458	3787.025793		
		3511.193644	3646.731737	3501.682208	4272.112223	3694.289016	3651.487463	3753.735656	3558.750844	3760.869255	4374.361208	3798.915131	3867.873327		
		3515.949363	3618.197382	3392.30077	3468.392189	3501.682208	3587.285177	3627.708833	3677.643965	3646.731737	3763.247122	3620.575245	3732.33486		
		3542.105821	3599.174485	3496.92649	3392.30077	3473.147905	3651.487463	3618.197382	3689.533287	3691.911152	3753.735656	3653.865327	3825.071681		
		3523.082942	3456.5029	3530.216521	3456.5029	3573.018009	3546.861541	3796.537263	3511.193644	3672.888237	3656.24319	3677.643965	3694.289016		
		
41:00	25.40	3373.277927	3446.99147	3482.659338	3418.457187	3580.151592	3599.174485	3363.766507	3587.285177	3553.995122	3468.392189	3653.865327	3549.239402		
		3242.496	3225.851043	3313.83157	3299.564451	3489.792914	3466.014331	3458.880758	3592.0409	3523.082942	3599.174485	3677.643965	3468.392189		
		3380.411492	3354.255088	3406.567906	3287.675187	3539.727961	3584.907315	3368.522216	3599.174485	3525.460801	3565.884426	3663.376781	3682.399694		
		3285.297334	3301.942304	3370.900072	3544.483681	3458.880758	3563.506565	3373.277927	3573.018009	3492.170773	3622.953107	3775.136457	3625.33097		
		3420.835044	3506.437926	3561.128704	4219.798839	3354.255088	3387.545059	3722.823398	3542.105821	3549.239402	3965.36605	3763.247122	3718.067667		
		3385.167203	3404.19005	3399.434338	3320.96513	3311.453717	3218.717491	3565.884426	3480.28148	3482.659338	3551.617262	3720.445532	3599.174485		
		3368.522216	3275.785925	3544.483681	3427.968614	3518.327223	3354.255088	3582.529454	3630.086695	3430.346471	3368.522216	3665.754645	3580.151592		
		3370.900072	3356.632942	3330.476545	3463.636474	3399.434338	3506.437926	3582.529454	3546.861541	3456.5029	3637.220284	3625.33097	3618.197382		
		
42:00	25.50	3427.968614	3280.541629	3294.808745	3351.877233	3406.567906	3463.636474	3325.720838	3530.216521	3527.838661	3618.197382	3627.708833	3777.514324		
		3278.163777	3537.3501	3546.861541	3418.457187	3237.740298	3337.610107	3373.277927	3356.632942	3446.99147	3454.125043	3672.888237	3682.399694		
		3180.671891	3399.434338	3487.415055	3347.121524	3311.453717	3513.571504	3437.480042	3309.075863	3437.480042	3637.220284	3706.178341	3708.556206		
		3335.232253	3309.075863	3268.652368	3435.102185	3304.320157	3423.2129	3480.28148	3285.297334	3468.392189	3518.327223	3596.796623	3587.285177		
		3378.033637	3549.239402	3637.220284	3951.098815	3249.629554	3489.792914	3468.392189	3518.327223	3606.308071	3834.583156	3601.552347	3953.476688		
		3561.128704	3368.522216	3416.079331	3427.968614	3237.740298	3354.255088	3404.19005	3401.812194	3577.773731	3506.437926	3594.418762	3713.311936		
		3301.942304	3263.896664	3366.144362	3411.323618	3202.072539	3370.900072	3240.118149	3354.255088	3446.99147	3523.082942	3741.846324	3580.151592		
		3513.571504	3349.499379	3261.518812	3387.545059	3366.144362	3599.174485	3387.545059	3313.83157	3549.239402	3570.640148	3760.869255	3573.018009		
		
43:00	25.40	3446.99147	3380.411492	3461.258616	3537.3501	3580.151592	3622.953107	3622.953107	3625.33097	3668.132509	3775.136457	3713.311936	3630.086695		
		3470.770047	3475.525764	3637.220284	3461.258616	3537.3501	3603.930209	3577.773731	3753.735656	3677.643965	3496.92649	3649.1096	3489.792914		
		3570.640148	3446.99147	3553.995122	3470.770047	3449.369328	3630.086695	3672.888237	3639.598147	3694.289016	3703.800476	3639.598147	3601.552347		
		3537.3501	3435.102185	3482.659338	3615.81952	3432.724328	3625.33097	3658.621054	3737.090592	3641.97601	3660.998918	3699.044746	3796.537263		
		3363.766507	3777.514324	3499.304349	3901.163512	3637.220284	3668.132509	3813.182339	3672.888237	3760.869255	3932.075839	3770.380723	3917.80861		
		3375.655782	3366.144362	3404.19005	3468.392189	3473.147905	3779.892191	3680.021829	3836.961025	3699.044746	3675.266101	3630.086695	3670.510373		
		3442.235756	3482.659338	3351.877233	3634.842421	3539.727961	3627.708833	3753.735656	3627.708833	3523.082942	3703.800476	3618.197382	3782.270058		
		3449.369328	3378.033637	3378.033637	3592.0409	3551.617262	3656.24319	3696.666881	3532.594381	3518.327223	3694.289016	3646.731737	3753.735656		
		
44:00	25.40	3477.903622	3363.766507	3753.735656	3634.842421	3663.376781	3439.857899	3563.506565	3468.392189	3625.33097	3718.067667	3577.773731	3394.678626		
		3508.815785	3385.167203	3511.193644	3515.949363	3387.545059	3618.197382	3496.92649	3592.0409	3594.418762	3561.128704	3656.24319	3442.235756		
		3420.835044	3458.880758	3487.415055	3454.125043	3618.197382	3389.922914	3699.044746	3677.643965	3599.174485	3515.949363	3649.1096	3601.552347		
		3463.636474	3487.415055	3568.262287	3432.724328	3549.239402	3508.815785	3496.92649	3437.480042	3606.308071	3487.415055	3703.800476	3477.903622		
		3416.079331	3677.643965	3580.151592	4157.973975	3482.659338	3444.613613	3787.025793	3603.930209	3782.270058	3592.0409	3775.136457	3801.292999		
		3580.151592	3449.369328	3466.014331	3549.239402	3416.079331	3558.750844	3513.571504	3489.792914	3570.640148	3613.441658	3703.800476	3641.97601		
		3394.678626	3485.037197	3601.552347	3513.571504	3363.766507	3534.97224	3470.770047	3523.082942	3553.995122	3546.861541	3580.151592	3599.174485		
		3394.678626	3546.861541	3539.727961	3435.102185	3406.567906	3406.567906	3584.907315	3468.392189	3477.903622	3587.285177	3537.3501	3518.327223		
		
45:00	25.50	3161.649098	3416.079331	3323.342984	3259.140961	3351.877233	3297.186598	3359.010797	3318.587277	3463.636474	3530.216521	3551.617262	3466.014331		
		3164.026947	3304.320157	3297.186598	3204.450389	3418.457187	3280.541629	3330.476545	3375.655782	3480.28148	3710.934071	3599.174485	3454.125043		
		3159.271249	3320.96513	3427.968614	3190.183289	3221.095341	3368.522216	3416.079331	3380.411492	3494.548631	3660.998918	3596.796623	3489.792914		
		3356.632942	3249.629554	3397.056482	3216.33964	3261.518812	3273.408072	3356.632942	3361.388652	3508.815785	3599.174485	3606.308071	3511.193644		
		3159.271249	3463.636474	3309.075863	3943.965199	3397.056482	3301.942304	3615.81952	3382.789348	3618.197382	3675.266101	3782.270058	3646.731737		
		3339.987961	3311.453717	3344.74367	3356.632942	3339.987961	3228.228894	3435.102185	3304.320157	3373.277927	3656.24319	3553.995122	3418.457187		
		3299.564451	3156.8934	3299.564451	3178.294042	3204.450389	3256.763109	3275.785925	3446.99147	3425.590757	3592.0409	3584.907315	3313.83157		
		3325.720838	3244.873851	3166.404796	3197.316839	3275.785925	3380.411492	3392.30077	3446.99147	3442.235756	3494.548631	3496.92649	3520.705082		
		
46:00	25.40	3456.5029	3225.851043	3221.095341	3206.828239	3273.408072	3370.900072	3206.828239	3451.747185	3408.945762	3470.770047	3670.510373	3351.877233		
		3130.737068	3166.404796	3249.629554	3204.450389	3442.235756	3439.857899	3273.408072	3354.255088	3392.30077	3401.812194	3656.24319	3240.118149		
		3118.84783	3237.740298	3171.160494	3332.854399	3385.167203	3518.327223	3387.545059	3420.835044	3368.522216	3534.97224	3487.415055	3463.636474		
		3318.587277	3354.255088	3285.297334	3389.922914	3316.209423	3435.102185	3282.919482	3401.812194	3366.144362	3309.075863	3534.97224	3397.056482		
		3185.42759	3356.632942	3332.854399	3960.610305	3380.411492	3523.082942	3634.842421	3337.610107	3292.430892	3416.079331	3737.090592	3729.956995		
		3218.717491	3237.740298	3159.271249	3223.473192	3275.785925	3332.854399	3603.930209	3389.922914	3301.942304	3506.437926	3470.770047	3456.5029		
		3359.010797	3235.362447	3240.118149	3237.740298	3294.808745	3380.411492	3294.808745	3242.496	3313.83157	3466.014331	3477.903622	3501.682208		
		3271.03022	3254.385257	3294.808745	3156.8934	3439.857899	3187.80544	3470.770047	3263.896664	3482.659338	3351.877233	3487.415055	3480.28148		
		
47:00	25.50	3318.587277	3161.649098	3261.518812	3271.03022	3347.121524	3273.408072	3351.877233	3325.720838	3468.392189	3418.457187	3477.903622	3458.880758		
		3290.05304	3313.83157	3282.919482	3240.118149	3351.877233	3344.74367	3271.03022	3323.342984	3430.346471	3473.147905	3601.552347	3408.945762		
		3221.095341	3206.828239	3230.606745	3273.408072	3256.763109	3335.232253	3216.33964	3199.694689	3454.125043	3427.968614	3527.838661	3632.464558		
		3299.564451	3399.434338	3230.606745	3161.649098	3380.411492	3247.251703	3173.538343	3313.83157	3477.903622	3461.258616	3618.197382	3513.571504		
		3292.430892	3411.323618	3240.118149	3691.911152	3408.945762	3206.828239	3618.197382	3342.365816	3513.571504	3494.548631	3729.956995	3720.445532		
		3328.098691	3323.342984	3135.492765	3361.388652	3275.785925	3204.450389	3247.251703	3311.453717	3370.900072	3385.167203	3534.97224	3335.232253		
		3292.430892	3413.701474	3271.03022	3418.457187	3280.541629	3297.186598	3359.010797	3408.945762	3252.007406	3408.945762	3570.640148	3530.216521		
		3454.125043	3323.342984	3180.671891	3380.411492	3306.69801	3261.518812	3304.320157	3263.896664	3335.232253	3389.922914	3668.132509	3511.193644		
		
48:00	25.50	3320.96513	3349.499379	3435.102185	3313.83157	3525.460801	3297.186598	3368.522216	3249.629554	3313.83157	3477.903622	3454.125043	3508.815785		
		3309.075863	3442.235756	3294.808745	3297.186598	3249.629554	3435.102185	3244.873851	3468.392189	3323.342984	3551.617262	3511.193644	3599.174485		
		3154.515551	3468.392189	3416.079331	3439.857899	3461.258616	3216.33964	3506.437926	3306.69801	3589.663038	3266.274516	3599.174485	3565.884426		
		3290.05304	3463.636474	3584.907315	3259.140961	3280.541629	3380.411492	3254.385257	3499.304349	3527.838661	3427.968614	3523.082942	3542.105821		
		3280.541629	3408.945762	3401.812194	3737.090592	3249.629554	3394.678626	3803.670867	3278.163777	3323.342984	3425.590757	3592.0409	3563.506565		
		3306.69801	3351.877233	3430.346471	3335.232253	3259.140961	3397.056482	3282.919482	3304.320157	3309.075863	3444.613613	3611.063795	3606.308071		
		3228.228894	3477.903622	3432.724328	3389.922914	3328.098691	3408.945762	3318.587277	3423.2129	3244.873851	3375.655782	3439.857899	3406.567906		
		3489.792914	3427.968614	3389.922914	3363.766507	3232.984596	3297.186598	3354.255088	3311.453717	3230.606745	3506.437926	3454.125043	3513.571504		
		
49:00	25.50	3287.675187	3370.900072	3496.92649	3380.411492	3430.346471	3589.663038	3520.705082	3435.102185	3608.685933	3599.174485	3813.182339	3485.037197		
		3306.69801	3382.789348	3418.457187	3389.922914	3304.320157	3359.010797	3394.678626	3442.235756	3641.97601	3534.97224	3989.144781	3530.216521		
		3325.720838	3268.652368	3342.365816	3439.857899	3190.183289	3466.014331	3330.476545	3408.945762	3644.353873	3542.105821	3815.560208	3641.97601		
		3311.453717	3416.079331	3387.545059	3466.014331	3332.854399	3451.747185	3344.74367	3168.782645	3549.239402	3653.865327	3694.289016	3592.0409		
		3311.453717	3237.740298	3389.922914	3836.961025	3451.747185	3496.92649	3530.216521	3466.014331	3601.552347	3718.067667	3848.850371	3675.266101		
		3309.075863	3261.518812	3306.69801	3408.945762	3259.140961	3551.617262	3249.629554	3442.235756	3356.632942	3680.021829	3718.067667	3627.708833		
		3382.789348	3249.629554	3256.763109	3389.922914	3316.209423	3290.05304	3299.564451	3573.018009	3387.545059	3794.159396	3822.693813	3675.266101		
		3387.545059	3273.408072	3394.678626	3392.30077	3301.942304	3389.922914	3373.277927	3565.884426	3565.884426	3641.97601	3663.376781	3606.308071		
		
~End
Original Filename: bak_exp_12-11-19-150756_pa_1471_col_fe_14_15.pda   Date Last Saved: 12/11/2019
