##BLOCKS= 1          
Plate:	Plate#1	1.3	PlateFormat	Kinetic	Luminescence	Raw	FALSE	50	3000	60				1	450	1	12	96	405	Automatic	435			6	Automatic			1	8	None	
Time(hh:mm:ss)	Temperature(¡C)	1	2	3	4	5	6	7	8	9	10	11	12		
0:00	23.80	1040.636019	600.746848	422.414089	346.325566	277.370404	144.215778	933.635728	179.882174	203.65978	251.215014	163.237854	170.371134		
		745.791118	676.835613	410.525252	365.34769	324.925682	208.415303	213.170825	206.037541	225.059632	158.482335	191.770977	215.548586		
		1076.302815	731.524457	417.658554	317.792388	317.792388	255.970539	239.326203	234.570679	213.170825	163.237854	170.371134	220.304109		
		859.924499	660.191189	431.925159	296.392512	481.858298	267.859352	229.815155	396.258651	210.793064	260.726064	201.28202	156.104575		
		893.213433	603.124621	436.680695	279.748168	260.726064	210.793064	179.882174	244.081727	189.393216	167.993374	167.993374	144.215778		
		845.657818	553.191406	296.392512	279.748168	239.326203	217.926348	172.748894	229.815155	139.46026	175.126654	189.393216	175.126654		
		974.058043	560.324721	365.34769	351.081096	334.436741	317.792388	255.970539	182.259935	229.815155	208.415303	229.815155	170.371134		
		672.080063	517.524844	348.703331	282.125931	279.748168	267.859352	234.570679	191.770977	191.770977	322.547917	141.838019	163.237854		
		
1:00	24.00	167.993374	120.43819	113.304915	132.326983	139.46026	175.126654	429.547391	118.060431	137.082501	163.237854	125.193707	99.038366		
		172.748894	99.038366	158.482335	125.193707	156.104575	134.704742	153.726816	177.504414	146.593538	118.060431	110.927156	163.237854		
		153.726816	327.303446	187.015455	187.015455	134.704742	122.815948	177.504414	167.993374	148.971297	103.793882	137.082501	194.148737		
		172.748894	148.971297	139.46026	103.793882	246.459489	141.838019	189.393216	258.348301	139.46026	191.770977	120.43819	110.927156		
		182.259935	201.28202	139.46026	148.971297	210.793064	182.259935	122.815948	122.815948	75.260791	134.704742	158.482335	160.860094		
		120.43819	91.905093	127.571466	148.971297	122.815948	129.949224	184.637695	115.682673	60.994249	165.615614	110.927156	148.971297		
		139.46026	139.46026	144.215778	118.060431	151.349056	241.703965	198.904259	203.65978	137.082501	179.882174	129.949224	175.126654		
		134.704742	134.704742	184.637695	122.815948	196.526498	172.748894	118.060431	151.349056	127.571466	381.992052	151.349056	110.927156		
		
2:00	24.20	160.860094	122.815948	113.304915	115.682673	122.815948	118.060431	410.525252	144.215778	702.991142	244.081727	175.126654	227.437394		
		165.615614	91.905093	156.104575	115.682673	125.193707	122.815948	146.593538	127.571466	108.549398	115.682673	177.504414	141.838019		
		113.304915	255.970539	137.082501	160.860094	82.394063	160.860094	129.949224	141.838019	146.593538	106.17164	141.838019	170.371134		
		125.193707	129.949224	118.060431	222.68187	225.059632	177.504414	722.013351	1211.836783	743.413341	298.770276	279.748168	151.349056		
		172.748894	163.237854	122.815948	129.949224	125.193707	132.326983	129.949224	153.726816	141.838019	144.215778	144.215778	134.704742		
		108.549398	118.060431	134.704742	148.971297	139.46026	122.815948	156.104575	163.237854	110.927156	96.660608	118.060431	146.593538		
		172.748894	101.416124	137.082501	184.637695	110.927156	229.815155	179.882174	146.593538	139.46026	151.349056	201.28202	220.304109		
		139.46026	144.215778	163.237854	122.815948	125.193707	182.259935	146.593538	106.17164	184.637695	260.726064	141.838019	141.838019		
		
3:00	24.40	320.170153	222.68187	129.949224	351.081096	377.23652	236.948441	1592.284236	163.237854	1965.600057	1706.418824	417.658554	809.991125		
		163.237854	151.349056	134.704742	122.815948	139.46026	175.126654	165.615614	106.17164	113.304915	125.193707	127.571466	122.815948		
		137.082501	187.015455	139.46026	239.326203	113.304915	132.326983	89.527335	120.43819	118.060431	151.349056	148.971297	189.393216		
		120.43819	101.416124	120.43819	831.391139	833.768918	750.546672	5639.405975	6987.699387	3087.935817	4700.132103	1497.172203	129.949224		
		167.993374	165.615614	115.682673	132.326983	184.637695	146.593538	103.793882	305.903568	122.815948	129.949224	134.704742	139.46026		
		141.838019	125.193707	113.304915	94.282851	96.660608	137.082501	125.193707	144.215778	146.593538	122.815948	132.326983	189.393216		
		89.527335	137.082501	182.259935	206.037541	110.927156	286.881458	194.148737	172.748894	110.927156	115.682673	129.949224	225.059632		
		96.660608	146.593538	153.726816	137.082501	213.170825	132.326983	284.503694	144.215778	420.036321	291.636985	115.682673	101.416124		
		
4:00	24.50	755.302227	745.791118	346.325566	679.213388	1150.014243	486.613836	5506.242426	208.415303	4890.363896	4286.379515	1485.283207	2495.854185		
		115.682673	125.193707	148.971297	129.949224	182.259935	108.549398	148.971297	115.682673	89.527335	184.637695	151.349056	115.682673		
		343.947801	172.748894	137.082501	165.615614	132.326983	201.28202	115.682673	163.237854	137.082501	125.193707	612.635712	158.482335		
		151.349056	134.704742	137.082501	1682.640771	3087.935817	1908.532557	15251.545943	11836.511936	4493.255542	13924.51681	4203.153679	113.304915		
		146.593538	167.993374	148.971297	125.193707	579.346896	165.615614	134.704742	1062.036095	156.104575	137.082501	160.860094	156.104575		
		122.815948	125.193707	115.682673	96.660608	125.193707	146.593538	165.615614	146.593538	110.927156	96.660608	118.060431	148.971297		
		120.43819	134.704742	137.082501	210.793064	127.571466	179.882174	175.126654	191.770977	106.17164	122.815948	148.971297	153.726816		
		160.860094	101.416124	108.549398	129.949224	584.10244	324.925682	641.168995	187.015455	1730.196884	2648.035391	132.326983	113.304915		
		
5:00	24.60	1447.238431	2552.922103	867.057841	1204.70341	1887.132256	750.546672	9215.881323	339.192271	6894.958901	6252.91233	3173.538343	4188.886401		
		160.860094	172.748894	120.43819	134.704742	127.571466	134.704742	182.259935	108.549398	156.104575	151.349056	163.237854	137.082501		
		1763.486179	141.838019	141.838019	201.28202	255.970539	184.637695	167.993374	158.482335	141.838019	172.748894	3190.183289	170.371134		
		175.126654	125.193707	99.038366	2512.49899	5125.776365	2422.141518	18968.771577	12576.10652	4871.340696	16286.073166	4490.877653	110.927156		
		118.060431	167.993374	334.436741	120.43819	1421.082658	215.548586	151.349056	3875.006937	320.170153	144.215778	141.838019	151.349056		
		99.038366	91.905093	96.660608	163.237854	146.593538	139.46026	129.949224	115.682673	113.304915	132.326983	106.17164	153.726816		
		148.971297	110.927156	91.905093	165.615614	120.43819	213.170825	187.015455	272.614878	115.682673	118.060431	139.46026	153.726816		
		156.104575	167.993374	246.459489	225.059632	798.102231	1121.480779	1012.102594	217.926348	4930.78821	10388.258094	156.104575	129.949224		
		
6:00	24.60	1803.908914	4459.965111	1249.881447	1868.10977	2562.433427	852.791158	9613.013113	370.103221	6971.05365	7111.353535	4590.749027	5323.142908		
		146.593538	125.193707	84.77182	167.993374	115.682673	134.704742	172.748894	132.326983	103.793882	182.259935	118.060431	148.971297		
		6143.527131	167.993374	279.748168	225.059632	781.457782	251.215014	213.170825	303.525804	148.971297	607.880166	7862.794392	189.393216		
		122.815948	113.304915	89.527335	2942.887301	7677.3115	2086.868628	20583.666196	10899.543403	4866.584897	16098.192515	4108.038543	120.43819		
		441.436231	377.23652	752.92445	151.349056	2838.262305	217.926348	146.593538	9477.464915	500.880454	94.282851	220.304109	156.104575		
		141.838019	110.927156	139.46026	134.704742	118.060431	127.571466	118.060431	99.038366	103.793882	106.17164	137.082501	144.215778		
		129.949224	94.282851	101.416124	198.904259	96.660608	153.726816	167.993374	110.927156	108.549398	129.949224	127.571466	208.415303		
		160.860094	170.371134	519.902614	329.681211	1378.282321	2519.63248	1594.662038	641.168995	8193.335485	18053.124156	146.593538	110.927156		
		
7:00	24.70	1987.00038	5377.834928	1490.038805	2101.135531	2524.388139	748.168895	8243.273467	353.458862	6357.54179	7603.594059	5522.887858	5358.811613		
		132.326983	132.326983	129.949224	141.838019	189.393216	156.104575	220.304109	141.838019	156.104575	146.593538	156.104575	137.082501		
		12554.703366	165.615614	560.324721	722.013351	3275.785925	517.524844	553.191406	612.635712	170.371134	2683.702903	13836.524616	179.882174		
		158.482335	120.43819	139.46026	3356.632942	9080.333798	1637.462491	20226.912003	9508.379396	4060.481017	14209.897562	3099.825051	122.815948		
		790.968895	714.880022	1675.507357	165.615614	3970.121796	722.013351	213.170825	14126.661404	714.880022	217.926348	296.392512	291.636985		
		108.549398	87.149578	137.082501	110.927156	120.43819	120.43819	103.793882	151.349056	129.949224	127.571466	118.060431	91.905093		
		146.593538	115.682673	118.060431	129.949224	153.726816	134.704742	146.593538	99.038366	132.326983	118.060431	151.349056	158.482335		
		158.482335	167.993374	1323.593034	310.659096	2124.913708	3660.998918	2141.558436	1235.614696	10714.053472	20864.313946	153.726816	191.770977		
		
8:00	24.70	1801.531106	5394.480333	1644.595902	1799.153297	2536.27729	683.968938	6374.187398	422.414089	4298.268928	6243.400567	5732.145006	4728.666843		
		151.349056	91.905093	175.126654	127.571466	144.215778	146.593538	146.593538	115.682673	153.726816	148.971297	125.193707	146.593538		
		18462.19132	213.170825	1133.369721	1511.439	6849.777677	738.657787	1247.503655	952.657991	251.215014	6134.015382	18809.42439	291.636985		
		153.726816	160.860094	137.082501	3606.308071	9848.439476	1237.992487	18195.821766	7437.135572	3565.884426	12763.978902	2353.184567	120.43819		
		1095.325112	1261.770408	2831.128788	241.703965	4602.638484	1815.797958	393.880884	15893.664714	831.391139	196.526498	605.502393	629.280126		
		94.282851	108.549398	113.304915	134.704742	110.927156	101.416124	118.060431	189.393216	82.394063	113.304915	170.371134	151.349056		
		160.860094	134.704742	125.193707	141.838019	113.304915	172.748894	148.971297	132.326983	175.126654	129.949224	125.193707	141.838019		
		125.193707	120.43819	1994.133822	239.326203	2873.929902	3753.735656	2574.322583	1704.041018	10859.116074	19289.845231	127.571466	108.549398		
		
9:00	24.80	1451.994027	5030.660132	1561.372812	1746.84153	1946.577552	624.524579	4688.242631	329.681211	3316.209423	4921.276605	5656.051434	4146.084583		
		139.46026	91.905093	118.060431	146.593538	158.482335	141.838019	141.838019	134.704742	101.416124	134.704742	94.282851	151.349056		
		21256.746771	225.059632	2113.024619	2854.907182	11344.245375	1190.436667	2201.003922	1349.748775	244.081727	10057.707935	21225.827751	348.703331		
		251.215014	172.748894	113.304915	3615.81952	8609.486284	1150.014243	15750.971209	5461.061987	2988.066319	10844.84761	1787.264256	91.905093		
		1549.483807	1682.640771	3582.529454	170.371134	4269.734341	2907.219674	481.858298	14264.595655	748.168895	260.726064	1028.747091	760.057782		
		115.682673	94.282851	103.793882	137.082501	113.304915	118.060431	341.570036	158.482335	96.660608	108.549398	203.65978	137.082501		
		151.349056	129.949224	108.549398	134.704742	110.927156	132.326983	167.993374	103.793882	144.215778	110.927156	125.193707	146.593538		
		118.060431	87.149578	2624.257059	294.014748	2961.910042	2907.219674	2895.330468	1989.378194	9834.171192	17047.113223	137.082501	225.059632		
		
10:00	24.80	1214.214574	3974.877542	1309.32627	1285.548335	1708.79663	536.547009	3406.567906	286.881458	2148.691892	3758.491389	4978.346253	3221.095341		
		201.28202	144.215778	118.060431	189.393216	151.349056	201.28202	151.349056	108.549398	122.815948	127.571466	118.060431	153.726816		
		20362.478409	351.081096	2823.995271	3641.97601	15691.515656	1547.106006	3033.245362	1844.331669	386.747585	12797.272788	20521.828689	467.591683		
		175.126654	134.704742	118.060431	3589.663038	7230.251935	881.324526	12894.77639	3934.453711	2319.895027	8716.49684	1471.016414	113.304915		
		1711.174435	1906.154746	4300.64681	222.68187	3936.831583	4234.066122	446.191767	12559.459622	788.591117	248.837252	1285.548335	1088.19175		
		91.905093	113.304915	144.215778	96.660608	118.060431	151.349056	129.949224	263.103827	127.571466	139.46026	146.593538	141.838019		
		179.882174	96.660608	125.193707	115.682673	120.43819	144.215778	172.748894	177.504414	89.527335	120.43819	132.326983	148.971297		
		153.726816	110.927156	2828.750949	377.23652	2510.121161	2274.716386	2595.723069	1768.241794	8424.001661	14159.955857	134.704742	132.326983		
		
11:00	24.90	983.569179	3458.880758	969.302476	1130.991932	1399.682487	417.658554	2417.385864	255.970539	1361.637751	2833.506627	4188.886401	2643.279724		
		227.437394	108.549398	101.416124	120.43819	144.215778	106.17164	137.082501	158.482335	129.949224	144.215778	96.660608	153.726816		
		18533.540458	460.458377	3549.239402	4077.126148	15884.151806	1822.931384	2900.08615	1570.884018	850.413378	14202.763031	17537.03659	605.502393		
		146.593538	144.215778	134.704742	3563.506565	5344.544129	805.235567	10951.861154	2745.526628	1808.664531	7613.105983	1071.547241	139.46026		
		1682.640771	1518.5724	4588.371136	253.592776	2976.177101	4761.957386	603.124621	10511.917497	615.013486	277.370404	1245.125863	976.435827		
		99.038366	144.215778	118.060431	108.549398	120.43819	113.304915	184.637695	137.082501	206.037541	134.704742	120.43819	217.926348		
		156.104575	151.349056	120.43819	127.571466	125.193707	198.904259	158.482335	137.082501	141.838019	122.815948	101.416124	153.726816		
		146.593538	94.282851	2862.040702	289.259221	2177.225723	1725.441271	2574.322583	1233.236904	6300.471158	10863.872229	137.082501	134.704742		
		
12:00	24.90	636.413447	2667.058062	912.235687	669.702288	1169.036558	270.237115	1658.862726	348.703331	1035.880448	2065.468279	3299.564451	1894.265689		
		263.103827	127.571466	146.593538	194.148737	129.949224	108.549398	118.060431	94.282851	146.593538	189.393216	244.081727	115.682673		
		13627.246275	479.480528	3630.086695	4414.785262	14799.687674	1799.153297	2745.526628	1480.527609	1073.925028	13544.010723	13643.893396	581.724668		
		170.371134	184.637695	156.104575	3463.636474	3737.090592	598.369075	8783.081257	2139.180618	1342.615391	5905.733737	695.857815	182.259935		
		1430.593847	1651.729313	4878.474395	151.349056	2139.180618	4873.718596	576.969124	8236.139468	517.524844	334.436741	983.569179	814.746683		
		113.304915	146.593538	129.949224	177.504414	153.726816	120.43819	118.060431	160.860094	182.259935	153.726816	129.949224	198.904259		
		201.28202	99.038366	113.304915	151.349056	110.927156	341.570036	132.326983	222.68187	163.237854	113.304915	167.993374	118.060431		
		101.416124	122.815948	2479.209383	322.547917	1473.394212	1216.592365	2143.936255	952.657991	5556.178731	7377.686196	213.170825	189.393216		
		
13:00	24.90	624.524579	1979.866938	541.302551	510.391533	947.902425	265.48159	1285.548335	374.858753	693.480039	1525.705801	2731.259611	1516.1946		
		346.325566	127.571466	129.949224	103.793882	153.726816	103.793882	103.793882	115.682673	132.326983	175.126654	167.993374	137.082501		
		9467.95277	529.413696	3261.518812	3675.266101	11739.009623	1399.682487	1780.130832	1302.192889	1152.392032	11589.189227	9565.452316	481.858298		
		141.838019	127.571466	172.748894	3209.206089	2697.969912	636.413447	7644.019744	1639.840294	1147.636453	4835.672209	655.43564	115.682673		
		1451.994027	1333.104212	4747.690009	198.904259	1784.886448	4393.38429	688.724489	5884.332366	522.280385	336.814506	897.968996	700.613366		
		106.17164	101.416124	125.193707	115.682673	144.215778	153.726816	203.65978	151.349056	129.949224	127.571466	132.326983	246.459489		
		289.259221	127.571466	167.993374	191.770977	91.905093	332.058976	139.46026	156.104575	198.904259	148.971297	144.215778	215.548586		
		127.571466	115.682673	1953.710991	272.614878	1016.858164	867.057841	1618.440064	634.035673	4015.301394	5394.480333	222.68187	134.704742		
		
14:00	25.00	465.213915	1501.927802	538.92478	465.213915	705.368918	429.547391	878.946745	443.813999	579.346896	1130.991932	2006.022894	1088.19175		
		500.880454	108.549398	139.46026	122.815948	127.571466	210.793064	137.082501	91.905093	113.304915	198.904259	127.571466	127.571466		
		6062.677298	453.325072	2486.342869	3121.225677	8611.864295	1242.748071	1126.236355	1214.214574	1290.303922	9263.441913	6250.534389	393.880884		
		163.237854	167.993374	122.815948	3057.023816	1946.577552	610.257939	5513.376182	1325.970829	962.169125	3606.308071	450.947303	241.703965		
		1154.769821	1157.14761	4053.34739	151.349056	1276.037164	3684.777558	612.635712	4291.13528	505.635993	289.259221	867.057841	550.813635		
		167.993374	141.838019	144.215778	103.793882	132.326983	172.748894	156.104575	122.815948	191.770977	177.504414	101.416124	196.526498		
		503.258224	153.726816	132.326983	144.215778	139.46026	370.103221	260.726064	196.526498	156.104575	129.949224	129.949224	132.326983		
		184.637695	234.570679	1542.350404	298.770276	883.702308	707.746694	1233.236904	662.568964	3325.720838	3437.480042	206.037541	258.348301		
		
15:00	25.00	415.280787	1157.14761	443.813999	393.880884	529.413696	327.303446	624.524579	505.635993	465.213915	964.546908	1492.416604	836.146698		
		567.458036	103.793882	139.46026	118.060431	134.704742	146.593538	120.43819	179.882174	106.17164	146.593538	137.082501	144.215778		
		3803.670867	412.903019	1891.887878	2174.847903	5851.041357	969.302476	840.902258	1252.259239	976.435827	6585.824723	3884.518418	305.903568		
		132.326983	99.038366	137.082501	2914.353198	1471.016414	450.947303	4595.50481	1135.747509	817.124462	2850.151503	379.614286	156.104575		
		993.080316	1021.613735	3508.815785	179.882174	921.746815	2980.932788	707.746694	2854.907182	538.92478	222.68187	741.035564	377.23652		
		146.593538	125.193707	132.326983	103.793882	129.949224	127.571466	170.371134	132.326983	101.416124	153.726816	115.682673	194.148737		
		926.50238	141.838019	153.726816	141.838019	165.615614	450.947303	244.081727	156.104575	151.349056	122.815948	139.46026	170.371134		
		184.637695	248.837252	1207.081201	572.21358	557.946949	424.791856	955.035775	672.080063	2629.012725	2286.6055	153.726816	144.215778		
		
16:00	25.10	272.614878	936.013511	439.058463	353.458862	439.058463	179.882174	462.836146	522.280385	353.458862	650.680091	1259.392615	691.102264		
		745.791118	113.304915	137.082501	125.193707	187.015455	234.570679	137.082501	103.793882	153.726816	201.28202	148.971297	153.726816		
		2479.209383	365.34769	1411.57147	1392.549097	3677.643965	691.102264	679.213388	1173.792137	938.391293	4835.672209	2431.652826	289.259221		
		146.593538	163.237854	177.504414	2757.415812	1057.280522	488.991606	3665.754645	936.013511	629.280126	2498.232014	310.659096	141.838019		
		626.902352	814.746683	2938.131617	198.904259	817.124462	2186.737002	586.480212	2022.667597	239.326203	158.482335	643.546769	353.458862		
		146.593538	144.215778	153.726816	132.326983	115.682673	156.104575	206.037541	122.815948	125.193707	167.993374	141.838019	179.882174		
		1157.14761	148.971297	144.215778	151.349056	156.104575	748.168895	282.125931	139.46026	198.904259	165.615614	158.482335	132.326983		
		141.838019	184.637695	890.835651	726.768904	469.969452	415.280787	819.502241	386.747585	1977.489124	1442.482835	248.837252	110.927156		
		
17:00	25.10	289.259221	745.791118	286.881458	265.48159	393.880884	217.926348	415.280787	534.169238	270.237115	479.480528	950.280208	500.880454		
		648.302317	134.704742	127.571466	129.949224	184.637695	282.125931	137.082501	148.971297	113.304915	139.46026	134.704742	141.838019		
		1630.32908	317.792388	933.635728	1026.369305	2260.449452	467.591683	612.635712	1038.258233	733.902234	3318.587277	1768.241794	236.948441		
		220.304109	198.904259	120.43819	2360.318042	769.568892	351.081096	2814.483916	669.702288	569.835808	1927.555053	294.014748	415.280787		
		460.458377	543.680322	2229.537771	167.993374	719.635574	1706.418824	453.325072	1530.461401	379.614286	225.059632	527.035926	327.303446		
		156.104575	129.949224	153.726816	120.43819	198.904259	106.17164	187.015455	134.704742	203.65978	198.904259	134.704742	196.526498		
		959.791341	153.726816	225.059632	191.770977	182.259935	845.657818	420.036321	206.037541	156.104575	125.193707	286.881458	244.081727		
		139.46026	220.304109	774.324448	631.6579	389.125351	272.614878	574.591352	308.281332	1406.815876	969.302476	320.170153	89.527335		
		
18:00	25.20	232.192917	629.280126	301.14804	179.882174	289.259221	184.637695	370.103221	527.035926	232.192917	386.747585	719.635574	429.547391		
		607.880166	127.571466	132.326983	146.593538	189.393216	315.414624	139.46026	118.060431	213.170825	115.682673	110.927156	158.482335		
		1031.124876	277.370404	588.857985	648.302317	1865.731959	403.391951	486.613836	686.346713	603.124621	2374.584994	1081.058389	179.882174		
		151.349056	151.349056	163.237854	2077.357361	588.857985	358.214393	2234.293414	645.924543	479.480528	1466.260816	253.592776	106.17164		
		346.325566	484.236067	1656.484922	127.571466	498.502684	1387.793505	358.214393	1188.058877	274.992641	225.059632	441.436231	355.836627		
		101.416124	103.793882	137.082501	158.482335	137.082501	137.082501	179.882174	110.927156	362.969924	170.371134	110.927156	236.948441		
		1230.859112	194.148737	156.104575	213.170825	194.148737	971.680259	446.191767	148.971297	187.015455	160.860094	139.46026	296.392512		
		206.037541	170.371134	538.92478	688.724489	270.237115	279.748168	398.636418	244.081727	1199.947829	781.457782	160.860094	151.349056		
		
19:00	25.20	217.926348	443.813999	348.703331	184.637695	260.726064	115.682673	339.192271	424.791856	217.926348	289.259221	584.10244	313.03686		
		710.12447	156.104575	225.059632	167.993374	201.28202	320.170153	122.815948	118.060431	103.793882	137.082501	158.482335	163.237854		
		826.63558	179.882174	417.658554	505.635993	1375.904525	270.237115	370.103221	557.946949	508.013763	1704.041018	876.568964	163.237854		
		346.325566	132.326983	134.704742	1877.621012	462.836146	360.592158	1658.862726	474.72499	367.725456	1202.32562	158.482335	217.926348		
		377.23652	410.525252	1133.369721	172.748894	453.325072	981.191395	258.348301	717.257798	244.081727	251.215014	336.814506	341.570036		
		163.237854	125.193707	134.704742	144.215778	106.17164	134.704742	191.770977	184.637695	198.904259	125.193707	134.704742	153.726816		
		1111.969626	156.104575	127.571466	129.949224	170.371134	850.413378	493.747145	317.792388	203.65978	251.215014	270.237115	141.838019		
		151.349056	156.104575	351.081096	645.924543	217.926348	227.437394	377.23652	384.369818	802.857788	538.92478	198.904259	132.326983		
		
20:00	25.20	179.882174	360.592158	270.237115	163.237854	215.548586	141.838019	229.815155	410.525252	206.037541	251.215014	505.635993	286.881458		
		783.83556	156.104575	129.949224	125.193707	125.193707	341.570036	122.815948	137.082501	144.215778	158.482335	137.082501	134.704742		
		607.880166	201.28202	401.014184	360.592158	919.369033	189.393216	270.237115	417.658554	374.858753	1371.148933	638.791221	160.860094		
		189.393216	129.949224	191.770977	1725.441271	336.814506	187.015455	1330.726417	434.302927	327.303446	964.546908	146.593538	146.593538		
		458.080609	365.34769	974.058043	101.416124	391.503118	809.991125	208.415303	557.946949	255.970539	196.526498	277.370404	239.326203		
		139.46026	113.304915	165.615614	122.815948	127.571466	160.860094	115.682673	172.748894	189.393216	165.615614	120.43819	220.304109		
		788.591117	167.993374	125.193707	177.504414	170.371134	695.857815	493.747145	172.748894	203.65978	129.949224	163.237854	141.838019		
		217.926348	151.349056	313.03686	517.524844	179.882174	160.860094	310.659096	196.526498	774.324448	372.480987	236.948441	139.46026		
		
21:00	25.30	182.259935	291.636985	217.926348	163.237854	198.904259	158.482335	272.614878	424.791856	156.104575	239.326203	412.903019	210.793064		
		508.013763	184.637695	187.015455	115.682673	125.193707	334.436741	163.237854	91.905093	129.949224	144.215778	91.905093	167.993374		
		576.969124	175.126654	305.903568	348.703331	662.568964	179.882174	270.237115	294.014748	317.792388	1111.969626	519.902614	189.393216		
		305.903568	177.504414	108.549398	1425.838252	274.992641	203.65978	1007.347024	401.014184	332.058976	748.168895	151.349056	177.504414		
		294.014748	291.636985	702.991142	172.748894	384.369818	446.191767	229.815155	469.969452	341.570036	172.748894	270.237115	315.414624		
		144.215778	139.46026	141.838019	158.482335	132.326983	118.060431	127.571466	244.081727	151.349056	206.037541	113.304915	208.415303		
		679.213388	189.393216	151.349056	172.748894	165.615614	641.168995	496.124914	286.881458	225.059632	108.549398	191.770977	148.971297		
		134.704742	196.526498	253.592776	622.146805	170.371134	208.415303	234.570679	215.548586	527.035926	403.391951	236.948441	125.193707		
		
22:00	25.30	125.193707	203.65978	220.304109	160.860094	203.65978	179.882174	241.703965	372.480987	148.971297	248.837252	351.081096	239.326203		
		498.502684	151.349056	129.949224	110.927156	170.371134	263.103827	179.882174	137.082501	151.349056	165.615614	158.482335	163.237854		
		450.947303	187.015455	253.592776	255.970539	508.013763	146.593538	234.570679	241.703965	248.837252	888.45787	355.836627	198.904259		
		346.325566	220.304109	125.193707	1157.14761	227.437394	177.504414	947.902425	427.169624	222.68187	522.280385	170.371134	163.237854		
		187.015455	196.526498	546.058093	129.949224	367.725456	536.547009	263.103827	496.124914	427.169624	175.126654	222.68187	222.68187		
		148.971297	108.549398	122.815948	160.860094	120.43819	141.838019	134.704742	163.237854	163.237854	248.837252	148.971297	148.971297		
		631.6579	187.015455	246.459489	141.838019	125.193707	386.747585	510.391533	187.015455	198.904259	139.46026	215.548586	163.237854		
		148.971297	167.993374	267.859352	479.480528	156.104575	153.726816	158.482335	196.526498	548.435864	317.792388	146.593538	99.038366		
		
23:00	25.30	234.570679	279.748168	165.615614	113.304915	163.237854	213.170825	167.993374	370.103221	187.015455	146.593538	260.726064	210.793064		
		439.058463	122.815948	151.349056	151.349056	132.326983	277.370404	125.193707	94.282851	148.971297	182.259935	122.815948	134.704742		
		348.703331	277.370404	298.770276	222.68187	343.947801	156.104575	172.748894	210.793064	232.192917	645.924543	346.325566	165.615614		
		127.571466	153.726816	122.815948	995.458101	203.65978	179.882174	702.991142	379.614286	234.570679	439.058463	127.571466	91.905093		
		165.615614	222.68187	474.72499	203.65978	217.926348	339.192271	179.882174	277.370404	622.146805	355.836627	177.504414	253.592776		
		156.104575	82.394063	144.215778	151.349056	120.43819	210.793064	179.882174	141.838019	210.793064	239.326203	134.704742	201.28202		
		491.369375	217.926348	227.437394	320.170153	141.838019	346.325566	386.747585	282.125931	210.793064	125.193707	172.748894	215.548586		
		144.215778	103.793882	229.815155	393.880884	134.704742	213.170825	215.548586	179.882174	448.569535	296.392512	172.748894	115.682673		
		
24:00	25.30	158.482335	277.370404	194.148737	134.704742	148.971297	189.393216	148.971297	396.258651	165.615614	232.192917	270.237115	220.304109		
		446.191767	182.259935	144.215778	129.949224	127.571466	206.037541	156.104575	198.904259	170.371134	122.815948	153.726816	144.215778		
		298.770276	134.704742	244.081727	220.304109	244.081727	177.504414	146.593538	184.637695	222.68187	505.635993	279.748168	258.348301		
		277.370404	118.060431	127.571466	981.191395	201.28202	248.837252	695.857815	401.014184	277.370404	391.503118	113.304915	99.038366		
		153.726816	189.393216	310.659096	148.971297	341.570036	289.259221	122.815948	477.102759	379.614286	381.992052	208.415303	336.814506		
		153.726816	113.304915	137.082501	151.349056	139.46026	172.748894	153.726816	141.838019	108.549398	294.014748	165.615614	170.371134		
		429.547391	129.949224	177.504414	182.259935	189.393216	362.969924	360.592158	229.815155	182.259935	129.949224	182.259935	479.480528		
		258.348301	120.43819	234.570679	401.014184	160.860094	239.326203	156.104575	225.059632	555.569178	187.015455	146.593538	182.259935		
		
25:00	25.30	175.126654	206.037541	184.637695	132.326983	160.860094	236.948441	110.927156	248.837252	144.215778	217.926348	213.170825	215.548586		
		429.547391	177.504414	163.237854	103.793882	151.349056	203.65978	125.193707	106.17164	179.882174	144.215778	118.060431	163.237854		
		182.259935	179.882174	286.881458	196.526498	187.015455	148.971297	172.748894	175.126654	189.393216	327.303446	210.793064	132.326983		
		374.858753	146.593538	132.326983	817.124462	167.993374	134.704742	434.302927	329.681211	146.593538	277.370404	110.927156	144.215778		
		184.637695	156.104575	322.547917	137.082501	270.237115	255.970539	122.815948	508.013763	393.880884	396.258651	151.349056	270.237115		
		146.593538	156.104575	160.860094	113.304915	125.193707	187.015455	137.082501	172.748894	201.28202	272.614878	144.215778	284.503694		
		358.214393	137.082501	103.793882	201.28202	163.237854	360.592158	496.124914	234.570679	179.882174	129.949224	227.437394	600.746848		
		179.882174	115.682673	201.28202	370.103221	148.971297	308.281332	201.28202	196.526498	248.837252	227.437394	148.971297	148.971297		
		
26:00	25.30	127.571466	236.948441	134.704742	125.193707	141.838019	189.393216	167.993374	229.815155	156.104575	151.349056	179.882174	220.304109		
		477.102759	170.371134	148.971297	115.682673	182.259935	229.815155	120.43819	125.193707	201.28202	134.704742	125.193707	163.237854		
		187.015455	148.971297	215.548586	184.637695	125.193707	139.46026	170.371134	177.504414	144.215778	298.770276	167.993374	163.237854		
		189.393216	165.615614	120.43819	705.368918	156.104575	187.015455	410.525252	381.992052	246.459489	251.215014	120.43819	408.147485		
		151.349056	167.993374	301.14804	177.504414	289.259221	253.592776	125.193707	393.880884	341.570036	253.592776	148.971297	258.348301		
		151.349056	101.416124	129.949224	87.149578	110.927156	141.838019	182.259935	106.17164	206.037541	258.348301	125.193707	353.458862		
		341.570036	165.615614	137.082501	217.926348	110.927156	286.881458	315.414624	175.126654	251.215014	122.815948	158.482335	108.549398		
		165.615614	132.326983	115.682673	301.14804	179.882174	336.814506	134.704742	210.793064	779.080004	198.904259	172.748894	170.371134		
		
27:00	25.30	120.43819	339.192271	118.060431	137.082501	137.082501	148.971297	184.637695	241.703965	203.65978	267.859352	229.815155	141.838019		
		396.258651	120.43819	146.593538	153.726816	167.993374	227.437394	129.949224	120.43819	160.860094	170.371134	113.304915	165.615614		
		203.65978	151.349056	225.059632	153.726816	148.971297	189.393216	163.237854	141.838019	189.393216	210.793064	141.838019	137.082501		
		334.436741	127.571466	148.971297	527.035926	153.726816	134.704742	274.992641	263.103827	175.126654	372.480987	156.104575	267.859352		
		167.993374	182.259935	263.103827	118.060431	284.503694	260.726064	141.838019	248.837252	434.302927	308.281332	177.504414	253.592776		
		160.860094	94.282851	120.43819	106.17164	148.971297	118.060431	251.215014	189.393216	139.46026	244.081727	139.46026	360.592158		
		222.68187	203.65978	129.949224	284.503694	141.838019	358.214393	381.992052	196.526498	153.726816	101.416124	163.237854	210.793064		
		118.060431	125.193707	241.703965	389.125351	198.904259	248.837252	137.082501	381.992052	676.835613	315.414624	122.815948	129.949224		
		
28:00	25.40	196.526498	148.971297	146.593538	125.193707	108.549398	137.082501	151.349056	163.237854	132.326983	158.482335	213.170825	127.571466		
		401.014184	141.838019	146.593538	120.43819	175.126654	236.948441	129.949224	137.082501	160.860094	118.060431	144.215778	156.104575		
		265.48159	160.860094	232.192917	189.393216	137.082501	158.482335	129.949224	141.838019	127.571466	244.081727	191.770977	122.815948		
		222.68187	153.726816	141.838019	424.791856	165.615614	194.148737	201.28202	263.103827	208.415303	277.370404	141.838019	206.037541		
		167.993374	198.904259	156.104575	196.526498	260.726064	170.371134	160.860094	236.948441	446.191767	175.126654	215.548586	365.34769		
		127.571466	177.504414	160.860094	148.971297	127.571466	153.726816	182.259935	127.571466	184.637695	329.681211	106.17164	222.68187		
		258.348301	187.015455	125.193707	158.482335	137.082501	201.28202	374.858753	315.414624	122.815948	170.371134	134.704742	153.726816		
		184.637695	146.593538	210.793064	220.304109	158.482335	272.614878	151.349056	122.815948	374.858753	239.326203	127.571466	148.971297		
		
29:00	25.40	160.860094	182.259935	160.860094	101.416124	139.46026	129.949224	163.237854	141.838019	160.860094	208.415303	125.193707	177.504414		
		529.413696	132.326983	122.815948	99.038366	118.060431	255.970539	134.704742	127.571466	110.927156	191.770977	120.43819	177.504414		
		353.458862	122.815948	229.815155	113.304915	134.704742	170.371134	134.704742	170.371134	156.104575	189.393216	201.28202	137.082501		
		298.770276	96.660608	110.927156	417.658554	134.704742	129.949224	182.259935	291.636985	201.28202	232.192917	132.326983	165.615614		
		213.170825	172.748894	158.482335	144.215778	139.46026	213.170825	125.193707	510.391533	336.814506	170.371134	196.526498	322.547917		
		127.571466	139.46026	106.17164	141.838019	115.682673	146.593538	187.015455	139.46026	139.46026	153.726816	94.282851	163.237854		
		241.703965	156.104575	153.726816	165.615614	101.416124	201.28202	434.302927	203.65978	182.259935	125.193707	113.304915	258.348301		
		134.704742	294.014748	217.926348	139.46026	194.148737	315.414624	177.504414	203.65978	607.880166	315.414624	118.060431	153.726816		
		
30:00	25.40	125.193707	172.748894	144.215778	141.838019	125.193707	153.726816	158.482335	198.904259	132.326983	177.504414	208.415303	122.815948		
		422.414089	222.68187	153.726816	110.927156	148.971297	184.637695	146.593538	110.927156	106.17164	191.770977	122.815948	177.504414		
		158.482335	144.215778	132.326983	172.748894	165.615614	125.193707	139.46026	108.549398	201.28202	153.726816	134.704742	106.17164		
		263.103827	120.43819	210.793064	315.414624	127.571466	153.726816	196.526498	258.348301	175.126654	286.881458	139.46026	141.838019		
		141.838019	141.838019	217.926348	208.415303	303.525804	232.192917	137.082501	527.035926	393.880884	170.371134	184.637695	260.726064		
		125.193707	146.593538	139.46026	179.882174	99.038366	151.349056	141.838019	151.349056	132.326983	225.059632	134.704742	187.015455		
		201.28202	89.527335	163.237854	106.17164	189.393216	251.215014	298.770276	203.65978	163.237854	179.882174	137.082501	108.549398		
		96.660608	156.104575	201.28202	198.904259	163.237854	201.28202	127.571466	546.058093	503.258224	241.703965	191.770977	167.993374		
		
31:00	25.40	101.416124	134.704742	101.416124	118.060431	108.549398	163.237854	146.593538	139.46026	141.838019	177.504414	139.46026	122.815948		
		370.103221	158.482335	132.326983	139.46026	146.593538	163.237854	144.215778	139.46026	113.304915	206.037541	172.748894	125.193707		
		156.104575	144.215778	234.570679	156.104575	99.038366	246.459489	156.104575	137.082501	201.28202	210.793064	167.993374	127.571466		
		341.570036	129.949224	175.126654	263.103827	137.082501	222.68187	163.237854	179.882174	258.348301	177.504414	115.682673	567.458036		
		191.770977	134.704742	132.326983	151.349056	313.03686	196.526498	122.815948	488.991606	522.280385	274.992641	182.259935	381.992052		
		165.615614	163.237854	141.838019	160.860094	108.549398	120.43819	196.526498	156.104575	127.571466	334.436741	129.949224	272.614878		
		172.748894	108.549398	153.726816	182.259935	127.571466	258.348301	313.03686	187.015455	170.371134	122.815948	122.815948	191.770977		
		196.526498	175.126654	134.704742	194.148737	208.415303	220.304109	132.326983	572.21358	431.925159	391.503118	286.881458	118.060431		
		
32:00	25.40	141.838019	153.726816	182.259935	144.215778	153.726816	158.482335	134.704742	194.148737	148.971297	255.970539	158.482335	172.748894		
		488.991606	179.882174	125.193707	134.704742	172.748894	179.882174	134.704742	127.571466	132.326983	125.193707	139.46026	151.349056		
		220.304109	137.082501	177.504414	201.28202	103.793882	225.059632	196.526498	122.815948	137.082501	137.082501	137.082501	153.726816		
		267.859352	148.971297	118.060431	158.482335	134.704742	129.949224	177.504414	253.592776	189.393216	374.858753	132.326983	222.68187		
		175.126654	160.860094	139.46026	134.704742	244.081727	282.125931	158.482335	434.302927	443.813999	148.971297	172.748894	565.080264		
		170.371134	134.704742	153.726816	163.237854	115.682673	153.726816	206.037541	151.349056	203.65978	334.436741	153.726816	163.237854		
		191.770977	148.971297	127.571466	84.77182	170.371134	220.304109	198.904259	139.46026	129.949224	110.927156	196.526498	343.947801		
		156.104575	144.215778	210.793064	158.482335	165.615614	160.860094	141.838019	515.147074	591.235757	346.325566	125.193707	141.838019		
		
33:00	25.40	141.838019	153.726816	127.571466	167.993374	196.526498	156.104575	134.704742	170.371134	120.43819	151.349056	120.43819	141.838019		
		339.192271	144.215778	141.838019	163.237854	106.17164	203.65978	163.237854	80.016306	87.149578	146.593538	215.548586	153.726816		
		156.104575	106.17164	187.015455	148.971297	118.060431	167.993374	118.060431	127.571466	182.259935	120.43819	172.748894	122.815948		
		265.48159	158.482335	184.637695	172.748894	146.593538	234.570679	148.971297	165.615614	272.614878	370.103221	91.905093	232.192917		
		187.015455	139.46026	132.326983	134.704742	196.526498	239.326203	289.259221	424.791856	465.213915	115.682673	139.46026	320.170153		
		129.949224	146.593538	118.060431	94.282851	179.882174	194.148737	153.726816	134.704742	106.17164	284.503694	120.43819	187.015455		
		196.526498	144.215778	139.46026	156.104575	156.104575	282.125931	191.770977	194.148737	132.326983	134.704742	187.015455	203.65978		
		179.882174	163.237854	189.393216	191.770977	134.704742	310.659096	151.349056	722.013351	662.568964	317.792388	191.770977	137.082501		
		
34:00	25.40	170.371134	198.904259	215.548586	125.193707	156.104575	139.46026	137.082501	208.415303	129.949224	272.614878	137.082501	108.549398		
		289.259221	177.504414	191.770977	122.815948	170.371134	401.014184	208.415303	132.326983	151.349056	187.015455	101.416124	156.104575		
		179.882174	91.905093	213.170825	89.527335	139.46026	208.415303	170.371134	103.793882	106.17164	134.704742	160.860094	153.726816		
		427.169624	129.949224	156.104575	129.949224	132.326983	108.549398	146.593538	198.904259	194.148737	255.970539	144.215778	408.147485		
		272.614878	184.637695	146.593538	113.304915	234.570679	144.215778	351.081096	505.635993	358.214393	115.682673	125.193707	472.347221		
		118.060431	148.971297	122.815948	110.927156	91.905093	141.838019	222.68187	158.482335	239.326203	194.148737	94.282851	251.215014		
		210.793064	177.504414	137.082501	165.615614	151.349056	198.904259	177.504414	160.860094	129.949224	129.949224	191.770977	182.259935		
		165.615614	172.748894	156.104575	148.971297	148.971297	146.593538	172.748894	436.680695	467.591683	279.748168	132.326983	187.015455		
		
35:00	25.50	179.882174	160.860094	210.793064	115.682673	129.949224	134.704742	139.46026	196.526498	108.549398	144.215778	132.326983	72.883034		
		317.792388	127.571466	172.748894	177.504414	106.17164	158.482335	177.504414	80.016306	94.282851	144.215778	146.593538	191.770977		
		198.904259	115.682673	241.703965	118.060431	120.43819	163.237854	87.149578	87.149578	137.082501	132.326983	191.770977	146.593538		
		346.325566	108.549398	179.882174	129.949224	122.815948	101.416124	101.416124	229.815155	265.48159	167.993374	134.704742	498.502684		
		206.037541	255.970539	187.015455	118.060431	172.748894	227.437394	263.103827	565.080264	313.03686	201.28202	225.059632	341.570036		
		132.326983	101.416124	151.349056	122.815948	113.304915	118.060431	151.349056	172.748894	167.993374	462.836146	151.349056	265.48159		
		132.326983	115.682673	132.326983	134.704742	120.43819	198.904259	274.992641	189.393216	144.215778	129.949224	144.215778	170.371134		
		106.17164	96.660608	172.748894	153.726816	156.104575	122.815948	151.349056	458.080609	408.147485	327.303446	239.326203	108.549398		
		
36:00	25.50	129.949224	170.371134	156.104575	160.860094	144.215778	122.815948	134.704742	125.193707	177.504414	203.65978	134.704742	101.416124		
		384.369818	118.060431	141.838019	132.326983	156.104575	148.971297	196.526498	115.682673	103.793882	141.838019	132.326983	144.215778		
		182.259935	151.349056	179.882174	125.193707	141.838019	215.548586	132.326983	160.860094	120.43819	141.838019	137.082501	156.104575		
		187.015455	110.927156	137.082501	137.082501	127.571466	137.082501	160.860094	213.170825	134.704742	101.416124	113.304915	565.080264		
		187.015455	246.459489	153.726816	118.060431	137.082501	141.838019	346.325566	612.635712	241.703965	151.349056	137.082501	324.925682		
		137.082501	110.927156	110.927156	108.549398	113.304915	118.060431	196.526498	151.349056	317.792388	165.615614	144.215778	253.592776		
		139.46026	172.748894	194.148737	286.881458	158.482335	134.704742	272.614878	232.192917	141.838019	115.682673	210.793064	146.593538		
		158.482335	172.748894	412.903019	137.082501	158.482335	317.792388	148.971297	175.126654	443.813999	277.370404	277.370404	101.416124		
		
37:00	25.50	108.549398	129.949224	170.371134	156.104575	141.838019	118.060431	187.015455	132.326983	163.237854	191.770977	167.993374	132.326983		
		301.14804	158.482335	127.571466	144.215778	101.416124	576.969124	196.526498	103.793882	163.237854	139.46026	156.104575	191.770977		
		187.015455	94.282851	232.192917	120.43819	122.815948	201.28202	129.949224	146.593538	160.860094	110.927156	153.726816	110.927156		
		260.726064	122.815948	137.082501	132.326983	148.971297	156.104575	160.860094	258.348301	167.993374	265.48159	165.615614	617.391259		
		165.615614	277.370404	120.43819	141.838019	148.971297	305.903568	151.349056	569.835808	217.926348	217.926348	210.793064	362.969924		
		156.104575	156.104575	170.371134	129.949224	127.571466	179.882174	137.082501	134.704742	336.814506	213.170825	208.415303	208.415303		
		201.28202	170.371134	118.060431	279.748168	182.259935	170.371134	182.259935	234.570679	141.838019	151.349056	146.593538	146.593538		
		106.17164	141.838019	367.725456	163.237854	215.548586	232.192917	160.860094	282.125931	405.769718	263.103827	446.191767	198.904259		
		
38:00	25.50	106.17164	581.724668	132.326983	120.43819	122.815948	101.416124	187.015455	165.615614	101.416124	172.748894	156.104575	165.615614		
		324.925682	348.703331	137.082501	108.549398	108.549398	191.770977	139.46026	137.082501	153.726816	163.237854	120.43819	115.682673		
		125.193707	144.215778	201.28202	141.838019	144.215778	184.637695	129.949224	129.949224	122.815948	144.215778	165.615614	158.482335		
		118.060431	144.215778	118.060431	139.46026	170.371134	163.237854	118.060431	213.170825	788.591117	206.037541	156.104575	429.547391		
		320.170153	227.437394	108.549398	172.748894	170.371134	134.704742	165.615614	519.902614	339.192271	156.104575	167.993374	560.324721		
		153.726816	122.815948	172.748894	148.971297	108.549398	177.504414	129.949224	177.504414	179.882174	246.459489	148.971297	206.037541		
		229.815155	139.46026	118.060431	167.993374	134.704742	196.526498	153.726816	255.970539	153.726816	160.860094	251.215014	137.082501		
		215.548586	144.215778	139.46026	153.726816	177.504414	141.838019	196.526498	141.838019	465.213915	270.237115	274.992641	194.148737		
		
39:00	25.50	120.43819	187.015455	198.904259	134.704742	146.593538	137.082501	129.949224	170.371134	170.371134	217.926348	101.416124	106.17164		
		258.348301	232.192917	120.43819	110.927156	139.46026	462.836146	132.326983	172.748894	127.571466	148.971297	113.304915	170.371134		
		182.259935	94.282851	206.037541	148.971297	151.349056	172.748894	141.838019	139.46026	179.882174	129.949224	196.526498	196.526498		
		158.482335	167.993374	153.726816	108.549398	146.593538	184.637695	118.060431	151.349056	248.837252	182.259935	153.726816	263.103827		
		225.059632	175.126654	118.060431	151.349056	170.371134	158.482335	213.170825	519.902614	239.326203	170.371134	129.949224	448.569535		
		153.726816	148.971297	127.571466	153.726816	129.949224	203.65978	146.593538	153.726816	141.838019	422.414089	127.571466	189.393216		
		179.882174	146.593538	106.17164	175.126654	118.060431	175.126654	222.68187	246.459489	141.838019	91.905093	469.969452	158.482335		
		115.682673	208.415303	148.971297	120.43819	163.237854	196.526498	170.371134	246.459489	225.059632	313.03686	184.637695	115.682673		
		
40:00	25.50	82.394063	134.704742	146.593538	153.726816	144.215778	137.082501	144.215778	134.704742	127.571466	255.970539	115.682673	89.527335		
		308.281332	172.748894	177.504414	118.060431	115.682673	274.992641	196.526498	141.838019	129.949224	144.215778	129.949224	148.971297		
		165.615614	120.43819	267.859352	125.193707	129.949224	144.215778	156.104575	120.43819	108.549398	144.215778	106.17164	156.104575		
		151.349056	141.838019	170.371134	127.571466	125.193707	144.215778	132.326983	120.43819	191.770977	151.349056	151.349056	170.371134		
		191.770977	258.348301	106.17164	118.060431	175.126654	156.104575	229.815155	479.480528	310.659096	222.68187	153.726816	460.458377		
		187.015455	153.726816	132.326983	132.326983	206.037541	182.259935	118.060431	177.504414	284.503694	248.837252	122.815948	194.148737		
		179.882174	129.949224	127.571466	108.549398	120.43819	167.993374	236.948441	141.838019	134.704742	134.704742	244.081727	279.748168		
		134.704742	151.349056	220.304109	170.371134	94.282851	148.971297	217.926348	284.503694	579.346896	294.014748	305.903568	206.037541		
		
41:00	25.50	113.304915	177.504414	125.193707	120.43819	118.060431	144.215778	184.637695	158.482335	170.371134	170.371134	163.237854	146.593538		
		294.014748	198.904259	129.949224	175.126654	115.682673	125.193707	160.860094	113.304915	127.571466	101.416124	118.060431	115.682673		
		177.504414	151.349056	158.482335	165.615614	165.615614	187.015455	113.304915	134.704742	132.326983	120.43819	132.326983	156.104575		
		146.593538	94.282851	108.549398	106.17164	118.060431	132.326983	125.193707	146.593538	198.904259	210.793064	122.815948	225.059632		
		191.770977	241.703965	189.393216	139.46026	141.838019	144.215778	260.726064	374.858753	434.302927	96.660608	179.882174	634.035673		
		151.349056	122.815948	115.682673	108.549398	160.860094	189.393216	103.793882	170.371134	289.259221	365.34769	153.726816	255.970539		
		160.860094	163.237854	172.748894	148.971297	163.237854	139.46026	289.259221	179.882174	194.148737	141.838019	286.881458	179.882174		
		132.326983	225.059632	160.860094	99.038366	184.637695	167.993374	153.726816	301.14804	329.681211	255.970539	201.28202	146.593538		
		
42:00	25.50	141.838019	139.46026	101.416124	137.082501	120.43819	110.927156	125.193707	127.571466	146.593538	160.860094	139.46026	153.726816		
		372.480987	236.948441	125.193707	156.104575	122.815948	450.947303	108.549398	108.549398	122.815948	118.060431	94.282851	148.971297		
		156.104575	122.815948	170.371134	106.17164	110.927156	91.905093	132.326983	134.704742	125.193707	137.082501	153.726816	167.993374		
		405.769718	127.571466	96.660608	103.793882	96.660608	153.726816	118.060431	144.215778	634.035673	439.058463	118.060431	179.882174		
		222.68187	189.393216	99.038366	153.726816	139.46026	115.682673	239.326203	332.058976	222.68187	144.215778	156.104575	769.568892		
		172.748894	127.571466	125.193707	103.793882	160.860094	113.304915	129.949224	194.148737	137.082501	450.947303	120.43819	132.326983		
		210.793064	170.371134	165.615614	141.838019	156.104575	177.504414	343.947801	225.059632	153.726816	187.015455	263.103827	151.349056		
		151.349056	253.592776	177.504414	137.082501	187.015455	134.704742	129.949224	391.503118	322.547917	167.993374	182.259935	177.504414		
		
43:00	25.50	127.571466	144.215778	210.793064	110.927156	134.704742	265.48159	156.104575	96.660608	146.593538	153.726816	115.682673	165.615614		
		267.859352	170.371134	182.259935	129.949224	106.17164	132.326983	146.593538	103.793882	139.46026	99.038366	160.860094	184.637695		
		191.770977	89.527335	210.793064	139.46026	118.060431	184.637695	146.593538	144.215778	156.104575	163.237854	134.704742	139.46026		
		208.415303	189.393216	137.082501	120.43819	106.17164	101.416124	89.527335	151.349056	220.304109	260.726064	110.927156	203.65978		
		170.371134	137.082501	108.549398	167.993374	179.882174	153.726816	198.904259	313.03686	282.125931	182.259935	206.037541	562.702492		
		158.482335	144.215778	134.704742	139.46026	141.838019	103.793882	125.193707	129.949224	301.14804	253.592776	118.060431	172.748894		
		241.703965	182.259935	175.126654	148.971297	141.838019	198.904259	260.726064	210.793064	129.949224	234.570679	141.838019	132.326983		
		208.415303	258.348301	194.148737	132.326983	179.882174	148.971297	156.104575	396.258651	565.080264	327.303446	163.237854	153.726816		
		
44:00	25.50	118.060431	175.126654	113.304915	153.726816	132.326983	158.482335	158.482335	110.927156	156.104575	191.770977	141.838019	141.838019		
		391.503118	153.726816	187.015455	118.060431	175.126654	315.414624	229.815155	156.104575	148.971297	137.082501	156.104575	144.215778		
		132.326983	125.193707	206.037541	141.838019	87.149578	115.682673	115.682673	122.815948	132.326983	139.46026	172.748894	146.593538		
		127.571466	132.326983	137.082501	129.949224	141.838019	170.371134	129.949224	156.104575	355.836627	348.703331	106.17164	184.637695		
		210.793064	203.65978	132.326983	141.838019	246.459489	177.504414	203.65978	305.903568	208.415303	151.349056	213.170825	519.902614		
		115.682673	127.571466	144.215778	108.549398	103.793882	156.104575	165.615614	148.971297	236.948441	332.058976	148.971297	163.237854		
		137.082501	122.815948	163.237854	108.549398	153.726816	222.68187	274.992641	239.326203	134.704742	163.237854	258.348301	156.104575		
		134.704742	172.748894	282.125931	110.927156	125.193707	222.68187	146.593538	265.48159	391.503118	206.037541	213.170825	118.060431		
		
45:00	25.50	94.282851	132.326983	101.416124	134.704742	115.682673	253.592776	115.682673	120.43819	144.215778	194.148737	148.971297	127.571466		
		365.34769	163.237854	158.482335	91.905093	118.060431	251.215014	134.704742	103.793882	139.46026	132.326983	110.927156	137.082501		
		160.860094	148.971297	179.882174	139.46026	103.793882	191.770977	108.549398	139.46026	187.015455	144.215778	144.215778	99.038366		
		167.993374	113.304915	160.860094	113.304915	156.104575	132.326983	106.17164	127.571466	172.748894	334.436741	134.704742	184.637695		
		179.882174	244.081727	118.060431	172.748894	144.215778	151.349056	236.948441	258.348301	222.68187	236.948441	120.43819	819.502241		
		134.704742	122.815948	153.726816	127.571466	151.349056	134.704742	118.060431	101.416124	217.926348	191.770977	148.971297	148.971297		
		198.904259	113.304915	163.237854	129.949224	134.704742	279.748168	351.081096	217.926348	301.14804	191.770977	160.860094	253.592776		
		120.43819	232.192917	201.28202	177.504414	118.060431	303.525804	122.815948	232.192917	244.081727	267.859352	110.927156	206.037541		
		
46:00	25.50	141.838019	156.104575	129.949224	113.304915	110.927156	99.038366	203.65978	129.949224	96.660608	227.437394	113.304915	129.949224		
		386.747585	139.46026	87.149578	120.43819	89.527335	213.170825	334.436741	101.416124	118.060431	177.504414	146.593538	160.860094		
		151.349056	108.549398	127.571466	139.46026	120.43819	115.682673	172.748894	137.082501	151.349056	87.149578	148.971297	179.882174		
		303.525804	120.43819	167.993374	99.038366	113.304915	165.615614	115.682673	146.593538	220.304109	203.65978	144.215778	239.326203		
		170.371134	165.615614	170.371134	194.148737	163.237854	329.681211	118.060431	310.659096	386.747585	220.304109	146.593538	488.991606		
		115.682673	101.416124	118.060431	125.193707	115.682673	151.349056	137.082501	170.371134	177.504414	260.726064	118.060431	167.993374		
		151.349056	118.060431	213.170825	106.17164	167.993374	208.415303	239.326203	274.992641	282.125931	201.28202	215.548586	139.46026		
		172.748894	118.060431	267.859352	144.215778	137.082501	308.281332	160.860094	251.215014	265.48159	255.970539	167.993374	232.192917		
		
47:00	25.60	148.971297	158.482335	113.304915	91.905093	106.17164	139.46026	127.571466	144.215778	146.593538	127.571466	165.615614	129.949224		
		351.081096	217.926348	115.682673	106.17164	129.949224	206.037541	120.43819	137.082501	141.838019	110.927156	118.060431	120.43819		
		122.815948	144.215778	189.393216	134.704742	106.17164	177.504414	146.593538	184.637695	125.193707	125.193707	163.237854	167.993374		
		265.48159	125.193707	125.193707	89.527335	127.571466	208.415303	129.949224	139.46026	225.059632	165.615614	172.748894	332.058976		
		220.304109	215.548586	182.259935	153.726816	125.193707	172.748894	158.482335	317.792388	405.769718	156.104575	146.593538	403.391951		
		127.571466	96.660608	132.326983	146.593538	120.43819	253.592776	103.793882	196.526498	229.815155	210.793064	103.793882	217.926348		
		134.704742	101.416124	232.192917	206.037541	146.593538	255.970539	260.726064	289.259221	210.793064	170.371134	187.015455	165.615614		
		158.482335	99.038366	187.015455	141.838019	194.148737	222.68187	125.193707	210.793064	158.482335	253.592776	170.371134	194.148737		
		
48:00	25.60	108.549398	172.748894	146.593538	122.815948	160.860094	165.615614	129.949224	108.549398	94.282851	139.46026	208.415303	184.637695		
		446.191767	163.237854	103.793882	170.371134	115.682673	210.793064	137.082501	96.660608	184.637695	158.482335	132.326983	146.593538		
		198.904259	115.682673	158.482335	118.060431	134.704742	125.193707	120.43819	215.548586	198.904259	139.46026	99.038366	122.815948		
		274.992641	151.349056	129.949224	103.793882	141.838019	208.415303	153.726816	148.971297	132.326983	125.193707	106.17164	279.748168		
		156.104575	179.882174	108.549398	187.015455	165.615614	189.393216	141.838019	355.836627	450.947303	217.926348	156.104575	664.946738		
		115.682673	91.905093	134.704742	156.104575	96.660608	213.170825	170.371134	153.726816	179.882174	263.103827	110.927156	191.770977		
		229.815155	146.593538	179.882174	139.46026	151.349056	184.637695	255.970539	246.459489	232.192917	179.882174	129.949224	108.549398		
		132.326983	172.748894	196.526498	167.993374	167.993374	317.792388	144.215778	465.213915	265.48159	246.459489	134.704742	146.593538		
		
49:00	25.60	96.660608	172.748894	134.704742	103.793882	113.304915	163.237854	113.304915	125.193707	125.193707	234.570679	91.905093	122.815948		
		439.058463	201.28202	148.971297	167.993374	129.949224	163.237854	144.215778	101.416124	129.949224	267.859352	96.660608	127.571466		
		198.904259	127.571466	134.704742	132.326983	113.304915	146.593538	115.682673	158.482335	129.949224	156.104575	177.504414	134.704742		
		215.548586	141.838019	113.304915	101.416124	110.927156	156.104575	134.704742	146.593538	279.748168	96.660608	132.326983	270.237115		
		167.993374	189.393216	127.571466	158.482335	103.793882	146.593538	158.482335	341.570036	346.325566	191.770977	132.326983	650.680091		
		127.571466	122.815948	179.882174	129.949224	153.726816	431.925159	177.504414	153.726816	227.437394	227.437394	125.193707	122.815948		
		158.482335	106.17164	225.059632	179.882174	182.259935	208.415303	215.548586	491.369375	284.503694	213.170825	258.348301	141.838019		
		132.326983	201.28202	127.571466	134.704742	156.104575	365.34769	163.237854	320.170153	191.770977	334.436741	241.703965	187.015455		
		
~End
Original Filename: bak_exp_12-07-19-163353_pa_col_fe_14_15_1857_col_fe_14_15.pda   Date Last Saved: 12/7/2019
