##BLOCKS= 1          
Plate:	Plate#1	1.3	PlateFormat	Kinetic	Luminescence	Raw	FALSE	50	3000	60				1	450	1	12	96	405	Automatic	435			6	Automatic			1	8	None	
Time(hh:mm:ss)	Temperature(¡C)	1	2	3	4	5	6	7	8	9	10	11	12		
0:00	22.40	1806.286723	1278.414956	1104.836263	1207.081201	843.280038	800.48001	757.680004	826.63558	812.368904	826.63558	688.724489	638.791221		
		1706.418824	1209.458992	1021.613735	924.124598	781.457782	840.902258	781.457782	795.724452	802.857788	755.302227	741.035564	760.057782		
		1625.573474	1366.393342	1016.858164	1040.636019	859.924499	812.368904	769.568892	821.880021	717.257798	781.457782	748.168895	719.635574		
		1580.395225	1223.725738	952.657991	897.968996	888.45787	888.45787	819.502241	700.613366	750.546672	722.013351	741.035564	700.613366		
		1616.062261	1109.591838	1000.21367	769.568892	736.28001	850.413378	895.591214	762.435559	752.92445	757.680004	731.524457	683.968938		
		1397.30469	1140.503087	916.991251	833.768918	790.968895	845.657818	824.2578	786.213339	802.857788	738.657787	771.94667	669.702288		
		1451.994027	1021.613735	933.635728	921.746815	848.035598	859.924499	907.480123	840.902258	867.057841	686.346713	750.546672	833.768918		
		1511.439	1111.969626	1047.769377	936.013511	802.857788	829.013359	833.768918	757.680004	726.768904	736.28001	812.368904	707.746694		
		
1:00	22.50	643.546769	600.746848	662.568964	945.524642	617.391259	565.080264	591.235757	534.169238	593.61353	576.969124	610.257939	605.502393		
		607.880166	636.413447	572.21358	548.435864	546.058093	648.302317	574.591352	500.880454	562.702492	572.21358	605.502393	541.302551		
		576.969124	648.302317	631.6579	631.6579	524.658155	543.680322	617.391259	612.635712	586.480212	584.10244	560.324721	664.946738		
		569.835808	617.391259	667.324513	610.257939	645.924543	624.524579	550.813635	553.191406	593.61353	550.813635	572.21358	574.591352		
		600.746848	527.035926	562.702492	617.391259	612.635712	557.946949	562.702492	764.813337	595.991302	593.61353	586.480212	574.591352		
		591.235757	603.124621	581.724668	607.880166	569.835808	581.724668	645.924543	560.324721	510.391533	600.746848	543.680322	588.857985		
		615.013486	686.346713	643.546769	617.391259	610.257939	598.369075	653.057866	555.569178	557.946949	479.480528	672.080063	631.6579		
		603.124621	586.480212	562.702492	624.524579	619.769032	636.413447	536.547009	588.857985	612.635712	553.191406	598.369075	591.235757		
		
2:00	22.50	429.547391	907.480123	493.747145	955.035775	472.347221	372.480987	424.791856	465.213915	465.213915	486.613836	484.236067	517.524844		
		427.169624	491.369375	391.503118	498.502684	420.036321	415.280787	505.635993	474.72499	417.658554	529.413696	467.591683	541.302551		
		431.925159	500.880454	481.858298	534.169238	408.147485	446.191767	469.969452	441.436231	555.569178	505.635993	465.213915	519.902614		
		512.769304	481.858298	465.213915	381.992052	398.636418	334.436741	548.435864	529.413696	479.480528	491.369375	436.680695	505.635993		
		446.191767	477.102759	522.280385	493.747145	410.525252	391.503118	465.213915	412.903019	484.236067	496.124914	484.236067	484.236067		
		403.391951	472.347221	477.102759	462.836146	348.703331	429.547391	508.013763	491.369375	488.991606	500.880454	436.680695	427.169624		
		527.035926	493.747145	446.191767	481.858298	386.747585	439.058463	522.280385	510.391533	541.302551	412.903019	496.124914	512.769304		
		527.035926	546.058093	410.525252	474.72499	574.591352	441.436231	546.058093	453.325072	524.658155	472.347221	450.947303	417.658554		
		
3:00	22.50	529.413696	760.057782	546.058093	2388.851948	441.436231	446.191767	645.924543	748.168895	527.035926	479.480528	655.43564	636.413447		
		422.414089	434.302927	481.858298	458.080609	441.436231	415.280787	458.080609	467.591683	446.191767	453.325072	479.480528	434.302927		
		450.947303	638.791221	455.70284	439.058463	422.414089	479.480528	472.347221	481.858298	453.325072	477.102759	474.72499	436.680695		
		446.191767	420.036321	472.347221	458.080609	415.280787	446.191767	429.547391	424.791856	453.325072	439.058463	434.302927	465.213915		
		412.903019	479.480528	534.169238	479.480528	408.147485	505.635993	465.213915	427.169624	403.391951	519.902614	439.058463	493.747145		
		424.791856	465.213915	412.903019	436.680695	491.369375	398.636418	491.369375	403.391951	408.147485	455.70284	393.880884	422.414089		
		472.347221	443.813999	427.169624	410.525252	458.080609	479.480528	562.702492	450.947303	401.014184	443.813999	488.991606	472.347221		
		441.436231	391.503118	453.325072	465.213915	424.791856	484.236067	474.72499	424.791856	453.325072	441.436231	403.391951	372.480987		
		
4:00	22.60	821.880021	1254.637031	1228.481321	3756.113522	574.591352	408.147485	1390.171301	1870.48758	1561.372812	821.880021	1180.925507	714.880022		
		398.636418	408.147485	465.213915	427.169624	412.903019	408.147485	351.081096	441.436231	415.280787	386.747585	434.302927	481.858298		
		372.480987	719.635574	391.503118	427.169624	477.102759	479.480528	396.258651	393.880884	408.147485	486.613836	427.169624	531.791467		
		429.547391	493.747145	424.791856	384.369818	377.23652	429.547391	455.70284	450.947303	405.769718	396.258651	427.169624	479.480528		
		453.325072	645.924543	1218.970156	500.880454	486.613836	600.746848	384.369818	605.502393	386.747585	881.324526	420.036321	1059.658308		
		458.080609	420.036321	389.125351	381.992052	420.036321	472.347221	429.547391	398.636418	398.636418	436.680695	351.081096	377.23652		
		453.325072	429.547391	365.34769	396.258651	367.725456	460.458377	503.258224	420.036321	434.302927	429.547391	500.880454	488.991606		
		422.414089	434.302927	450.947303	458.080609	412.903019	355.836627	396.258651	429.547391	422.414089	405.769718	396.258651	422.414089		
		
5:00	22.60	990.702532	2044.067935	2481.587212	4400.517946	605.502393	465.213915	2588.589573	3446.99147	2814.483916	2514.87682	1984.622566	1214.214574		
		365.34769	381.992052	381.992052	446.191767	381.992052	450.947303	353.458862	398.636418	386.747585	386.747585	284.503694	322.547917		
		393.880884	634.035673	422.414089	524.658155	1038.258233	565.080264	372.480987	446.191767	396.258651	403.391951	393.880884	474.72499		
		436.680695	389.125351	398.636418	365.34769	332.058976	355.836627	441.436231	358.214393	351.081096	327.303446	370.103221	365.34769		
		481.858298	1304.570683	3606.308071	1016.858164	491.369375	634.035673	655.43564	1302.192889	458.080609	1226.10353	519.902614	1430.593847		
		405.769718	391.503118	401.014184	446.191767	429.547391	379.614286	362.969924	367.725456	348.703331	403.391951	324.925682	374.858753		
		358.214393	412.903019	424.791856	370.103221	362.969924	429.547391	472.347221	436.680695	434.302927	386.747585	427.169624	450.947303		
		360.592158	467.591683	439.058463	389.125351	365.34769	396.258651	424.791856	398.636418	365.34769	393.880884	374.858753	401.014184		
		
6:00	22.70	1247.503655	3689.533287	3611.063795	4673.975267	634.035673	538.92478	4060.481017	4576.48168	4566.970117	5739.278782	2431.652826	1899.021311		
		391.503118	379.614286	379.614286	370.103221	412.903019	462.836146	429.547391	396.258651	467.591683	396.258651	384.369818	384.369818		
		446.191767	610.257939	422.414089	1490.038805	3404.19005	745.791118	450.947303	717.257798	798.102231	436.680695	393.880884	505.635993		
		334.436741	324.925682	415.280787	434.302927	486.613836	448.569535	370.103221	422.414089	415.280787	381.992052	362.969924	405.769718		
		676.835613	1777.753025	6809.352393	2474.453726	748.168895	667.324513	1180.925507	2512.49899	531.791467	1687.396381	962.169125	1718.307853		
		384.369818	348.703331	365.34769	393.880884	355.836627	405.769718	469.969452	365.34769	348.703331	341.570036	336.814506	439.058463		
		410.525252	355.836627	453.325072	379.614286	377.23652	439.058463	370.103221	401.014184	389.125351	401.014184	429.547391	401.014184		
		384.369818	396.258651	381.992052	346.325566	379.614286	391.503118	488.991606	353.458862	450.947303	398.636418	355.836627	370.103221		
		
7:00	22.70	1240.370279	4887.985995	5042.549655	4769.091075	745.791118	626.902352	5677.452744	5758.302188	5705.987832	7686.823432	3014.222604	2284.227677		
		334.436741	434.302927	434.302927	396.258651	412.903019	398.636418	448.569535	417.658554	429.547391	332.058976	403.391951	329.681211		
		370.103221	603.124621	415.280787	3030.867517	6585.824723	752.92445	415.280787	1071.547241	1511.439	460.458377	529.413696	543.680322		
		367.725456	396.258651	355.836627	443.813999	460.458377	505.635993	415.280787	415.280787	420.036321	439.058463	420.036321	329.681211		
		976.435827	2431.652826	9287.222218	3877.384807	845.657818	686.346713	1649.351509	3615.81952	653.057866	1447.238431	1397.30469	2148.691892		
		443.813999	410.525252	320.170153	336.814506	429.547391	431.925159	410.525252	401.014184	429.547391	374.858753	434.302927	339.192271		
		332.058976	377.23652	427.169624	417.658554	396.258651	381.992052	548.435864	386.747585	403.391951	415.280787	472.347221	396.258651		
		391.503118	379.614286	410.525252	370.103221	448.569535	424.791856	412.903019	460.458377	351.081096	384.369818	412.903019	310.659096		
		
8:00	22.70	1119.10299	5040.17175	5953.29236	4412.407376	629.280126	512.769304	7560.790415	6298.093216	5872.442719	8345.527526	3121.225677	2229.537771		
		313.03686	403.391951	320.170153	317.792388	332.058976	334.436741	294.014748	320.170153	334.436741	291.636985	291.636985	241.703965		
		317.792388	650.680091	329.681211	4562.214336	10319.294279	800.48001	443.813999	1442.482835	2714.61476	491.369375	436.680695	488.991606		
		336.814506	393.880884	341.570036	393.880884	365.34769	336.814506	308.281332	381.992052	389.125351	412.903019	308.281332	286.881458		
		1209.458992	3154.515551	10604.662175	5218.514801	636.413447	598.369075	2198.626102	3917.80861	648.302317	1161.903189	1035.880448	2388.851948		
		320.170153	391.503118	351.081096	336.814506	258.348301	339.192271	372.480987	341.570036	291.636985	332.058976	294.014748	289.259221		
		324.925682	322.547917	343.947801	284.503694	313.03686	298.770276	417.658554	332.058976	365.34769	348.703331	403.391951	391.503118		
		358.214393	320.170153	353.458862	301.14804	327.303446	298.770276	303.525804	315.414624	341.570036	358.214393	365.34769	305.903568		
		
9:00	22.80	1043.013805	5389.724503	5858.175143	3908.297125	591.235757	510.391533	8511.987903	6688.076665	4994.991574	8074.435654	2973.799258	2338.91762		
		284.503694	334.436741	286.881458	305.903568	346.325566	303.525804	284.503694	336.814506	339.192271	267.859352	341.570036	315.414624		
		255.970539	1016.858164	313.03686	6921.116463	13774.692322	1057.280522	529.413696	2103.513349	4683.486843	769.568892	439.058463	422.414089		
		279.748168	327.303446	277.370404	370.103221	329.681211	289.259221	367.725456	308.281332	446.191767	446.191767	362.969924	336.814506		
		1668.373943	3033.245362	9834.171192	4704.887892	795.724452	607.880166	2029.801042	3641.97601	774.324448	907.480123	905.102341	2134.424981		
		305.903568	296.392512	329.681211	353.458862	301.14804	370.103221	339.192271	336.814506	358.214393	303.525804	341.570036	294.014748		
		320.170153	332.058976	270.237115	282.125931	303.525804	334.436741	305.903568	305.903568	346.325566	317.792388	429.547391	348.703331		
		315.414624	351.081096	308.281332	274.992641	277.370404	305.903568	365.34769	343.947801	313.03686	348.703331	343.947801	339.192271		
		
10:00	22.80	1035.880448	4669.219479	5506.242426	3285.297334	638.791221	467.591683	8833.019607	5622.760519	4633.551082	7534.632644	3054.64597	2336.539795		
		289.259221	291.636985	251.215014	274.992641	298.770276	294.014748	334.436741	384.369818	294.014748	358.214393	294.014748	267.859352		
		358.214393	1059.658308	305.903568	7151.778971	14780.662119	1268.903785	1283.170542	3218.717491	5886.710296	1178.547717	688.724489	443.813999		
		298.770276	239.326203	277.370404	294.014748	351.081096	315.414624	332.058976	362.969924	522.280385	477.102759	362.969924	286.881458		
		1663.618334	3011.844759	8566.682102	3646.731737	629.280126	619.769032	2141.558436	2769.304997	617.391259	691.102264	733.902234	1948.955365		
		336.814506	277.370404	305.903568	277.370404	310.659096	332.058976	236.948441	270.237115	315.414624	294.014748	246.459489	327.303446		
		236.948441	315.414624	303.525804	272.614878	353.458862	310.659096	315.414624	327.303446	305.903568	294.014748	317.792388	377.23652		
		267.859352	279.748168	270.237115	260.726064	317.792388	286.881458	327.303446	301.14804	291.636985	313.03686	315.414624	303.525804		
		
11:00	22.90	943.146859	3941.587327	5501.486589	2681.325068	572.21358	443.813999	8397.843607	5705.987832	3718.067667	6219.621167	2453.053273	1975.111311		
		265.48159	291.636985	277.370404	270.237115	296.392512	379.614286	320.170153	289.259221	320.170153	322.547917	282.125931	258.348301		
		324.925682	1304.570683	313.03686	7094.707773	14098.123313	1537.594803	2807.350401	3836.961025	6540.643674	1768.241794	1649.351509	377.23652		
		279.748168	334.436741	229.815155	355.836627	334.436741	334.436741	339.192271	346.325566	379.614286	441.436231	310.659096	270.237115		
		1437.72724	2854.907182	6633.38375	2255.693808	607.880166	529.413696	1913.288181	1891.887878	557.946949	643.546769	553.191406	1516.1946		
		241.703965	274.992641	315.414624	317.792388	239.326203	274.992641	327.303446	277.370404	291.636985	317.792388	258.348301	298.770276		
		251.215014	305.903568	308.281332	320.170153	327.303446	339.192271	267.859352	329.681211	324.925682	358.214393	327.303446	389.125351		
		265.48159	310.659096	263.103827	263.103827	263.103827	301.14804	403.391951	308.281332	284.503694	279.748168	270.237115	267.859352		
		
12:00	22.90	831.391139	3221.095341	4348.204479	2162.958806	565.080264	431.925159	7527.498708	4852.317501	3147.382006	5239.915993	2531.521629	1713.552241		
		305.903568	265.48159	253.592776	265.48159	253.592776	360.592158	301.14804	286.881458	270.237115	313.03686	305.903568	296.392512		
		531.791467	1416.327064	343.947801	5382.590758	12200.36308	1604.173248	3242.496	3627.708833	6145.905069	1967.97787	2980.932788	339.192271		
		289.259221	265.48159	351.081096	384.369818	360.592158	336.814506	334.436741	398.636418	294.014748	536.547009	210.793064	322.547917		
		1197.570038	2274.716386	4398.140061	1830.064812	598.369075	519.902614	1625.573474	1383.037913	436.680695	498.502684	474.72499	1214.214574		
		279.748168	229.815155	282.125931	322.547917	313.03686	313.03686	308.281332	274.992641	274.992641	248.837252	239.326203	310.659096		
		239.326203	353.458862	286.881458	294.014748	294.014748	272.614878	291.636985	358.214393	362.969924	336.814506	339.192271	341.570036		
		210.793064	384.369818	227.437394	315.414624	267.859352	260.726064	260.726064	258.348301	301.14804	284.503694	267.859352	308.281332		
		
13:00	23.00	693.480039	2360.318042	3753.735656	1746.84153	420.036321	398.636418	6740.391663	3680.021829	2343.673269	4027.190766	2063.090463	1421.082658		
		272.614878	270.237115	277.370404	239.326203	277.370404	284.503694	298.770276	246.459489	227.437394	265.48159	217.926348	236.948441		
		1043.013805	1497.172203	410.525252	4238.821884	9251.551763	1468.638615	3413.701474	3033.245362	5204.247342	2212.893025	3910.674996	303.525804		
		303.525804	310.659096	332.058976	389.125351	305.903568	389.125351	260.726064	272.614878	279.748168	443.813999	298.770276	267.859352		
		1116.725202	1742.085916	3183.04974	1059.658308	441.436231	529.413696	1304.570683	950.280208	353.458862	498.502684	415.280787	1026.369305		
		282.125931	260.726064	298.770276	301.14804	258.348301	313.03686	286.881458	213.170825	260.726064	182.259935	232.192917	267.859352		
		239.326203	258.348301	313.03686	327.303446	282.125931	301.14804	334.436741	279.748168	317.792388	210.793064	294.014748	355.836627		
		282.125931	277.370404	277.370404	236.948441	246.459489	343.947801	251.215014	246.459489	317.792388	248.837252	213.170825	277.370404		
		
14:00	23.00	600.746848	1820.553575	2947.642986	1157.14761	367.725456	346.325566	5879.576507	3230.606745	1765.863987	3073.668738	1825.309194	1095.325112		
		279.748168	196.526498	241.703965	265.48159	272.614878	244.081727	329.681211	227.437394	201.28202	322.547917	263.103827	227.437394		
		1463.883018	1323.593034	700.613366	3261.518812	6830.754012	1311.704064	3178.294042	2517.25465	4519.412319	2415.008037	3886.896288	294.014748		
		265.48159	294.014748	234.570679	298.770276	232.192917	379.614286	334.436741	260.726064	248.837252	484.236067	308.281332	239.326203		
		681.591163	966.924692	1839.57605	774.324448	472.347221	498.502684	1066.791668	634.035673	431.925159	408.147485	412.903019	836.146698		
		265.48159	220.304109	241.703965	239.326203	270.237115	346.325566	329.681211	263.103827	253.592776	196.526498	286.881458	277.370404		
		358.214393	251.215014	296.392512	332.058976	258.348301	263.103827	315.414624	241.703965	370.103221	267.859352	320.170153	434.302927		
		294.014748	206.037541	241.703965	236.948441	232.192917	220.304109	229.815155	267.859352	301.14804	241.703965	265.48159	263.103827		
		
15:00	23.10	586.480212	1442.482835	2434.030653	1031.124876	401.014184	377.23652	5194.735704	2531.521629	1318.837446	2417.385864	1330.726417	950.280208		
		241.703965	265.48159	260.726064	253.592776	194.148737	296.392512	184.637695	225.059632	227.437394	260.726064	267.859352	267.859352		
		2132.047163	1190.436667	693.480039	2507.743331	4859.451198	981.191395	2481.587212	1868.10977	3123.603525	2167.714445	3416.079331	251.215014		
		215.548586	274.992641	265.48159	286.881458	225.059632	396.258651	420.036321	289.259221	234.570679	510.391533	286.881458	286.881458		
		436.680695	674.457838	1352.12657	588.857985	327.303446	453.325072	974.058043	543.680322	248.837252	391.503118	329.681211	527.035926		
		194.148737	215.548586	327.303446	277.370404	272.614878	305.903568	253.592776	246.459489	270.237115	282.125931	248.837252	255.970539		
		519.902614	244.081727	282.125931	260.726064	215.548586	294.014748	324.925682	291.636985	265.48159	232.192917	282.125931	467.591683		
		294.014748	241.703965	220.304109	270.237115	201.28202	274.992641	301.14804	282.125931	282.125931	210.793064	217.926348	265.48159		
		
16:00	23.10	472.347221	1004.969239	1789.642064	757.680004	341.570036	403.391951	4429.05258	2186.737002	1083.436176	1611.306656	1252.259239	900.346778		
		234.570679	236.948441	187.015455	234.570679	244.081727	317.792388	198.904259	225.059632	234.570679	255.970539	248.837252	213.170825		
		2327.028498	997.835885	978.813611	1756.352758	3444.613613	831.391139	1706.418824	1145.258664	2481.587212	2236.671235	2590.967405	279.748168		
		260.726064	208.415303	206.037541	282.125931	239.326203	417.658554	398.636418	315.414624	251.215014	355.836627	258.348301	296.392512		
		617.391259	484.236067	997.835885	493.747145	336.814506	538.92478	750.546672	493.747145	313.03686	439.058463	429.547391	396.258651		
		215.548586	236.948441	253.592776	244.081727	222.68187	355.836627	253.592776	267.859352	272.614878	229.815155	215.548586	289.259221		
		936.013511	260.726064	244.081727	317.792388	241.703965	289.259221	289.259221	255.970539	270.237115	196.526498	348.703331	588.857985		
		234.570679	229.815155	274.992641	236.948441	191.770977	324.925682	346.325566	196.526498	270.237115	244.081727	248.837252	267.859352		
		
17:00	23.20	493.747145	845.657818	1432.971645	634.035673	320.170153	343.947801	3813.182339	1794.397681	936.013511	1233.236904	914.613469	714.880022		
		191.770977	196.526498	253.592776	253.592776	222.68187	315.414624	206.037541	225.059632	253.592776	217.926348	191.770977	177.504414		
		1998.88945	717.257798	964.546908	1261.770408	2348.428918	657.813415	1150.014243	771.94667	1599.417643	1782.50864	1989.378194	265.48159		
		248.837252	220.304109	244.081727	198.904259	248.837252	462.836146	327.303446	239.326203	203.65978	358.214393	244.081727	248.837252		
		358.214393	386.747585	833.768918	384.369818	343.947801	491.369375	886.080089	498.502684	320.170153	424.791856	441.436231	370.103221		
		189.393216	182.259935	244.081727	263.103827	170.371134	374.858753	289.259221	229.815155	210.793064	184.637695	234.570679	208.415303		
		1249.881447	336.814506	298.770276	229.815155	248.837252	455.70284	301.14804	253.592776	274.992641	229.815155	277.370404	612.635712		
		255.970539	270.237115	255.970539	246.459489	272.614878	277.370404	301.14804	206.037541	253.592776	267.859352	270.237115	244.081727		
		
18:00	23.20	486.613836	691.102264	1306.948476	581.724668	317.792388	272.614878	2938.131617	1368.771138	757.680004	1009.724809	714.880022	605.502393		
		270.237115	208.415303	270.237115	236.948441	229.815155	270.237115	189.393216	234.570679	234.570679	210.793064	282.125931	210.793064		
		1442.482835	581.724668	1090.569537	936.013511	1711.174435	574.591352	850.413378	679.213388	1152.392032	1449.616229	1547.106006	322.547917		
		289.259221	270.237115	201.28202	213.170825	206.037541	469.969452	384.369818	255.970539	286.881458	324.925682	239.326203	251.215014		
		336.814506	279.748168	767.191115	336.814506	187.015455	488.991606	912.235687	386.747585	267.859352	410.525252	436.680695	360.592158		
		310.659096	222.68187	227.437394	222.68187	239.326203	403.391951	298.770276	246.459489	189.393216	229.815155	217.926348	220.304109		
		1499.550002	191.770977	370.103221	234.570679	220.304109	681.591163	341.570036	201.28202	277.370404	241.703965	313.03686	767.191115		
		246.459489	229.815155	286.881458	222.68187	182.259935	241.703965	208.415303	208.415303	241.703965	213.170825	225.059632	215.548586		
		
19:00	23.30	315.414624	536.547009	921.746815	460.458377	313.03686	263.103827	2355.562392	1190.436667	538.92478	683.968938	603.124621	469.969452		
		255.970539	196.526498	217.926348	213.170825	198.904259	310.659096	163.237854	201.28202	213.170825	227.437394	220.304109	187.015455		
		966.924692	500.880454	1064.413881	624.524579	1337.859801	434.302927	683.968938	491.369375	843.280038	1157.14761	928.880163	239.326203		
		255.970539	184.637695	206.037541	229.815155	203.65978	510.391533	465.213915	220.304109	244.081727	320.170153	265.48159	213.170825		
		289.259221	282.125931	679.213388	282.125931	284.503694	503.258224	1000.21367	244.081727	265.48159	379.614286	522.280385	334.436741		
		286.881458	239.326203	232.192917	253.592776	170.371134	420.036321	272.614878	177.504414	208.415303	244.081727	234.570679	156.104575		
		1542.350404	198.904259	279.748168	291.636985	258.348301	624.524579	317.792388	196.526498	208.415303	220.304109	294.014748	679.213388		
		236.948441	234.570679	286.881458	201.28202	179.882174	227.437394	191.770977	198.904259	141.838019	232.192917	206.037541	258.348301		
		
20:00	23.30	374.858753	379.614286	695.857815	467.591683	277.370404	384.369818	1665.996139	914.613469	465.213915	662.568964	498.502684	474.72499		
		203.65978	165.615614	189.393216	248.837252	198.904259	289.259221	163.237854	258.348301	158.482335	196.526498	258.348301	213.170825		
		809.991125	458.080609	912.235687	550.813635	1050.147163	403.391951	557.946949	360.592158	598.369075	921.746815	733.902234	315.414624		
		196.526498	236.948441	208.415303	198.904259	206.037541	460.458377	365.34769	263.103827	398.636418	329.681211	263.103827	225.059632		
		263.103827	272.614878	634.035673	229.815155	324.925682	527.035926	1145.258664	294.014748	267.859352	517.524844	512.769304	332.058976		
		236.948441	165.615614	191.770977	220.304109	229.815155	353.458862	206.037541	170.371134	184.637695	251.215014	229.815155	217.926348		
		1865.731959	217.926348	336.814506	329.681211	198.904259	641.168995	320.170153	184.637695	272.614878	234.570679	389.125351	679.213388		
		227.437394	177.504414	270.237115	217.926348	234.570679	236.948441	301.14804	251.215014	194.148737	198.904259	229.815155	215.548586		
		
21:00	23.30	289.259221	427.169624	612.635712	372.480987	246.459489	324.925682	1361.637751	691.102264	469.969452	462.836146	360.592158	377.23652		
		215.548586	396.258651	201.28202	213.170825	163.237854	358.214393	153.726816	201.28202	201.28202	220.304109	263.103827	201.28202		
		536.547009	412.903019	907.480123	462.836146	883.702308	296.392512	460.458377	408.147485	491.369375	705.368918	536.547009	274.992641		
		172.748894	222.68187	210.793064	206.037541	187.015455	346.325566	301.14804	189.393216	286.881458	296.392512	220.304109	189.393216		
		201.28202	255.970539	569.835808	348.703331	294.014748	555.569178	1045.391591	201.28202	267.859352	403.391951	334.436741	272.614878		
		227.437394	232.192917	208.415303	179.882174	170.371134	260.726064	310.659096	220.304109	294.014748	234.570679	227.437394	203.65978		
		1768.241794	229.815155	336.814506	355.836627	236.948441	643.546769	272.614878	187.015455	229.815155	239.326203	298.770276	733.902234		
		175.126654	244.081727	220.304109	189.393216	194.148737	251.215014	225.059632	210.793064	210.793064	253.592776	172.748894	229.815155		
		
22:00	23.40	232.192917	417.658554	450.947303	396.258651	277.370404	272.614878	1188.058877	510.391533	389.125351	410.525252	412.903019	265.48159		
		244.081727	179.882174	160.860094	232.192917	172.748894	251.215014	222.68187	229.815155	179.882174	215.548586	284.503694	201.28202		
		527.035926	339.192271	557.946949	322.547917	667.324513	415.280787	472.347221	272.614878	384.369818	524.658155	481.858298	234.570679		
		225.059632	182.259935	187.015455	220.304109	165.615614	415.280787	322.547917	222.68187	289.259221	244.081727	253.592776	189.393216		
		184.637695	153.726816	484.236067	239.326203	272.614878	493.747145	905.102341	215.548586	229.815155	358.214393	341.570036	246.459489		
		210.793064	232.192917	208.415303	244.081727	196.526498	284.503694	220.304109	175.126654	198.904259	177.504414	220.304109	263.103827		
		1547.106006	153.726816	332.058976	303.525804	213.170825	629.280126	289.259221	234.570679	198.904259	198.904259	322.547917	527.035926		
		210.793064	201.28202	222.68187	201.28202	196.526498	251.215014	198.904259	191.770977	274.992641	191.770977	184.637695	189.393216		
		
23:00	23.40	177.504414	253.592776	396.258651	289.259221	236.948441	286.881458	895.591214	510.391533	303.525804	332.058976	282.125931	229.815155		
		246.459489	165.615614	160.860094	227.437394	165.615614	196.526498	160.860094	203.65978	246.459489	279.748168	232.192917	177.504414		
		417.658554	274.992641	508.013763	362.969924	638.791221	258.348301	289.259221	301.14804	317.792388	401.014184	443.813999	265.48159		
		172.748894	234.570679	234.570679	215.548586	184.637695	367.725456	286.881458	260.726064	831.391139	279.748168	189.393216	227.437394		
		198.904259	241.703965	408.147485	191.770977	334.436741	403.391951	826.63558	191.770977	270.237115	353.458862	265.48159	208.415303		
		258.348301	208.415303	198.904259	260.726064	227.437394	315.414624	234.570679	153.726816	217.926348	179.882174	225.059632	229.815155		
		1216.592365	241.703965	277.370404	298.770276	220.304109	643.546769	320.170153	187.015455	220.304109	210.793064	301.14804	531.791467		
		179.882174	189.393216	213.170825	156.104575	201.28202	215.548586	327.303446	241.703965	222.68187	203.65978	158.482335	196.526498		
		
24:00	23.50	234.570679	236.948441	372.480987	351.081096	208.415303	217.926348	805.235567	384.369818	294.014748	272.614878	232.192917	265.48159		
		289.259221	227.437394	203.65978	203.65978	198.904259	184.637695	122.815948	206.037541	248.837252	187.015455	220.304109	177.504414		
		422.414089	272.614878	458.080609	248.837252	486.613836	272.614878	320.170153	229.815155	267.859352	305.903568	434.302927	274.992641		
		187.015455	167.993374	362.969924	258.348301	234.570679	322.547917	213.170825	177.504414	593.61353	220.304109	310.659096	232.192917		
		225.059632	215.548586	320.170153	274.992641	258.348301	379.614286	667.324513	217.926348	246.459489	313.03686	327.303446	320.170153		
		191.770977	172.748894	203.65978	232.192917	156.104575	327.303446	255.970539	198.904259	194.148737	217.926348	210.793064	189.393216		
		964.546908	132.326983	291.636985	505.635993	277.370404	619.769032	303.525804	172.748894	198.904259	170.371134	346.325566	458.080609		
		234.570679	258.348301	236.948441	217.926348	258.348301	215.548586	263.103827	229.815155	248.837252	241.703965	225.059632	203.65978		
		
25:00	23.50	198.904259	203.65978	320.170153	251.215014	210.793064	239.326203	529.413696	367.725456	260.726064	263.103827	255.970539	246.459489		
		315.414624	220.304109	220.304109	198.904259	210.793064	189.393216	137.082501	184.637695	210.793064	227.437394	175.126654	148.971297		
		308.281332	270.237115	412.903019	274.992641	522.280385	206.037541	227.437394	191.770977	244.081727	301.14804	384.369818	244.081727		
		184.637695	184.637695	170.371134	182.259935	196.526498	317.792388	175.126654	158.482335	505.635993	225.059632	187.015455	175.126654		
		177.504414	158.482335	367.725456	263.103827	229.815155	372.480987	617.391259	172.748894	274.992641	313.03686	229.815155	255.970539		
		234.570679	191.770977	201.28202	201.28202	153.726816	244.081727	175.126654	151.349056	160.860094	167.993374	170.371134	184.637695		
		862.30228	198.904259	191.770977	386.747585	251.215014	605.502393	334.436741	217.926348	198.904259	210.793064	246.459489	584.10244		
		210.793064	127.571466	187.015455	213.170825	182.259935	229.815155	284.503694	222.68187	286.881458	215.548586	182.259935	263.103827		
		
26:00	23.50	132.326983	210.793064	298.770276	167.993374	208.415303	172.748894	386.747585	308.281332	265.48159	246.459489	191.770977	294.014748		
		286.881458	227.437394	148.971297	165.615614	165.615614	191.770977	217.926348	187.015455	225.059632	182.259935	206.037541	172.748894		
		294.014748	222.68187	315.414624	324.925682	332.058976	220.304109	229.815155	246.459489	258.348301	263.103827	279.748168	248.837252		
		184.637695	217.926348	213.170825	222.68187	153.726816	329.681211	296.392512	187.015455	282.125931	184.637695	187.015455	194.148737		
		187.015455	156.104575	265.48159	172.748894	239.326203	360.592158	431.925159	213.170825	182.259935	284.503694	227.437394	236.948441		
		241.703965	203.65978	208.415303	217.926348	182.259935	277.370404	234.570679	187.015455	194.148737	187.015455	165.615614	167.993374		
		714.880022	177.504414	220.304109	227.437394	286.881458	420.036321	291.636985	177.504414	191.770977	160.860094	339.192271	527.035926		
		215.548586	272.614878	198.904259	227.437394	201.28202	170.371134	246.459489	156.104575	277.370404	260.726064	189.393216	177.504414		
		
27:00	23.50	189.393216	289.259221	236.948441	179.882174	179.882174	201.28202	358.214393	384.369818	201.28202	172.748894	210.793064	270.237115		
		339.192271	184.637695	165.615614	201.28202	167.993374	148.971297	141.838019	177.504414	194.148737	208.415303	191.770977	182.259935		
		294.014748	236.948441	263.103827	220.304109	315.414624	198.904259	208.415303	253.592776	194.148737	232.192917	284.503694	232.192917		
		175.126654	167.993374	239.326203	179.882174	203.65978	241.703965	279.748168	229.815155	500.880454	160.860094	298.770276	210.793064		
		201.28202	156.104575	251.215014	236.948441	272.614878	336.814506	346.325566	208.415303	198.904259	291.636985	182.259935	232.192917		
		267.859352	151.349056	172.748894	194.148737	172.748894	194.148737	201.28202	175.126654	144.215778	172.748894	158.482335	234.570679		
		538.92478	160.860094	244.081727	274.992641	263.103827	446.191767	339.192271	165.615614	194.148737	172.748894	272.614878	477.102759		
		179.882174	246.459489	234.570679	179.882174	208.415303	436.680695	229.815155	196.526498	208.415303	236.948441	208.415303	236.948441		
		
28:00	23.60	165.615614	296.392512	244.081727	206.037541	160.860094	179.882174	244.081727	236.948441	172.748894	156.104575	189.393216	151.349056		
		260.726064	127.571466	160.860094	253.592776	177.504414	203.65978	132.326983	236.948441	234.570679	160.860094	177.504414	153.726816		
		184.637695	232.192917	260.726064	291.636985	329.681211	203.65978	134.704742	170.371134	220.304109	213.170825	189.393216	225.059632		
		177.504414	170.371134	217.926348	134.704742	187.015455	296.392512	232.192917	184.637695	567.458036	189.393216	198.904259	163.237854		
		196.526498	225.059632	201.28202	208.415303	253.592776	258.348301	236.948441	167.993374	255.970539	303.525804	196.526498	248.837252		
		201.28202	208.415303	137.082501	203.65978	210.793064	141.838019	206.037541	158.482335	160.860094	163.237854	165.615614	139.46026		
		460.458377	156.104575	244.081727	206.037541	360.592158	339.192271	291.636985	184.637695	151.349056	189.393216	272.614878	427.169624		
		232.192917	234.570679	120.43819	153.726816	213.170825	127.571466	196.526498	182.259935	203.65978	203.65978	203.65978	220.304109		
		
29:00	23.60	179.882174	241.703965	194.148737	291.636985	187.015455	225.059632	234.570679	244.081727	210.793064	167.993374	217.926348	177.504414		
		251.215014	177.504414	160.860094	310.659096	160.860094	215.548586	182.259935	163.237854	253.592776	158.482335	191.770977	160.860094		
		222.68187	189.393216	327.303446	241.703965	151.349056	146.593538	148.971297	170.371134	191.770977	175.126654	225.059632	184.637695		
		158.482335	175.126654	229.815155	203.65978	151.349056	284.503694	334.436741	222.68187	431.925159	163.237854	187.015455	189.393216		
		229.815155	144.215778	148.971297	244.081727	332.058976	358.214393	332.058976	206.037541	315.414624	236.948441	179.882174	215.548586		
		251.215014	244.081727	160.860094	220.304109	191.770977	227.437394	148.971297	94.282851	146.593538	167.993374	203.65978	132.326983		
		427.169624	151.349056	241.703965	215.548586	358.214393	393.880884	239.326203	182.259935	167.993374	191.770977	267.859352	343.947801		
		194.148737	179.882174	222.68187	184.637695	158.482335	198.904259	329.681211	170.371134	225.059632	210.793064	153.726816	165.615614		
		
30:00	23.60	189.393216	248.837252	184.637695	148.971297	139.46026	132.326983	208.415303	220.304109	213.170825	232.192917	139.46026	151.349056		
		196.526498	156.104575	120.43819	263.103827	198.904259	189.393216	144.215778	234.570679	182.259935	170.371134	182.259935	139.46026		
		179.882174	170.371134	284.503694	251.215014	215.548586	158.482335	156.104575	187.015455	232.192917	239.326203	158.482335	177.504414		
		196.526498	191.770977	258.348301	201.28202	177.504414	286.881458	163.237854	208.415303	351.081096	179.882174	148.971297	144.215778		
		141.838019	210.793064	175.126654	203.65978	225.059632	322.547917	251.215014	134.704742	372.480987	156.104575	170.371134	225.059632		
		217.926348	184.637695	153.726816	160.860094	127.571466	172.748894	239.326203	160.860094	156.104575	151.349056	144.215778	156.104575		
		291.636985	189.393216	267.859352	222.68187	343.947801	346.325566	258.348301	184.637695	163.237854	172.748894	227.437394	362.969924		
		146.593538	239.326203	175.126654	187.015455	201.28202	172.748894	170.371134	160.860094	196.526498	279.748168	194.148737	172.748894		
		
31:00	23.70	137.082501	184.637695	163.237854	365.34769	167.993374	196.526498	227.437394	210.793064	170.371134	146.593538	165.615614	167.993374		
		167.993374	156.104575	127.571466	229.815155	187.015455	132.326983	156.104575	182.259935	144.215778	208.415303	182.259935	148.971297		
		208.415303	246.459489	298.770276	196.526498	196.526498	160.860094	167.993374	156.104575	129.949224	210.793064	198.904259	153.726816		
		101.416124	165.615614	296.392512	167.993374	132.326983	265.48159	236.948441	170.371134	436.680695	144.215778	182.259935	172.748894		
		182.259935	196.526498	151.349056	158.482335	265.48159	274.992641	322.547917	132.326983	189.393216	244.081727	194.148737	274.992641		
		222.68187	184.637695	151.349056	208.415303	182.259935	196.526498	139.46026	127.571466	158.482335	170.371134	144.215778	213.170825		
		294.014748	172.748894	239.326203	175.126654	398.636418	274.992641	234.570679	156.104575	172.748894	139.46026	236.948441	263.103827		
		189.393216	258.348301	184.637695	153.726816	132.326983	163.237854	206.037541	148.971297	206.037541	191.770977	127.571466	132.326983		
		
32:00	23.70	139.46026	139.46026	146.593538	172.748894	127.571466	158.482335	201.28202	170.371134	203.65978	160.860094	170.371134	175.126654		
		189.393216	129.949224	160.860094	208.415303	141.838019	158.482335	172.748894	165.615614	118.060431	141.838019	177.504414	163.237854		
		163.237854	198.904259	210.793064	163.237854	141.838019	177.504414	132.326983	129.949224	189.393216	177.504414	172.748894	225.059632		
		106.17164	203.65978	167.993374	146.593538	103.793882	203.65978	189.393216	129.949224	222.68187	141.838019	187.015455	146.593538		
		160.860094	187.015455	163.237854	156.104575	213.170825	248.837252	196.526498	198.904259	144.215778	175.126654	208.415303	215.548586		
		184.637695	175.126654	179.882174	156.104575	160.860094	177.504414	213.170825	167.993374	108.549398	165.615614	120.43819	151.349056		
		236.948441	141.838019	267.859352	191.770977	398.636418	310.659096	201.28202	177.504414	160.860094	132.326983	239.326203	246.459489		
		175.126654	336.814506	170.371134	170.371134	163.237854	208.415303	210.793064	170.371134	236.948441	191.770977	175.126654	160.860094		
		
33:00	23.70	132.326983	125.193707	175.126654	182.259935	153.726816	153.726816	201.28202	129.949224	170.371134	163.237854	158.482335	177.504414		
		165.615614	167.993374	134.704742	196.526498	156.104575	156.104575	158.482335	260.726064	198.904259	156.104575	146.593538	141.838019		
		194.148737	182.259935	196.526498	118.060431	129.949224	189.393216	208.415303	165.615614	227.437394	122.815948	141.838019	153.726816		
		172.748894	191.770977	163.237854	160.860094	141.838019	220.304109	125.193707	148.971297	198.904259	225.059632	210.793064	156.104575		
		158.482335	156.104575	146.593538	232.192917	151.349056	236.948441	234.570679	227.437394	141.838019	148.971297	139.46026	239.326203		
		201.28202	286.881458	179.882174	208.415303	153.726816	163.237854	201.28202	127.571466	144.215778	170.371134	198.904259	153.726816		
		210.793064	170.371134	303.525804	208.415303	294.014748	279.748168	241.703965	194.148737	160.860094	156.104575	184.637695	267.859352		
		191.770977	208.415303	165.615614	201.28202	158.482335	255.970539	239.326203	137.082501	153.726816	170.371134	210.793064	148.971297		
		
34:00	23.70	129.949224	225.059632	194.148737	170.371134	144.215778	153.726816	156.104575	182.259935	167.993374	137.082501	120.43819	144.215778		
		182.259935	167.993374	144.215778	303.525804	146.593538	163.237854	134.704742	208.415303	132.326983	179.882174	115.682673	113.304915		
		146.593538	217.926348	265.48159	184.637695	134.704742	118.060431	184.637695	129.949224	184.637695	167.993374	158.482335	227.437394		
		167.993374	172.748894	222.68187	146.593538	175.126654	163.237854	198.904259	129.949224	222.68187	141.838019	203.65978	132.326983		
		134.704742	225.059632	217.926348	246.459489	151.349056	206.037541	208.415303	208.415303	251.215014	179.882174	175.126654	198.904259		
		160.860094	160.860094	127.571466	196.526498	170.371134	139.46026	227.437394	139.46026	141.838019	134.704742	125.193707	127.571466		
		184.637695	175.126654	310.659096	153.726816	258.348301	244.081727	255.970539	172.748894	170.371134	108.549398	258.348301	255.970539		
		163.237854	153.726816	182.259935	253.592776	137.082501	286.881458	179.882174	170.371134	194.148737	220.304109	170.371134	148.971297		
		
35:00	23.80	148.971297	260.726064	182.259935	158.482335	153.726816	177.504414	203.65978	163.237854	248.837252	156.104575	148.971297	160.860094		
		137.082501	137.082501	158.482335	208.415303	158.482335	229.815155	141.838019	132.326983	203.65978	220.304109	179.882174	146.593538		
		189.393216	194.148737	177.504414	127.571466	165.615614	167.993374	127.571466	206.037541	179.882174	163.237854	172.748894	189.393216		
		151.349056	229.815155	137.082501	151.349056	108.549398	179.882174	184.637695	125.193707	225.059632	177.504414	198.904259	134.704742		
		144.215778	179.882174	182.259935	203.65978	148.971297	239.326203	282.125931	167.993374	198.904259	179.882174	144.215778	179.882174		
		222.68187	229.815155	189.393216	151.349056	132.326983	170.371134	167.993374	175.126654	139.46026	134.704742	179.882174	175.126654		
		158.482335	163.237854	267.859352	172.748894	220.304109	217.926348	201.28202	158.482335	146.593538	177.504414	220.304109	194.148737		
		156.104575	122.815948	148.971297	144.215778	179.882174	234.570679	229.815155	148.971297	175.126654	187.015455	232.192917	172.748894		
		
36:00	23.90	132.326983	160.860094	141.838019	215.548586	189.393216	158.482335	156.104575	158.482335	141.838019	113.304915	115.682673	118.060431		
		184.637695	118.060431	101.416124	184.637695	177.504414	156.104575	139.46026	187.015455	158.482335	115.682673	165.615614	110.927156		
		179.882174	167.993374	246.459489	175.126654	139.46026	172.748894	215.548586	137.082501	177.504414	177.504414	127.571466	148.971297		
		144.215778	163.237854	258.348301	139.46026	189.393216	165.615614	175.126654	108.549398	177.504414	113.304915	167.993374	110.927156		
		144.215778	187.015455	158.482335	203.65978	175.126654	170.371134	220.304109	134.704742	165.615614	189.393216	118.060431	182.259935		
		182.259935	206.037541	132.326983	139.46026	165.615614	139.46026	156.104575	108.549398	125.193707	177.504414	139.46026	129.949224		
		165.615614	167.993374	236.948441	177.504414	106.17164	217.926348	253.592776	187.015455	232.192917	222.68187	179.882174	239.326203		
		198.904259	139.46026	184.637695	146.593538	134.704742	160.860094	184.637695	120.43819	165.615614	170.371134	187.015455	158.482335		
		
37:00	23.90	132.326983	165.615614	127.571466	148.971297	134.704742	127.571466	153.726816	151.349056	191.770977	175.126654	158.482335	151.349056		
		139.46026	118.060431	106.17164	146.593538	118.060431	144.215778	108.549398	167.993374	248.837252	146.593538	203.65978	106.17164		
		165.615614	122.815948	277.370404	144.215778	170.371134	156.104575	101.416124	189.393216	158.482335	129.949224	179.882174	153.726816		
		118.060431	172.748894	163.237854	96.660608	153.726816	170.371134	110.927156	115.682673	167.993374	144.215778	167.993374	141.838019		
		127.571466	144.215778	201.28202	175.126654	206.037541	201.28202	156.104575	113.304915	222.68187	153.726816	160.860094	210.793064		
		148.971297	134.704742	153.726816	118.060431	118.060431	179.882174	158.482335	151.349056	99.038366	146.593538	160.860094	129.949224		
		182.259935	144.215778	236.948441	151.349056	153.726816	277.370404	251.215014	122.815948	160.860094	182.259935	160.860094	225.059632		
		141.838019	91.905093	153.726816	179.882174	179.882174	167.993374	113.304915	148.971297	94.282851	146.593538	172.748894	184.637695		
		
38:00	24.00	125.193707	110.927156	132.326983	179.882174	137.082501	108.549398	160.860094	177.504414	165.615614	127.571466	139.46026	144.215778		
		129.949224	179.882174	144.215778	160.860094	134.704742	153.726816	91.905093	187.015455	115.682673	184.637695	146.593538	122.815948		
		148.971297	137.082501	308.281332	158.482335	132.326983	134.704742	153.726816	146.593538	146.593538	127.571466	160.860094	144.215778		
		129.949224	177.504414	139.46026	106.17164	222.68187	196.526498	132.326983	158.482335	227.437394	120.43819	167.993374	153.726816		
		134.704742	115.682673	170.371134	194.148737	151.349056	177.504414	156.104575	115.682673	225.059632	118.060431	153.726816	196.526498		
		167.993374	336.814506	129.949224	167.993374	189.393216	196.526498	156.104575	127.571466	84.77182	110.927156	132.326983	101.416124		
		144.215778	125.193707	263.103827	141.838019	201.28202	234.570679	184.637695	129.949224	167.993374	151.349056	156.104575	208.415303		
		206.037541	125.193707	170.371134	153.726816	172.748894	158.482335	127.571466	125.193707	182.259935	151.349056	194.148737	158.482335		
		
39:00	24.00	99.038366	110.927156	146.593538	151.349056	122.815948	120.43819	170.371134	106.17164	132.326983	103.793882	194.148737	148.971297		
		122.815948	160.860094	82.394063	153.726816	139.46026	103.793882	120.43819	201.28202	91.905093	120.43819	101.416124	106.17164		
		129.949224	118.060431	372.480987	144.215778	139.46026	106.17164	127.571466	194.148737	158.482335	151.349056	201.28202	167.993374		
		125.193707	141.838019	144.215778	246.459489	113.304915	203.65978	177.504414	134.704742	177.504414	118.060431	170.371134	120.43819		
		156.104575	156.104575	167.993374	134.704742	167.993374	248.837252	196.526498	120.43819	301.14804	163.237854	122.815948	153.726816		
		156.104575	141.838019	132.326983	127.571466	139.46026	125.193707	115.682673	146.593538	115.682673	134.704742	139.46026	189.393216		
		113.304915	158.482335	239.326203	141.838019	189.393216	227.437394	234.570679	134.704742	118.060431	177.504414	160.860094	217.926348		
		127.571466	160.860094	80.016306	151.349056	182.259935	274.992641	189.393216	101.416124	103.793882	160.860094	144.215778	165.615614		
		
40:00	23.90	115.682673	118.060431	129.949224	96.660608	139.46026	125.193707	120.43819	196.526498	148.971297	118.060431	115.682673	148.971297		
		151.349056	122.815948	120.43819	156.104575	144.215778	118.060431	96.660608	177.504414	148.971297	191.770977	158.482335	122.815948		
		175.126654	106.17164	384.369818	187.015455	165.615614	125.193707	141.838019	175.126654	127.571466	122.815948	167.993374	163.237854		
		108.549398	156.104575	153.726816	127.571466	141.838019	137.082501	146.593538	144.215778	110.927156	132.326983	125.193707	129.949224		
		99.038366	160.860094	134.704742	189.393216	137.082501	215.548586	137.082501	163.237854	272.614878	175.126654	151.349056	215.548586		
		115.682673	156.104575	99.038366	163.237854	120.43819	127.571466	148.971297	132.326983	158.482335	167.993374	170.371134	146.593538		
		158.482335	141.838019	156.104575	127.571466	251.215014	167.993374	191.770977	89.527335	165.615614	225.059632	182.259935	177.504414		
		156.104575	113.304915	172.748894	127.571466	146.593538	332.058976	206.037541	198.904259	139.46026	165.615614	206.037541	156.104575		
		
41:00	24.10	129.949224	113.304915	137.082501	113.304915	125.193707	120.43819	170.371134	194.148737	148.971297	127.571466	139.46026	96.660608		
		118.060431	101.416124	115.682673	151.349056	134.704742	101.416124	87.149578	239.326203	258.348301	118.060431	122.815948	110.927156		
		146.593538	103.793882	396.258651	113.304915	137.082501	144.215778	120.43819	137.082501	160.860094	134.704742	137.082501	156.104575		
		120.43819	141.838019	187.015455	110.927156	96.660608	175.126654	132.326983	129.949224	125.193707	132.326983	167.993374	144.215778		
		153.726816	101.416124	163.237854	132.326983	139.46026	125.193707	141.838019	144.215778	158.482335	220.304109	146.593538	215.548586		
		132.326983	120.43819	144.215778	120.43819	148.971297	132.326983	160.860094	99.038366	125.193707	103.793882	110.927156	108.549398		
		165.615614	165.615614	201.28202	351.081096	189.393216	184.637695	220.304109	134.704742	151.349056	179.882174	148.971297	215.548586		
		122.815948	82.394063	163.237854	160.860094	156.104575	156.104575	189.393216	122.815948	108.549398	106.17164	201.28202	141.838019		
		
42:00	24.20	110.927156	115.682673	163.237854	139.46026	141.838019	65.749763	167.993374	184.637695	151.349056	139.46026	137.082501	175.126654		
		115.682673	127.571466	115.682673	118.060431	113.304915	120.43819	91.905093	203.65978	146.593538	113.304915	115.682673	108.549398		
		203.65978	148.971297	405.769718	125.193707	96.660608	129.949224	141.838019	175.126654	122.815948	115.682673	134.704742	139.46026		
		101.416124	251.215014	220.304109	194.148737	158.482335	215.548586	189.393216	141.838019	179.882174	118.060431	146.593538	191.770977		
		139.46026	129.949224	158.482335	118.060431	127.571466	220.304109	151.349056	158.482335	225.059632	127.571466	163.237854	172.748894		
		106.17164	208.415303	89.527335	75.260791	108.549398	215.548586	167.993374	101.416124	118.060431	127.571466	206.037541	108.549398		
		110.927156	110.927156	187.015455	129.949224	220.304109	189.393216	298.770276	101.416124	158.482335	153.726816	201.28202	239.326203		
		163.237854	144.215778	127.571466	132.326983	125.193707	332.058976	189.393216	179.882174	134.704742	129.949224	187.015455	141.838019		
		
43:00	24.20	108.549398	120.43819	110.927156	146.593538	158.482335	110.927156	158.482335	158.482335	141.838019	125.193707	132.326983	106.17164		
		115.682673	115.682673	77.638548	139.46026	115.682673	101.416124	110.927156	158.482335	129.949224	148.971297	156.104575	134.704742		
		246.459489	151.349056	294.014748	115.682673	115.682673	156.104575	120.43819	151.349056	132.326983	137.082501	125.193707	163.237854		
		106.17164	222.68187	122.815948	158.482335	125.193707	125.193707	141.838019	146.593538	208.415303	146.593538	125.193707	139.46026		
		148.971297	172.748894	118.060431	170.371134	184.637695	196.526498	177.504414	141.838019	170.371134	115.682673	127.571466	227.437394		
		127.571466	274.992641	96.660608	146.593538	139.46026	175.126654	144.215778	125.193707	110.927156	137.082501	103.793882	129.949224		
		108.549398	127.571466	244.081727	127.571466	151.349056	220.304109	270.237115	156.104575	115.682673	182.259935	179.882174	217.926348		
		80.016306	132.326983	113.304915	144.215778	151.349056	229.815155	120.43819	139.46026	163.237854	156.104575	106.17164	144.215778		
		
44:00	24.20	129.949224	170.371134	139.46026	141.838019	113.304915	120.43819	110.927156	217.926348	127.571466	139.46026	132.326983	137.082501		
		122.815948	91.905093	125.193707	146.593538	146.593538	113.304915	118.060431	113.304915	139.46026	148.971297	160.860094	134.704742		
		227.437394	94.282851	327.303446	184.637695	137.082501	134.704742	122.815948	87.149578	156.104575	153.726816	132.326983	146.593538		
		99.038366	158.482335	196.526498	210.793064	158.482335	129.949224	187.015455	175.126654	191.770977	170.371134	139.46026	118.060431		
		84.77182	146.593538	139.46026	220.304109	122.815948	182.259935	156.104575	113.304915	187.015455	144.215778	191.770977	134.704742		
		99.038366	343.947801	103.793882	113.304915	125.193707	158.482335	187.015455	96.660608	110.927156	146.593538	110.927156	246.459489		
		118.060431	163.237854	222.68187	127.571466	232.192917	196.526498	251.215014	106.17164	189.393216	267.859352	129.949224	206.037541		
		106.17164	139.46026	148.971297	134.704742	217.926348	175.126654	153.726816	80.016306	125.193707	127.571466	146.593538	125.193707		
		
45:00	24.30	108.549398	129.949224	132.326983	167.993374	94.282851	99.038366	103.793882	146.593538	139.46026	89.527335	125.193707	125.193707		
		160.860094	91.905093	253.592776	137.082501	120.43819	227.437394	125.193707	165.615614	206.037541	99.038366	151.349056	118.060431		
		232.192917	122.815948	279.748168	175.126654	99.038366	141.838019	184.637695	91.905093	148.971297	170.371134	125.193707	110.927156		
		103.793882	177.504414	160.860094	172.748894	106.17164	184.637695	134.704742	153.726816	141.838019	146.593538	172.748894	129.949224		
		210.793064	167.993374	134.704742	163.237854	196.526498	151.349056	153.726816	144.215778	182.259935	129.949224	177.504414	196.526498		
		106.17164	360.592158	141.838019	129.949224	125.193707	160.860094	129.949224	153.726816	151.349056	94.282851	129.949224	96.660608		
		122.815948	137.082501	175.126654	175.126654	191.770977	229.815155	220.304109	125.193707	163.237854	246.459489	144.215778	158.482335		
		118.060431	134.704742	165.615614	118.060431	132.326983	296.392512	120.43819	137.082501	125.193707	113.304915	153.726816	125.193707		
		
46:00	24.30	113.304915	151.349056	106.17164	148.971297	137.082501	122.815948	141.838019	146.593538	106.17164	122.815948	129.949224	84.77182		
		120.43819	153.726816	99.038366	194.148737	151.349056	165.615614	163.237854	167.993374	146.593538	118.060431	125.193707	91.905093		
		217.926348	103.793882	341.570036	139.46026	144.215778	103.793882	99.038366	160.860094	177.504414	115.682673	120.43819	148.971297		
		80.016306	184.637695	182.259935	129.949224	146.593538	170.371134	139.46026	191.770977	182.259935	184.637695	141.838019	113.304915		
		167.993374	146.593538	153.726816	286.881458	127.571466	175.126654	206.037541	132.326983	191.770977	234.570679	175.126654	134.704742		
		103.793882	348.703331	103.793882	110.927156	106.17164	127.571466	151.349056	89.527335	99.038366	108.549398	89.527335	120.43819		
		144.215778	125.193707	125.193707	134.704742	148.971297	170.371134	258.348301	108.549398	127.571466	167.993374	122.815948	196.526498		
		99.038366	132.326983	132.326983	129.949224	189.393216	282.125931	108.549398	144.215778	144.215778	101.416124	122.815948	118.060431		
		
47:00	24.30	141.838019	99.038366	91.905093	220.304109	129.949224	127.571466	167.993374	187.015455	132.326983	156.104575	172.748894	110.927156		
		134.704742	165.615614	122.815948	134.704742	198.904259	94.282851	99.038366	210.793064	165.615614	189.393216	120.43819	113.304915		
		165.615614	113.304915	236.948441	160.860094	165.615614	106.17164	108.549398	106.17164	144.215778	122.815948	167.993374	182.259935		
		113.304915	255.970539	153.726816	141.838019	113.304915	172.748894	96.660608	170.371134	141.838019	153.726816	127.571466	208.415303		
		122.815948	129.949224	156.104575	163.237854	106.17164	177.504414	165.615614	110.927156	217.926348	139.46026	158.482335	189.393216		
		146.593538	355.836627	127.571466	129.949224	89.527335	175.126654	127.571466	137.082501	118.060431	139.46026	146.593538	115.682673		
		108.549398	146.593538	198.904259	120.43819	160.860094	153.726816	206.037541	106.17164	106.17164	277.370404	206.037541	217.926348		
		175.126654	167.993374	129.949224	191.770977	184.637695	241.703965	163.237854	137.082501	196.526498	215.548586	144.215778	229.815155		
		
48:00	24.30	122.815948	139.46026	99.038366	213.170825	163.237854	103.793882	129.949224	151.349056	94.282851	158.482335	94.282851	101.416124		
		99.038366	129.949224	96.660608	132.326983	125.193707	144.215778	125.193707	110.927156	103.793882	94.282851	127.571466	87.149578		
		137.082501	167.993374	144.215778	208.415303	158.482335	158.482335	144.215778	156.104575	191.770977	120.43819	91.905093	137.082501		
		179.882174	189.393216	115.682673	108.549398	106.17164	139.46026	125.193707	163.237854	220.304109	129.949224	175.126654	101.416124		
		125.193707	172.748894	118.060431	196.526498	151.349056	255.970539	215.548586	175.126654	187.015455	177.504414	141.838019	172.748894		
		163.237854	148.971297	101.416124	182.259935	125.193707	106.17164	156.104575	158.482335	153.726816	118.060431	156.104575	103.793882		
		89.527335	167.993374	151.349056	110.927156	196.526498	163.237854	172.748894	115.682673	148.971297	129.949224	172.748894	220.304109		
		82.394063	129.949224	153.726816	115.682673	184.637695	260.726064	132.326983	134.704742	148.971297	139.46026	184.637695	120.43819		
		
49:00	24.40	129.949224	101.416124	208.415303	158.482335	141.838019	118.060431	106.17164	177.504414	146.593538	134.704742	134.704742	96.660608		
		94.282851	91.905093	91.905093	99.038366	122.815948	127.571466	129.949224	129.949224	163.237854	139.46026	208.415303	115.682673		
		160.860094	141.838019	215.548586	179.882174	215.548586	267.859352	158.482335	132.326983	134.704742	115.682673	125.193707	137.082501		
		115.682673	118.060431	122.815948	141.838019	134.704742	125.193707	141.838019	222.68187	160.860094	132.326983	127.571466	106.17164		
		113.304915	115.682673	163.237854	122.815948	110.927156	182.259935	175.126654	170.371134	177.504414	179.882174	134.704742	137.082501		
		148.971297	132.326983	148.971297	134.704742	137.082501	148.971297	94.282851	84.77182	179.882174	122.815948	99.038366	108.549398		
		127.571466	108.549398	156.104575	101.416124	203.65978	196.526498	184.637695	134.704742	132.326983	177.504414	153.726816	189.393216		
		172.748894	132.326983	108.549398	118.060431	103.793882	208.415303	158.482335	170.371134	137.082501	141.838019	158.482335	106.17164		
		
~End
Original Filename: Data 12-07-19-193547.pda   Date Last Saved: 12/7/2019
