##BLOCKS= 1          
Plate:	Plate#1	1.3	PlateFormat	Kinetic	Luminescence	Raw	FALSE	50	3000	60				1	450	1	12	96	405	Automatic	435			6	Automatic			1	8	None	
Time(hh:mm:ss)	Temperature(¡C)	1	2	3	4	5	6	7	8	9	10	11	12		
0:00	23.90	4297.971692	4216.826489	3965.068816	3813.182339	3650.892997	3690.424986	3740.360158	3663.376781	3773.65029	3858.956316	3987.955845	3967.149455		
		4732.82816	4017.084799	3657.134889	3765.327756	3746.602057	3725.79573	3519.813385	3765.327756	3875.601405	3908.891593	3898.488407	3888.085223		
		4289.649104	3987.955845	3819.424244	3588.474107	3898.488407	3886.004587	3596.796623	3771.569656	3981.713927	3886.004587	3854.795044	4006.6816		
		4501.875388	3975.47201	3840.230595	3833.988689	3888.085223	3715.392568	3709.150672	3665.457412	3775.730923	3844.391866	3981.713927	3913.052867		
		4121.116867	4081.584665	3819.424244	3680.021829	3927.617329	3777.811557	3717.4732	3919.294779	3856.87568	3971.310733	3831.908054	3721.634465		
		4239.713589	4017.084799	3809.02107	3779.892191	3902.649681	3794.456629	3584.31285	3690.424986	3665.457412	3875.601405	3844.391866	3873.520768		
		4087.826591	3969.230094	4173.132952	3715.392568	3902.649681	3925.536692	3761.166489	3879.762677	4033.729921	4037.891202	4008.76224	3865.198224		
		4125.278153	3896.40777	3786.134093	3784.053459	3809.02107	3723.715097	3861.036952	3727.876362	3958.826901	4019.165439	3904.730318	3707.07004		
		
1:00	24.30	3573.909707	3790.295361	3686.263723	4062.858893	3736.198893	3827.746783	3848.553137	3825.666148	3998.359042	3750.763323	3977.552649	3925.536692		
		3640.489846	3638.409216	3777.811557	3759.085855	3784.053459	3950.504347	3553.103425	3644.651106	3817.343609	3786.134093	3657.134889	3665.457412		
		3817.343609	3842.31123	3717.4732	3696.666881	3898.488407	3869.359496	3750.763323	3698.747513	3890.16586	3831.908054	3719.553833	3827.746783		
		3888.085223	3646.731737	3800.698532	3638.409216	3788.214727	3823.585513	3815.262974	3609.280399	3704.989408	3773.65029	3917.214142	3692.505618		
		3800.698532	3817.343609	3617.602917	3725.79573	3913.052867	3900.569044	3648.812367	3784.053459	3707.07004	3873.520768	3836.069324	3609.280399		
		3682.102461	3752.843956	3588.474107	3713.311936	3667.538043	3746.602057	3592.635365	3594.715994	3659.21552	3713.311936	3819.424244	3621.764176		
		3721.634465	3725.79573	4069.100816	3690.424986	3921.375417	3992.117123	3673.779936	3883.92395	3883.92395	3740.360158	3863.117588	3690.424986		
		3642.570476	3686.263723	3677.941198	3784.053459	3669.618674	3700.828144	3771.569656	3663.376781	3736.198893	3829.827419	3944.262433	3709.150672		
		
2:00	24.50	3765.327756	4395.762175	3933.859243	4048.294406	3736.198893	3811.101705	3661.296151	3813.182339	5879.279266	3987.955845	3707.07004	3938.020519		
		3700.828144	3588.474107	3561.425937	3573.909707	3652.973628	3677.941198	3628.006065	3617.602917	3561.425937	3817.343609	3848.553137	3750.763323		
		3727.876362	3729.956995	3621.764176	3486.523358	3802.779166	3796.537263	3586.393479	3750.763323	3800.698532	3669.618674	3831.908054	3852.714408		
		3561.425937	3621.764176	3567.667822	3528.135893	3449.072096	3596.796623	3615.522287	3661.296151	3675.860567	3675.860567	3819.424244	3650.892997		
		3709.150672	3775.730923	3621.764176	3719.553833	3605.11914	3842.31123	3594.715994	3686.263723	3852.714408	3900.569044	3819.424244	3609.280399		
		3486.523358	3459.475222	3507.329623	3486.523358	3584.31285	3702.908776	3575.990335	3455.313972	3815.262974	3786.134093	3840.230595	3792.375995		
		3644.651106	3794.456629	3650.892997	3519.813385	3846.472501	3792.375995	3634.247955	3904.730318	3836.069324	3833.988689	3817.343609	3848.553137		
		3511.490877	3607.199769	3586.393479	3571.829078	3673.779936	3680.021829	3513.571504	3734.11826	3644.651106	3657.134889	3946.343071	3711.231304		
		
3:00	24.60	6389.049552	6990.374594	8611.269792	4229.310361	7088.168368	3719.553833	7090.249088	4426.971929	10517.268149	5625.435682	4060.778251	4114.874939		
		3798.617898	3638.409216	3625.925436	3542.700286	3515.652131	3523.974639	3484.442732	3505.248997	3646.731737	3630.086695	3786.134093	3954.665624		
		3800.698532	3729.956995	3615.522287	3538.539031	3575.990335	3838.14996	3663.376781	3405.378978	3744.521424	3950.504347	3904.730318	3931.778605		
		3632.167325	3563.506565	3702.908776	3586.393479	3838.14996	3573.909707	3636.328585	3449.072096	3698.747513	3811.101705	3881.843314	3873.520768		
		4046.213765	4585.101535	3765.327756	4932.571636	3960.907539	4531.004529	3575.990335	3890.16586	3765.327756	5381.996279	4025.40736	4383.278277		
		3684.183092	3457.394597	3551.022797	3461.555848	3765.327756	3746.602057	3603.038511	3590.554736	3675.860567	3763.247122	3850.633773	3931.778605		
		3809.02107	3754.924589	3642.570476	3652.973628	3806.940435	3817.343609	3650.892997	3967.149455	4006.6816	3921.375417	3948.423709	3788.214727		
		3555.184053	3419.943348	3388.733987	3607.199769	3744.521424	3494.845864	3499.007117	3521.894012	3825.666148	3840.230595	3850.633773	3894.327134		
		
4:00	24.70	12718.794365	11328.787778	20541.152905	5752.357373	14427.203796	3833.988689	16801.558101	7394.03477	17484.119965	8224.24947	4150.24587	5411.125741		
		3794.456629	3861.036952	3954.665624	3698.747513	3698.747513	3686.263723	3607.199769	3725.79573	3757.005222	3844.391866	3732.037627	3796.537263		
		3784.053459	3806.940435	3844.391866	3773.65029	3796.537263	3707.07004	3517.732758	3867.27886	3954.665624	3940.101156	3781.972825	3738.279525		
		3652.973628	3856.87568	3892.246497	3888.085223	3702.908776	3677.941198	3713.311936	3715.392568	3713.311936	3817.343609	3729.956995	3748.68269		
		5664.968646	8043.224478	4880.555058	8615.431311	5309.17267	7371.146768	4285.487809	5737.792579	3844.391866	9703.675961	4897.200359	5995.797902		
		3792.375995	3692.505618	3746.602057	3779.892191	3754.924589	3642.570476	3655.054259	3740.360158	3798.617898	3858.956316	3677.941198	3788.214727		
		3777.811557	3917.214142	3950.504347	3680.021829	3969.230094	4010.84288	3609.280399	4008.76224	4056.616969	3881.843314	3746.602057	3742.440791		
		3871.440132	3732.037627	3723.715097	3779.892191	3652.973628	3711.231304	3817.343609	3725.79573	3738.279525	3908.891593	3929.697967	3752.843956		
		
5:00	24.80	18897.124761	17196.943837	32094.004371	8478.101298	22033.29376	4356.229838	24258.029623	10606.742986	24222.649804	11397.455201	4460.262346	8910.899715		
		3426.185221	3503.16837	3521.894012	3532.297148	3503.16837	3655.054259	3600.957882	3659.21552	3652.973628	3748.68269	3944.262433	3754.924589		
		3871.440132	3836.069324	3532.297148	3692.505618	3904.730318	3935.939881	3800.698532	3858.956316	3806.940435	3969.230094	4060.778251	3962.988178		
		3650.892997	3598.877252	3661.296151	3723.715097	3719.553833	3680.021829	3663.376781	3611.361028	3842.31123	3740.360158	3819.424244	3759.085855		
		9247.984718	15097.259839	7366.985313	17438.338194	10078.218652	12452.443928	5126.073603	12562.729548	4035.810562	17608.979472	8719.469357	11574.326108		
		3463.636474	3617.602917	3605.11914	3652.973628	3725.79573	3821.504879	3617.602917	3721.634465	3698.747513	3700.828144	3831.908054	3767.408389		
		3538.539031	3750.763323	3813.182339	3727.876362	3917.214142	4069.100816	3806.940435	3877.682041	4062.858893	3852.714408	3794.456629	3779.892191		
		3557.264681	3652.973628	3609.280399	3696.666881	3625.925436	3775.730923	3757.005222	3607.199769	3709.150672	3817.343609	3960.907539	3763.247122		
		
6:00	24.90	22147.754807	22715.900245	39776.710055	12577.295585	26555.670211	4620.472674	29981.441619	13896.573332	30587.106618	13370.108153	5664.968646	14668.589799		
		3734.11826	3488.603985	3690.424986	3605.11914	3625.925436	3702.908776	3682.102461	3763.247122	3486.523358	3690.424986	3719.553833	3913.052867		
		4270.923282	3815.262974	3569.74845	3929.697967	4302.132987	3927.617329	3715.392568	3738.279525	3796.537263	3811.101705	4019.165439	3992.117123		
		3657.134889	3833.988689	3775.730923	3677.941198	3598.877252	3765.327756	3781.972825	3692.505618	3613.441658	3725.79573	3796.537263	3917.214142		
		14475.064756	33709.163851	11817.784349	24636.802788	22151.91703	18472.596398	7314.967153	23144.613392	4225.14907	28091.62978	15184.658867	18803.478605		
		3567.667822	3517.732758	3669.618674	3490.684611	3578.070964	3605.11914	3688.344355	3707.07004	3625.925436	3723.715097	3856.87568	3752.843956		
		3669.618674	3742.440791	3829.827419	3621.764176	3702.908776	3967.149455	3773.65029	4025.40736	4029.56864	3771.569656	3929.697967	3844.391866		
		3640.489846	3600.957882	3594.715994	3673.779936	3517.732758	3750.763323	3590.554736	3742.440791	3698.747513	3700.828144	3910.97223	3883.92395		
		
7:00	25.00	25148.773761	26343.385434	44870.473621	17723.434192	29814.936581	5448.577922	33001.486871	17190.70089	35796.847399	15912.987812	6688.671154	20817.935648		
		3573.909707	3661.296151	3854.795044	3688.344355	3886.004587	3842.31123	3925.536692	3990.036484	3761.166489	3904.730318	4146.084583	3902.649681		
		4208.503908	4085.745949	3709.150672	4824.377191	5579.660695	4537.24649	5394.480333	4185.616817	4021.24608	4116.955582	4728.666843	4137.76201		
		3754.924589	3981.713927	4129.439438	3759.085855	3825.666148	3840.230595	3815.262974	3933.859243	4002.520321	3881.843314	4015.004159	4106.552369		
		18711.913581	49529.459065	16508.141529	28441.283232	43407.050247	23658.65597	10419.470185	32277.165148	4967.942928	36889.624706	20872.043664	25069.6886		
		3794.456629	3877.682041	3744.521424	3786.134093	3634.247955	3890.16586	3811.101705	3935.939881	3871.440132	3977.552649	3854.795044	4033.729921		
		3717.4732	4021.24608	3804.859801	3809.02107	4069.100816	4216.826489	3819.424244	4458.181695	4025.40736	4081.584665	3906.810955	4052.455687		
		3736.198893	3823.585513	3848.553137	3890.16586	3779.892191	3831.908054	3869.359496	3902.649681	3933.859243	4012.92352	4015.004159	4139.842654		
		
8:00	25.20	26591.051061	26289.273718	44932.924715	20008.400846	30102.157989	5587.983418	31594.47711	17962.749134	36375.497143	17531.982753	7119.379172	22876.147124		
		3600.957882	3665.457412	3623.844806	4019.165439	3781.972825	3082.882893	3879.762677	4035.810562	3548.942169	3883.92395	4281.326516	3944.262433		
		4331.262056	4466.504301	3492.765237	6010.362744	7541.766581	4318.778168	7922.541377	4333.342704	3559.345309	4335.423352	5413.206418	4214.745843		
		3640.489846	3578.070964	4056.616969	3619.683546	3340.879657	3130.737068	3667.538043	3842.31123	3411.62085	3948.423709	4056.616969	4148.165227		
		19423.626301	50276.837197	18249.92801	32210.56118	54755.006659	27317.402573	12616.831983	37459.956311	6253.804058	42285.041059	23263.23831	29656.757115		
		3723.715097	3611.361028	3467.797725	3390.81461	3946.343071	3711.231304	3532.297148	3892.246497	3725.79573	4000.439681	4160.649088	3713.311936		
		3586.393479	3752.843956	3811.101705	3605.11914	3324.234679	3401.21773	3317.992813	4433.213881	3640.489846	3946.343071	3704.989408	3833.988689		
		3836.069324	3611.361028	3528.135893	3844.391866	3501.087743	3453.233346	3205.639314	4239.713589	3613.441658	4004.60096	3788.214727	4044.133124		
		
9:00	25.20	26432.877967	22903.201823	41225.495801	17527.82077	30341.509949	6553.425153	28466.258537	18965.798679	32052.37698	17710.948215	7514.717074	21835.5887		
		3942.181795	3944.262433	3619.683546	3929.697967	3917.214142	3588.474107	3867.27886	3813.182339	3675.860567	3771.569656	3757.005222	3858.956316		
		4791.086622	5136.476948	3779.892191	8971.241987	8996.211217	4585.101535	11093.654321	3784.053459	4004.60096	4352.06854	6686.590444	4044.133124		
		3725.79573	3913.052867	4589.262845	3784.053459	3825.666148	3657.134889	3817.343609	3904.730318	4116.955582	3829.827419	3925.536692	3873.520768		
		19225.927688	43011.535009	19565.137187	31588.233039	54269.911583	28514.127893	14953.675929	37536.972205	6971.648141	41843.735632	24384.980869	31648.592413		
		3869.359496	3990.036484	3742.440791	3811.101705	3898.488407	3813.182339	3781.972825	3813.182339	3861.036952	3990.036484	4015.004159	3769.489023		
		3881.843314	4010.84288	4198.100684	3804.859801	3869.359496	4004.60096	4004.60096	4447.778438	3983.794566	3831.908054	3915.133504	3754.924589		
		3965.068816	3833.988689	3948.423709	3675.860567	4050.375046	3856.87568	3665.457412	3740.360158	3667.538043	3761.166489	3798.617898	3931.778605		
		
10:00	25.30	26303.842254	18497.568593	34958.020845	14029.750844	30512.178741	6095.671154	23845.959755	17777.540116	27483.902415	16308.369158	7188.042983	16972.198022		
		3838.14996	3836.069324	3636.328585	3553.103425	3709.150672	3715.392568	3786.134093	3594.715994	3898.488407	3819.424244	3946.343071	3875.601405		
		4922.168317	5652.48455	3931.778605	10945.915953	9362.42748	4791.086622	13251.497899	3821.504879	4104.471727	4689.134341	8257.541467	4204.342618		
		3923.456054	3575.990335	4327.10076	3721.634465	3675.860567	3700.828144	3615.522287	3831.908054	3804.859801	3913.052867	4116.955582	3998.359042		
		18572.485222	32606.023049	18899.205788	29334.155227	48846.623863	25444.303212	15863.045044	35295.215574	7406.519138	36700.208904	23900.069818	30279.070238		
		3603.038511	3655.054259	3609.280399	3603.038511	3623.844806	3771.569656	3682.102461	3675.860567	3759.085855	3998.359042	3888.085223	3975.47201		
		3557.264681	3894.327134	4741.150795	3667.538043	3892.246497	3883.92395	3677.941198	4256.358757	3946.343071	3854.795044	4048.294406	3923.456054		
		3761.166489	3819.424244	3840.230595	3692.505618	3698.747513	3825.666148	3825.666148	3788.214727	3682.102461	3944.262433	4015.004159	4096.149158		
		
11:00	25.30	25105.068794	14631.133302	29725.440266	11343.35359	28936.628237	6247.561963	19500.62484	15078.531489	21009.394948	15446.856524	7481.425386	12826.999483		
		3515.652131	3975.47201	3821.504879	3858.956316	3821.504879	3775.730923	3894.327134	3790.295361	3754.924589	3996.278402	4141.923297	3915.133504		
		4965.862264	6189.302441	4033.729921	13178.667129	8923.384319	4653.763172	14137.957735	3865.198224	4516.439957	4784.844642	8838.072894	4148.165227		
		3682.102461	3740.360158	4287.568456	3713.311936	3800.698532	3725.79573	3871.440132	3746.602057	4058.69761	3873.520768	4067.020175	4017.084799		
		16410.336243	24965.629297	18678.617234	26295.517376	40363.714912	23315.266838	15969.173464	30655.790567	7679.094987	30347.753923	22320.487242	27496.389917		
		3908.891593	4094.068516	3846.472501	3804.859801	3842.31123	3792.375995	3746.602057	3827.746783	3913.052867	4085.745949	3938.020519	4091.987874		
		3786.134093	3908.891593	5785.648342	3759.085855	3865.198224	4052.455687	3940.101156	4865.990422	4239.713589	4023.32672	3927.617329	4181.455528		
		3888.085223	3952.584985	3748.68269	3798.617898	3786.134093	3960.907539	3809.02107	3831.908054	3800.698532	3950.504347	4015.004159	3996.278402		
		
12:00	25.40	23897.988662	11701.257235	22794.98308	9599.636636	27269.533932	6037.411742	15326.162258	12273.490225	16599.704032	12931.043005	6825.998096	10144.804203		
		3827.746783	3767.408389	3883.92395	3863.117588	4060.778251	4081.584665	4042.052483	3990.036484	3950.504347	4100.310443	4064.939534	4006.6816		
		4791.086622	6370.323239	3990.036484	12962.256087	8357.417542	5090.702241	14362.695591	4069.100816	4599.66612	4809.812566	8659.127274	4439.455834		
		3896.40777	3773.65029	4420.729977	4042.052483	3802.779166	4054.536328	3867.27886	3896.40777	4083.665307	4171.052307	4112.794297	4062.858893		
		14254.488396	20387.153898	17852.456072	22757.52278	32630.999654	19529.759442	15582.117556	25716.940504	7500.151958	23766.875881	20907.422003	23473.43377		
		3675.860567	3794.456629	3896.40777	3690.424986	3894.327134	4042.052483	3929.697967	3734.11826	3931.778605	4058.69761	4135.681367	4144.00394		
		3888.085223	3913.052867	7479.344656	3823.585513	3977.552649	4231.391006	3973.391371	5571.337973	4283.407163	4245.955527	4058.69761	3975.47201		
		3886.004587	3840.230595	3935.939881	3896.40777	3886.004587	4025.40736	3979.633288	3881.843314	4046.213765	4129.439438	4150.24587	3990.036484		
		
13:00	25.30	22151.91703	9173.076817	17850.375072	7997.448108	26416.228186	5548.450491	12175.690115	10063.65307	12469.090804	11114.462564	6386.96885	8057.789692		
		3671.699305	3698.747513	3900.569044	3788.214727	3973.391371	3844.391866	3742.440791	3975.47201	3850.633773	3904.730318	3981.713927	4008.76224		
		4533.085183	6072.783523	3865.198224	11370.404391	7240.061061	4531.004529	13345.137559	3954.665624	4470.665605	4986.668913	7512.636343	4337.504001		
		3800.698532	3831.908054	4277.165222	4031.649281	3867.27886	4004.60096	3811.101705	3836.069324	3948.423709	4116.955582	4035.810562	3944.262433		
		11420.344356	15351.13347	16250.102311	18853.423208	24782.485252	15055.641288	14081.773369	19798.214485	7279.594823	17794.1881	17581.926563	19065.688118		
		3734.11826	3846.472501	3838.14996	3792.375995	3833.988689	3848.553137	3833.988689	3823.585513	3929.697967	4098.229801	3927.617329	4121.116867		
		3804.859801	3904.730318	8288.752727	3888.085223	4023.32672	4252.197465	3844.391866	6828.078809	4314.616872	4114.874939	4044.133124	3969.230094		
		3769.489023	3848.553137	3894.327134	3775.730923	3931.778605	3929.697967	4077.423382	3740.360158	4079.504024	3883.92395	4119.036224	4037.891202		
		
14:00	25.40	21356.936368	7506.39415	14429.284707	6663.702644	23833.472822	5071.976232	10167.692999	8072.354909	9429.012435	8942.111229	5856.391697	7146.428545		
		3852.714408	3761.166489	3690.424986	3904.730318	4029.56864	4152.326514	3877.682041	3944.262433	3865.198224	4056.616969	4069.100816	4077.423382		
		4674.56974	5752.357373	4035.810562	9175.157591	6638.734142	4626.714641	11555.598582	3879.762677	4485.230169	5126.073603	6543.021624	4397.842825		
		3869.359496	3840.230595	4239.713589	4175.213596	3798.617898	4008.76224	3910.97223	3823.585513	4108.633012	4225.14907	4347.907243	4131.520081		
		9526.809189	12829.080353	14747.664682	15290.786387	18603.700505	11878.128813	12406.665035	15369.861885	7031.988951	13503.284788	15453.099336	15274.138924		
		3890.16586	3821.504879	3727.876362	3942.181795	3981.713927	3906.810955	3931.778605	3906.810955	3877.682041	4008.76224	4056.616969	4044.133124		
		3663.376781	3917.214142	8359.498295	3894.327134	4094.068516	4345.826595	4058.69761	7364.904586	4237.632943	4150.24587	4318.778168	4069.100816		
		4031.649281	3781.972825	3842.31123	3919.294779	3992.117123	3960.907539	3890.16586	3842.31123	4000.439681	4035.810562	4377.036329	4004.60096		
		
15:00	25.40	19005.338234	6640.81485	11844.83531	5952.103394	22337.136171	5180.171011	8788.134541	6690.751863	8257.541467	7337.855139	5542.208452	6418.179381		
		3852.714408	3940.101156	3975.47201	3854.795044	4017.084799	3956.746262	4025.40736	3971.310733	3992.117123	4112.794297	4175.213596	4306.294282		
		4420.729977	5677.452744	3954.665624	7533.443654	6039.492434	4555.972374	9499.759011	4112.794297	4462.342998	5059.492228	5902.166842	4460.262346		
		3890.16586	4054.536328	4108.633012	4183.536172	3913.052867	3908.891593	4027.488	3902.649681	4179.374884	4131.520081	4424.891278	4152.326514		
		7200.527318	10841.875013	13114.15993	12163.205003	14167.090384	9612.121348	10621.308667	12398.341603	6297.498731	10579.692444	13282.711107	11921.826558		
		3915.133504	3786.134093	3890.16586	3933.859243	3877.682041	4062.858893	3950.504347	3971.310733	3873.520768	4069.100816	4198.100684	4075.342741		
		3962.988178	4214.745843	8534.28173	3871.440132	3981.713927	4587.18219	4015.004159	7681.175722	4216.826489	4156.487801	4202.261974	4110.713654		
		3867.27886	3711.231304	4027.488	4006.6816	3917.214142	3888.085223	4139.842654	4106.552369	3919.294779	4148.165227	4547.649758	4089.907233		
		
16:00	25.50	17519.496806	5735.711894	9888.866295	5696.178895	19523.516312	4645.440546	7498.071228	5837.665508	6825.998096	6665.783353	5176.009671	5610.87091		
		3742.440791	3886.004587	3838.14996	3761.166489	3865.198224	3790.295361	3790.295361	3817.343609	3890.16586	4023.32672	4177.29424	4058.69761		
		4345.826595	5165.606321	4137.76201	6047.815205	5119.831597	4273.003929	7362.823859	3913.052867	4264.681342	4805.651244	5311.253344	4560.133682		
		3827.746783	4025.40736	4052.455687	4266.761989	3854.795044	3788.214727	3958.826901	3815.262974	4094.068516	4067.020175	4214.745843	4252.197465		
		6245.481265	8969.161219	11218.503858	10471.490364	11566.002763	7999.528852	9445.658683	9930.482159	5702.420946	8561.331581	10966.724158	9516.405273		
		3698.747513	3763.247122	3792.375995	3871.440132	3921.375417	4012.92352	3856.87568	3792.375995	4008.76224	3998.359042	3904.730318	4112.794297		
		3973.391371	4196.020039	7427.326422	4012.92352	4012.92352	4318.778168	4144.00394	7560.493168	4291.729751	4002.520321	4135.681367	4037.891202		
		3944.262433	3823.585513	3846.472501	3781.972825	3875.601405	3861.036952	3904.730318	3831.908054	4002.520321	4121.116867	4337.504001	4168.971664		
		
17:00	25.50	15498.879971	5498.514191	8426.082415	5257.155847	17450.824129	4481.068864	6921.710953	5228.026441	6099.832542	5925.054424	4672.489083	5346.624804		
		3992.117123	3958.826901	3806.940435	4012.92352	3842.31123	3867.27886	3967.149455	3869.359496	3946.343071	4146.084583	4058.69761	4054.536328		
		4476.90756	4886.797045	4129.439438	5196.816375	4945.05562	4304.213634	6324.547826	3775.730923	4148.165227	4732.82816	5047.008227	4635.037265		
		3946.343071	3954.665624	3971.310733	4042.052483	3846.472501	3902.649681	3804.859801	3879.762677	4112.794297	4091.987874	4227.229715	4270.923282		
		5808.535891	8028.659267	9732.806996	8765.24614	9451.901027	7050.715419	7920.460636	8284.591225	5273.801227	7479.344656	9293.761803	7901.733965		
		3900.569044	3792.375995	3925.536692	3962.988178	4079.504024	3971.310733	3948.423709	3902.649681	4064.939534	3990.036484	4019.165439	4058.69761		
		4096.149158	3931.778605	6665.783353	3931.778605	4198.100684	4714.102235	4010.84288	7464.779547	4183.536172	4208.503908	4067.020175	4210.584553		
		4160.649088	3929.697967	3956.746262	3800.698532	4025.40736	3946.343071	3927.617329	3850.633773	4081.584665	3921.375417	4156.487801	4154.407157		
		
18:00	25.50	13120.40256	5049.088894	7277.514098	4932.571636	15034.832021	4349.987892	6359.919734	4974.184923	5486.030121	5510.998263	4718.263551	4959.62027		
		3725.79573	3823.585513	3831.908054	4010.84288	3840.230595	4052.455687	4025.40736	4000.439681	4141.923297	4150.24587	4183.536172	4031.649281		
		4291.729751	4539.327143	4187.697461	4433.213881	4595.50481	4293.810398	5500.59487	3948.423709	4362.471785	4545.569104	4689.134341	4410.326725		
		3823.585513	4033.729921	4071.181458	4218.907134	3838.14996	4189.778106	3965.068816	4025.40736	4216.826489	4218.907134	4273.003929	4123.19751		
		5005.394902	6898.823085	9137.703666	7749.840015	7820.585107	6476.43907	6975.809575	7562.5739	5094.863577	6711.558961	7847.634717	6636.653434		
		3873.520768	3990.036484	3763.247122	3948.423709	3938.020519	4073.262099	3869.359496	4029.56864	4260.52005	4046.213765	4137.76201	3890.16586		
		3967.149455	4164.810376	6128.962266	4010.84288	4270.923282	4664.166455	4012.92352	7081.926208	4300.05234	4139.842654	4243.874881	4106.552369		
		3811.101705	3915.133504	3844.391866	3809.02107	3942.181795	4127.358795	4002.520321	3967.149455	4260.52005	3886.004587	4310.455577	4104.471727		
		
19:00	25.50	11901.018105	4707.860261	6524.295275	4647.521203	12514.869732	4331.262056	5623.355	4645.440546	4934.6523	5003.314236	4743.231454	4747.392772		
		3940.101156	3929.697967	3861.036952	3923.456054	3900.569044	3863.117588	3940.101156	3886.004587	3781.972825	4164.810376	4079.504024	3917.214142		
		4206.423263	4312.536225	4150.24587	4360.391136	4470.665605	4133.600724	4805.651244	4071.181458	4075.342741	4476.90756	4610.069396	4279.245869		
		3919.294779	4027.488	4017.084799	4067.020175	3962.988178	4002.520321	4023.32672	3973.391371	3958.826901	3985.875206	4395.762175	3840.230595		
		4870.151746	6620.007771	7876.765076	6811.433106	7408.599866	5625.435682	6064.460749	6499.326817	4811.893226	6070.702829	6950.840975	5808.535891		
		3902.649681	3698.747513	4037.891202	3948.423709	3923.456054	4144.00394	4023.32672	3867.27886	3896.40777	4125.278153	4125.278153	4085.745949		
		4035.810562	4008.76224	5746.115318	4137.76201	4121.116867	4566.375644	4069.100816	6823.917383	4229.310361	4270.923282	4054.536328	4127.358795		
		3921.375417	3942.181795	3927.617329	3983.794566	3935.939881	3990.036484	3996.278402	3983.794566	4046.213765	4220.987779	4131.520081	3977.552649		
		
20:00	25.50	10357.046015	4576.778917	5600.467504	4628.795297	10821.066841	4256.358757	5105.266918	4535.165836	4764.038045	4712.021577	4237.632943	4622.55333		
		3813.182339	4187.697461	3825.666148	3904.730318	3833.988689	3900.569044	3892.246497	3883.92395	3931.778605	3944.262433	4052.455687	3977.552649		
		4108.633012	4212.665198	4179.374884	4198.100684	4349.987892	3929.697967	4641.279234	3858.956316	4129.439438	4198.100684	4356.229838	4339.584649		
		3769.489023	3854.795044	3913.052867	3890.16586	3815.262974	4089.907233	4052.455687	3823.585513	4027.488	3954.665624	4366.633083	4281.326516		
		4318.778168	5712.824366	6763.576729	5935.457873	6099.832542	5244.671815	5396.561009	5895.924775	4516.439957	5325.818061	6241.31987	5228.026441		
		3806.940435	4027.488	3865.198224	3854.795044	3765.327756	3863.117588	3923.456054	3858.956316	3979.633288	3931.778605	4064.939534	4052.455687		
		3883.92395	3933.859243	5488.110799	4144.00394	4175.213596	4426.971929	3958.826901	6172.656871	4283.407163	4162.729732	4225.14907	4098.229801		
		3956.746262	4015.004159	3800.698532	3800.698532	4039.971843	3846.472501	3842.31123	3931.778605	4133.600724	3894.327134	4254.278111	4114.874939		
		
21:00	25.60	8894.253578	4541.407797	5284.204591	4420.729977	9293.761803	4094.068516	5030.362894	4533.085183	4366.633083	4599.66612	4551.811066	4564.29499		
		3879.762677	4062.858893	3871.440132	3952.584985	3902.649681	3977.552649	3838.14996	3979.633288	3877.682041	4056.616969	4094.068516	4110.713654		
		4121.116867	4175.213596	4235.552298	4108.633012	4168.971664	4062.858893	4281.326516	4008.76224	4150.24587	4345.826595	4295.891045	4314.616872		
		3717.4732	3842.31123	3954.665624	3973.391371	3923.456054	3798.617898	3913.052867	3977.552649	3927.617329	4112.794297	4337.504001	4137.76201		
		4285.487809	6185.141048	6137.285046	5671.210695	5758.599429	4957.539605	5059.492228	5702.420946	4620.472674	5232.187784	5798.132459	4880.555058		
		3815.262974	3840.230595	3902.649681	3894.327134	4021.24608	3863.117588	3875.601405	3958.826901	3915.133504	4123.19751	3990.036484	3983.794566		
		3992.117123	4081.584665	5011.636899	4121.116867	4264.681342	4510.197999	3994.197763	5783.567656	4241.794235	4185.616817	4071.181458	4152.326514		
		4102.391085	3994.197763	3921.375417	3881.843314	3890.16586	3944.262433	4035.810562	3742.440791	4256.358757	4208.503908	4216.826489	4225.14907		
		
22:00	25.60	7666.610577	4223.068424	5032.443561	4377.036329	7739.436331	3981.713927	4766.118705	4187.697461	4549.730412	4352.06854	4281.326516	4295.891045		
		3871.440132	3923.456054	3873.520768	3875.601405	3925.536692	3867.27886	3921.375417	3998.359042	3977.552649	4019.165439	4052.455687	4166.89102		
		4067.020175	4104.471727	4198.100684	4064.939534	4060.778251	3892.246497	4183.536172	4064.939534	4037.891202	4204.342618	4096.149158	4264.681342		
		3886.004587	3927.617329	3960.907539	3960.907539	3913.052867	3998.359042	4006.6816	3908.891593	4071.181458	4127.358795	4291.729751	4081.584665		
		4322.939464	5789.809714	5621.274318	5055.330894	5602.548185	4666.247112	4680.811712	5178.090341	4281.326516	5034.524227	5200.977716	4780.683322		
		3727.876362	3942.181795	3906.810955	3896.40777	3863.117588	3910.97223	3892.246497	3998.359042	3906.810955	3886.004587	4087.826591	4160.649088		
		3944.262433	3985.875206	4899.281022	4046.213765	3825.666148	4329.181408	4008.76224	5363.270202	4177.29424	4121.116867	4191.85875	4114.874939		
		3921.375417	3827.746783	3813.182339	3904.730318	3815.262974	4000.439681	4046.213765	3973.391371	4112.794297	3994.197763	4426.971929	4162.729732		
		
23:00	25.60	7096.491248	4220.987779	4793.167282	4214.745843	6977.890292	3990.036484	4672.489083	4200.181329	4235.552298	4576.778917	4372.87503	4391.600876		
		3883.92395	3877.682041	3973.391371	3661.296151	4012.92352	3829.827419	3913.052867	3861.036952	3848.553137	4162.729732	4079.504024	4077.423382		
		4077.423382	4171.052307	4166.89102	3958.826901	4154.407157	3965.068816	4098.229801	3921.375417	3931.778605	4235.552298	4121.116867	4256.358757		
		3873.520768	3935.939881	3994.197763	3877.682041	3962.988178	3958.826901	3742.440791	3904.730318	4050.375046	4054.536328	4325.020112	4166.89102		
		4185.616817	5406.964389	5117.750928	4907.603674	5126.073603	4506.036693	4451.939741	4882.63572	4372.87503	4662.085799	4963.781599	4820.215869		
		3815.262974	3954.665624	3960.907539	3852.714408	4133.600724	3838.14996	3871.440132	3759.085855	3994.197763	4023.32672	4062.858893	3977.552649		
		3908.891593	4037.891202	4915.926327	4210.584553	4102.391085	4397.842825	3958.826901	5159.364312	4208.503908	4262.600696	4089.907233	4287.568456		
		4125.278153	3883.92395	3948.423709	4123.19751	3904.730318	3954.665624	3946.343071	3757.005222	4133.600724	4054.536328	4212.665198	4198.100684		
		
24:00	25.60	6255.884756	4202.261974	4741.150795	4131.520081	6031.169665	4062.858893	4493.552778	4175.213596	4385.358927	4489.391473	4435.294532	4364.552434		
		3863.117588	3960.907539	3931.778605	3871.440132	4015.004159	4058.69761	3927.617329	3965.068816	3992.117123	4121.116867	4173.132952	4285.487809		
		4106.552369	4125.278153	4087.826591	3929.697967	4252.197465	4187.697461	4166.89102	4042.052483	3890.16586	4146.084583	4214.745843	4302.132987		
		4046.213765	3965.068816	3962.988178	4021.24608	3865.198224	4075.342741	4050.375046	4002.520321	4021.24608	4048.294406	4437.375183	4372.87503		
		4015.004159	5261.317192	4709.940919	4583.02088	4830.619174	4578.859571	4485.230169	4712.021577	4374.95568	4838.941819	4714.102235	4549.730412		
		3915.133504	3977.552649	4019.165439	4102.391085	3977.552649	4091.987874	3981.713927	3906.810955	3973.391371	4019.165439	4069.100816	4245.955527		
		3915.133504	4046.213765	4607.988741	4046.213765	4200.181329	4533.085183	3983.794566	5198.897046	4210.584553	4206.423263	4214.745843	4468.584953		
		4062.858893	3902.649681	3886.004587	3979.633288	4168.971664	4067.020175	4162.729732	3923.456054	4210.584553	4116.955582	4345.826595	4395.762175		
		
25:00	25.60	5527.643696	4493.552778	4674.56974	4127.358795	5671.210695	4056.616969	4433.213881	4487.310821	4655.843829	4576.778917	4570.536953	4537.24649		
		3983.794566	4146.084583	4179.374884	4031.649281	4023.32672	3960.907539	4052.455687	4135.681367	4302.132987	4412.407376	4352.06854	4462.342998		
		4322.939464	4229.310361	4297.971692	4096.149158	3971.310733	4160.649088	4295.891045	4262.600696	4283.407163	4456.101044	4526.843223	4562.214336		
		4046.213765	4037.891202	4064.939534	4054.536328	4125.278153	4208.503908	4214.745843	4233.471652	4349.987892	4258.439403	4670.408426	4537.24649		
		4254.278111	5267.559209	4670.408426	4614.230707	4972.104258	4591.3435	4264.681342	4899.281022	4610.069396	4918.006991	4882.63572	4662.085799		
		3965.068816	4075.342741	4027.488	3948.423709	4119.036224	4237.632943	4175.213596	4250.116819	4270.923282	4248.036173	4397.842825	4310.455577		
		4287.568456	4148.165227	4558.053028	4035.810562	4173.132952	4387.439576	4223.068424	5234.268456	4684.973026	4356.229838	4424.891278	4277.165222		
		4091.987874	4129.439438	4106.552369	4033.729921	4037.891202	4060.778251	4183.536172	4137.76201	4420.729977	4422.810628	4595.50481	4352.06854		
		
26:00	25.70	5315.414691	4335.423352	4832.699836	4460.262346	5329.979409	4239.713589	4325.020112	4414.488026	4643.35989	4539.327143	4531.004529	4647.521203		
		4179.374884	4252.197465	4181.455528	4277.165222	4208.503908	4329.181408	4146.084583	4335.423352	4397.842825	4331.262056	4466.504301	4462.342998		
		4543.488451	4318.778168	4356.229838	4341.665298	4297.971692	4148.165227	4354.149189	4196.020039	4264.681342	4377.036329	4549.730412	4591.3435		
		4168.971664	4277.165222	4104.471727	4225.14907	4237.632943	4318.778168	4308.374929	4320.858816	4316.69752	4347.907243	4722.424868	4462.342998		
		4406.165425	5228.026441	4595.50481	4628.795297	4861.829098	4583.02088	4462.342998	4888.877708	4503.95604	4870.151746	4647.521203	4724.505526		
		4220.987779	4210.584553	4116.955582	4183.536172	4193.939395	4339.584649	4285.487809	4173.132952	4397.842825	4472.746257	4454.020392	4391.600876		
		4393.681525	4285.487809	4797.328603	4160.649088	4431.13323	4539.327143	4273.003929	5305.011323	4560.133682	4541.407797	4429.05258	4412.407376		
		4322.939464	4239.713589	4345.826595	4183.536172	4281.326516	4183.536172	4318.778168	4370.794381	4322.939464	4337.504001	4562.214336	4356.229838		
		
27:00	25.70	5088.621573	4325.020112	4414.488026	4339.584649	5153.122303	4164.810376	4237.632943	4083.665307	4370.794381	4503.95604	4422.810628	4466.504301		
		4158.568444	4424.891278	4129.439438	4189.778106	4208.503908	4010.84288	4064.939534	4127.358795	4110.713654	4164.810376	4112.794297	4304.213634		
		4593.424155	4362.471785	4364.552434	4067.020175	4472.746257	4091.987874	4152.326514	4081.584665	4233.471652	4191.85875	4144.00394	4364.552434		
		4333.342704	4164.810376	4183.536172	4108.633012	3931.778605	4067.020175	4056.616969	4125.278153	4164.810376	4164.810376	4528.923876	4289.649104		
		4314.616872	5196.816375	4460.262346	4643.35989	4753.634749	4449.85909	4087.826591	4747.392772	4279.245869	4472.746257	4454.020392	4399.923475		
		4168.971664	4256.358757	4237.632943	4164.810376	4081.584665	3950.504347	3998.359042	3854.795044	4218.907134	4031.649281	4252.197465	4237.632943		
		4108.633012	4289.649104	4707.860261	4393.681525	4225.14907	4418.649327	4048.294406	4961.700934	4493.552778	4198.100684	4266.761989	4235.552298		
		4181.455528	4089.907233	4320.858816	4352.06854	4125.278153	4144.00394	4012.92352	4160.649088	4127.358795	4050.375046	4481.068864	4318.778168		
		
28:00	25.70	4674.56974	4235.552298	4223.068424	4156.487801	4786.925302	4333.342704	4347.907243	4283.407163	4414.488026	4335.423352	4570.536953	4626.714641		
		4079.504024	3971.310733	4012.92352	4125.278153	4148.165227	4285.487809	4106.552369	4162.729732	4291.729751	4416.568676	4435.294532	4391.600876		
		4362.471785	4198.100684	4218.907134	4048.294406	4227.229715	4260.52005	4162.729732	4060.778251	4146.084583	4279.245869	4481.068864	4456.101044		
		4067.020175	4156.487801	4071.181458	4077.423382	4235.552298	4119.036224	4042.052483	4245.955527	4337.504001	4252.197465	4632.956609	4451.939741		
		4110.713654	5022.040229	4306.294282	4555.972374	4801.489924	4312.536225	4424.891278	4387.439576	4202.261974	4485.230169	4651.682515	4597.585465		
		3919.294779	4146.084583	4071.181458	4129.439438	4325.020112	4148.165227	3958.826901	4125.278153	4175.213596	4277.165222	4437.375183	4458.181695		
		4137.76201	4273.003929	4312.536225	4137.76201	4227.229715	4499.794735	4129.439438	4961.700934	4464.42365	4512.278651	4580.940226	4524.76257		
		4000.439681	4021.24608	4135.681367	4241.794235	4162.729732	4146.084583	4096.149158	4164.810376	4198.100684	4429.05258	4605.908086	4493.552778		
		
29:00	25.70	4836.861158	4666.247112	4564.29499	4583.02088	4714.102235	4512.278651	4553.89172	4705.779603	4749.473431	4610.069396	4793.167282	4701.618287		
		4358.310487	4603.82743	4451.939741	4318.778168	4476.90756	4458.181695	4574.698262	4483.149516	4597.585465	4528.923876	4699.537629	4651.682515		
		4630.875953	4514.359304	4628.795297	4487.310821	4551.811066	4660.005142	4759.876727	4493.552778	4616.311363	4643.35989	4734.908819	4610.069396		
		4497.714083	4514.359304	4422.810628	4451.939741	4420.729977	4543.488451	4572.617608	4524.76257	4616.311363	4578.859571	4813.973887	4647.521203		
		4412.407376	5203.058387	4610.069396	4780.683322	4938.813627	4751.55409	4537.24649	4830.619174	4722.424868	4890.958371	4551.811066	4786.925302		
		4366.633083	4493.552778	4343.745946	4655.843829	4695.376314	4543.488451	4522.681916	4583.02088	4543.488451	4726.586184	4497.714083	4460.262346		
		4574.698262	4570.536953	4766.118705	4682.892369	4587.18219	4888.877708	4499.794735	5084.460238	5017.878897	4603.82743	4489.391473	4533.085183		
		4354.149189	4352.06854	4493.552778	4472.746257	4431.13323	4520.601263	4616.311363	4576.778917	4566.375644	4568.456299	4620.472674	4589.262845		
		
30:00	25.70	4668.327769	4300.05234	4705.779603	4383.278277	4451.939741	4179.374884	4451.939741	4510.197999	4385.358927	4572.617608	4736.989477	4493.552778		
		4237.632943	4293.810398	4304.213634	4231.391006	4168.971664	4256.358757	4287.568456	4447.778438	4339.584649	4456.101044	4576.778917	4356.229838		
		4285.487809	4279.245869	4412.407376	4220.987779	4331.262056	4196.020039	4227.229715	4295.891045	4580.940226	4539.327143	4568.456299	4495.63343		
		4239.713589	4291.729751	4354.149189	4148.165227	4243.874881	4123.19751	4139.842654	4220.987779	4347.907243	4483.149516	4570.536953	4370.794381		
		4329.181408	5194.735704	4347.907243	4516.439957	4670.408426	4653.763172	4408.246075	4630.875953	4512.278651	4813.973887	4593.424155	4516.439957		
		4237.632943	4283.407163	4189.778106	4291.729751	4429.05258	4285.487809	4291.729751	4173.132952	4333.342704	4410.326725	4404.084775	4304.213634		
		4404.084775	4333.342704	4472.746257	4243.874881	4429.05258	4645.440546	4379.116978	4863.90976	4603.82743	4635.037265	4462.342998	4472.746257		
		4291.729751	4250.116819	4231.391006	4081.584665	4235.552298	4441.536485	4333.342704	4426.971929	4383.278277	4443.617136	4630.875953	4476.90756		
		
31:00	25.60	4487.310821	4478.988212	4485.230169	4466.504301	4476.90756	4262.600696	4333.342704	4260.52005	4364.552434	4441.536485	4639.198577	4549.730412		
		4402.004125	4499.794735	4256.358757	4337.504001	4046.213765	4237.632943	4139.842654	4160.649088	4429.05258	4433.213881	4426.971929	4587.18219		
		4562.214336	4285.487809	4206.423263	4241.794235	4335.423352	4387.439576	4283.407163	4277.165222	4468.584953	4547.649758	4441.536485	4560.133682		
		4173.132952	4374.95568	4187.697461	4250.116819	4152.326514	4406.165425	4347.907243	4248.036173	4424.891278	4456.101044	4543.488451	4545.569104		
		4327.10076	5394.480333	4320.858816	4541.407797	4416.568676	4474.826908	4181.455528	4462.342998	4451.939741	4818.135208	4462.342998	4578.859571		
		4214.745843	4431.13323	4347.907243	4304.213634	4316.69752	4352.06854	4248.036173	4121.116867	4254.278111	4293.810398	4449.85909	4657.924485		
		4478.988212	4418.649327	4610.069396	4179.374884	4387.439576	4614.230707	4478.988212	4878.474395	4543.488451	4566.375644	4564.29499	4589.262845		
		4362.471785	4277.165222	4277.165222	4210.584553	4277.165222	4329.181408	4256.358757	4214.745843	4489.391473	4454.020392	4770.280024	4539.327143		
		
32:00	25.70	4531.004529	4437.375183	4587.18219	4273.003929	4639.198577	4385.358927	4420.729977	4223.068424	4499.794735	4791.086622	4607.988741	4564.29499		
		4273.003929	4458.181695	4325.020112	4162.729732	4441.536485	4399.923475	4102.391085	4175.213596	4322.939464	4632.956609	4578.859571	4545.569104		
		4535.165836	4506.036693	4468.584953	4389.520226	4352.06854	4281.326516	4291.729751	4254.278111	4431.13323	4645.440546	4393.681525	4545.569104		
		4360.391136	4379.116978	4460.262346	4429.05258	4362.471785	4260.52005	4283.407163	4245.955527	4325.020112	4476.90756	4607.988741	4370.794381		
		4470.665605	6183.060351	4483.149516	4736.989477	4641.279234	4589.262845	4268.842635	4397.842825	4591.3435	4707.860261	4674.56974	4678.731054		
		4389.520226	4377.036329	4229.310361	4279.245869	4372.87503	4320.858816	4189.778106	4241.794235	4308.374929	4474.826908	4410.326725	4560.133682		
		4489.391473	4545.569104	4610.069396	4449.85909	4491.472125	4672.489083	4291.729751	4757.796067	4664.166455	4560.133682	4476.90756	4674.56974		
		4576.778917	4358.310487	4368.713732	4379.116978	4312.536225	4345.826595	4229.310361	4254.278111	4431.13323	4508.117346	4643.35989	4585.101535		
		
33:00	25.70	4535.165836	4391.600876	4404.084775	4293.810398	4248.036173	4320.858816	4597.585465	4352.06854	4506.036693	4632.956609	4680.811712	4443.617136		
		4308.374929	4291.729751	4227.229715	4200.181329	4283.407163	4144.00394	4333.342704	4227.229715	4404.084775	4478.988212	4576.778917	4437.375183		
		4528.923876	4331.262056	4377.036329	4243.874881	4216.826489	4295.891045	4347.907243	4374.95568	4555.972374	4539.327143	4651.682515	4456.101044		
		4325.020112	4227.229715	4287.568456	4102.391085	4262.600696	4189.778106	4431.13323	4196.020039	4399.923475	4587.18219	4547.649758	4433.213881		
		4218.907134	5706.582314	4416.568676	4660.005142	4576.778917	4528.923876	4539.327143	4585.101535	4391.600876	4716.182893	4518.52061	4651.682515		
		4327.10076	4223.068424	4243.874881	4064.939534	4158.568444	4214.745843	4306.294282	4347.907243	4297.971692	4574.698262	4531.004529	4399.923475		
		4399.923475	4408.246075	4478.988212	4225.14907	4275.084575	4587.18219	4273.003929	4682.892369	4651.682515	4578.859571	4541.407797	4312.536225		
		4603.82743	4306.294282	4316.69752	4399.923475	4281.326516	4175.213596	4260.52005	4354.149189	4501.875388	4472.746257	4645.440546	4539.327143		
		
34:00	25.70	4279.245869	4243.874881	4164.810376	4300.05234	4379.116978	4356.229838	4437.375183	4289.649104	4349.987892	4406.165425	4349.987892	4414.488026		
		4189.778106	4270.923282	4252.197465	4116.955582	4277.165222	4420.729977	4262.600696	4193.939395	4295.891045	4233.471652	4229.310361	4449.85909		
		4562.214336	4362.471785	4316.69752	4250.116819	4366.633083	4510.197999	4241.794235	4341.665298	4312.536225	4404.084775	4260.52005	4410.326725		
		4254.278111	4293.810398	4119.036224	4512.278651	4179.374884	4435.294532	4175.213596	4279.245869	4410.326725	4322.939464	4216.826489	4595.50481		
		4189.778106	5750.276688	4198.100684	4757.796067	4597.585465	4524.76257	4362.471785	4472.746257	4360.391136	4456.101044	4393.681525	4574.698262		
		4039.971843	4237.632943	4171.052307	4225.14907	4472.746257	4533.085183	4208.503908	4100.310443	4364.552434	4395.762175	4435.294532	4339.584649		
		4281.326516	4302.132987	4283.407163	4491.472125	4913.845664	4809.812566	4241.794235	4716.182893	4653.763172	4383.278277	4424.891278	4445.697787		
		4406.165425	4256.358757	4152.326514	4289.649104	4354.149189	4275.084575	4150.24587	4252.197465	4395.762175	4289.649104	4520.601263	4393.681525		
		
35:00	25.70	4454.020392	4077.423382	4266.761989	4223.068424	4252.197465	4189.778106	4137.76201	4354.149189	4358.310487	4485.230169	4624.633986	4570.536953		
		4079.504024	4006.6816	4175.213596	4129.439438	4121.116867	4341.665298	4044.133124	4393.681525	4235.552298	4431.13323	4443.617136	4603.82743		
		4306.294282	4148.165227	4148.165227	4191.85875	4158.568444	4220.987779	4123.19751	4218.907134	4358.310487	4474.826908	4626.714641	4622.55333		
		4248.036173	4164.810376	4133.600724	4131.520081	4239.713589	4137.76201	4302.132987	4297.971692	4337.504001	4449.85909	4549.730412	4566.375644		
		4189.778106	5675.372061	4146.084583	4549.730412	4595.50481	4372.87503	4181.455528	4460.262346	4531.004529	4703.698945	4624.633986	4741.150795		
		4079.504024	4121.116867	4129.439438	3915.133504	4175.213596	4067.020175	4114.874939	4196.020039	4268.842635	4660.005142	4537.24649	4543.488451		
		4173.132952	4281.326516	4499.794735	4300.05234	4570.536953	4632.956609	4196.020039	4630.875953	4622.55333	4666.247112	4703.698945	4687.053684		
		4370.794381	4260.52005	4220.987779	4200.181329	3975.47201	4164.810376	4252.197465	4235.552298	4503.95604	4568.456299	4684.973026	4614.230707		
		
36:00	25.70	4316.69752	4179.374884	4399.923475	4250.116819	4231.391006	4300.05234	4385.358927	4337.504001	4335.423352	4399.923475	4339.584649	4239.713589		
		4133.600724	4031.649281	4399.923475	4256.358757	4212.665198	4279.245869	4279.245869	4258.439403	4287.568456	4374.95568	4287.568456	4277.165222		
		4491.472125	4212.665198	4318.778168	4129.439438	4193.939395	4233.471652	4248.036173	4356.229838	4289.649104	4343.745946	4385.358927	4356.229838		
		4158.568444	4345.826595	4295.891045	4206.423263	4189.778106	4254.278111	4287.568456	4208.503908	4191.85875	4304.213634	4458.181695	4333.342704		
		4179.374884	5673.291378	4337.504001	4736.989477	4435.294532	4558.053028	4366.633083	4474.826908	4399.923475	4576.778917	4316.69752	4349.987892		
		4133.600724	4129.439438	4168.971664	4193.939395	4156.487801	4152.326514	4123.19751	4144.00394	4329.181408	4112.794297	4420.729977	4264.681342		
		4173.132952	4293.810398	4549.730412	4393.681525	4514.359304	4605.908086	4331.262056	4580.940226	4574.698262	4374.95568	4501.875388	4308.374929		
		4331.262056	4075.342741	4325.020112	4166.89102	4256.358757	4160.649088	4258.439403	4256.358757	4306.294282	4291.729751	4304.213634	4358.310487		
		
37:00	25.70	4356.229838	4279.245869	4235.552298	4285.487809	4243.874881	4285.487809	4300.05234	4235.552298	4256.358757	4495.63343	4693.295656	4501.875388		
		4181.455528	4204.342618	4202.261974	4227.229715	4162.729732	4404.084775	4094.068516	4125.278153	4277.165222	4310.455577	4456.101044	4447.778438		
		4210.584553	4193.939395	4239.713589	4187.697461	4248.036173	4383.278277	4073.262099	4270.923282	4287.568456	4383.278277	4391.600876	4385.358927		
		4096.149158	4225.14907	4420.729977	4356.229838	4177.29424	4160.649088	4241.794235	4056.616969	4237.632943	4349.987892	4501.875388	4297.971692		
		4054.536328	5298.769303	4360.391136	4801.489924	4485.230169	4510.197999	4451.939741	4295.891045	4275.084575	4512.278651	4510.197999	4387.439576		
		4171.052307	4220.987779	4175.213596	4181.455528	4260.52005	4102.391085	4094.068516	4027.488	4297.971692	4314.616872	4470.665605	4293.810398		
		4125.278153	4266.761989	4404.084775	4406.165425	4516.439957	4443.617136	4075.342741	4499.794735	4397.842825	4526.843223	4495.63343	4225.14907		
		4191.85875	4206.423263	4220.987779	4248.036173	4287.568456	4202.261974	4089.907233	4243.874881	4266.761989	4383.278277	4628.795297	4416.568676		
		
38:00	25.80	4254.278111	4252.197465	4248.036173	4279.245869	4162.729732	4339.584649	4393.681525	4314.616872	4545.569104	4568.456299	4653.763172	4385.358927		
		4015.004159	4160.649088	4139.842654	4270.923282	4235.552298	4268.842635	4231.391006	4260.52005	4385.358927	4462.342998	4578.859571	4508.117346		
		4227.229715	4229.310361	4325.020112	4300.05234	4297.971692	4218.907134	4295.891045	4393.681525	4443.617136	4705.779603	4712.021577	4566.375644		
		4002.520321	4243.874881	4098.229801	4148.165227	4187.697461	4220.987779	4231.391006	4177.29424	4391.600876	4501.875388	4701.618287	4472.746257		
		4229.310361	5265.478537	4283.407163	4809.812566	4399.923475	4426.971929	4566.375644	4470.665605	4345.826595	4674.56974	4497.714083	4481.068864		
		4198.100684	4304.213634	4166.89102	4389.520226	4216.826489	4360.391136	4200.181329	4260.52005	4277.165222	4564.29499	4468.584953	4437.375183		
		4191.85875	4310.455577	4285.487809	4206.423263	4466.504301	4610.069396	4279.245869	4593.424155	4695.376314	4418.649327	4824.377191	4383.278277		
		4227.229715	4220.987779	4216.826489	4270.923282	4320.858816	4189.778106	4295.891045	4406.165425	4447.778438	4462.342998	4516.439957	4583.02088		
		
39:00	25.70	4395.762175	4164.810376	4039.971843	4181.455528	4191.85875	4133.600724	4148.165227	4112.794297	4287.568456	4291.729751	4641.279234	4279.245869		
		4073.262099	4046.213765	4116.955582	4079.504024	4141.923297	4341.665298	4073.262099	4173.132952	4131.520081	4370.794381	4454.020392	4216.826489		
		4048.294406	4341.665298	4050.375046	4102.391085	4256.358757	4202.261974	4083.665307	4112.794297	4146.084583	4418.649327	4264.681342	4227.229715		
		4212.665198	4191.85875	4039.971843	4062.858893	4189.778106	4096.149158	4133.600724	4108.633012	4302.132987	4218.907134	4416.568676	4252.197465		
		4218.907134	5167.686991	4160.649088	4441.536485	4491.472125	4406.165425	4318.778168	4381.197628	4285.487809	4454.020392	4493.552778	4433.213881		
		4150.24587	3950.504347	4110.713654	4071.181458	4175.213596	4075.342741	4146.084583	3954.665624	4310.455577	4220.987779	4289.649104	4218.907134		
		4237.632943	4200.181329	4196.020039	4212.665198	4368.713732	4491.472125	4173.132952	4158.568444	4512.278651	4503.95604	4539.327143	4277.165222		
		4304.213634	3994.197763	4044.133124	4158.568444	4123.19751	4052.455687	4127.358795	4191.85875	4187.697461	4379.116978	4289.649104	4137.76201		
		
40:00	25.80	4281.326516	4193.939395	4181.455528	4381.197628	4273.003929	4139.842654	4399.923475	4177.29424	4362.471785	4354.149189	4549.730412	4225.14907		
		4089.907233	4214.745843	4168.971664	4214.745843	4089.907233	4131.520081	4214.745843	4135.681367	4079.504024	4456.101044	4416.568676	4312.536225		
		4133.600724	4406.165425	4129.439438	4239.713589	4129.439438	4254.278111	4356.229838	4119.036224	4508.117346	4358.310487	4531.004529	4352.06854		
		4079.504024	4250.116819	4127.358795	4196.020039	4125.278153	4177.29424	4135.681367	4310.455577	4333.342704	4424.891278	4393.681525	4443.617136		
		4185.616817	4834.780497	4175.213596	4641.279234	4454.020392	4501.875388	4481.068864	4543.488451	4470.665605	4682.892369	4370.794381	4716.182893		
		4168.971664	4220.987779	4025.40736	4191.85875	4102.391085	4139.842654	4158.568444	4322.939464	4293.810398	4406.165425	4385.358927	4358.310487		
		4135.681367	4125.278153	4237.632943	4277.165222	4300.05234	4474.826908	4468.584953	4458.181695	4691.214999	4466.504301	4443.617136	4518.52061		
		4437.375183	4091.987874	4237.632943	4033.729921	4204.342618	4166.89102	4393.681525	4144.00394	4362.471785	4408.246075	4510.197999	4483.149516		
		
41:00	25.70	4225.14907	4212.665198	4268.842635	4291.729751	4191.85875	4112.794297	4239.713589	4150.24587	4171.052307	4202.261974	4639.198577	4418.649327		
		4052.455687	4002.520321	4137.76201	4112.794297	4137.76201	4243.874881	4004.60096	4191.85875	4289.649104	4468.584953	4456.101044	4443.617136		
		4150.24587	4119.036224	4179.374884	4108.633012	4289.649104	4297.971692	4204.342618	3983.794566	4135.681367	4424.891278	4362.471785	4268.842635		
		4260.52005	4304.213634	4104.471727	4312.536225	4237.632943	4273.003929	4175.213596	4081.584665	4218.907134	4352.06854	4374.95568	4275.084575		
		4029.56864	4770.280024	4085.745949	4456.101044	4485.230169	4358.310487	4426.971929	4308.374929	4262.600696	4695.376314	4518.52061	4647.521203		
		4008.76224	4091.987874	4202.261974	4173.132952	4181.455528	4202.261974	4154.407157	4241.794235	4154.407157	4426.971929	4385.358927	4318.778168		
		4037.891202	4181.455528	4160.649088	4468.584953	4372.87503	4531.004529	4112.794297	4441.536485	4576.778917	4435.294532	4476.90756	4431.13323		
		4098.229801	4060.778251	4050.375046	4331.262056	4062.858893	4291.729751	4102.391085	4135.681367	4555.972374	4312.536225	4331.262056	4402.004125		
		
42:00	25.70	4395.762175	4345.826595	4516.439957	4445.697787	4379.116978	4325.020112	4362.471785	4227.229715	4210.584553	4279.245869	4524.76257	4454.020392		
		4189.778106	4322.939464	4310.455577	4424.891278	4316.69752	4173.132952	4237.632943	4162.729732	4220.987779	4420.729977	4487.310821	4487.310821		
		4322.939464	4327.10076	4208.503908	4383.278277	4354.149189	4218.907134	4456.101044	4331.262056	4127.358795	4404.084775	4372.87503	4302.132987		
		4358.310487	4379.116978	4574.698262	4254.278111	4410.326725	4304.213634	4308.374929	4339.584649	4322.939464	4277.165222	4422.810628	4395.762175		
		4227.229715	4988.749578	4347.907243	4707.860261	4485.230169	4435.294532	4547.649758	4277.165222	4202.261974	4583.02088	4495.63343	4747.392772		
		4270.923282	4387.439576	4216.826489	4408.246075	4270.923282	4258.439403	4216.826489	4091.987874	4208.503908	4489.391473	4308.374929	4422.810628		
		4289.649104	4364.552434	4637.117921	4805.651244	4595.50481	4616.311363	4426.971929	4370.794381	4422.810628	4381.197628	4553.89172	4501.875388		
		4366.633083	4300.05234	4302.132987	4377.036329	4245.955527	4139.842654	4343.745946	4250.116819	4268.842635	4441.536485	4522.681916	4410.326725		
		
43:00	25.80	4202.261974	4243.874881	4214.745843	4339.584649	4220.987779	4266.761989	4362.471785	4343.745946	4339.584649	4356.229838	4587.18219	4393.681525		
		4112.794297	4287.568456	4044.133124	4164.810376	4087.826591	4171.052307	4252.197465	4291.729751	4191.85875	4435.294532	4408.246075	4497.714083		
		4472.746257	4148.165227	4239.713589	4220.987779	4166.89102	4171.052307	4318.778168	4289.649104	4316.69752	4343.745946	4528.923876	4476.90756		
		4250.116819	4379.116978	4183.536172	4227.229715	4279.245869	4042.052483	4106.552369	4293.810398	4347.907243	4352.06854	4489.391473	4325.020112		
		4212.665198	4818.135208	4152.326514	4462.342998	4470.665605	4470.665605	4501.875388	4362.471785	4412.407376	4564.29499	4591.3435	4764.038045		
		4231.391006	4085.745949	4127.358795	4144.00394	4381.197628	4229.310361	4289.649104	4258.439403	4248.036173	4478.988212	4497.714083	4433.213881		
		4293.810398	4252.197465	4295.891045	4329.181408	4456.101044	4516.439957	4237.632943	4316.69752	4610.069396	4558.053028	4628.795297	4372.87503		
		4304.213634	4162.729732	4131.520081	4268.842635	4264.681342	4335.423352	4250.116819	4352.06854	4406.165425	4347.907243	4668.327769	4535.165836		
		
44:00	25.80	4202.261974	4256.358757	4085.745949	4279.245869	4241.794235	4104.471727	4383.278277	4212.665198	4121.116867	4185.616817	4297.971692	4310.455577		
		4206.423263	4223.068424	4112.794297	4031.649281	4206.423263	4096.149158	4144.00394	4168.971664	4187.697461	4075.342741	4289.649104	4256.358757		
		4256.358757	4133.600724	4127.358795	4052.455687	4156.487801	4139.842654	4389.520226	4187.697461	4171.052307	4285.487809	4437.375183	4262.600696		
		4033.729921	4106.552369	4243.874881	4173.132952	4164.810376	4233.471652	4250.116819	4056.616969	4264.681342	4258.439403	4320.858816	4297.971692		
		4181.455528	4972.104258	4179.374884	4250.116819	4493.552778	4397.842825	4531.004529	4264.681342	4185.616817	4508.117346	4383.278277	4547.649758		
		4127.358795	4270.923282	4004.60096	4037.891202	4162.729732	4366.633083	4287.568456	4050.375046	4010.84288	4449.85909	4210.584553	4449.85909		
		4293.810398	4291.729751	4152.326514	4233.471652	4377.036329	4493.552778	4262.600696	4116.955582	4410.326725	4322.939464	4518.52061	4302.132987		
		4187.697461	4150.24587	4052.455687	4087.826591	4148.165227	4229.310361	4231.391006	4193.939395	4322.939464	4135.681367	4399.923475	4418.649327		
		
45:00	25.80	4193.939395	4060.778251	4235.552298	4339.584649	4212.665198	4179.374884	4441.536485	4275.084575	4275.084575	4141.923297	4297.971692	4200.181329		
		4200.181329	4104.471727	4206.423263	4216.826489	4183.536172	4235.552298	4150.24587	4060.778251	4258.439403	4175.213596	4295.891045	4179.374884		
		4214.745843	4006.6816	4162.729732	4164.810376	4243.874881	4402.004125	4391.600876	4135.681367	4458.181695	4372.87503	4241.794235	4223.068424		
		3950.504347	3931.778605	4193.939395	4216.826489	4354.149189	4239.713589	4158.568444	4241.794235	4237.632943	4208.503908	4397.842825	4256.358757		
		4127.358795	4988.749578	4352.06854	4555.972374	4306.294282	4537.24649	4385.358927	4275.084575	4183.536172	4366.633083	4616.311363	4618.392018		
		4187.697461	4000.439681	4275.084575	4131.520081	4268.842635	4181.455528	4116.955582	4223.068424	4110.713654	4223.068424	4283.407163	4273.003929		
		4104.471727	4252.197465	4208.503908	4426.971929	4325.020112	4549.730412	4310.455577	4306.294282	4385.358927	4308.374929	4466.504301	4368.713732		
		4191.85875	4121.116867	4225.14907	4098.229801	4283.407163	4245.955527	4094.068516	4320.858816	4268.842635	4337.504001	4549.730412	4349.987892		
		
46:00	25.80	4081.584665	4110.713654	4189.778106	4220.987779	4173.132952	4399.923475	4320.858816	4237.632943	4368.713732	4410.326725	4572.617608	4418.649327		
		4000.439681	4146.084583	3994.197763	3950.504347	4212.665198	4281.326516	4177.29424	4091.987874	4297.971692	4383.278277	4433.213881	4391.600876		
		4183.536172	4073.262099	4133.600724	4027.488	4273.003929	4256.358757	4320.858816	4164.810376	4166.89102	4543.488451	4503.95604	4612.150052		
		3938.020519	4071.181458	4187.697461	4114.874939	4243.874881	4162.729732	4204.342618	4189.778106	4283.407163	4273.003929	4628.795297	4483.149516		
		4100.310443	4789.005962	4164.810376	4406.165425	4635.037265	4420.729977	4291.729751	4402.004125	4264.681342	4591.3435	4587.18219	4514.359304		
		3998.359042	4015.004159	4098.229801	4106.552369	4181.455528	4270.923282	4137.76201	4189.778106	4293.810398	4499.794735	4383.278277	4414.488026		
		3979.633288	4179.374884	4108.633012	4528.923876	4279.245869	4345.826595	4289.649104	4354.149189	4526.843223	4402.004125	4622.55333	4279.245869		
		4108.633012	4089.907233	4046.213765	4266.761989	4489.391473	3908.891593	4183.536172	4377.036329	4439.455834	4408.246075	4585.101535	4485.230169		
		
47:00	25.80	4077.423382	4237.632943	4347.907243	4433.213881	4085.745949	4152.326514	4322.939464	4106.552369	4352.06854	4229.310361	4483.149516	4237.632943		
		4233.471652	4135.681367	4277.165222	4196.020039	4208.503908	4069.100816	3935.939881	4220.987779	4148.165227	4393.681525	4472.746257	4245.955527		
		4329.181408	4297.971692	4114.874939	4079.504024	4121.116867	4312.536225	4248.036173	4262.600696	4135.681367	4304.213634	4279.245869	4383.278277		
		4085.745949	4214.745843	4141.923297	4081.584665	4081.584665	4212.665198	4023.32672	4139.842654	4314.616872	4291.729751	4204.342618	4304.213634		
		4208.503908	4974.184923	4196.020039	4526.843223	4533.085183	4433.213881	4200.181329	4293.810398	4241.794235	4489.391473	4439.455834	4662.085799		
		4073.262099	4158.568444	4152.326514	3994.197763	4164.810376	4060.778251	4037.891202	3981.713927	4187.697461	4206.423263	4270.923282	4146.084583		
		4146.084583	4260.52005	4206.423263	4526.843223	4387.439576	4283.407163	4102.391085	4248.036173	4422.810628	4320.858816	4279.245869	4335.423352		
		4318.778168	4335.423352	4154.407157	4089.907233	4304.213634	4044.133124	4050.375046	4275.084575	4135.681367	4368.713732	4424.891278	4374.95568		
		
48:00	25.80	4252.197465	4264.681342	4218.907134	4389.520226	4341.665298	4087.826591	4333.342704	4289.649104	4229.310361	4173.132952	4464.42365	4429.05258		
		4102.391085	4285.487809	4216.826489	4339.584649	4198.100684	4262.600696	4037.891202	4218.907134	4187.697461	4193.939395	4273.003929	4308.374929		
		4275.084575	4277.165222	4256.358757	4227.229715	4210.584553	4285.487809	4368.713732	4264.681342	4196.020039	4531.004529	4208.503908	4437.375183		
		3950.504347	4100.310443	4179.374884	4158.568444	4360.391136	4177.29424	4218.907134	4345.826595	4287.568456	4368.713732	4462.342998	4256.358757		
		4127.358795	5126.073603	4206.423263	4580.940226	4770.280024	4630.875953	4393.681525	4233.471652	4033.729921	4664.166455	4322.939464	4828.538513		
		4189.778106	4229.310361	4200.181329	4148.165227	4360.391136	4206.423263	4250.116819	4123.19751	4171.052307	4539.327143	4322.939464	4431.13323		
		4200.181329	4302.132987	4175.213596	4449.85909	4560.133682	4443.617136	4362.471785	4300.05234	4408.246075	4391.600876	4489.391473	4297.971692		
		4233.471652	4106.552369	4150.24587	4275.084575	4399.923475	4171.052307	4329.181408	4248.036173	4160.649088	4395.762175	4414.488026	4395.762175		
		
49:00	25.90	4327.10076	4248.036173	4441.536485	4616.311363	4312.536225	4173.132952	4445.697787	4364.552434	4437.375183	4576.778917	4701.618287	4481.068864		
		4285.487809	4316.69752	4268.842635	4297.971692	4185.616817	4297.971692	4416.568676	4312.536225	4435.294532	4402.004125	4512.278651	4476.90756		
		4387.439576	4483.149516	4360.391136	4121.116867	4366.633083	4374.95568	4408.246075	4200.181329	4312.536225	4707.860261	4441.536485	4422.810628		
		4360.391136	4381.197628	4329.181408	4377.036329	4308.374929	4198.100684	4493.552778	4206.423263	4362.471785	4576.778917	4468.584953	4437.375183		
		4406.165425	4957.539605	4437.375183	4766.118705	4562.214336	4811.893226	4483.149516	4264.681342	4343.745946	4743.231454	4684.973026	5076.137567		
		4266.761989	4493.552778	4212.665198	4125.278153	4310.455577	4289.649104	4270.923282	4156.487801	4266.761989	4349.987892	4426.971929	4641.279234		
		4239.713589	4293.810398	4454.020392	4385.358927	4306.294282	4553.89172	4275.084575	4439.455834	4851.425789	4381.197628	4630.875953	4701.618287		
		4387.439576	4377.036329	4368.713732	4156.487801	4485.230169	4262.600696	4279.245869	4339.584649	4443.617136	4391.600876	4653.763172	4743.231454		
		
~End
Original Filename: outlier_02-27-20-150428_col_fe_4_5_pa_1857.pda   Date Last Saved: 2/27/2020
