##BLOCKS= 1          
Plate:	Plate#1	1.3	PlateFormat	Kinetic	Luminescence	Raw	FALSE	50	3000	60				1	450	1	12	96	405	Automatic	435			6	Automatic			1	8	None	
Time(hh:mm:ss)	Temperature(¡C)	1	2	3	4	5	6	7	8	9	10	11	12		
0:00	25.20	5527.643696	5140.04381	4985.479961	4873.718596	5075.840329	4769.091075	4911.765	4792.870045	5040.17175	5071.084517	4983.102058	5142.421717		
		5308.875431	5194.735704	4838.050107	4681.108948	4826.160615	4914.142901	4816.649022	4517.03443	4673.975267	4643.062653	5220.892711	5266.073015		
		5518.13202	5092.485671	5218.514801	4776.224766	4847.561703	5063.950801	4866.584897	4726.288948	4897.497597	4994.991574	4999.747381	5261.317192		
		5354.055785	5082.974046	5099.61939	4885.608095	4921.276605	4600.260593	4726.288948	5011.636899	4802.381635	5016.392707	4671.597373	5159.067073		
		5301.741693	5023.526419	4968.834642	4926.032407	4731.044738	4740.556321	5161.444981	4864.206997	4628.795297	4830.916412	5166.200798	4987.857865		
		5206.625252	5230.404351	4823.782717	4978.346253	4864.206997	4688.242631	4569.348008	4788.114251	4971.212544	5249.427636	5247.049726	4928.410308		
		5342.166215	5061.572896	4978.346253	5130.53218	5006.881092	4857.073299	4652.574225	4778.602663	4581.237462	4433.808353	4802.381635	4983.102058		
		5513.376182	4966.456739	4883.230195	5104.375203	4823.782717	5118.642644	4742.934217	4952.189325	4907.009199	5109.131016	4911.765	4890.363896		
		
1:00	25.30	4947.433521	5049.68337	5011.636899	4792.870045	4921.276605	4845.183804	4816.649022	4821.404818	4895.119696	4914.142901	4985.479961	4999.747381		
		4664.463692	4659.707905	4835.672209	4647.818439	4745.312113	4980.724155	4650.196332	4928.410308	4835.672209	4778.602663	5035.415941	4861.829098		
		4847.561703	4685.864737	5121.020551	4773.846869	4835.672209	5004.503188	4652.574225	4771.468972	4697.754208	4902.253398	4859.451198	4952.189325		
		5121.020551	5073.462423	4840.428006	4852.317501	4771.468972	4678.731054	4819.02692	4747.690009	4723.911052	4926.032407	4902.253398	4807.137431		
		4414.785262	4364.849669	4626.417405	4840.428006	4911.765	4723.911052	5232.782262	4688.242631	4804.759533	4752.445801	5266.073015	4823.782717		
		4909.3871	4880.852295	4923.654506	4907.009199	4429.05258	4728.666843	4876.096495	4616.905836	4683.486843	4823.782717	4802.381635	4612.150052		
		4438.564126	5004.503188	5140.04381	4719.155262	4987.857865	4852.317501	4904.631298	4657.330012	4804.759533	4883.230195	5073.462423	4757.201593		
		5054.43918	4785.736354	4890.363896	4928.410308	4819.02692	5063.950801	4769.091075	4873.718596	4645.440546	4847.561703	4849.939602	4847.561703		
		
2:00	25.50	4443.3199	4571.725898	4726.288948	4702.509997	4543.191214	4597.882701	4531.301766	4709.643682	4792.870045	4895.119696	5427.771153	4761.957386		
		4509.900762	4562.214336	4455.209336	4514.65654	4519.412319	4609.77216	4502.767096	4545.569104	4628.795297	4731.044738	4992.613671	5021.148515		
		4605.016376	4685.864737	4721.533157	4509.900762	4673.975267	4676.353161	4559.836446	4647.818439	4676.353161	5056.817085	4807.137431	4897.497597		
		4788.114251	4797.62584	5589.469618	4438.564126	7108.975569	4588.371136	4614.527944	4576.48168	5472.951574	5009.258996	6452.6596	4754.823697		
		4500.389207	4664.463692	4478.988212	4483.743989	4673.975267	4683.486843	4904.631298	4526.545987	4650.196332	4892.741796	4956.94513	4783.358456		
		4421.91892	4673.975267	4440.942013	4547.946994	4414.785262	4712.021577	4673.975267	4547.946994	4859.451198	4790.492148	4778.602663	4811.893226		
		4564.592226	4657.330012	4519.412319	4433.808353	4616.905836	4647.818439	4690.620525	4640.68476	4773.846869	4826.160615	4692.998419	4797.62584		
		4638.306868	4652.574225	4440.942013	4968.834642	4593.126918	5011.636899	4517.03443	5282.718396	4890.363896	4854.6954	4918.898703	4826.160615		
		
3:00	25.60	6129.259508	4823.782717	7218.362087	6792.706694	4935.544013	4802.381635	6940.14015	5629.894286	10485.758762	5189.979886	9976.854148	6419.368353		
		4576.48168	4688.242631	4714.399472	4785.736354	4828.538513	4776.224766	4654.952119	4745.312113	4759.579489	4878.474395	4880.852295	4778.602663		
		4628.795297	4631.17319	4714.399472	4683.486843	4826.160615	4923.654506	4702.509997	4731.044738	4800.003738	4731.044738	4840.428006	4876.096495		
		7311.102948	4857.073299	10257.464703	5159.067073	21320.963234	4933.166111	4538.435435	4921.276605	9242.039644	5009.258996	16288.451405	4771.468972		
		4892.741796	4645.440546	4640.68476	4914.142901	5565.690412	4887.985995	5727.389156	4716.777367	4785.736354	4764.335282	5025.904324	5121.020551		
		4566.970117	4486.121877	4505.144985	4735.80053	4595.50481	4614.527944	4709.643682	4731.044738	4800.003738	4819.02692	4807.137431	4845.183804		
		4547.946994	4581.237462	4885.608095	4731.044738	4887.985995	4702.509997	4809.515328	4712.021577	4778.602663	4852.317501	4802.381635	4678.731054		
		6864.045429	5092.485671	4999.747381	10894.787246	6464.549334	6766.549174	4771.468972	8982.834843	7144.645069	4859.451198	4966.456739	10790.151853		
		
4:00	25.70	9574.964473	5803.482795	13306.195338	11263.390287	6224.377046	5344.544129	15781.888113	7843.770486	24151.295594	7353.906458	20136.534527	12002.979575		
		4792.870045	4678.731054	4581.237462	4754.823697	4740.556321	4954.567228	4795.247943	4792.870045	4880.852295	5009.258996	4880.852295	5087.729858		
		4547.946994	4669.219479	4745.312113	4828.538513	4930.78821	5168.578707	4776.224766	4923.654506	4807.137431	5254.183458	4926.032407	4975.96835		
		12086.213524	6702.344388	15655.842346	6963.919765	36287.182908	5365.945356	5021.148515	6150.660944	14780.662119	6084.078717	24027.615114	5691.720287		
		6616.738087	4842.805905	6666.675085	5173.334524	9598.744871	6252.91233	7403.843916	5201.869433	6114.991887	6053.165558	5729.767081	6711.856205		
		4643.062653	4631.17319	4747.690009	4857.073299	4840.428006	4873.718596	4940.299816	4773.846869	4819.02692	4994.991574	5044.92756	5075.840329		
		4659.707905	4526.545987	4688.242631	4745.312113	4826.160615	5016.392707	4911.765	4754.823697	4964.078837	4902.253398	5011.636899	5006.881092		
		10416.794863	8500.097865	6034.142082	17399.096698	12271.706636	13603.46468	5306.497519	12416.772061	13905.491462	5501.486589	6017.496544	26020.796901		
		
5:00	25.70	14821.091429	7520.364772	19361.195107	17011.439309	8866.311857	6122.125697	24101.347684	11289.549277	34886.062365	11577.298732	27857.041713	19054.391092		
		4873.718596	4864.206997	4716.777367	4683.486843	4659.707905	4800.003738	4800.003738	4899.875497	4923.654506	4897.497597	4921.276605	5082.974046		
		4923.654506	4845.183804	4811.893226	5275.584661	4745.312113	5220.892711	5035.415941	4800.003738	4883.230195	5125.776365	5220.892711	5249.427636		
		17487.092808	10873.384541	20424.315794	9829.415098	44639.702378	5900.977877	5425.393237	7739.139083	19475.355041	7615.483964	28580.134133	6131.637445		
		11448.881492	6414.612462	9931.671184	7670.177551	15527.418562	9824.659004	9553.562121	6348.030015	7877.062325	8628.510373	7189.826459	9943.561435		
		4847.561703	4671.597373	4764.335282	4726.288948	4861.829098	4697.754208	4899.875497	4731.044738	4688.242631	4828.538513	4952.189325	5149.555441		
		4885.608095	4890.363896	4887.985995	4681.108948	4878.474395	4797.62584	4973.590447	4907.009199	4707.265787	4940.299816	5021.148515	5073.462423		
		13382.296184	12626.047237	7791.454767	19499.138381	14975.674276	20486.153226	6992.455312	13237.229009	21056.962547	6873.557265	6804.596479	30587.701284		
		
6:00	25.80	18949.745031	9501.245284	24113.240041	21882.264888	12813.919736	7565.546374	29234.25297	14913.841101	41701.590601	15427.533538	34253.306289	23656.57482		
		4800.003738	4704.887892	4819.02692	5073.462423	4861.829098	4961.700934	4842.805905	4811.893226	4964.078837	5040.17175	5163.82289	5254.183458		
		4992.613671	4918.898703	4847.561703	7170.802713	5118.642644	5522.887858	5056.817085	5123.398458	5201.869433	5225.648531	5924.757183	5508.620345		
		21846.588818	14454.850186	21920.31938	13337.111298	49666.859535	7468.049265	6110.236014	9477.464915	23999.073491	10338.318774	30328.427339	6861.66747		
		15586.873992	7874.684336	13677.187648	11788.949817	19111.47082	13018.439667	11886.452191	9018.505179	9846.061428	12262.194158	10148.07403	13655.784199		
		4830.916412	4728.666843	4757.201593	4880.852295	5025.904324	4956.94513	4918.898703	5018.770611	4764.335282	5197.113614	5211.381071	5266.073015		
		4819.02692	4728.666843	4769.091075	4861.829098	5009.258996	4961.700934	4966.456739	5092.485671	4809.515328	5061.572896	5209.003161	5237.538083		
		12918.557775	14975.674276	9494.111173	19301.736873	17249.265705	22826.497314	9715.268923	11253.877929	21185.395205	8226.627469	7986.449893	25685.425131		
		
7:00	25.90	22020.212507	12392.990826	27597.776614	25592.662975	16045.8714	8859.177803	33442.148861	17889.022219	45814.977288	18864.125627	36456.08025	26655.866442		
		4823.782717	4804.759533	4909.3871	4978.346253	4885.608095	4926.032407	4980.724155	5063.950801	5125.776365	5130.53218	5085.351952	5206.625252		
		4947.433521	5066.328706	4937.921914	8894.848083	5002.125285	5774.947672	6081.700781	6431.258083	6164.928571	5453.928236	7087.573876	5629.894286		
		24146.538649	15339.539692	22072.537529	15755.727655	48384.464319	9280.088126	7230.251935	10890.031089	26146.858993	12521.409581	28111.550471	7382.442145		
		17743.946873	10038.683507	14088.610618	13886.46612	23031.042834	15239.654903	13544.010723	10958.995395	11598.701625	15035.129296	11334.733007	15682.002772		
		4747.690009	4821.404818	4902.253398	4983.102058	4861.829098	5073.462423	4866.584897	4857.073299	5037.793846	5211.381071	5135.287994	5099.61939		
		4828.538513	4728.666843	4954.567228	5040.17175	5033.038037	5014.014803	4833.29431	5004.503188	4971.212544	4975.96835	5277.962572	5042.549655		
		11558.273942	15798.535682	10609.418315	17534.658314	17254.02224	24070.427566	12428.662682	8780.703242	18447.9215	8835.397624	8045.899721	19587.136801		
		
8:00	25.90	24075.184506	15066.045924	29505.416528	27015.027852	20048.535503	9724.781098	35292.83677	20307.776148	47651.676277	21492.207389	38378.204682	28418.389209		
		4942.677718	4904.631298	4952.189325	4864.206997	4921.276605	4764.335282	4821.404818	4933.166111	5063.950801	4911.765	5151.933349	5182.846159		
		5299.363781	5715.499531	5071.084517	11151.620153	4952.189325	6324.250583	7900.842218	8611.864295	6944.896072	5772.569745	9886.488246	6029.386214		
		24158.431012	14671.265263	21263.881931	17208.835168	43766.584215	11608.214024	8274.187471	12052.919934	26446.554576	14119.52688	25285.835071	7484.695104		
		17760.59485	11301.43973	13368.02727	14911.462903	22550.599534	15589.25221	12989.901971	12190.850611	12098.104095	15458.450318	11111.192697	15482.232464		
		4835.672209	4866.584897	4947.433521	4937.921914	4702.509997	4823.782717	4878.474395	4828.538513	5033.038037	5170.956615	5199.491523	5199.491523		
		4914.142901	4716.777367	4904.631298	4899.875497	4983.102058	4769.091075	4959.323032	4868.962796	4907.009199	5121.020551	4997.369478	5180.46825		
		9263.441913	15177.821525	10794.908004	12987.52383	14607.054135	20077.075717	13099.296528	6954.407918	15339.539692	7639.26378	7660.66562	13146.859425		
		
9:00	26.00	24405.792568	16937.71327	29693.328656	25732.99551	22890.715038	10402.526477	36658.281762	21092.638264	47413.759524	22981.095624	37421.89443	27807.091491		
		4868.962796	4971.212544	4814.271124	4914.142901	4795.247943	4899.875497	4892.741796	4864.206997	4907.009199	4990.235768	5199.491523	5163.82289		
		6012.740677	6528.753929	5101.997296	12126.641473	4914.142901	6497.840599	10709.297325	11529.736767	7991.205878	6243.400567	12740.197564	6443.147814		
		22897.850343	12283.597234	18768.993064	18433.651682	39120.4235	13582.061251	10074.354314	12519.031454	25742.509589	15082.693344	22005.942053	7758.162964		
		15494.12354	11582.05493	10533.320106	12642.69415	19389.735076	14100.501487	10937.592673	12335.91589	11139.729723	13601.086521	10450.087772	14259.839298		
		4835.672209	4721.533157	4830.916412	4766.713179	4830.916412	4835.672209	4807.137431	4807.137431	5016.392707	5035.415941	5011.636899	5056.817085		
		4804.759533	4828.538513	4740.556321	4804.759533	4973.590447	4883.230195	4728.666843	4823.782717	4964.078837	5028.282228	5194.735704	5009.258996		
		7254.031636	13137.346844	9917.402885	9915.024835	10887.65301	14711.694519	12062.432386	6012.740677	10778.261476	6362.297678	6640.517606	8980.456821		
		
10:00	25.90	23214.182871	18443.164893	27864.177462	23033.421274	25100.311792	10894.787246	36558.370363	21142.584296	46497.786628	23168.992434	33632.448985	26013.661317		
		4835.672209	4716.777367	4949.811423	4852.317501	4916.520802	4816.649022	4999.747381	4928.410308	4983.102058	5056.817085	5135.287994	5163.82289		
		6562.045221	7622.617908	5106.753109	12426.284557	4947.433521	6098.346332	13722.372726	13508.33837	9116.004177	6103.102204	15677.24633	6569.179071		
		21309.071293	11222.962774	16359.798605	18811.802704	33527.783861	14668.887073	10668.870092	13477.422344	24503.310314	15551.200728	19451.571708	7786.698795		
		12126.641473	10312.160095	8248.029467	10138.561805	14621.32327	12333.537769	8987.590887	11401.319604	10274.111122	10614.174456	9189.723011	12071.94484		
		4795.247943	5033.038037	4835.672209	4868.962796	4930.78821	5042.549655	4947.433521	4918.898703	5059.19499	5099.61939	5361.189527	5128.154272		
		4681.108948	4776.224766	4685.864737	4916.520802	4842.805905	4966.456739	4854.6954	4964.078837	4861.829098	5059.19499	5090.107764	5206.625252		
		5575.202093	10752.102653	8198.091482	7365.796326	8385.953586	10868.628385	10136.183749	5546.667051	7800.966714	5713.121606	5860.553072	7246.897725		
		
11:00	26.00	21715.776699	19632.325216	26382.333999	20153.183002	26215.836448	11900.720841	35157.245072	20574.15273	43364.52483	22422.164685	29436.436238	24374.872331		
		4788.114251	4876.096495	4792.870045	5025.904324	5082.974046	5097.241483	4742.934217	4887.985995	5042.549655	5028.282228	5220.892711	5004.503188		
		7579.814254	8797.349354	4975.96835	12052.919934	5235.160172	6050.787624	15082.693344	14507.170261	9289.600249	5941.402701	16542.923376	6309.982927		
		18645.320902	9287.222218	13850.793614	18502.62249	27821.36298	15643.951246	11258.634108	13553.523353	22269.945871	15213.494622	16091.057816	7912.732168		
		9161.18668	9208.747237	6688.076665	7762.918935	10578.503409	9513.135471	7363.418353	9170.698789	8483.451814	8231.383468	7969.803949	9401.367782		
		4816.649022	4966.456739	4933.166111	4966.456739	4819.02692	4845.183804	4838.050107	4897.497597	5056.817085	5111.508923	5099.61939	5225.648531		
		4859.451198	4897.497597	5014.014803	5042.549655	5040.17175	4835.672209	4769.091075	5059.19499	5040.17175	5121.020551	5185.224068	5056.817085		
		5313.631257	8117.239573	6956.785879	6260.046152	6728.501888	8024.497778	7608.350021	5140.04381	6626.249894	5282.718396	5413.503657	6210.109408		
		
12:00	26.00	20255.45228	20148.426294	24667.425815	16502.493196	25716.345874	12599.88781	33380.301418	18257.657476	40664.355845	22374.596275	24265.46236	21568.31602		
		4885.608095	4918.898703	4959.323032	5137.665902	5142.421717	4928.410308	4885.608095	5071.084517	5113.88683	5296.985869	5128.154272	5018.770611		
		7712.981253	9253.929792	5025.904324	10847.225687	5206.625252	5675.07482	15703.406763	13387.05249	9042.285411	5941.402701	15296.73191	6081.700781		
		16174.296017	8162.421512	12121.885242	17613.141459	22857.416952	16057.76256	11337.111099	14022.021786	20172.209834	15327.648639	13788.961309	7346.772538		
		7194.582396	7888.952271	5865.308931	6226.754986	8107.727589	7591.704156	6419.368353	7322.99281	7149.401004	6640.517606	6738.013708	7503.718925		
		4926.032407	4890.363896	4904.631298	5021.148515	5009.258996	4885.608095	5090.107764	4985.479961	5087.729858	5361.189527	5254.183458	5073.462423		
		5035.415941	4916.520802	4994.991574	4954.567228	5144.799625	4921.276605	4914.142901	5087.729858	5161.444981	5411.125741	5125.776365	5075.840329		
		5118.642644	6462.171387	5984.205479	5677.452744	5884.332366	6388.455066	6086.456652	5144.799625	5810.616578	5382.590758	5189.979886	5625.138441		
		
13:00	26.00	18169.660519	19572.86678	21052.205785	13755.667011	24403.414088	12711.659967	31103.873014	15760.484101	36427.534195	20778.692494	19149.523994	19101.957529		
		5016.392707	5021.148515	5021.148515	5144.799625	5009.258996	5151.933349	4940.299816	4907.009199	5090.107764	5056.817085	5063.950801	5161.444981		
		7805.722687	8887.714026	5313.631257	9791.366355	4978.346253	5496.730753	14533.330311	11470.284351	8580.95016	5487.21908	12754.466366	6183.952078		
		14036.290816	7211.228179	10131.427637	16478.710746	18445.543196	16114.84015	11244.365572	13489.313122	17950.857692	14033.912644	12107.616553	7356.284432		
		6003.228943	6488.328808	5392.102418	5418.259489	6409.856571	6357.54179	5784.459378	6088.834588	6131.637445	5741.656707	6162.550633	6359.919734		
		4838.050107	5090.107764	4990.235768	4902.253398	4971.212544	4978.346253	4814.271124	4866.584897	5033.038037	4930.78821	5168.578707	5147.177533		
		4816.649022	5030.660132	5061.572896	4914.142901	5104.375203	4999.747381	4923.654506	4997.369478	4930.78821	5111.508923	5254.183458	5289.852132		
		4819.02692	5686.964439	5427.771153	5508.620345	5170.956615	5701.231984	5320.764995	5002.125285	5613.248832	5092.485671	5228.026441	5499.108671		
		
14:00	26.00	15577.36112	19610.920174	18238.631099	11579.676831	23102.396046	12956.608005	27602.533764	13969.702028	31708.059821	19532.435069	15189.712556	17261.157044		
		4857.073299	4830.916412	4909.3871	4878.474395	5044.92756	4895.119696	5049.68337	4935.544013	5011.636899	5239.915993	5109.131016	5199.491523		
		7503.718925	8038.765739	4990.235768	8511.987903	5299.363781	5277.962572	12438.175179	9955.451688	7498.96297	5377.834928	10305.025911	5629.894286		
		12043.407482	6640.517606	9391.855646	15865.125992	15175.443319	15660.598787	11548.76155	13327.598694	15817.561479	13370.405422	9860.329715	6987.699387		
		5563.312491	5767.813893	5040.17175	5263.695103	5924.757183	5708.365757	5736.900857	5679.830668	5770.191819	5285.096308	5765.435966	5753.546336		
		4966.456739	5030.660132	4918.898703	5132.910087	5035.415941	5030.660132	5173.334524	5090.107764	5085.351952	5054.43918	5206.625252	5111.508923		
		4956.94513	4966.456739	5082.974046	5011.636899	5168.578707	4871.340696	5071.084517	4978.346253	4942.677718	5042.549655	5147.177533	5320.764995		
		5090.107764	5111.508923	5137.665902	5163.82289	5330.276648	5477.707409	5318.387082	4994.991574	5135.287994	5144.799625	5220.892711	5356.433699		
		
15:00	26.00	13831.768284	17860.482786	15934.094587	9639.171564	21085.503119	12109.994668	25266.807022	11527.35867	28099.657521	17741.568591	12435.797055	14385.882866		
		4921.276605	4673.975267	4785.736354	4926.032407	4759.579489	4992.613671	4914.142901	4904.631298	5094.863577	5025.904324	5066.328706	4904.631298		
		6949.651995	7073.306084	5066.328706	7434.757596	5306.497519	5113.88683	10112.403191	8045.899721	6666.675085	5230.404351	8200.469481	5446.794485		
		10514.295565	5751.16841	7936.512072	14328.806509	11948.283027	14906.706507	10409.66067	12640.316019	13617.733636	12324.025283	8533.389977	6664.297132		
		5123.398458	5351.677871	5052.061275	4849.939602	5351.677871	5140.04381	5294.607956	5094.863577	5304.119606	5028.282228	5377.834928	5287.47422		
		4911.765	4916.520802	4754.823697	4797.62584	5154.311257	4830.916412	4887.985995	4992.613671	5182.846159	5040.17175	4961.700934	5097.241483		
		4952.189325	4823.782717	5004.503188	4719.155262	5273.206749	4871.340696	4987.857865	4916.520802	5156.689165	4983.102058	4880.852295	5104.375203		
		4823.782717	5092.485671	4823.782717	4890.363896	4835.672209	5125.776365	5056.817085	4926.032407	5092.485671	4966.456739	4992.613671	5201.869433		
		
16:00	26.00	11786.571712	16806.909174	13025.574092	8347.905529	19194.712163	11584.433029	21154.476213	9815.146817	23149.964889	16121.974852	10385.880031	12224.144258		
		4864.206997	4849.939602	4871.340696	4819.02692	4849.939602	4838.050107	4852.317501	5014.014803	4811.893226	5028.282228	5047.305465	5175.712432		
		6257.668211	6317.116755	4928.410308	6616.738087	5311.253344	4999.747381	8064.923675	6804.596479	5786.837305	5132.910087	6797.462608	5575.202093		
		9227.771468	5696.476135	7334.882673	13406.077714	10514.295565	14121.905055	10076.732368	11565.408238	11919.745712	11046.984425	8000.717848	6735.635752		
		5002.125285	5206.625252	4904.631298	4833.29431	4985.479961	4966.456739	4980.724155	5078.218235	5351.677871	5061.572896	5406.36991	5249.427636		
		4773.846869	4792.870045	4797.62584	4859.451198	4926.032407	4807.137431	4747.690009	4878.474395	5101.997296	5009.258996	5230.404351	5011.636899		
		4807.137431	4750.067905	4735.80053	4840.428006	5182.846159	4852.317501	4800.003738	5016.392707	5042.549655	4933.166111	5289.852132	4930.78821		
		4840.428006	4876.096495	4876.096495	4987.857865	4823.782717	5111.508923	4678.731054	4961.700934	4966.456739	5016.392707	5242.293904	4954.567228		
		
17:00	26.10	10162.34237	15368.078226	11211.072333	7582.192234	17035.221917	10849.603764	18683.373854	8509.609895	18866.503943	13401.321407	8692.716704	10497.649095		
		4866.584897	4945.05562	4809.515328	4845.183804	4873.718596	4728.666843	4885.608095	4866.584897	4883.230195	4930.78821	4968.834642	4959.323032		
		5870.064789	5881.954437	5042.549655	5839.151714	5192.357795	4918.898703	6752.28144	5689.342363	5646.539743	5037.793846	6029.386214	5130.53218		
		8319.369499	5387.346588	6871.179306	12121.885242	9218.259352	12851.969916	9610.635073	10088.622641	10143.317917	10383.501967	6982.943462	6181.57414		
		5061.572896	4959.323032	5071.084517	4835.672209	4942.677718	5052.061275	4985.479961	4733.422634	5063.950801	5021.148515	5073.462423	5194.735704		
		4783.358456	4733.422634	5016.392707	4897.497597	4892.741796	4795.247943	4880.852295	4880.852295	4895.119696	5037.793846	4835.672209	4904.631298		
		4840.428006	4883.230195	4821.404818	4700.132103	5154.311257	4807.137431	4933.166111	4854.6954	4819.02692	4975.96835	5044.92756	4973.590447		
		4778.602663	4966.456739	4907.009199	4792.870045	4838.050107	4942.677718	4714.399472	4745.312113	4964.078837	4971.212544	4947.433521	4954.567228		
		
18:00	26.00	8545.28002	14157.577681	9327.648753	6583.446773	15061.289519	10143.317917	15750.971209	7415.733792	15701.028542	11482.174831	7287.32323	8833.019607		
		4807.137431	4761.957386	4868.962796	4783.358456	4783.358456	4914.142901	5078.218235	4635.928975	4716.777367	4811.893226	4935.544013	4964.078837		
		5261.317192	5358.811613	4907.009199	5463.439904	5173.334524	4868.962796	5965.18202	5620.382597	5087.729858	5066.328706	5577.580014	5049.68337		
		7296.835116	5403.991994	6060.299363	10585.637617	8278.943473	12131.397704	9337.160882	9729.537186	9177.832872	9467.95277	6426.502191	5684.586515		
		4685.864737	5109.131016	4807.137431	4790.492148	5111.508923	5154.311257	5156.689165	5011.636899	4823.782717	4876.096495	5213.758981	5052.061275		
		4543.191214	4605.016376	4838.050107	4830.916412	4833.29431	4819.02692	4892.741796	4807.137431	4830.916412	4926.032407	5009.258996	4907.009199		
		4738.178425	4716.777367	4971.212544	4978.346253	5128.154272	4842.805905	4826.160615	4757.201593	4878.474395	4918.898703	5054.43918	5078.218235		
		4861.829098	4780.980559	4873.718596	4987.857865	4911.765	4980.724155	4895.119696	4712.021577	4876.096495	4887.985995	4897.497597	5030.660132		
		
19:00	26.10	7805.722687	12511.897073	8309.857491	6564.423171	13046.977373	9615.391154	12683.12238	6968.675688	12901.910805	10043.439614	6875.935224	7879.440314		
		4859.451198	4819.02692	4921.276605	4914.142901	4795.247943	4840.428006	4864.206997	4859.451198	4823.782717	4911.765	5382.590758	5078.218235		
		5168.578707	5316.009169	4895.119696	5306.497519	5028.282228	4873.718596	5494.352834	5354.055785	5161.444981	4999.747381	5660.80728	5125.776365		
		6728.501888	5130.53218	5974.693749	9391.855646	7137.511168	10809.17646	8269.43147	8775.94721	8214.737473	8547.658029	6321.87264	5544.289132		
		4907.009199	4887.985995	4890.363896	4709.643682	5002.125285	4883.230195	4666.841586	5028.282228	5006.881092	4980.724155	5211.381071	5235.160172		
		4830.916412	4987.857865	4761.957386	4750.067905	4880.852295	4690.620525	4738.178425	5018.770611	4930.78821	4911.765	5213.758981	5118.642644		
		4899.875497	4935.544013	4845.183804	4761.957386	5104.375203	4823.782717	4788.114251	4921.276605	5073.462423	5099.61939	5075.840329	5199.491523		
		4933.166111	5052.061275	4792.870045	4773.846869	4871.340696	4840.428006	4802.381635	4857.073299	5049.68337	5094.863577	5118.642644	5220.892711		
		
20:00	26.10	6923.494423	10897.165325	7572.680314	6205.353529	10868.628385	8538.145994	10987.532367	6293.337332	10785.395702	9070.8217	6400.34479	7051.904401		
		5049.68337	4876.096495	5025.904324	5016.392707	4952.189325	4907.009199	5030.660132	5090.107764	4911.765	5071.084517	5156.689165	5230.404351		
		5218.514801	5277.962572	4895.119696	5242.293904	5189.979886	4945.05562	5368.32327	5301.741693	5090.107764	5006.881092	5285.096308	5085.351952		
		6412.234517	5223.270621	5772.569745	8842.531677	6673.808945	9950.695587	8171.933503	7729.627144	7403.843916	7934.134081	5848.663428	5851.041357		
		5121.020551	4899.875497	4902.253398	4847.561703	5204.247342	5066.328706	4959.323032	5047.305465	5004.503188	5021.148515	5163.82289	5142.421717		
		4990.235768	4914.142901	4800.003738	4861.829098	5016.392707	4880.852295	4928.410308	4983.102058	4999.747381	5239.915993	5061.572896	5220.892711		
		4819.02692	5097.241483	4956.94513	5018.770611	5023.526419	5082.974046	4945.05562	5009.258996	4966.456739	5137.665902	5168.578707	5408.747826		
		4994.991574	5037.793846	5011.636899	4952.189325	4961.700934	5080.59614	4997.369478	4968.834642	4885.608095	5016.392707	5192.357795	5180.46825		
		
21:00	26.00	6516.864185	10019.659084	6735.635752	5665.563127	9258.685852	7836.636523	9284.844187	6000.85101	9225.393439	7682.067466	6015.118611	6485.95086		
		5021.148515	5116.264737	5090.107764	4873.718596	4916.520802	4776.224766	4973.590447	4785.736354	5049.68337	5075.840329	5135.287994	5028.282228		
		5144.799625	5289.852132	4895.119696	4992.613671	5258.939281	5021.148515	5097.241483	5163.82289	5085.351952	5052.061275	5094.863577	5113.88683		
		5920.001321	5425.393237	5627.516363	7644.019744	6286.203507	8980.456821	7496.584992	7116.109468	6811.730351	7135.133201	5484.841162	5427.771153		
		5140.04381	5097.241483	4892.741796	5151.933349	5073.462423	4847.561703	4940.299816	4871.340696	4992.613671	5080.59614	5092.485671	5080.59614		
		5087.729858	5075.840329	5004.503188	4909.3871	4947.433521	4937.921914	4983.102058	4914.142901	4814.271124	4945.05562	4994.991574	5030.660132		
		5209.003161	5009.258996	4942.677718	4914.142901	4999.747381	4887.985995	4949.811423	4923.654506	4966.456739	5235.160172	5173.334524	4973.590447		
		5094.863577	5085.351952	5004.503188	4940.299816	4892.741796	4983.102058	4990.235768	4954.567228	4873.718596	5101.997296	5087.729858	5161.444981		
		
22:00	26.10	5805.860723	8407.355626	6317.116755	5437.282818	8200.469481	7503.718925	8098.215606	5644.16182	8248.029467	7042.392544	5841.529642	6105.480141		
		4785.736354	4819.02692	4716.777367	4776.224766	4928.410308	4854.6954	4788.114251	4854.6954	4947.433521	5111.508923	5308.875431	5149.555441		
		5101.997296	4861.829098	4790.492148	4930.78821	5035.415941	5063.950801	4985.479961	4959.323032	4895.119696	5113.88683	5106.753109	5135.287994		
		5634.65013	4868.962796	5249.427636	7013.856979	5955.670291	8093.459615	6659.541226	6400.34479	6288.581449	6733.257797	5739.278782	5187.601977		
		4873.718596	5033.038037	5018.770611	4833.29431	4990.235768	4899.875497	4809.515328	4702.509997	5301.741693	5047.305465	5313.631257	5028.282228		
		4857.073299	4840.428006	4800.003738	4859.451198	4961.700934	4816.649022	4847.561703	4800.003738	4921.276605	5121.020551	5296.985869	5028.282228		
		5028.282228	4876.096495	4847.561703	4949.811423	4926.032407	4835.672209	4902.253398	4740.556321	4959.323032	5106.753109	5161.444981	4994.991574		
		4871.340696	4918.898703	4873.718596	4985.479961	4921.276605	4861.829098	4902.253398	4954.567228	4992.613671	4930.78821	5225.648531	4897.497597		
		
23:00	26.10	5594.22546	7598.838097	5767.813893	5449.172402	7204.094272	6961.541803	7422.867718	5575.202093	6980.565499	6269.557917	5637.028053	5832.017929		
		4909.3871	4885.608095	4930.78821	4845.183804	4892.741796	4971.212544	5082.974046	5054.43918	4885.608095	5121.020551	5090.107764	5197.113614		
		4880.852295	5097.241483	4937.921914	5180.46825	5225.648531	5025.904324	5182.846159	4861.829098	4926.032407	4949.811423	5082.974046	5104.375203		
		5394.480333	4930.78821	5254.183458	6464.549334	5477.707409	7284.945258	6597.714477	6167.306509	5679.830668	6333.762355	5446.794485	5327.898735		
		4926.032407	5002.125285	5028.282228	5159.067073	4947.433521	5011.636899	5144.799625	4842.805905	5044.92756	5189.979886	5166.200798	5225.648531		
		4621.66162	4945.05562	4833.29431	4899.875497	4994.991574	4909.3871	4878.474395	4835.672209	4968.834642	5068.706612	5306.497519	5206.625252		
		4847.561703	4949.811423	4761.957386	4961.700934	4873.718596	5068.706612	4876.096495	4816.649022	4940.299816	5068.706612	5170.956615	5453.928236		
		4778.602663	4811.893226	4885.608095	4937.921914	5011.636899	4885.608095	4947.433521	4964.078837	4895.119696	5002.125285	5097.241483	5365.945356		
		
24:00	26.10	5439.660735	6683.320758	5622.760519	5263.695103	6469.305228	6162.550633	6664.297132	5465.817821	6362.297678	5751.16841	5472.951574	5230.404351		
		4795.247943	4945.05562	4897.497597	4916.520802	4847.561703	4745.312113	4811.893226	4918.898703	4966.456739	4987.857865	5071.084517	5132.910087		
		5035.415941	5030.660132	5028.282228	5099.61939	4885.608095	4854.6954	4854.6954	5023.526419	4935.544013	4999.747381	5285.096308	5118.642644		
		5389.724503	4880.852295	5030.660132	5893.844086	5268.450926	6757.037351	6036.520017	5618.004675	5446.794485	5622.760519	5475.329491	5161.444981		
		5028.282228	5037.793846	4952.189325	4942.677718	4783.358456	4816.649022	4733.422634	4783.358456	4980.724155	4947.433521	5016.392707	5099.61939		
		4918.898703	5018.770611	5073.462423	4835.672209	4819.02692	4873.718596	4975.96835	4757.201593	4902.253398	4985.479961	5042.549655	5111.508923		
		4899.875497	5049.68337	4928.410308	4742.934217	4914.142901	4945.05562	4847.561703	4771.468972	5018.770611	5066.328706	4992.613671	5154.311257		
		4895.119696	4966.456739	5066.328706	4773.846869	4742.934217	4830.916412	4847.561703	4826.160615	4890.363896	4852.317501	5025.904324	5111.508923		
		
25:00	26.10	5061.572896	5984.205479	5228.026441	5332.654561	6007.98481	5979.449614	6050.787624	5277.962572	6086.456652	5732.145006	5337.410388	5544.289132		
		4628.795297	4807.137431	4952.189325	4864.206997	4835.672209	4956.94513	4990.235768	4678.731054	4885.608095	5011.636899	5044.92756	5192.357795		
		4866.584897	4688.242631	4800.003738	4918.898703	5209.003161	5040.17175	4899.875497	4702.509997	5052.061275	5106.753109	4992.613671	5232.782262		
		4930.78821	4754.823697	4861.829098	5608.492989	5444.416568	6036.520017	5656.051434	5235.160172	5292.230044	5701.231984	5166.200798	5270.828837		
		4692.998419	4907.009199	4830.916412	4854.6954	4785.736354	5004.503188	4985.479961	4759.579489	5175.712432	5040.17175	5025.904324	5304.119606		
		4688.242631	4823.782717	5021.148515	4723.911052	4928.410308	4835.672209	4880.852295	4750.067905	4897.497597	5049.68337	5002.125285	5189.979886		
		4790.492148	4821.404818	4935.544013	4752.445801	4994.991574	4873.718596	4788.114251	4895.119696	4973.590447	4954.567228	5223.270621	5023.526419		
		4757.201593	4876.096495	4866.584897	4921.276605	4861.829098	4840.428006	4937.921914	4735.80053	4937.921914	5142.421717	5028.282228	5277.962572		
		
26:00	26.10	5002.125285	5732.145006	5406.36991	5128.154272	5753.546336	5770.191819	5689.342363	5180.46825	5663.185203	5382.590758	5261.317192	5254.183458		
		4933.166111	5014.014803	4918.898703	4914.142901	4769.091075	4842.805905	5021.148515	4638.306868	4930.78821	4933.166111	5040.17175	5209.003161		
		4826.160615	4928.410308	4956.94513	4847.561703	5099.61939	4952.189325	4814.271124	4968.834642	4830.916412	5037.793846	4978.346253	4921.276605		
		5116.264737	4954.567228	4830.916412	5444.416568	5201.869433	5815.372433	5092.485671	5232.782262	5166.200798	5292.230044	5242.293904	5002.125285		
		5028.282228	4999.747381	4992.613671	4823.782717	4857.073299	5092.485671	4954.567228	4847.561703	4980.724155	4956.94513	5185.224068	5199.491523		
		4942.677718	5063.950801	5021.148515	4780.980559	4987.857865	4868.962796	4868.962796	4854.6954	4876.096495	4878.474395	4954.567228	5063.950801		
		4937.921914	4916.520802	4902.253398	4987.857865	4897.497597	4804.759533	4645.440546	4731.044738	4773.846869	5030.660132	4954.567228	5030.660132		
		4935.544013	4985.479961	4816.649022	5151.933349	4883.230195	4928.410308	4676.353161	5002.125285	4823.782717	4907.009199	4999.747381	5101.997296		
		
27:00	26.10	4890.363896	5296.985869	5009.258996	4961.700934	5346.922043	5411.125741	5532.399534	5037.793846	5696.476135	5335.032475	5589.469618	5418.259489		
		4783.358456	5113.88683	4811.893226	4866.584897	4842.805905	5016.392707	4816.649022	4797.62584	4921.276605	4952.189325	5140.04381	5173.334524		
		4759.579489	4842.805905	4754.823697	4838.050107	4987.857865	4892.741796	5056.817085	4864.206997	5033.038037	4971.212544	5030.660132	5018.770611		
		4887.985995	4776.224766	4847.561703	5094.863577	5066.328706	5411.125741	5275.584661	4999.747381	5154.311257	5354.055785	5082.974046	5230.404351		
		4738.178425	4626.417405	4795.247943	4752.445801	4859.451198	4878.474395	4861.829098	4823.782717	5021.148515	5009.258996	5113.88683	5242.293904		
		4852.317501	4816.649022	4761.957386	4842.805905	4907.009199	4873.718596	4997.369478	4937.921914	4994.991574	5075.840329	5232.782262	5144.799625		
		4933.166111	4712.021577	4692.998419	4985.479961	4726.288948	4821.404818	4802.381635	4769.091075	5028.282228	5101.997296	5228.026441	5123.398458		
		4845.183804	4607.394268	4780.980559	5037.793846	4857.073299	4909.3871	4721.533157	4964.078837	5042.549655	5161.444981	5123.398458	5444.416568		
		
28:00	26.10	4918.898703	5232.782262	5054.43918	4916.520802	5142.421717	5358.811613	5225.648531	5151.933349	5327.898735	5244.671815	5180.46825	5247.049726		
		4526.545987	4681.108948	4671.597373	4742.934217	4695.376314	4883.230195	4990.235768	4890.363896	5082.974046	5004.503188	5066.328706	5137.665902		
		4681.108948	4731.044738	4754.823697	4811.893226	4987.857865	4809.515328	5075.840329	4959.323032	4926.032407	5052.061275	5097.241483	5140.04381		
		4926.032407	4778.602663	4992.613671	4923.654506	4847.561703	5071.084517	5156.689165	5144.799625	4992.613671	5111.508923	5151.933349	5059.19499		
		4716.777367	4790.492148	4550.324884	4830.916412	4780.980559	4780.980559	4959.323032	4959.323032	4935.544013	5130.53218	5082.974046	5018.770611		
		4702.509997	4716.777367	4754.823697	4595.50481	4678.731054	4802.381635	4890.363896	4994.991574	4868.962796	4795.247943	5016.392707	5006.881092		
		4769.091075	4707.265787	4597.882701	4595.50481	4978.346253	4754.823697	4899.875497	4914.142901	4868.962796	4904.631298	5101.997296	5037.793846		
		4845.183804	4797.62584	4750.067905	4861.829098	5009.258996	4778.602663	5009.258996	5014.014803	4947.433521	5121.020551	5166.200798	5244.671815		
		
29:00	26.10	4823.782717	5204.247342	5021.148515	5256.561369	5235.160172	5539.533293	5513.376182	5166.200798	5251.805547	5094.863577	5389.724503	5178.090341		
		4759.579489	4892.741796	4852.317501	5118.642644	4852.317501	5049.68337	4909.3871	4959.323032	4937.921914	5142.421717	5071.084517	5040.17175		
		4909.3871	4778.602663	4849.939602	5185.224068	5132.910087	5054.43918	4973.590447	5018.770611	5099.61939	4956.94513	5194.735704	4964.078837		
		4792.870045	4854.6954	5002.125285	5228.026441	5101.997296	5225.648531	5059.19499	4949.811423	5071.084517	5116.264737	5106.753109	5113.88683		
		4790.492148	4997.369478	5004.503188	5049.68337	4980.724155	5066.328706	4721.533157	4790.492148	5044.92756	5109.131016	5101.997296	5149.555441		
		4714.399472	4790.492148	5116.264737	4980.724155	5028.282228	5011.636899	4999.747381	4783.358456	4978.346253	5113.88683	5097.241483	5037.793846		
		4949.811423	5009.258996	4954.567228	4745.312113	4992.613671	5111.508923	4923.654506	4887.985995	4840.428006	5175.712432	5004.503188	5094.863577		
		5033.038037	4776.224766	4999.747381	5106.753109	5063.950801	4852.317501	4835.672209	4771.468972	4918.898703	5178.090341	5042.549655	5180.46825		
		
30:00	26.10	5014.014803	5101.997296	4933.166111	4797.62584	5168.578707	5444.416568	5154.311257	5209.003161	5232.782262	5180.46825	5361.189527	5237.538083		
		4826.160615	4783.358456	4792.870045	4845.183804	4899.875497	5035.415941	4985.479961	4964.078837	5014.014803	5104.375203	5023.526419	5225.648531		
		4773.846869	4949.811423	4621.66162	4797.62584	5049.68337	5056.817085	5052.061275	4997.369478	5025.904324	5266.073015	5054.43918	5292.230044		
		4935.544013	4992.613671	4738.178425	4916.520802	4964.078837	5142.421717	5201.869433	5009.258996	5289.852132	5116.264737	5023.526419	5311.253344		
		4826.160615	4826.160615	4797.62584	4923.654506	4928.410308	4868.962796	5049.68337	4947.433521	5213.758981	5071.084517	5261.317192	5311.253344		
		4980.724155	4864.206997	4883.230195	4871.340696	5004.503188	4971.212544	5004.503188	5078.218235	5073.462423	5159.067073	5021.148515	5320.764995		
		4721.533157	4935.544013	4678.731054	4930.78821	4814.271124	4975.96835	5080.59614	4973.590447	5101.997296	5113.88683	5161.444981	5106.753109		
		4685.864737	4921.276605	4797.62584	4918.898703	5111.508923	4942.677718	5147.177533	4930.78821	5018.770611	5144.799625	5180.46825	5456.306153		
		
31:00	26.10	5037.793846	5006.881092	5052.061275	5111.508923	5194.735704	5363.567441	5211.381071	5140.04381	5247.049726	5218.514801	5349.299957	5432.526986		
		4842.805905	4821.404818	4849.939602	5042.549655	5137.665902	4999.747381	4928.410308	5021.148515	5192.357795	5237.538083	5244.671815	5232.782262		
		4866.584897	4821.404818	4933.166111	4909.3871	5121.020551	5066.328706	5073.462423	4968.834642	5030.660132	5261.317192	5384.968673	5116.264737		
		4994.991574	4838.050107	4942.677718	4952.189325	5014.014803	5130.53218	5002.125285	5061.572896	4940.299816	5468.195739	5396.858248	5213.758981		
		4840.428006	4999.747381	5066.328706	4983.102058	5042.549655	4864.206997	4942.677718	4947.433521	5090.107764	5332.654561	5220.892711	5182.846159		
		4890.363896	4833.29431	5132.910087	4980.724155	4952.189325	4868.962796	5035.415941	4921.276605	5002.125285	5268.450926	5358.811613	5187.601977		
		4771.468972	4811.893226	4959.323032	5037.793846	5035.415941	4807.137431	5023.526419	4890.363896	5101.997296	5344.544129	5418.259489	5144.799625		
		4968.834642	4754.823697	4942.677718	4940.299816	4854.6954	4902.253398	4983.102058	5047.305465	5080.59614	5258.939281	5453.928236	5268.450926		
		
32:00	26.10	4964.078837	5104.375203	5016.392707	5066.328706	5075.840329	5358.811613	5237.538083	5092.485671	5225.648531	5199.491523	5308.875431	5256.561369		
		4854.6954	5037.793846	4897.497597	4897.497597	5011.636899	4899.875497	5228.026441	4968.834642	5075.840329	5128.154272	5135.287994	5189.979886		
		4821.404818	4983.102058	4923.654506	4857.073299	5014.014803	5156.689165	5063.950801	4899.875497	5023.526419	5237.538083	5189.979886	5301.741693		
		4961.700934	4966.456739	4935.544013	5016.392707	5011.636899	5189.979886	5049.68337	4959.323032	5266.073015	5097.241483	5149.555441	5292.230044		
		5025.904324	5047.305465	4942.677718	5168.578707	4961.700934	5166.200798	5094.863577	4968.834642	5137.665902	5078.218235	5213.758981	5249.427636		
		4926.032407	4852.317501	5130.53218	4978.346253	5002.125285	5111.508923	5173.334524	4983.102058	5092.485671	5197.113614	5225.648531	5206.625252		
		5087.729858	4821.404818	5090.107764	5101.997296	4921.276605	5097.241483	4978.346253	5021.148515	5132.910087	5021.148515	5344.544129	5220.892711		
		5016.392707	4873.718596	4897.497597	5018.770611	5037.793846	5059.19499	5125.776365	5111.508923	5066.328706	5104.375203	5197.113614	5373.079099		
		
33:00	26.10	5009.258996	5109.131016	5090.107764	5042.549655	5033.038037	5037.793846	5149.555441	5066.328706	5073.462423	5368.32327	5144.799625	5425.393237		
		4847.561703	5173.334524	4952.189325	5185.224068	4971.212544	4980.724155	5004.503188	5040.17175	4992.613671	5180.46825	5006.881092	5182.846159		
		5052.061275	5014.014803	5049.68337	5121.020551	5144.799625	4966.456739	5006.881092	5021.148515	4964.078837	5178.090341	5232.782262	5125.776365		
		5040.17175	5044.92756	5187.601977	5014.014803	4926.032407	5006.881092	4814.271124	5080.59614	4990.235768	5111.508923	5280.340484	5230.404351		
		5061.572896	5056.817085	5068.706612	5097.241483	4926.032407	5054.43918	5132.910087	5104.375203	5101.997296	5277.962572	5151.933349	5187.601977		
		4880.852295	4868.962796	4999.747381	4990.235768	5018.770611	4956.94513	4914.142901	5147.177533	5087.729858	5173.334524	5063.950801	4935.544013		
		4835.672209	4949.811423	5006.881092	5049.68337	5118.642644	4964.078837	4911.765	5044.92756	4907.009199	5006.881092	5211.381071	5128.154272		
		5090.107764	5018.770611	5004.503188	5011.636899	5030.660132	4895.119696	5023.526419	5059.19499	5042.549655	4997.369478	5109.131016	5159.067073		
		
34:00	26.10	5035.415941	5085.351952	4816.649022	5059.19499	5011.636899	5106.753109	5292.230044	5075.840329	5111.508923	5121.020551	5225.648531	5254.183458		
		5035.415941	4997.369478	4961.700934	4916.520802	4873.718596	4999.747381	5204.247342	4873.718596	5109.131016	4980.724155	5306.497519	5446.794485		
		4833.29431	5009.258996	5056.817085	5009.258996	4968.834642	5094.863577	4968.834642	4911.765	4999.747381	5197.113614	5187.601977	5230.404351		
		4983.102058	4861.829098	5035.415941	4947.433521	4987.857865	4975.96835	4985.479961	4935.544013	4961.700934	5263.695103	5244.671815	5442.038651		
		5125.776365	5052.061275	4966.456739	4992.613671	4935.544013	5068.706612	4987.857865	4885.608095	5059.19499	5087.729858	5244.671815	5423.015321		
		5073.462423	4937.921914	4852.317501	4833.29431	5025.904324	5002.125285	5085.351952	5006.881092	5082.974046	5097.241483	5258.939281	5228.026441		
		5021.148515	4918.898703	4985.479961	4975.96835	5142.421717	5206.625252	5080.59614	4937.921914	5090.107764	5118.642644	5170.956615	5147.177533		
		4814.271124	5011.636899	5030.660132	4945.05562	4914.142901	5018.770611	5173.334524	5066.328706	5085.351952	5178.090341	5137.665902	5304.119606		
		
35:00	26.10	4909.3871	5023.526419	5156.689165	5144.799625	5078.218235	4966.456739	5173.334524	5373.079099	5382.590758	5230.404351	5266.073015	5161.444981		
		4887.985995	4876.096495	5101.997296	5149.555441	5168.578707	5135.287994	5192.357795	5040.17175	5235.160172	5194.735704	5044.92756	5163.82289		
		4788.114251	4885.608095	5061.572896	5082.974046	5496.730753	5142.421717	4949.811423	5059.19499	5299.363781	5199.491523	5125.776365	5178.090341		
		4804.759533	5014.014803	5166.200798	5123.398458	4992.613671	5132.910087	5151.933349	5052.061275	5308.875431	5370.701184	5151.933349	5185.224068		
		4864.206997	5123.398458	5014.014803	5030.660132	5040.17175	5230.404351	5130.53218	5059.19499	5308.875431	5237.538083	4961.700934	5149.555441		
		4830.916412	4983.102058	5033.038037	5004.503188	5147.177533	5044.92756	5099.61939	5052.061275	5242.293904	5242.293904	5030.660132	5135.287994		
		4816.649022	5047.305465	5004.503188	5040.17175	5159.067073	5085.351952	4930.78821	4909.3871	5192.357795	5394.480333	5021.148515	5256.561369		
		4890.363896	4949.811423	5104.375203	5132.910087	5263.695103	5106.753109	5263.695103	5249.427636	5159.067073	5392.102418	4992.613671	5277.962572		
		
36:00	26.10	5025.904324	4895.119696	5071.084517	4999.747381	5151.933349	5308.875431	5140.04381	4785.736354	5216.136891	5382.590758	5373.079099	5522.887858		
		5123.398458	4966.456739	4857.073299	5063.950801	5025.904324	5130.53218	5087.729858	5075.840329	5023.526419	5168.578707	5361.189527	5358.811613		
		5016.392707	4840.428006	4952.189325	5016.392707	5161.444981	5118.642644	5030.660132	5166.200798	5054.43918	5116.264737	5187.601977	5432.526986		
		5092.485671	4821.404818	4961.700934	5121.020551	5004.503188	5075.840329	5061.572896	4956.94513	4999.747381	5254.183458	5294.607956	5154.311257		
		5016.392707	5002.125285	5028.282228	5099.61939	5056.817085	5168.578707	5130.53218	5006.881092	5311.253344	5337.410388	5418.259489	5306.497519		
		4914.142901	4994.991574	4952.189325	5052.061275	5063.950801	5073.462423	5016.392707	4978.346253	4907.009199	5199.491523	5418.259489	5173.334524		
		5163.82289	4833.29431	4959.323032	5085.351952	5078.218235	5137.665902	5006.881092	4911.765	4907.009199	5275.584661	5213.758981	5232.782262		
		4980.724155	5021.148515	4866.584897	5063.950801	5059.19499	5254.183458	4959.323032	4918.898703	4914.142901	5258.939281	5351.677871	5218.514801		
		
37:00	26.10	5168.578707	4840.428006	5541.911212	5094.863577	5144.799625	5223.270621	5087.729858	5094.863577	5216.136891	5106.753109	5365.945356	5121.020551		
		5087.729858	4949.811423	5151.933349	5061.572896	5182.846159	5159.067073	5156.689165	4968.834642	5004.503188	5363.567441	5189.979886	5251.805547		
		4973.590447	5161.444981	5185.224068	5173.334524	5415.881573	5123.398458	5130.53218	5137.665902	5061.572896	5239.915993	5263.695103	5444.416568		
		5054.43918	5052.061275	5270.828837	5059.19499	5040.17175	5037.793846	5123.398458	5118.642644	5125.776365	5261.317192	5356.433699	5301.741693		
		5061.572896	5056.817085	4997.369478	5192.357795	5337.410388	5087.729858	5123.398458	5049.68337	5239.915993	5059.19499	5579.957935	5377.834928		
		4921.276605	4985.479961	5123.398458	4928.410308	5121.020551	5092.485671	5287.47422	5030.660132	4933.166111	5068.706612	5420.637405	5299.363781		
		4990.235768	5142.421717	5192.357795	4945.05562	5068.706612	5170.956615	5106.753109	5097.241483	5128.154272	5144.799625	5439.660735	5296.985869		
		4914.142901	5106.753109	5304.119606	4864.206997	5016.392707	5192.357795	5082.974046	4983.102058	5135.287994	5239.915993	5301.741693	5254.183458		
		
38:00	26.10	5170.956615	5059.19499	5056.817085	5185.224068	5023.526419	5106.753109	5182.846159	5244.671815	5358.811613	5332.654561	5686.964439	5365.945356		
		5018.770611	5037.793846	4968.834642	5113.88683	4911.765	5085.351952	5080.59614	5273.206749	5266.073015	5446.794485	5558.556651	5296.985869		
		5092.485671	4868.962796	5135.287994	5056.817085	5306.497519	5194.735704	5101.997296	5268.450926	5270.828837	5346.922043	5382.590758	5437.282818		
		5137.665902	5037.793846	5061.572896	5028.282228	5037.793846	4971.212544	5042.549655	5263.695103	5197.113614	5399.236164	5477.707409	5313.631257		
		5035.415941	5104.375203	5044.92756	5194.735704	5199.491523	5090.107764	5016.392707	5411.125741	5487.21908	5339.788302	5425.393237	5615.626754		
		4847.561703	5125.776365	5313.631257	5068.706612	5185.224068	5054.43918	5370.701184	5270.828837	5080.59614	5346.922043	5346.922043	5351.677871		
		4997.369478	4961.700934	5142.421717	5052.061275	5182.846159	4949.811423	5149.555441	5101.997296	5342.166215	5223.270621	5254.183458	5392.102418		
		5006.881092	5092.485671	5201.869433	5075.840329	5009.258996	5335.032475	5147.177533	5066.328706	5254.183458	5425.393237	5520.509939	5587.091697		
		
39:00	26.10	4980.724155	5187.601977	5071.084517	5082.974046	5099.61939	5170.956615	5209.003161	5311.253344	5439.660735	5313.631257	5577.580014	5370.701184		
		5156.689165	5159.067073	5106.753109	5071.084517	5168.578707	5187.601977	5194.735704	5242.293904	5254.183458	5389.724503	5327.898735	5368.32327		
		5066.328706	5275.584661	5111.508923	5175.712432	5487.21908	5249.427636	5173.334524	5239.915993	5082.974046	5420.637405	5489.596998	5506.242426		
		5239.915993	5225.648531	5209.003161	5151.933349	5033.038037	5002.125285	5235.160172	5211.381071	5308.875431	5549.044971	5270.828837	5415.881573		
		5166.200798	5099.61939	5251.805547	5387.346588	5142.421717	5044.92756	5173.334524	5292.230044	5442.038651	5456.306153	5261.317192	5518.13202		
		5159.067073	5232.782262	5251.805547	5137.665902	5147.177533	5192.357795	5204.247342	5173.334524	5073.462423	5244.671815	5510.998263	5332.654561		
		5059.19499	5113.88683	5256.561369	5094.863577	5049.68337	5087.729858	5258.939281	5197.113614	5206.625252	5475.329491	5487.21908	5301.741693		
		5132.910087	5121.020551	5247.049726	4997.369478	5071.084517	5099.61939	5168.578707	5232.782262	5342.166215	5420.637405	5356.433699	5527.643696		
		
40:00	26.10	4999.747381	5232.782262	5125.776365	5087.729858	5370.701184	5163.82289	5335.032475	5273.206749	5365.945356	5247.049726	5308.875431	5403.991994		
		5047.305465	5175.712432	5209.003161	5121.020551	5123.398458	5213.758981	5254.183458	5056.817085	5228.026441	5325.520822	5306.497519	5292.230044		
		4971.212544	5225.648531	5094.863577	5304.119606	5518.13202	5225.648531	5163.82289	5199.491523	5168.578707	5258.939281	5285.096308	5370.701184		
		5175.712432	5204.247342	5144.799625	5228.026441	5125.776365	4975.96835	5163.82289	5180.46825	5220.892711	5273.206749	5589.469618	5187.601977		
		5135.287994	5280.340484	5144.799625	5356.433699	5052.061275	5299.363781	5266.073015	5292.230044	5358.811613	5235.160172	5258.939281	5549.044971		
		4902.253398	4994.991574	5230.404351	5201.869433	5289.852132	5021.148515	5199.491523	5004.503188	5216.136891	5275.584661	5185.224068	5204.247342		
		5071.084517	4997.369478	5047.305465	5092.485671	5189.979886	5239.915993	5261.317192	5011.636899	5187.601977	5209.003161	5273.206749	5180.46825		
		5144.799625	5204.247342	4935.544013	5173.334524	5239.915993	5418.259489	5090.107764	5087.729858	5354.055785	5239.915993	5263.695103	5125.776365		
		
41:00	26.10	5273.206749	5256.561369	5052.061275	5085.351952	5009.258996	5232.782262	5289.852132	5085.351952	5313.631257	5073.462423	5301.741693	5413.503657		
		5180.46825	5047.305465	5092.485671	5094.863577	5166.200798	5030.660132	5028.282228	4935.544013	5111.508923	5144.799625	5308.875431	5368.32327		
		4926.032407	5087.729858	5218.514801	5125.776365	5187.601977	5149.555441	5128.154272	4987.857865	5071.084517	5199.491523	5463.439904	5408.747826		
		5239.915993	5111.508923	5037.793846	5082.974046	5035.415941	5244.671815	5144.799625	4997.369478	5082.974046	5104.375203	5256.561369	5425.393237		
		5261.317192	5368.32327	5137.665902	5080.59614	5140.04381	5147.177533	5137.665902	5109.131016	5228.026441	5349.299957	5292.230044	5582.335855		
		5247.049726	5054.43918	4956.94513	5242.293904	5159.067073	5002.125285	5142.421717	4992.613671	5097.241483	5258.939281	5401.614079	5170.956615		
		5237.538083	5144.799625	5063.950801	5218.514801	5085.351952	5101.997296	4928.410308	5087.729858	5128.154272	5154.311257	5178.090341	5401.614079		
		5154.311257	5173.334524	4937.921914	5111.508923	5228.026441	5294.607956	4990.235768	5109.131016	5090.107764	5230.404351	5430.149069	5389.724503		
		
42:00	26.10	5042.549655	4985.479961	4975.96835	5087.729858	5035.415941	5161.444981	5249.427636	5301.741693	5354.055785	5296.985869	5382.590758	5480.085327		
		5075.840329	4940.299816	5021.148515	4949.811423	5068.706612	5192.357795	5206.625252	5197.113614	5235.160172	5375.457014	5396.858248	5420.637405		
		5033.038037	5099.61939	4978.346253	5151.933349	5370.701184	5325.520822	5106.753109	5156.689165	5308.875431	5456.306153	5415.881573	5484.841162		
		4892.741796	5035.415941	4999.747381	5123.398458	5230.404351	5185.224068	5178.090341	5213.758981	5182.846159	5420.637405	5351.677871	5442.038651		
		5194.735704	5063.950801	5037.793846	5087.729858	5118.642644	5294.607956	5189.979886	5420.637405	5530.021615	5349.299957	5392.102418	5606.115067		
		4968.834642	4873.718596	4999.747381	4935.544013	5004.503188	5230.404351	5254.183458	5170.956615	5439.660735	5232.782262	5228.026441	5506.242426		
		5156.689165	4928.410308	5080.59614	4978.346253	5154.311257	5180.46825	5121.020551	5185.224068	5468.195739	5304.119606	5349.299957	5434.904902		
		4985.479961	5042.549655	5056.817085	5033.038037	5178.090341	5377.834928	5109.131016	5137.665902	5304.119606	5142.421717	5335.032475	5551.422891		
		
43:00	26.10	5239.915993	5178.090341	5199.491523	5420.637405	5287.47422	5249.427636	5209.003161	5151.933349	5282.718396	5406.36991	5546.667051	5720.255381		
		5168.578707	5156.689165	5132.910087	5201.869433	5104.375203	5161.444981	5144.799625	5197.113614	5094.863577	5192.357795	5351.677871	5482.463244		
		5254.183458	5185.224068	5085.351952	5166.200798	5418.259489	5094.863577	5090.107764	5189.979886	5256.561369	5280.340484	5591.847539	5584.713776		
		5113.88683	5092.485671	4983.102058	4961.700934	5216.136891	5044.92756	5159.067073	5228.026441	5244.671815	5149.555441	5377.834928	5427.771153		
		5194.735704	5123.398458	5037.793846	5140.04381	5282.718396	5273.206749	5239.915993	5201.869433	5313.631257	5251.805547	5327.898735	5618.004675		
		5078.218235	5125.776365	5175.712432	5111.508923	5258.939281	5159.067073	5159.067073	5204.247342	5075.840329	5318.387082	5144.799625	5558.556651		
		5170.956615	5113.88683	5106.753109	5099.61939	5251.805547	5080.59614	5199.491523	5175.712432	5147.177533	5330.276648	5420.637405	5408.747826		
		5277.962572	5068.706612	5225.648531	5256.561369	5223.270621	5275.584661	5268.450926	5149.555441	5128.154272	5370.701184	5520.509939	5439.660735		
		
44:00	26.10	5090.107764	5144.799625	4959.323032	5311.253344	5258.939281	5101.997296	5149.555441	5216.136891	5396.858248	5354.055785	5344.544129	5646.539743		
		5116.264737	5180.46825	5180.46825	5111.508923	5159.067073	5121.020551	5121.020551	5132.910087	5470.573656	5572.824173	5387.346588	5494.352834		
		4964.078837	5054.43918	5066.328706	5213.758981	5453.928236	5128.154272	5030.660132	5035.415941	5456.306153	5423.015321	5399.236164	5477.707409		
		5137.665902	5161.444981	5220.892711	5187.601977	5116.264737	5132.910087	5216.136891	4921.276605	5254.183458	5499.108671	5396.858248	5377.834928		
		5342.166215	5097.241483	5209.003161	5182.846159	5037.793846	5249.427636	5090.107764	5346.922043	5484.841162	5358.811613	5579.957935	5618.004675		
		5180.46825	5109.131016	5232.782262	5230.404351	5021.148515	5228.026441	5113.88683	5361.189527	5113.88683	5273.206749	5439.660735	5375.457014		
		5182.846159	5068.706612	5261.317192	5313.631257	5014.014803	5099.61939	5147.177533	5258.939281	5270.828837	5258.939281	5389.724503	5363.567441		
		5194.735704	5189.979886	5194.735704	5192.357795	4959.323032	5087.729858	5087.729858	5132.910087	5406.36991	5434.904902	5472.951574	5525.265777		
		
45:00	26.10	5235.160172	5061.572896	5399.236164	5351.677871	5268.450926	5549.044971	5182.846159	5128.154272	5389.724503	5344.544129	5539.533293	5513.376182		
		5439.660735	5011.636899	5325.520822	5235.160172	5256.561369	5280.340484	5185.224068	5066.328706	5187.601977	5311.253344	5615.626754	5432.526986		
		5189.979886	5189.979886	5270.828837	5163.82289	5399.236164	5313.631257	5063.950801	5249.427636	5121.020551	5373.079099	5708.365757	5361.189527		
		5330.276648	5111.508923	5318.387082	5170.956615	5149.555441	5313.631257	5113.88683	5140.04381	5235.160172	5584.713776	5644.16182	5587.091697		
		5201.869433	5073.462423	5316.009169	5225.648531	5101.997296	5299.363781	5175.712432	5204.247342	5444.416568	5437.282818	5522.887858	5541.911212		
		5142.421717	5044.92756	5392.102418	5311.253344	5137.665902	5282.718396	5335.032475	5149.555441	5403.991994	5579.957935	5805.860723	5461.061987		
		5068.706612	5063.950801	5323.142908	5268.450926	5225.648531	5137.665902	5156.689165	5144.799625	5201.869433	5375.457014	5615.626754	5394.480333		
		5228.026441	5014.014803	5316.009169	5239.915993	5211.381071	5204.247342	5104.375203	5166.200798	5249.427636	5306.497519	5622.760519	5584.713776		
		
46:00	26.20	5106.753109	5330.276648	5382.590758	5273.206749	5503.864508	5342.166215	5487.21908	5244.671815	5470.573656	5332.654561	5411.125741	5477.707409		
		5277.962572	5225.648531	5387.346588	5187.601977	5494.352834	5368.32327	5258.939281	5266.073015	5468.195739	5389.724503	5494.352834	5318.387082		
		5308.875431	5361.189527	5377.834928	5299.363781	5558.556651	5223.270621	5506.242426	5377.834928	5377.834928	5556.178731	5337.410388	5442.038651		
		5242.293904	5235.160172	5396.858248	5427.771153	5425.393237	5349.299957	5204.247342	5394.480333	5530.021615	5553.800811	5432.526986	5491.974916		
		5403.991994	5427.771153	5394.480333	5354.055785	5489.596998	5361.189527	5251.805547	5487.21908	5491.974916	5406.36991	5384.968673	5349.299957		
		4999.747381	5206.625252	5261.317192	5140.04381	5342.166215	5266.073015	5330.276648	5456.306153	5330.276648	5358.811613	5470.573656	5427.771153		
		5189.979886	5247.049726	5247.049726	5351.677871	5394.480333	5173.334524	5232.782262	5361.189527	5144.799625	5456.306153	5223.270621	5494.352834		
		5137.665902	5296.985869	5294.607956	5420.637405	5427.771153	5461.061987	5327.898735	5223.270621	5339.788302	5427.771153	5375.457014	5686.964439		
		
47:00	26.10	4964.078837	5080.59614	5239.915993	4907.009199	5125.776365	5218.514801	5073.462423	5140.04381	5149.555441	5192.357795	5618.004675	5549.044971		
		5056.817085	5166.200798	4942.677718	4975.96835	4902.253398	5220.892711	5323.142908	5178.090341	5006.881092	5285.096308	5413.503657	5270.828837		
		5161.444981	5185.224068	5118.642644	4964.078837	5311.253344	5097.241483	5178.090341	5128.154272	5104.375203	5254.183458	5354.055785	5247.049726		
		5061.572896	5104.375203	5071.084517	4923.654506	5187.601977	5121.020551	5128.154272	5211.381071	5199.491523	5237.538083	5270.828837	5401.614079		
		5099.61939	5216.136891	5116.264737	4914.142901	5301.741693	5109.131016	5161.444981	5351.677871	5192.357795	5244.671815	5453.928236	5472.951574		
		4838.050107	5161.444981	5211.381071	4885.608095	5092.485671	5099.61939	5178.090341	5237.538083	5033.038037	5301.741693	5356.433699	5427.771153		
		4980.724155	5054.43918	4949.811423	4964.078837	5090.107764	5054.43918	5130.53218	5035.415941	5242.293904	5396.858248	5392.102418	5513.376182		
		5125.776365	5282.718396	5025.904324	4930.78821	5311.253344	5182.846159	5228.026441	5075.840329	5239.915993	5339.788302	5515.754101	5444.416568		
		
48:00	26.10	5002.125285	5182.846159	5287.47422	5244.671815	5223.270621	5258.939281	5023.526419	5232.782262	5189.979886	5370.701184	5449.172402	5382.590758		
		4911.765	4971.212544	5266.073015	4997.369478	5218.514801	5187.601977	5132.910087	5121.020551	5261.317192	5427.771153	5503.864508	5501.486589		
		5049.68337	5118.642644	5132.910087	4999.747381	5496.730753	5144.799625	5132.910087	5209.003161	5216.136891	5318.387082	5396.858248	5373.079099		
		5182.846159	5142.421717	5289.852132	5061.572896	5251.805547	5101.997296	5263.695103	5182.846159	5356.433699	5325.520822	5425.393237	5401.614079		
		5125.776365	5159.067073	4973.590447	5159.067073	5449.172402	5199.491523	5123.398458	5125.776365	5258.939281	5294.607956	5396.858248	5525.265777		
		5054.43918	5166.200798	5121.020551	5180.46825	5237.538083	5204.247342	5140.04381	5132.910087	5382.590758	5339.788302	5489.596998	5306.497519		
		5092.485671	5418.259489	5358.811613	5142.421717	5216.136891	5154.311257	5182.846159	5087.729858	5296.985869	5425.393237	5456.306153	5396.858248		
		5128.154272	5249.427636	5090.107764	5220.892711	5356.433699	5156.689165	5132.910087	5125.776365	5480.085327	5370.701184	5370.701184	5487.21908		
		
49:00	26.10	5085.351952	5175.712432	5075.840329	5325.520822	5002.125285	5247.049726	5294.607956	5373.079099	5389.724503	5301.741693	5530.021615	5392.102418		
		5161.444981	5099.61939	5199.491523	5237.538083	5009.258996	5311.253344	5137.665902	5216.136891	5394.480333	5361.189527	5468.195739	5230.404351		
		5261.317192	5144.799625	5132.910087	5275.584661	5323.142908	5211.381071	4892.741796	5206.625252	5294.607956	5418.259489	5477.707409	5342.166215		
		5149.555441	5118.642644	5056.817085	5320.764995	5197.113614	5173.334524	5121.020551	5273.206749	5204.247342	5689.342363	5522.887858	5292.230044		
		5446.794485	5192.357795	5211.381071	5275.584661	5325.520822	5187.601977	5144.799625	5316.009169	5354.055785	5570.446252	5579.957935	5382.590758		
		5185.224068	5239.915993	4990.235768	4978.346253	5182.846159	4999.747381	5197.113614	5101.997296	5354.055785	5456.306153	5365.945356	5296.985869		
		5144.799625	5185.224068	5289.852132	5216.136891	5104.375203	5189.979886	5247.049726	5113.88683	5332.654561	5375.457014	5294.607956	5382.590758		
		5182.846159	5168.578707	5225.648531	5085.351952	5187.601977	5204.247342	5187.601977	5109.131016	5330.276648	5406.36991	5370.701184	5549.044971		
		
~End
Original Filename: outlier_1471_02-26-20-153605_col_fe_4_col.pda   Date Last Saved: 2/26/2020
