##BLOCKS= 1          
Plate:	Plate#1	1.3	PlateFormat	Kinetic	Luminescence	Raw	FALSE	51	3000	60				1	450	1	12	96	405	Automatic	435			6	Automatic			1	8	None	
Time(hh:mm:ss)	Temperature(¡C)	1	2	3	4	5	6	7	8	9	10	11	12		
0:00	23.90	909.42858	656.621253	350.25424	298.836128	247.418052	213.139355	112.445778	101.733703	86.736802	67.455076	63.170248	69.597489		
		851.582758	517.363359	300.978548	202.427266	230.278701	157.436508	125.300269	112.445778	71.739903	108.160948	91.02163	58.885421		
		945.850048	549.499772	315.975494	320.260337	219.56661	176.718258	168.14859	123.157854	123.157854	121.015438	50.315768	93.164045		
		924.425653	431.666326	375.96331	189.572761	157.436508	133.869931	125.300269	123.157854	58.885421	82.451973	63.170248	39.603703		
		776.597501	474.51483	328.830022	234.563539	181.003092	148.866843	97.448874	39.603703	86.736802	63.170248	63.170248	67.455076		
		723.036652	468.087553	337.399709	255.987729	200.284848	193.857595	108.160948	140.297179	86.736802	88.879216	52.458181	78.167145		
		806.591595	500.223944	290.266446	189.572761	221.709028	80.309559	82.451973	82.451973	61.027835	61.027835	65.312662	73.882317		
		716.609352	405.957237	350.25424	245.275633	202.427266	140.297179	110.303363	78.167145	76.024731	103.876118	91.02163	65.312662		
		
1:00	23.90	13.894753	63.170248	39.603703	31.034052	48.173355	37.46129	20.321989	46.030942	26.749227	39.603703	52.458181	46.030942		
		43.888529	16.037165	54.600594	28.891639	37.46129	46.030942	18.179577	26.749227	84.594387	65.312662	24.606814	78.167145		
		54.600594	58.885421	65.312662	31.034052	18.179577	65.312662	33.176464	78.167145	65.312662	52.458181	37.46129	35.318877		
		73.882317	56.743008	39.603703	31.034052	13.894753	58.885421	50.315768	35.318877	35.318877	28.891639	28.891639	9.609929		
		43.888529	76.024731	43.888529	26.749227	46.030942	26.749227	50.315768	26.749227	18.179577	31.034052	41.746116	56.743008		
		43.888529	61.027835	88.879216	69.597489	37.46129	22.464402	43.888529	41.746116	58.885421	20.321989	16.037165	26.749227		
		22.464402	28.891639	9.609929	26.749227	63.170248	20.321989	9.609929	26.749227	63.170248	31.034052	48.173355	33.176464		
		61.027835	46.030942	39.603703	24.606814	39.603703	65.312662	69.597489	33.176464	54.600594	43.888529	26.749227	71.739903		
		
2:00	23.90	52.458181	264.557406	86.736802	125.300269	80.309559	163.863757	61.027835	73.882317	103.876118	133.869931	264.557406	52.458181		
		63.170248	20.321989	13.894753	22.464402	24.606814	35.318877	33.176464	22.464402	63.170248	16.037165	11.752341	24.606814		
		37.46129	22.464402	22.464402	18.179577	11.752341	24.606814	31.034052	41.746116	54.600594	50.315768	69.597489	16.037165		
		31.034052	22.464402	26.749227	16.037165	41.746116	35.318877	33.176464	20.321989	50.315768	35.318877	26.749227	20.321989		
		35.318877	22.464402	37.46129	18.179577	67.455076	31.034052	35.318877	39.603703	20.321989	20.321989	24.606814	24.606814		
		26.749227	26.749227	11.752341	31.034052	13.894753	13.894753	35.318877	41.746116	26.749227	7.467517	18.179577	22.464402		
		13.894753	18.179577	9.609929	26.749227	28.891639	35.318877	22.464402	31.034052	52.458181	20.321989	41.746116	22.464402		
		16.037165	22.464402	13.894753	35.318877	20.321989	46.030942	20.321989	35.318877	11.752341	13.894753	16.037165	16.037165		
		
3:00	23.90	356.681507	2169.193559	418.81178	862.294944	375.96331	1267.216736	716.609352	414.526932	917.998336	1305.780835	2458.428421	9509.690536		
		41.746116	18.179577	35.318877	41.746116	24.606814	18.179577	16.037165	28.891639	33.176464	24.606814	16.037165	378.105733		
		39.603703	37.46129	52.458181	54.600594	48.173355	43.888529	43.888529	26.749227	46.030942	26.749227	61.027835	333.114865		
		11.752341	28.891639	24.606814	7.467517	28.891639	31.034052	43.888529	20.321989	13.894753	20.321989	65.312662	217.424191		
		37.46129	28.891639	37.46129	9.609929	31.034052	7.467517	24.606814	13.894753	31.034052	18.179577	28.891639	326.687601		
		16.037165	56.743008	31.034052	35.318877	20.321989	24.606814	28.891639	5.325105	37.46129	7.467517	24.606814	555.927056		
		39.603703	26.749227	46.030942	11.752341	24.606814	33.176464	37.46129	31.034052	33.176464	46.030942	48.173355	153.151675		
		35.318877	28.891639	33.176464	31.034052	33.176464	20.321989	28.891639	24.606814	33.176464	33.176464	43.888529	159.578924		
		
4:00	23.90	1292.926133	8155.520461	1800.688601	3407.555416	1472.892168	4086.735224	3467.545804	1665.713418	4433.826428	4628.798146	8086.955564	1063.684334		
		11.752341	35.318877	58.885421	11.752341	35.318877	11.752341	39.603703	22.464402	16.037165	33.176464	18.179577	58.885421		
		37.46129	52.458181	16.037165	31.034052	24.606814	35.318877	3.182693	18.179577	7.467517	7.467517	16.037165	52.458181		
		24.606814	46.030942	35.318877	43.888529	28.891639	16.037165	11.752341	20.321989	20.321989	13.894753	20.321989	22.464402		
		76.024731	31.034052	28.891639	58.885421	31.034052	41.746116	28.891639	16.037165	9.609929	24.606814	56.743008	24.606814		
		20.321989	37.46129	24.606814	16.037165	50.315768	39.603703	31.034052	13.894753	26.749227	22.464402	20.321989	31.034052		
		37.46129	26.749227	56.743008	24.606814	46.030942	35.318877	39.603703	35.318877	35.318877	24.606814	35.318877	26.749227		
		22.464402	20.321989	16.037165	37.46129	39.603703	9.609929	13.894753	18.179577	39.603703	26.749227	5.325105	7.467517		
		
5:00	23.90	2839.791717	16278.779518	3656.087348	8234.798705	3724.648032	9327.561752	8541.199221	4538.811134	10229.639412	9576.11409	15044.482304	2312.739605		
		39.603703	76.024731	39.603703	35.318877	24.606814	41.746116	5.325105	16.037165	37.46129	7.467517	22.464402	5.325105		
		16.037165	13.894753	11.752341	39.603703	35.318877	22.464402	26.749227	35.318877	18.179577	18.179577	18.179577	35.318877		
		39.603703	54.600594	26.749227	24.606814	13.894753	18.179577	24.606814	11.752341	33.176464	20.321989	11.752341	31.034052		
		11.752341	46.030942	22.464402	22.464402	22.464402	31.034052	5.325105	16.037165	16.037165	20.321989	37.46129	50.315768		
		37.46129	13.894753	26.749227	18.179577	9.609929	22.464402	22.464402	26.749227	13.894753	18.179577	18.179577	20.321989		
		22.464402	28.891639	13.894753	7.467517	20.321989	18.179577	61.027835	22.464402	5.325105	48.173355	9.609929	24.606814		
		52.458181	22.464402	28.891639	20.321989	28.891639	24.606814	39.603703	33.176464	33.176464	7.467517	3.182693	48.173355		
		
6:00	23.80	4793.774627	23955.039571	5732.219453	13030.223198	6342.85792	13645.209107	13364.500602	7741.989415	15183.768259	13422.356464	20159.667604	4795.917182		
		16.037165	9.609929	11.752341	13.894753	26.749227	37.46129	24.606814	37.46129	11.752341	28.891639	22.464402	37.46129		
		9.609929	18.179577	11.752341	28.891639	35.318877	35.318877	11.752341	58.885421	9.609929	16.037165	20.321989	56.743008		
		22.464402	22.464402	1.040281	18.179577	46.030942	9.609929	9.609929	56.743008	52.458181	35.318877	41.746116	80.309559		
		7.467517	26.749227	9.609929	37.46129	26.749227	39.603703	16.037165	16.037165	11.752341	26.749227	22.464402	54.600594		
		43.888529	31.034052	13.894753	22.464402	18.179577	31.034052	3.182693	37.46129	11.752341	48.173355	26.749227	168.14859		
		9.609929	39.603703	31.034052	20.321989	24.606814	31.034052	43.888529	39.603703	16.037165	41.746116	24.606814	97.448874		
		37.46129	50.315768	9.609929	33.176464	9.609929	20.321989	69.597489	9.609929	39.603703	35.318877	31.034052	341.684552		
		
7:00	23.80	6878.509956	28792.231706	7607.003111	16938.794336	8834.744994	16853.077784	17570.95705	10615.329267	20873.293724	16587.357122	24135.062176	6959.929414		
		41.746116	41.746116	28.891639	50.315768	16.037165	11.752341	20.321989	11.752341	76.024731	11.752341	11.752341	9.609929		
		20.321989	33.176464	63.170248	16.037165	1.040281	33.176464	7.467517	22.464402	46.030942	18.179577	33.176464	31.034052		
		24.606814	13.894753	58.885421	33.176464	22.464402	5.325105	24.606814	37.46129	31.034052	31.034052	16.037165	22.464402		
		41.746116	22.464402	20.321989	37.46129	48.173355	52.458181	58.885421	28.891639	9.609929	33.176464	73.882317	73.882317		
		16.037165	18.179577	22.464402	26.749227	18.179577	11.752341	46.030942	39.603703	24.606814	39.603703	61.027835	13.894753		
		13.894753	43.888529	18.179577	5.325105	22.464402	22.464402	7.467517	28.891639	24.606814	13.894753	52.458181	24.606814		
		18.179577	31.034052	16.037165	18.179577	20.321989	13.894753	37.46129	16.037165	20.321989	11.752341	24.606814	95.306459		
		
8:00	23.90	8633.333897	32761.672049	9263.281114	20665.419921	10589.616545	20073.947223	21642.646312	12766.659414	24754.429095	19641.06086	26989.766405	9184.00174		
		28.891639	33.176464	39.603703	50.315768	39.603703	31.034052	39.603703	26.749227	33.176464	22.464402	33.176464	35.318877		
		24.606814	18.179577	26.749227	7.467517	33.176464	18.179577	35.318877	26.749227	11.752341	39.603703	37.46129	18.179577		
		39.603703	5.325105	35.318877	24.606814	37.46129	20.321989	22.464402	13.894753	11.752341	5.325105	43.888529	24.606814		
		86.736802	18.179577	28.891639	20.321989	16.037165	16.037165	26.749227	20.321989	20.321989	13.894753	16.037165	11.752341		
		13.894753	9.609929	5.325105	33.176464	11.752341	24.606814	24.606814	31.034052	28.891639	24.606814	9.609929	37.46129		
		9.609929	13.894753	33.176464	37.46129	31.034052	26.749227	56.743008	16.037165	28.891639	11.752341	20.321989	39.603703		
		39.603703	22.464402	11.752341	13.894753	13.894753	13.894753	13.894753	16.037165	22.464402	31.034052	0	41.746116		
		
9:00	23.90	10332.489838	36960.686107	10375.344226	22855.625559	12642.377638	22967.066372	23183.519212	14815.196781	28706.501063	20806.859763	28584.335074	11123.157388		
		16.037165	37.46129	33.176464	28.891639	20.321989	26.749227	41.746116	39.603703	39.603703	18.179577	31.034052	37.46129		
		37.46129	37.46129	16.037165	31.034052	37.46129	22.464402	63.170248	16.037165	26.749227	22.464402	65.312662	50.315768		
		54.600594	65.312662	50.315768	24.606814	22.464402	28.891639	37.46129	24.606814	20.321989	11.752341	35.318877	11.752341		
		54.600594	16.037165	26.749227	56.743008	43.888529	37.46129	9.609929	39.603703	1.040281	22.464402	46.030942	18.179577		
		16.037165	11.752341	26.749227	33.176464	35.318877	16.037165	5.325105	18.179577	35.318877	35.318877	43.888529	13.894753		
		26.749227	67.455076	46.030942	7.467517	35.318877	39.603703	41.746116	58.885421	16.037165	18.179577	39.603703	37.46129		
		24.606814	20.321989	7.467517	28.891639	18.179577	13.894753	11.752341	13.894753	5.325105	52.458181	22.464402	26.749227		
		
10:00	23.90	12389.52917	38767.687766	11168.154989	25285.931591	14155.2014	23897.175258	25695.27691	16415.924957	32212.967498	22716.324785	29503.799971	23805.021077		
		13.894753	16.037165	13.894753	22.464402	33.176464	22.464402	33.176464	28.891639	35.318877	33.176464	20.321989	3857.484542		
		39.603703	3.182693	18.179577	20.321989	22.464402	52.458181	18.179577	50.315768	22.464402	22.464402	28.891639	917.998336		
		24.606814	13.894753	7.467517	37.46129	31.034052	20.321989	9.609929	20.321989	28.891639	35.318877	46.030942	181.003092		
		41.746116	11.752341	11.752341	28.891639	43.888529	52.458181	43.888529	20.321989	9.609929	9.609929	11.752341	288.124026		
		16.037165	37.46129	16.037165	43.888529	5.325105	28.891639	20.321989	1.040281	18.179577	5.325105	37.46129	395.245119		
		20.321989	33.176464	11.752341	13.894753	18.179577	33.176464	33.176464	20.321989	33.176464	13.894753	3.182693	262.414987		
		16.037165	46.030942	9.609929	22.464402	48.173355	3.182693	24.606814	26.749227	20.321989	9.609929	20.321989	350.25424		
		
11:00	23.80	13923.775879	39153.530285	12115.253869	26554.695323	15515.912774	25609.549949	27107.643258	17493.811473	33443.271798	24156.493468	31006.260847	14129.487417		
		1.040281	20.321989	11.752341	31.034052	33.176464	13.894753	46.030942	7.467517	37.46129	13.894753	41.746116	69.597489		
		11.752341	18.179577	13.894753	16.037165	13.894753	26.749227	22.464402	9.609929	33.176464	18.179577	16.037165	121.015438		
		43.888529	43.888529	39.603703	22.464402	50.315768	24.606814	24.606814	16.037165	28.891639	16.037165	26.749227	82.451973		
		41.746116	20.321989	31.034052	52.458181	33.176464	24.606814	9.609929	26.749227	31.034052	39.603703	35.318877	65.312662		
		26.749227	61.027835	9.609929	35.318877	16.037165	24.606814	37.46129	20.321989	37.46129	22.464402	20.321989	46.030942		
		9.609929	18.179577	33.176464	31.034052	26.749227	18.179577	20.321989	46.030942	31.034052	41.746116	16.037165	80.309559		
		35.318877	41.746116	50.315768	43.888529	9.609929	11.752341	20.321989	18.179577	26.749227	35.318877	24.606814	37.46129		
		
12:00	23.90	14324.485354	41406.463097	13000.224019	27253.38218	16786.647527	26886.892217	28417.160898	18929.589908	35016.548644	23828.595391	31784.294972	15031.625153		
		26.749227	54.600594	22.464402	31.034052	16.037165	39.603703	20.321989	67.455076	26.749227	26.749227	20.321989	39.603703		
		20.321989	20.321989	28.891639	31.034052	9.609929	18.179577	22.464402	13.894753	58.885421	28.891639	24.606814	18.179577		
		16.037165	9.609929	11.752341	24.606814	50.315768	56.743008	5.325105	28.891639	16.037165	31.034052	33.176464	26.749227		
		52.458181	39.603703	28.891639	33.176464	1.040281	48.173355	20.321989	18.179577	22.464402	28.891639	28.891639	11.752341		
		18.179577	35.318877	31.034052	18.179577	28.891639	20.321989	39.603703	28.891639	22.464402	33.176464	20.321989	35.318877		
		22.464402	11.752341	46.030942	7.467517	18.179577	16.037165	67.455076	31.034052	16.037165	20.321989	46.030942	28.891639		
		13.894753	37.46129	24.606814	20.321989	9.609929	39.603703	13.894753	7.467517	39.603703	5.325105	5.325105	28.891639		
		
13:00	23.90	15839.487289	42000.254444	13480.212372	27827.767855	16797.362081	27742.03836	29111.579245	19448.191535	36317.635941	24321.514633	31497.085805	16188.777965		
		22.464402	33.176464	20.321989	39.603703	9.609929	31.034052	63.170248	16.037165	33.176464	18.179577	26.749227	28.891639		
		31.034052	18.179577	22.464402	16.037165	9.609929	18.179577	18.179577	24.606814	24.606814	28.891639	18.179577	28.891639		
		41.746116	26.749227	31.034052	16.037165	26.749227	31.034052	28.891639	24.606814	35.318877	35.318877	22.464402	39.603703		
		33.176464	50.315768	11.752341	20.321989	48.173355	18.179577	22.464402	24.606814	41.746116	26.749227	26.749227	18.179577		
		20.321989	11.752341	18.179577	20.321989	5.325105	26.749227	22.464402	24.606814	22.464402	33.176464	26.749227	28.891639		
		28.891639	18.179577	13.894753	43.888529	16.037165	31.034052	13.894753	35.318877	33.176464	5.325105	18.179577	24.606814		
		26.749227	46.030942	24.606814	26.749227	54.600594	18.179577	37.46129	31.034052	46.030942	31.034052	9.609929	18.179577		
		
14:00	23.90	16379.495674	42289.649111	13921.633053	28747.223106	17195.944602	28087.100201	29452.361066	19418.189686	36797.779523	24398.667515	32159.383293	16216.635577		
		18.179577	13.894753	18.179577	48.173355	48.173355	31.034052	20.321989	9.609929	50.315768	1.040281	18.179577	20.321989		
		37.46129	33.176464	22.464402	13.894753	24.606814	31.034052	13.894753	63.170248	11.752341	26.749227	7.467517	7.467517		
		20.321989	35.318877	18.179577	9.609929	22.464402	28.891639	24.606814	7.467517	28.891639	52.458181	22.464402	20.321989		
		39.603703	26.749227	26.749227	18.179577	26.749227	11.752341	9.609929	18.179577	13.894753	26.749227	22.464402	22.464402		
		18.179577	20.321989	11.752341	24.606814	13.894753	31.034052	3.182693	39.603703	48.173355	7.467517	22.464402	33.176464		
		24.606814	16.037165	22.464402	22.464402	24.606814	9.609929	26.749227	24.606814	18.179577	16.037165	22.464402	28.891639		
		13.894753	35.318877	5.325105	37.46129	67.455076	28.891639	28.891639	3.182693	11.752341	13.894753	33.176464	28.891639		
		
15:00	23.90	17118.799426	41582.241976	14354.485083	27722.749237	17206.659216	27622.017237	29544.522464	19368.900962	37172.89392	24617.267796	30577.595494	16797.362081		
		31.034052	58.885421	24.606814	37.46129	5.325105	26.749227	16.037165	22.464402	35.318877	22.464402	33.176464	16.037165		
		18.179577	24.606814	33.176464	22.464402	50.315768	18.179577	35.318877	33.176464	28.891639	28.891639	52.458181	20.321989		
		7.467517	18.179577	43.888529	18.179577	20.321989	28.891639	20.321989	13.894753	16.037165	37.46129	26.749227	16.037165		
		39.603703	20.321989	16.037165	20.321989	13.894753	22.464402	31.034052	52.458181	18.179577	33.176464	31.034052	18.179577		
		26.749227	18.179577	18.179577	13.894753	39.603703	24.606814	20.321989	24.606814	48.173355	26.749227	0	1.040281		
		20.321989	22.464402	61.027835	58.885421	13.894753	26.749227	37.46129	11.752341	3.182693	18.179577	22.464402	3.182693		
		16.037165	18.179577	39.603703	18.179577	16.037165	18.179577	20.321989	26.749227	26.749227	18.179577	16.037165	35.318877		
		
16:00	23.90	17660.960328	41841.623786	14446.627187	28286.422389	16827.362839	28185.689601	29825.29396	19426.761642	37768.793945	23676.434045	30824.077761	16625.929416		
		26.749227	39.603703	33.176464	3.182693	26.749227	11.752341	24.606814	33.176464	28.891639	56.743008	71.739903	24.606814		
		46.030942	37.46129	20.321989	37.46129	26.749227	26.749227	43.888529	31.034052	37.46129	39.603703	7.467517	20.321989		
		24.606814	35.318877	61.027835	18.179577	7.467517	31.034052	22.464402	11.752341	22.464402	13.894753	9.609929	33.176464		
		24.606814	13.894753	28.891639	20.321989	24.606814	7.467517	26.749227	52.458181	3.182693	0	33.176464	39.603703		
		18.179577	11.752341	11.752341	22.464402	46.030942	16.037165	9.609929	33.176464	22.464402	16.037165	37.46129	20.321989		
		26.749227	9.609929	48.173355	20.321989	28.891639	9.609929	7.467517	54.600594	31.034052	13.894753	20.321989	18.179577		
		26.749227	43.888529	16.037165	22.464402	67.455076	52.458181	16.037165	24.606814	31.034052	22.464402	33.176464	20.321989		
		
17:00	23.90	17570.95705	41498.639773	14039.488547	28097.816433	17150.943239	27622.017237	29585.244979	19178.175346	37509.426782	23192.091615	29883.16303	16703.074064		
		26.749227	20.321989	31.034052	22.464402	24.606814	39.603703	46.030942	28.891639	26.749227	35.318877	9.609929	28.891639		
		24.606814	28.891639	16.037165	56.743008	28.891639	13.894753	24.606814	39.603703	22.464402	63.170248	22.464402	16.037165		
		18.179577	18.179577	18.179577	41.746116	9.609929	11.752341	24.606814	22.464402	35.318877	18.179577	20.321989	11.752341		
		37.46129	39.603703	16.037165	13.894753	11.752341	31.034052	9.609929	33.176464	13.894753	31.034052	22.464402	13.894753		
		56.743008	24.606814	43.888529	22.464402	37.46129	33.176464	11.752341	16.037165	26.749227	24.606814	22.464402	20.321989		
		24.606814	26.749227	39.603703	56.743008	20.321989	11.752341	16.037165	11.752341	3.182693	41.746116	11.752341	37.46129		
		22.464402	11.752341	31.034052	5.325105	16.037165	65.312662	28.891639	33.176464	24.606814	13.894753	11.752341	37.46129		
		
18:00	23.90	18282.414597	40100.996784	14018.060261	27870.632641	17260.232311	27465.56143	28944.403847	19418.189686	37569.445547	22836.337743	29883.16303	16726.646057		
		13.894753	20.321989	20.321989	16.037165	48.173355	3.182693	11.752341	31.034052	13.894753	56.743008	16.037165	9.609929		
		63.170248	33.176464	16.037165	37.46129	13.894753	7.467517	22.464402	16.037165	11.752341	39.603703	20.321989	26.749227		
		9.609929	11.752341	28.891639	31.034052	24.606814	20.321989	26.749227	9.609929	24.606814	24.606814	26.749227	50.315768		
		9.609929	13.894753	31.034052	13.894753	31.034052	31.034052	22.464402	24.606814	26.749227	13.894753	33.176464	26.749227		
		31.034052	11.752341	39.603703	31.034052	26.749227	16.037165	46.030942	16.037165	11.752341	20.321989	31.034052	22.464402		
		65.312662	48.173355	46.030942	13.894753	20.321989	16.037165	61.027835	31.034052	9.609929	22.464402	86.736802	7.467517		
		41.746116	16.037165	37.46129	28.891639	18.179577	24.606814	28.891639	39.603703	0	26.749227	9.609929	37.46129		
		
19:00	23.90	18140.979706	40199.60261	14075.916647	27030.487478	16452.354258	26841.884807	28329.287448	18970.30643	36868.515231	22255.562604	28487.888387	16559.499368		
		33.176464	33.176464	63.170248	50.315768	9.609929	43.888529	16.037165	20.321989	11.752341	46.030942	35.318877	26.749227		
		26.749227	35.318877	26.749227	11.752341	24.606814	31.034052	31.034052	46.030942	20.321989	33.176464	20.321989	9.609929		
		18.179577	26.749227	20.321989	20.321989	18.179577	28.891639	37.46129	43.888529	39.603703	39.603703	18.179577	41.746116		
		11.752341	11.752341	24.606814	24.606814	11.752341	22.464402	31.034052	54.600594	41.746116	35.318877	54.600594	35.318877		
		35.318877	18.179577	24.606814	39.603703	28.891639	33.176464	31.034052	33.176464	39.603703	24.606814	7.467517	37.46129		
		9.609929	9.609929	31.034052	22.464402	24.606814	22.464402	20.321989	11.752341	11.752341	0	11.752341	24.606814		
		26.749227	9.609929	7.467517	11.752341	24.606814	39.603703	13.894753	24.606814	35.318877	16.037165	7.467517	37.46129		
		
20:00	23.90	17922.399057	39104.22807	13619.495305	26490.399327	16113.776757	26250.361447	27787.046332	18155.980363	35938.239033	21496.918729	26612.561769	16094.490745		
		28.891639	22.464402	33.176464	22.464402	63.170248	13.894753	82.451973	20.321989	37.46129	39.603703	20.321989	28.891639		
		13.894753	16.037165	13.894753	35.318877	13.894753	16.037165	18.179577	28.891639	33.176464	31.034052	22.464402	33.176464		
		18.179577	9.609929	11.752341	20.321989	9.609929	28.891639	16.037165	56.743008	11.752341	20.321989	3.182693	46.030942		
		20.321989	24.606814	7.467517	18.179577	7.467517	7.467517	16.037165	9.609929	20.321989	26.749227	37.46129	24.606814		
		33.176464	39.603703	26.749227	9.609929	11.752341	26.749227	37.46129	43.888529	11.752341	22.464402	65.312662	28.891639		
		24.606814	16.037165	33.176464	39.603703	33.176464	11.752341	11.752341	80.309559	7.467517	39.603703	11.752341	16.037165		
		22.464402	39.603703	24.606814	3.182693	22.464402	35.318877	7.467517	58.885421	58.885421	28.891639	16.037165	18.179577		
		
21:00	23.90	17508.811995	37933.846262	13362.357793	25849.585696	16025.918298	24996.605149	26228.929532	17213.087985	35683.165398	20491.835039	26014.610736	15470.91246		
		18.179577	33.176464	11.752341	31.034052	1.040281	18.179577	16.037165	20.321989	28.891639	52.458181	16.037165	24.606814		
		1.040281	28.891639	3.182693	28.891639	28.891639	22.464402	26.749227	22.464402	9.609929	41.746116	33.176464	28.891639		
		22.464402	35.318877	28.891639	22.464402	31.034052	20.321989	22.464402	28.891639	26.749227	24.606814	1.040281	41.746116		
		13.894753	20.321989	26.749227	24.606814	33.176464	28.891639	5.325105	35.318877	33.176464	0	46.030942	5.325105		
		16.037165	46.030942	16.037165	50.315768	7.467517	26.749227	35.318877	24.606814	13.894753	39.603703	5.325105	18.179577		
		20.321989	31.034052	9.609929	65.312662	22.464402	26.749227	33.176464	39.603703	13.894753	33.176464	20.321989	41.746116		
		43.888529	20.321989	46.030942	13.894753	11.752341	56.743008	24.606814	39.603703	24.606814	11.752341	39.603703	9.609929		
		
22:00	23.90	17255.946462	36832.075615	12730.231974	24201.499203	15440.912266	24546.544103	25390.946661	16527.355818	34024.137045	19795.356692	24237.932438	15173.053945		
		20.321989	13.894753	41.746116	16.037165	54.600594	13.894753	18.179577	26.749227	3.182693	7.467517	33.176464	28.891639		
		22.464402	35.318877	13.894753	26.749227	52.458181	35.318877	9.609929	31.034052	67.455076	24.606814	18.179577	13.894753		
		16.037165	22.464402	41.746116	16.037165	26.749227	1.040281	20.321989	31.034052	54.600594	22.464402	22.464402	31.034052		
		37.46129	63.170248	13.894753	5.325105	41.746116	35.318877	28.891639	28.891639	28.891639	52.458181	31.034052	24.606814		
		28.891639	28.891639	18.179577	22.464402	22.464402	20.321989	43.888529	37.46129	31.034052	0	5.325105	18.179577		
		41.746116	5.325105	9.609929	16.037165	33.176464	46.030942	18.179577	33.176464	7.467517	1.040281	13.894753	22.464402		
		7.467517	16.037165	18.179577	20.321989	22.464402	20.321989	31.034052	18.179577	16.037165	20.321989	26.749227	28.891639		
		
23:00	23.90	17213.087985	35215.889985	12494.52546	23494.269475	15074.482333	24017.190181	24265.793159	15987.346326	32470.172237	18515.997069	21874.096607	13797.349287		
		35.318877	11.752341	22.464402	43.888529	7.467517	18.179577	9.609929	16.037165	26.749227	20.321989	31.034052	33.176464		
		37.46129	11.752341	9.609929	13.894753	24.606814	18.179577	41.746116	3.182693	20.321989	39.603703	26.749227	41.746116		
		22.464402	24.606814	24.606814	18.179577	13.894753	31.034052	9.609929	31.034052	22.464402	16.037165	35.318877	58.885421		
		46.030942	28.891639	24.606814	20.321989	28.891639	16.037165	11.752341	13.894753	13.894753	18.179577	46.030942	11.752341		
		16.037165	18.179577	13.894753	50.315768	28.891639	3.182693	16.037165	18.179577	18.179577	84.594387	3.182693	46.030942		
		24.606814	31.034052	16.037165	22.464402	50.315768	13.894753	58.885421	24.606814	16.037165	28.891639	20.321989	58.885421		
		5.325105	20.321989	5.325105	26.749227	7.467517	13.894753	35.318877	24.606814	31.034052	22.464402	16.037165	18.179577		
		
24:00	23.90	16793.076259	33175.3466	12428.099218	22615.599778	14363.056437	22701.323179	22362.716337	15378.769047	31351.338308	17618.10161	20193.955784	14033.06006		
		22.464402	41.746116	37.46129	16.037165	24.606814	26.749227	31.034052	33.176464	24.606814	3.182693	41.746116	20.321989		
		13.894753	16.037165	16.037165	13.894753	31.034052	16.037165	11.752341	20.321989	7.467517	22.464402	26.749227	18.179577		
		7.467517	16.037165	24.606814	7.467517	20.321989	24.606814	7.467517	16.037165	33.176464	20.321989	41.746116	41.746116		
		28.891639	31.034052	39.603703	33.176464	61.027835	22.464402	54.600594	16.037165	18.179577	33.176464	18.179577	13.894753		
		9.609929	22.464402	28.891639	56.743008	35.318877	18.179577	16.037165	33.176464	35.318877	9.609929	18.179577	20.321989		
		43.888529	20.321989	13.894753	22.464402	31.034052	41.746116	31.034052	43.888529	39.603703	13.894753	24.606814	48.173355		
		5.325105	9.609929	33.176464	20.321989	13.894753	1.040281	28.891639	1.040281	26.749227	11.752341	3.182693	16.037165		
		
25:00	23.90	15273.768557	31610.683324	11723.127711	21424.055048	13705.208013	21231.180954	21646.932421	14750.911251	30414.703328	16810.219547	19094.599112	13036.651595		
		22.464402	16.037165	31.034052	16.037165	28.891639	39.603703	33.176464	26.749227	35.318877	35.318877	7.467517	86.736802		
		13.894753	16.037165	31.034052	16.037165	84.594387	52.458181	24.606814	28.891639	26.749227	11.752341	48.173355	3.182693		
		9.609929	26.749227	37.46129	41.746116	26.749227	28.891639	7.467517	46.030942	5.325105	28.891639	20.321989	18.179577		
		9.609929	39.603703	46.030942	26.749227	22.464402	1.040281	37.46129	35.318877	13.894753	7.467517	22.464402	39.603703		
		50.315768	5.325105	28.891639	18.179577	37.46129	0	18.179577	24.606814	33.176464	33.176464	11.752341	7.467517		
		31.034052	43.888529	16.037165	46.030942	35.318877	3.182693	24.606814	24.606814	5.325105	20.321989	26.749227	24.606814		
		16.037165	24.606814	20.321989	13.894753	22.464402	43.888529	31.034052	20.321989	13.894753	22.464402	9.609929	18.179577		
		
26:00	23.90	15151.625322	30202.515401	11223.866344	19836.073702	13013.080808	20290.39138	19838.216703	13647.351924	28871.532641	16265.922146	17740.249022	12260.962493		
		18.179577	20.321989	22.464402	20.321989	26.749227	20.321989	20.321989	39.603703	13.894753	5.325105	9.609929	43.888529		
		33.176464	16.037165	37.46129	33.176464	20.321989	24.606814	37.46129	1.040281	7.467517	18.179577	37.46129	20.321989		
		35.318877	48.173355	24.606814	24.606814	28.891639	46.030942	24.606814	43.888529	33.176464	13.894753	50.315768	35.318877		
		43.888529	7.467517	37.46129	33.176464	11.752341	33.176464	31.034052	37.46129	31.034052	37.46129	28.891639	20.321989		
		22.464402	24.606814	13.894753	39.603703	24.606814	33.176464	24.606814	28.891639	28.891639	22.464402	22.464402	31.034052		
		28.891639	20.321989	31.034052	43.888529	31.034052	18.179577	24.606814	43.888529	24.606814	18.179577	39.603703	28.891639		
		16.037165	31.034052	48.173355	9.609929	28.891639	13.894753	31.034052	28.891639	9.609929	35.318877	24.606814	9.609929		
		
27:00	23.90	14498.055389	27913.497453	10546.762031	18475.280804	12168.823182	19422.475664	18346.703275	12715.232446	26893.32185	15016.625146	15595.19911	11656.702179		
		7.467517	11.752341	20.321989	39.603703	22.464402	50.315768	13.894753	9.609929	16.037165	28.891639	26.749227	16.037165		
		67.455076	24.606814	31.034052	16.037165	48.173355	13.894753	50.315768	11.752341	20.321989	11.752341	35.318877	22.464402		
		50.315768	9.609929	35.318877	16.037165	9.609929	5.325105	37.46129	35.318877	26.749227	28.891639	22.464402	26.749227		
		35.318877	3.182693	58.885421	11.752341	5.325105	22.464402	37.46129	22.464402	24.606814	20.321989	35.318877	22.464402		
		11.752341	22.464402	33.176464	20.321989	11.752341	22.464402	46.030942	20.321989	26.749227	35.318877	7.467517	26.749227		
		24.606814	35.318877	16.037165	13.894753	22.464402	20.321989	22.464402	18.179577	16.037165	39.603703	26.749227	24.606814		
		31.034052	48.173355	24.606814	13.894753	26.749227	35.318877	22.464402	22.464402	18.179577	31.034052	37.46129	28.891639		
		
28:00	23.90	14123.058922	26503.258522	9492.548984	17183.087067	11405.999918	16925.936847	16885.221479	11933.118503	25513.10724	14228.057736	14230.200571	11234.580071		
		9.609929	33.176464	9.609929	22.464402	9.609929	26.749227	43.888529	54.600594	31.034052	33.176464	18.179577	7.467517		
		33.176464	24.606814	39.603703	16.037165	7.467517	5.325105	28.891639	22.464402	5.325105	22.464402	20.321989	39.603703		
		16.037165	43.888529	7.467517	20.321989	26.749227	16.037165	33.176464	24.606814	41.746116	5.325105	41.746116	28.891639		
		24.606814	22.464402	24.606814	16.037165	7.467517	18.179577	7.467517	0	9.609929	22.464402	5.325105	9.609929		
		5.325105	46.030942	43.888529	13.894753	26.749227	28.891639	11.752341	33.176464	22.464402	20.321989	37.46129	11.752341		
		28.891639	31.034052	11.752341	31.034052	5.325105	22.464402	41.746116	20.321989	18.179577	16.037165	20.321989	26.749227		
		22.464402	28.891639	7.467517	54.600594	20.321989	18.179577	65.312662	18.179577	20.321989	26.749227	1.040281	39.603703		
		
29:00	23.90	13343.072517	24910.879019	9070.439545	15850.201702	10806.032235	16038.775627	15252.339904	11260.293022	23770.731179	13330.215669	12473.097634	10379.629666		
		41.746116	61.027835	7.467517	39.603703	11.752341	7.467517	11.752341	26.749227	11.752341	26.749227	37.46129	22.464402		
		28.891639	22.464402	18.179577	20.321989	16.037165	9.609929	18.179577	35.318877	7.467517	31.034052	37.46129	20.321989		
		28.891639	22.464402	20.321989	13.894753	35.318877	18.179577	22.464402	48.173355	84.594387	56.743008	26.749227	33.176464		
		24.606814	22.464402	18.179577	9.609929	9.609929	0	11.752341	11.752341	18.179577	33.176464	31.034052	16.037165		
		41.746116	13.894753	37.46129	31.034052	18.179577	1.040281	20.321989	20.321989	58.885421	11.752341	13.894753	39.603703		
		13.894753	22.464402	9.609929	35.318877	24.606814	20.321989	7.467517	13.894753	28.891639	24.606814	0	24.606814		
		26.749227	7.467517	33.176464	9.609929	5.325105	35.318877	13.894753	31.034052	56.743008	3.182693	28.891639	33.176464		
		
30:00	23.90	12308.103581	22328.427125	8284.079819	14210.915062	10362.487907	15498.769794	13733.064665	10285.350041	22030.540283	12434.527562	10891.741598	9087.580997		
		20.321989	9.609929	33.176464	24.606814	1.040281	20.321989	9.609929	16.037165	18.179577	13.894753	22.464402	18.179577		
		35.318877	20.321989	9.609929	22.464402	5.325105	20.321989	61.027835	0	11.752341	31.034052	37.46129	20.321989		
		7.467517	16.037165	9.609929	22.464402	16.037165	20.321989	20.321989	73.882317	16.037165	26.749227	35.318877	24.606814		
		7.467517	1.040281	26.749227	3.182693	11.752341	11.752341	3.182693	9.609929	20.321989	37.46129	37.46129	35.318877		
		28.891639	9.609929	16.037165	11.752341	18.179577	28.891639	9.609929	20.321989	3.182693	20.321989	26.749227	24.606814		
		54.600594	33.176464	28.891639	24.606814	13.894753	7.467517	33.176464	28.891639	9.609929	28.891639	18.179577	3.182693		
		24.606814	16.037165	20.321989	16.037165	1.040281	9.609929	63.170248	5.325105	13.894753	24.606814	18.179577	33.176464		
		
31:00	23.90	12044.542437	20264.675208	7994.821587	12511.667726	9524.689398	14200.200893	12535.238349	9794.66944	20650.418742	11540.993335	9406.841284	8541.199221		
		9.609929	28.891639	26.749227	18.179577	18.179577	54.600594	26.749227	11.752341	20.321989	26.749227	33.176464	20.321989		
		20.321989	11.752341	28.891639	13.894753	41.746116	20.321989	20.321989	13.894753	9.609929	11.752341	24.606814	24.606814		
		24.606814	3.182693	28.891639	26.749227	26.749227	22.464402	31.034052	28.891639	18.179577	33.176464	26.749227	13.894753		
		5.325105	33.176464	11.752341	28.891639	26.749227	52.458181	18.179577	20.321989	20.321989	28.891639	28.891639	35.318877		
		26.749227	9.609929	46.030942	9.609929	24.606814	86.736802	24.606814	26.749227	5.325105	16.037165	24.606814	46.030942		
		20.321989	37.46129	28.891639	37.46129	20.321989	11.752341	41.746116	24.606814	31.034052	18.179577	11.752341	48.173355		
		7.467517	9.609929	13.894753	26.749227	26.749227	11.752341	22.464402	22.464402	1.040281	24.606814	41.746116	24.606814		
		
32:00	23.90	11187.439684	18805.29751	7343.459149	11755.269119	8652.617914	12477.383199	11352.431172	8886.169194	18301.701194	10529.620232	8144.807192	7879.118619		
		22.464402	9.609929	20.321989	3.182693	18.179577	28.891639	33.176464	24.606814	26.749227	31.034052	13.894753	24.606814		
		20.321989	28.891639	7.467517	33.176464	46.030942	41.746116	39.603703	13.894753	16.037165	28.891639	20.321989	26.749227		
		5.325105	11.752341	31.034052	35.318877	20.321989	3.182693	11.752341	54.600594	16.037165	5.325105	18.179577	11.752341		
		39.603703	24.606814	18.179577	24.606814	16.037165	58.885421	26.749227	16.037165	16.037165	28.891639	35.318877	46.030942		
		18.179577	16.037165	24.606814	9.609929	31.034052	33.176464	9.609929	0	50.315768	7.467517	9.609929	22.464402		
		41.746116	24.606814	31.034052	16.037165	24.606814	16.037165	9.609929	80.309559	26.749227	11.752341	28.891639	7.467517		
		7.467517	28.891639	37.46129	33.176464	7.467517	31.034052	16.037165	35.318877	16.037165	39.603703	18.179577	16.037165		
		
33:00	23.90	9948.944204	16910.936445	6518.55135	10966.737375	8374.071505	11802.409877	9974.656696	8232.656048	17037.368496	9899.661952	7244.89824	7262.039258		
		35.318877	61.027835	3.182693	35.318877	13.894753	11.752341	20.321989	16.037165	37.46129	48.173355	33.176464	3.182693		
		28.891639	24.606814	5.325105	13.894753	24.606814	7.467517	18.179577	65.312662	67.455076	65.312662	20.321989	37.46129		
		11.752341	7.467517	28.891639	35.318877	63.170248	1.040281	24.606814	9.609929	22.464402	9.609929	88.879216	69.597489		
		16.037165	28.891639	13.894753	24.606814	28.891639	39.603703	22.464402	9.609929	39.603703	18.179577	22.464402	9.609929		
		50.315768	31.034052	9.609929	26.749227	20.321989	37.46129	20.321989	16.037165	9.609929	16.037165	26.749227	63.170248		
		9.609929	5.325105	11.752341	24.606814	22.464402	13.894753	7.467517	16.037165	18.179577	11.752341	26.749227	84.594387		
		1.040281	7.467517	20.321989	35.318877	26.749227	26.749227	16.037165	20.321989	31.034052	7.467517	20.321989	1.040281		
		
34:00	23.90	9428.268199	15668.056902	5871.48742	9083.295633	7448.448092	10683.896568	8766.179451	7551.294551	15668.056902	8956.877529	6287.150337	6535.692195		
		41.746116	48.173355	16.037165	56.743008	35.318877	11.752341	28.891639	16.037165	31.034052	13.894753	9.609929	28.891639		
		11.752341	1.040281	16.037165	16.037165	18.179577	7.467517	18.179577	7.467517	3.182693	31.034052	13.894753	26.749227		
		20.321989	11.752341	35.318877	3.182693	16.037165	11.752341	13.894753	61.027835	9.609929	13.894753	97.448874	50.315768		
		35.318877	33.176464	20.321989	37.46129	26.749227	11.752341	22.464402	9.609929	26.749227	7.467517	56.743008	9.609929		
		37.46129	22.464402	16.037165	5.325105	24.606814	20.321989	31.034052	22.464402	11.752341	52.458181	24.606814	46.030942		
		46.030942	22.464402	22.464402	9.609929	20.321989	22.464402	20.321989	28.891639	18.179577	13.894753	33.176464	13.894753		
		48.173355	26.749227	35.318877	5.325105	33.176464	63.170248	35.318877	13.894753	24.606814	13.894753	31.034052	13.894753		
		
35:00	23.90	8603.336548	14101.630611	5498.678389	8534.771225	6756.380942	9612.539936	7778.414335	6953.501559	14275.200111	8359.072883	5203.003632	5845.776391		
		11.752341	9.609929	41.746116	9.609929	5.325105	39.603703	7.467517	22.464402	11.752341	58.885421	31.034052	11.752341		
		7.467517	28.891639	7.467517	24.606814	16.037165	22.464402	39.603703	28.891639	0	11.752341	5.325105	11.752341		
		16.037165	24.606814	0	22.464402	0	16.037165	13.894753	26.749227	24.606814	9.609929	16.037165	16.037165		
		28.891639	41.746116	7.467517	48.173355	18.179577	31.034052	9.609929	33.176464	20.321989	31.034052	5.325105	7.467517		
		22.464402	5.325105	56.743008	13.894753	31.034052	16.037165	37.46129	13.894753	5.325105	24.606814	63.170248	11.752341		
		26.749227	18.179577	5.325105	11.752341	7.467517	24.606814	31.034052	20.321989	16.037165	18.179577	22.464402	24.606814		
		24.606814	7.467517	9.609929	13.894753	5.325105	22.464402	3.182693	5.325105	20.321989	18.179577	5.325105	22.464402		
		
36:00	23.90	7947.683318	12310.246359	5078.734893	7476.302327	6154.309351	9081.152952	7287.750793	6655.678226	12563.094549	7238.47036	4618.085401	5539.387328		
		26.749227	9.609929	26.749227	22.464402	39.603703	18.179577	13.894753	11.752341	22.464402	33.176464	1.040281	33.176464		
		16.037165	18.179577	16.037165	24.606814	3.182693	16.037165	13.894753	33.176464	22.464402	31.034052	18.179577	33.176464		
		9.609929	9.609929	37.46129	7.467517	24.606814	28.891639	37.46129	22.464402	52.458181	16.037165	22.464402	9.609929		
		5.325105	39.603703	7.467517	56.743008	33.176464	22.464402	1.040281	3.182693	20.321989	13.894753	13.894753	35.318877		
		20.321989	5.325105	28.891639	5.325105	33.176464	26.749227	9.609929	33.176464	31.034052	16.037165	11.752341	11.752341		
		20.321989	1.040281	54.600594	13.894753	16.037165	20.321989	46.030942	20.321989	73.882317	5.325105	35.318877	11.752341		
		16.037165	13.894753	20.321989	20.321989	16.037165	22.464402	16.037165	46.030942	16.037165	48.173355	16.037165	18.179577		
		
37:00	24.00	7238.47036	11476.710724	4303.131396	6895.650887	5520.104144	7675.567551	6372.854329	5918.624332	11318.147196	7019.922758	4279.563464	4898.759857		
		11.752341	3.182693	5.325105	31.034052	11.752341	26.749227	11.752341	28.891639	20.321989	9.609929	20.321989	11.752341		
		22.464402	26.749227	41.746116	16.037165	37.46129	7.467517	18.179577	16.037165	13.894753	9.609929	9.609929	22.464402		
		18.179577	20.321989	20.321989	24.606814	22.464402	46.030942	48.173355	11.752341	3.182693	16.037165	24.606814	26.749227		
		41.746116	22.464402	37.46129	22.464402	16.037165	33.176464	13.894753	22.464402	24.606814	1.040281	9.609929	58.885421		
		20.321989	16.037165	20.321989	1.040281	18.179577	11.752341	35.318877	7.467517	20.321989	18.179577	18.179577	16.037165		
		26.749227	35.318877	9.609929	26.749227	24.606814	37.46129	22.464402	7.467517	3.182693	5.325105	13.894753	43.888529		
		22.464402	28.891639	9.609929	39.603703	11.752341	33.176464	41.746116	5.325105	16.037165	9.609929	9.609929	11.752341		
		
38:00	23.90	6623.539091	10049.651519	3846.771911	5661.514281	4928.755665	7326.318112	5337.985436	5385.121999	10523.192058	5970.046452	3593.954285	4680.219347		
		7.467517	26.749227	13.894753	28.891639	13.894753	24.606814	48.173355	13.894753	16.037165	26.749227	9.609929	31.034052		
		11.752341	56.743008	35.318877	9.609929	35.318877	24.606814	22.464402	5.325105	18.179577	7.467517	13.894753	20.321989		
		13.894753	33.176464	22.464402	28.891639	9.609929	20.321989	48.173355	22.464402	28.891639	22.464402	22.464402	13.894753		
		22.464402	46.030942	24.606814	35.318877	31.034052	11.752341	3.182693	11.752341	50.315768	54.600594	3.182693	20.321989		
		20.321989	20.321989	33.176464	9.609929	1.040281	24.606814	41.746116	16.037165	22.464402	13.894753	5.325105	16.037165		
		43.888529	20.321989	16.037165	11.752341	28.891639	5.325105	3.182693	46.030942	16.037165	16.037165	43.888529	24.606814		
		52.458181	20.321989	16.037165	5.325105	58.885421	11.752341	20.321989	50.315768	26.749227	43.888529	35.318877	28.891639		
		
39:00	24.00	5693.652987	8989.017704	3353.992612	5106.588212	4776.634196	6797.09059	5277.993492	4915.900318	9076.867589	5528.674447	3081.894181	3953.898291		
		20.321989	18.179577	35.318877	33.176464	9.609929	18.179577	33.176464	35.318877	52.458181	26.749227	11.752341	46.030942		
		33.176464	16.037165	22.464402	20.321989	13.894753	31.034052	9.609929	24.606814	54.600594	46.030942	48.173355	46.030942		
		28.891639	24.606814	13.894753	1.040281	28.891639	35.318877	35.318877	5.325105	33.176464	1.040281	7.467517	22.464402		
		20.321989	20.321989	26.749227	7.467517	9.609929	31.034052	7.467517	35.318877	20.321989	48.173355	22.464402	58.885421		
		3.182693	33.176464	3.182693	22.464402	7.467517	39.603703	13.894753	3.182693	18.179577	24.606814	5.325105	1.040281		
		33.176464	37.46129	39.603703	7.467517	31.034052	22.464402	31.034052	18.179577	9.609929	31.034052	18.179577	26.749227		
		37.46129	13.894753	13.894753	9.609929	54.600594	16.037165	20.321989	26.749227	7.467517	31.034052	16.037165	22.464402		
		
40:00	24.00	5310.132027	7966.967151	3163.309352	4622.370499	4408.115911	5886.485525	4350.267282	4440.254059	8389.070131	5209.431331	2490.5657	3821.061603		
		82.451973	37.46129	18.179577	9.609929	9.609929	22.464402	20.321989	11.752341	9.609929	26.749227	13.894753	35.318877		
		13.894753	16.037165	13.894753	31.034052	46.030942	5.325105	16.037165	18.179577	33.176464	35.318877	22.464402	16.037165		
		22.464402	1.040281	37.46129	5.325105	33.176464	20.321989	31.034052	3.182693	26.749227	11.752341	18.179577	5.325105		
		20.321989	11.752341	16.037165	18.179577	7.467517	3.182693	9.609929	13.894753	16.037165	20.321989	20.321989	3.182693		
		31.034052	7.467517	9.609929	24.606814	13.894753	5.325105	82.451973	18.179577	35.318877	7.467517	24.606814	13.894753		
		16.037165	13.894753	11.752341	16.037165	13.894753	11.752341	9.609929	22.464402	24.606814	16.037165	9.609929	9.609929		
		24.606814	9.609929	24.606814	35.318877	37.46129	13.894753	3.182693	11.752341	22.464402	16.037165	18.179577	50.315768		
		
41:00	24.00	5130.156414	6994.211318	2719.812035	3988.178766	3908.905192	5277.993492	3857.484542	3737.503167	7405.595444	4628.798146	2126.344048	2985.481598		
		5.325105	7.467517	16.037165	13.894753	41.746116	50.315768	20.321989	18.179577	28.891639	18.179577	11.752341	28.891639		
		31.034052	16.037165	37.46129	22.464402	20.321989	11.752341	20.321989	18.179577	20.321989	0	18.179577	7.467517		
		31.034052	5.325105	11.752341	24.606814	20.321989	28.891639	28.891639	31.034052	9.609929	39.603703	11.752341	22.464402		
		0	16.037165	33.176464	26.749227	3.182693	26.749227	5.325105	35.318877	13.894753	18.179577	13.894753	16.037165		
		13.894753	39.603703	7.467517	20.321989	33.176464	26.749227	11.752341	24.606814	20.321989	0	13.894753	24.606814		
		20.321989	11.752341	16.037165	11.752341	18.179577	11.752341	26.749227	31.034052	11.752341	5.325105	41.746116	9.609929		
		35.318877	9.609929	43.888529	20.321989	18.179577	26.749227	37.46129	28.891639	22.464402	5.325105	5.325105	43.888529		
		
42:00	24.00	4588.089722	6698.530428	2490.5657	3482.543409	3752.500828	4710.215064	3388.272802	3694.652724	6925.647526	4249.567926	1972.086021	2691.959638		
		20.321989	41.746116	22.464402	18.179577	9.609929	20.321989	24.606814	3.182693	24.606814	1.040281	20.321989	11.752341		
		24.606814	33.176464	18.179577	13.894753	7.467517	35.318877	28.891639	22.464402	7.467517	11.752341	31.034052	13.894753		
		18.179577	39.603703	13.894753	18.179577	5.325105	22.464402	43.888529	16.037165	5.325105	31.034052	18.179577	24.606814		
		13.894753	22.464402	13.894753	67.455076	22.464402	28.891639	5.325105	46.030942	7.467517	41.746116	5.325105	11.752341		
		13.894753	16.037165	16.037165	0	41.746116	5.325105	22.464402	11.752341	58.885421	31.034052	61.027835	22.464402		
		16.037165	13.894753	20.321989	18.179577	7.467517	18.179577	26.749227	7.467517	26.749227	28.891639	41.746116	20.321989		
		7.467517	24.606814	24.606814	54.600594	7.467517	39.603703	7.467517	20.321989	9.609929	18.179577	50.315768	46.030942		
		
43:00	24.00	4270.993309	5682.940083	2119.916624	3135.456783	3360.420146	4335.269496	3182.591906	3401.127877	5826.493125	3900.335081	1706.420193	2473.425816		
		11.752341	56.743008	63.170248	20.321989	11.752341	31.034052	28.891639	16.037165	11.752341	22.464402	20.321989	11.752341		
		22.464402	16.037165	22.464402	35.318877	26.749227	9.609929	20.321989	7.467517	35.318877	11.752341	9.609929	31.034052		
		16.037165	26.749227	3.182693	9.609929	5.325105	16.037165	20.321989	7.467517	13.894753	9.609929	26.749227	7.467517		
		22.464402	1.040281	9.609929	33.176464	41.746116	24.606814	13.894753	20.321989	28.891639	20.321989	9.609929	5.325105		
		11.752341	31.034052	31.034052	9.609929	35.318877	22.464402	24.606814	5.325105	22.464402	16.037165	58.885421	22.464402		
		11.752341	7.467517	20.321989	71.739903	11.752341	63.170248	13.894753	24.606814	18.179577	37.46129	24.606814	48.173355		
		31.034052	18.179577	48.173355	24.606814	35.318877	18.179577	22.464402	13.894753	1.040281	22.464402	20.321989	16.037165		
		
44:00	24.00	3731.075599	5095.875396	1963.516141	2801.226797	3066.89666	3973.181056	2721.954528	3109.746729	5447.256605	3503.968564	1374.339284	2184.190894		
		43.888529	13.894753	35.318877	22.464402	16.037165	0	16.037165	13.894753	28.891639	20.321989	52.458181	54.600594		
		20.321989	22.464402	35.318877	16.037165	22.464402	7.467517	1.040281	24.606814	16.037165	20.321989	11.752341	22.464402		
		18.179577	26.749227	26.749227	24.606814	22.464402	26.749227	33.176464	13.894753	18.179577	11.752341	13.894753	9.609929		
		41.746116	7.467517	16.037165	18.179577	41.746116	20.321989	7.467517	9.609929	13.894753	16.037165	16.037165	22.464402		
		35.318877	9.609929	9.609929	20.321989	26.749227	37.46129	13.894753	50.315768	28.891639	3.182693	13.894753	18.179577		
		9.609929	9.609929	1.040281	7.467517	20.321989	41.746116	18.179577	33.176464	9.609929	13.894753	28.891639	16.037165		
		35.318877	9.609929	18.179577	11.752341	5.325105	26.749227	11.752341	24.606814	3.182693	35.318877	5.325105	20.321989		
		
45:00	24.00	3360.420146	4675.934245	1535.023404	2475.568301	2799.084302	3555.388962	2404.866322	2743.379457	4851.623613	3413.982955	1220.082865	2199.188232		
		11.752341	18.179577	28.891639	31.034052	13.894753	39.603703	41.746116	24.606814	20.321989	22.464402	31.034052	22.464402		
		11.752341	16.037165	1.040281	13.894753	5.325105	3.182693	11.752341	22.464402	16.037165	48.173355	11.752341	20.321989		
		11.752341	31.034052	7.467517	20.321989	7.467517	28.891639	24.606814	5.325105	11.752341	24.606814	26.749227	0		
		48.173355	20.321989	16.037165	37.46129	58.885421	22.464402	26.749227	18.179577	0	5.325105	22.464402	39.603703		
		7.467517	7.467517	22.464402	24.606814	71.739903	13.894753	13.894753	11.752341	16.037165	13.894753	11.752341	7.467517		
		18.179577	28.891639	37.46129	33.176464	16.037165	18.179577	33.176464	39.603703	9.609929	35.318877	48.173355	26.749227		
		35.318877	7.467517	9.609929	16.037165	11.752341	22.464402	9.609929	41.746116	11.752341	35.318877	20.321989	16.037165		
		
46:00	24.00	3390.415314	3915.332776	1492.17427	2252.750178	2496.993157	3060.469152	2269.890009	2612.687489	4455.251866	2940.489103	958.704688	1862.820119		
		5.325105	50.315768	28.891639	18.179577	48.173355	18.179577	1.040281	11.752341	26.749227	9.609929	39.603703	26.749227		
		24.606814	20.321989	9.609929	28.891639	9.609929	13.894753	24.606814	11.752341	9.609929	31.034052	20.321989	52.458181		
		7.467517	13.894753	41.746116	11.752341	9.609929	39.603703	26.749227	11.752341	16.037165	33.176464	24.606814	16.037165		
		13.894753	9.609929	41.746116	18.179577	20.321989	1.040281	3.182693	18.179577	28.891639	37.46129	13.894753	16.037165		
		50.315768	5.325105	41.746116	11.752341	11.752341	7.467517	22.464402	0	33.176464	1.040281	39.603703	9.609929		
		3.182693	11.752341	33.176464	9.609929	20.321989	1.040281	22.464402	5.325105	35.318877	13.894753	9.609929	26.749227		
		20.321989	11.752341	48.173355	28.891639	48.173355	22.464402	16.037165	9.609929	11.752341	28.891639	43.888529	13.894753		
		
47:00	24.00	2987.624098	3523.251209	1376.481736	2145.626325	2231.325395	2659.82227	1935.664035	2203.473186	3673.227513	2580.550156	911.571019	1804.973531		
		58.885421	26.749227	24.606814	35.318877	31.034052	16.037165	22.464402	48.173355	28.891639	9.609929	20.321989	7.467517		
		20.321989	13.894753	24.606814	18.179577	39.603703	20.321989	20.321989	5.325105	48.173355	20.321989	3.182693	9.609929		
		13.894753	28.891639	24.606814	28.891639	43.888529	28.891639	13.894753	28.891639	11.752341	11.752341	1.040281	37.46129		
		33.176464	24.606814	13.894753	9.609929	22.464402	58.885421	46.030942	20.321989	11.752341	9.609929	33.176464	13.894753		
		3.182693	48.173355	28.891639	11.752341	13.894753	24.606814	33.176464	9.609929	31.034052	33.176464	9.609929	31.034052		
		13.894753	69.597489	11.752341	7.467517	43.888529	22.464402	22.464402	11.752341	46.030942	33.176464	26.749227	13.894753		
		26.749227	56.743008	69.597489	22.464402	26.749227	16.037165	39.603703	7.467517	28.891639	3.182693	26.749227	26.749227		
		
48:00	24.00	2704.814589	2865.501674	1200.800836	1920.666752	2055.642412	2368.444118	1682.85311	2025.647799	3336.852523	2486.280728	813.018902	1550.020606		
		11.752341	22.464402	20.321989	48.173355	13.894753	13.894753	35.318877	16.037165	35.318877	18.179577	20.321989	26.749227		
		16.037165	26.749227	5.325105	13.894753	13.894753	37.46129	41.746116	7.467517	41.746116	9.609929	20.321989	37.46129		
		31.034052	5.325105	18.179577	18.179577	13.894753	22.464402	43.888529	5.325105	16.037165	18.179577	5.325105	16.037165		
		24.606814	33.176464	35.318877	20.321989	9.609929	22.464402	58.885421	13.894753	11.752341	11.752341	16.037165	5.325105		
		41.746116	41.746116	11.752341	16.037165	11.752341	9.609929	9.609929	35.318877	0	48.173355	0	16.037165		
		37.46129	20.321989	31.034052	22.464402	52.458181	28.891639	9.609929	11.752341	22.464402	18.179577	5.325105	9.609929		
		9.609929	16.037165	11.752341	33.176464	18.179577	13.894753	18.179577	43.888529	24.606814	5.325105	39.603703	33.176464		
		
49:00	24.00	2475.568301	2524.845479	1149.382117	1714.990043	1918.524284	2244.180264	1507.171464	1916.381815	2998.336602	2235.610351	776.597501	1528.596032		
		33.176464	24.606814	35.318877	9.609929	52.458181	20.321989	11.752341	5.325105	41.746116	22.464402	18.179577	28.891639		
		24.606814	16.037165	28.891639	22.464402	33.176464	3.182693	7.467517	3.182693	9.609929	20.321989	39.603703	35.318877		
		5.325105	16.037165	18.179577	18.179577	39.603703	20.321989	46.030942	3.182693	26.749227	18.179577	3.182693	39.603703		
		11.752341	56.743008	5.325105	35.318877	35.318877	13.894753	16.037165	28.891639	5.325105	22.464402	37.46129	43.888529		
		11.752341	31.034052	37.46129	28.891639	31.034052	7.467517	24.606814	33.176464	28.891639	20.321989	16.037165	35.318877		
		13.894753	11.752341	46.030942	22.464402	7.467517	26.749227	3.182693	26.749227	22.464402	20.321989	13.894753	18.179577		
		43.888529	37.46129	24.606814	11.752341	33.176464	16.037165	48.173355	0	5.325105	9.609929	35.318877	1.040281		
		
50:00	24.00	2597.690065	2263.462572	1035.832576	1545.735691	1699.992806	2034.217687	1432.185526	1637.861428	2910.494122	2066.354776	603.060493	1485.746902		
		26.749227	33.176464	7.467517	37.46129	7.467517	33.176464	5.325105	16.037165	3.182693	16.037165	39.603703	43.888529		
		43.888529	11.752341	39.603703	52.458181	28.891639	35.318877	56.743008	5.325105	22.464402	11.752341	31.034052	11.752341		
		26.749227	3.182693	48.173355	3.182693	11.752341	13.894753	48.173355	24.606814	35.318877	7.467517	9.609929	26.749227		
		46.030942	20.321989	18.179577	33.176464	18.179577	31.034052	31.034052	28.891639	24.606814	46.030942	5.325105	11.752341		
		20.321989	39.603703	13.894753	11.752341	9.609929	58.885421	7.467517	22.464402	50.315768	48.173355	20.321989	11.752341		
		31.034052	33.176464	5.325105	24.606814	13.894753	13.894753	24.606814	9.609929	7.467517	22.464402	11.752341	16.037165		
		13.894753	28.891639	39.603703	22.464402	5.325105	18.179577	33.176464	18.179577	31.034052	16.037165	37.46129	5.325105		
		
~End
