##BLOCKS= 1          
Plate:	Plate#1	1.3	PlateFormat	Kinetic	Luminescence	Raw	FALSE	51	3000	60				1	450	1	12	96	405	Automatic	435			6	Automatic			1	8	None	
Time(hh:mm:ss)	Temperature(¡C)	1	2	3	4	5	6	7	8	9	10	11	12		
0:00	22.60	1183.661259	609.487782	369.536042	373.820887	275.269505	157.436508	161.721341	148.866843	71.739903	118.873023	125.300269	63.170248		
		836.5857	525.933068	330.972444	245.275633	178.860675	172.433424	103.876118	118.873023	91.02163	148.866843	129.5851	110.303363		
		873.007131	515.220932	253.845309	189.572761	245.275633	161.721341	144.58201	101.733703	131.727516	52.458181	106.018533	108.160948		
		845.155447	483.084534	365.251196	264.557406	185.287926	202.427266	118.873023	121.015438	82.451973	136.012347	56.743008	95.306459		
		819.44621	485.22696	363.108774	206.712101	142.439594	116.730608	112.445778	116.730608	99.591288	97.448874	73.882317	73.882317		
		708.039621	495.939091	292.408866	247.418052	213.139355	114.588193	133.869931	136.012347	67.455076	48.173355	48.173355	37.46129		
		720.894219	337.399709	345.969396	213.139355	223.851446	157.436508	172.433424	88.879216	118.873023	82.451973	91.02163	58.885421		
		549.499772	476.657256	285.981605	204.569683	200.284848	142.439594	163.863757	133.869931	127.442684	86.736802	103.876118	116.730608		
		
1:00	22.90	73.882317	46.030942	106.018533	46.030942	76.024731	35.318877	116.730608	43.888529	41.746116	39.603703	39.603703	31.034052		
		31.034052	50.315768	28.891639	63.170248	71.739903	58.885421	67.455076	28.891639	78.167145	56.743008	52.458181	67.455076		
		58.885421	37.46129	37.46129	52.458181	39.603703	16.037165	48.173355	37.46129	84.594387	28.891639	18.179577	28.891639		
		41.746116	61.027835	41.746116	35.318877	41.746116	39.603703	41.746116	56.743008	33.176464	48.173355	35.318877	11.752341		
		43.888529	43.888529	41.746116	48.173355	52.458181	22.464402	73.882317	39.603703	63.170248	35.318877	50.315768	24.606814		
		67.455076	39.603703	20.321989	46.030942	26.749227	58.885421	58.885421	46.030942	39.603703	50.315768	48.173355	39.603703		
		91.02163	48.173355	46.030942	52.458181	20.321989	48.173355	43.888529	69.597489	28.891639	35.318877	18.179577	63.170248		
		41.746116	50.315768	43.888529	73.882317	46.030942	28.891639	43.888529	35.318877	46.030942	35.318877	43.888529	63.170248		
		
2:00	23.00	155.294091	183.145509	577.351342	131.727516	196.000013	251.70289	748.745855	50.315768	71.739903	52.458181	153.151675	43.888529		
		56.743008	31.034052	35.318877	22.464402	43.888529	11.752341	54.600594	39.603703	18.179577	22.464402	24.606814	37.46129		
		31.034052	41.746116	50.315768	39.603703	28.891639	33.176464	31.034052	63.170248	9.609929	86.736802	33.176464	24.606814		
		28.891639	31.034052	50.315768	7.467517	31.034052	46.030942	82.451973	39.603703	33.176464	7.467517	43.888529	20.321989		
		24.606814	18.179577	22.464402	88.879216	31.034052	28.891639	33.176464	22.464402	39.603703	41.746116	24.606814	46.030942		
		41.746116	33.176464	18.179577	18.179577	11.752341	28.891639	41.746116	26.749227	37.46129	26.749227	39.603703	43.888529		
		31.034052	43.888529	33.176464	41.746116	43.888529	54.600594	11.752341	41.746116	35.318877	18.179577	78.167145	37.46129		
		52.458181	54.600594	26.749227	22.464402	58.885421	46.030942	11.752341	24.606814	20.321989	58.885421	35.318877	39.603703		
		
3:00	23.20	1755.696845	1892.814664	4849.481057	1018.693038	1543.593233	4491.675125	5387.26457	667.33341	543.072488	598.775634	1659.286035	360.966351		
		18.179577	35.318877	13.894753	18.179577	31.034052	13.894753	52.458181	39.603703	13.894753	37.46129	26.749227	28.891639		
		43.888529	31.034052	22.464402	16.037165	31.034052	20.321989	37.46129	50.315768	16.037165	28.891639	9.609929	52.458181		
		24.606814	39.603703	22.464402	24.606814	22.464402	67.455076	50.315768	24.606814	73.882317	84.594387	65.312662	22.464402		
		11.752341	31.034052	16.037165	24.606814	16.037165	63.170248	7.467517	18.179577	31.034052	28.891639	35.318877	24.606814		
		11.752341	20.321989	5.325105	11.752341	22.464402	50.315768	24.606814	26.749227	3.182693	26.749227	16.037165	35.318877		
		28.891639	24.606814	37.46129	13.894753	50.315768	20.321989	37.46129	20.321989	35.318877	9.609929	28.891639	35.318877		
		28.891639	37.46129	24.606814	20.321989	16.037165	41.746116	16.037165	28.891639	48.173355	26.749227	28.891639	43.888529		
		
4:00	23.20	5102.303086	7521.297652	11410.28542	4600.945011	4748.781004	12916.654945	11189.582428	3253.294648	3572.529103	3302.572357	5747.217529	2929.776609		
		11.752341	41.746116	7.467517	22.464402	35.318877	31.034052	11.752341	43.888529	35.318877	31.034052	13.894753	46.030942		
		26.749227	16.037165	43.888529	41.746116	16.037165	9.609929	39.603703	24.606814	37.46129	26.749227	24.606814	22.464402		
		13.894753	7.467517	13.894753	54.600594	26.749227	26.749227	41.746116	35.318877	41.746116	18.179577	22.464402	48.173355		
		31.034052	48.173355	3.182693	24.606814	1.040281	41.746116	5.325105	37.46129	22.464402	46.030942	46.030942	48.173355		
		13.894753	46.030942	22.464402	46.030942	18.179577	35.318877	22.464402	16.037165	20.321989	39.603703	24.606814	37.46129		
		11.752341	20.321989	28.891639	33.176464	35.318877	31.034052	35.318877	9.609929	35.318877	22.464402	35.318877	48.173355		
		7.467517	22.464402	11.752341	24.606814	22.464402	3.182693	1.040281	31.034052	31.034052	22.464402	37.46129	33.176464		
		
5:00	23.40	9316.848308	13820.92033	20534.695465	11178.868708	11140.299328	22433.437888	14605.197595	7549.151915	8341.931604	7726.990925	11521.708546	7750.559983		
		22.464402	35.318877	16.037165	7.467517	39.603703	16.037165	20.321989	86.736802	39.603703	26.749227	20.321989	43.888529		
		16.037165	20.321989	41.746116	13.894753	13.894753	28.891639	33.176464	31.034052	1.040281	43.888529	71.739903	7.467517		
		69.597489	31.034052	35.318877	31.034052	63.170248	5.325105	26.749227	9.609929	3.182693	31.034052	16.037165	16.037165		
		33.176464	22.464402	33.176464	61.027835	20.321989	31.034052	13.894753	11.752341	18.179577	13.894753	22.464402	16.037165		
		16.037165	35.318877	26.749227	67.455076	41.746116	33.176464	26.749227	20.321989	39.603703	37.46129	54.600594	20.321989		
		43.888529	24.606814	26.749227	5.325105	9.609929	9.609929	16.037165	26.749227	31.034052	26.749227	18.179577	11.752341		
		18.179577	33.176464	20.321989	13.894753	31.034052	35.318877	9.609929	37.46129	22.464402	48.173355	16.037165	48.173355		
		
6:00	23.40	13360.214985	19724.637728	28610.054213	17948.114393	18160.266266	28685.068419	17033.08266	12567.380119	13525.211444	12890.941403	16782.361706	13347.358133		
		41.746116	50.315768	18.179577	24.606814	16.037165	46.030942	35.318877	13.894753	9.609929	46.030942	20.321989	43.888529		
		9.609929	20.321989	7.467517	22.464402	3.182693	26.749227	13.894753	26.749227	37.46129	22.464402	24.606814	43.888529		
		41.746116	35.318877	16.037165	18.179577	22.464402	31.034052	13.894753	41.746116	24.606814	24.606814	56.743008	3.182693		
		20.321989	18.179577	22.464402	24.606814	1.040281	26.749227	26.749227	46.030942	35.318877	26.749227	35.318877	7.467517		
		26.749227	63.170248	7.467517	20.321989	18.179577	35.318877	28.891639	28.891639	39.603703	28.891639	11.752341	5.325105		
		37.46129	18.179577	33.176464	18.179577	69.597489	33.176464	20.321989	26.749227	9.609929	43.888529	46.030942	31.034052		
		9.609929	7.467517	37.46129	26.749227	13.894753	33.176464	20.321989	7.467517	18.179577	28.891639	35.318877	28.891639		
		
7:00	23.50	17268.80401	25024.466164	33829.085832	23333.536413	23670.004699	34369.228947	18443.1364	17690.961445	18835.299104	17980.258576	22002.680425	18228.840742		
		28.891639	28.891639	33.176464	9.609929	24.606814	24.606814	28.891639	63.170248	26.749227	22.464402	16.037165	3.182693		
		26.749227	20.321989	24.606814	16.037165	48.173355	31.034052	33.176464	43.888529	43.888529	41.746116	18.179577	20.321989		
		16.037165	24.606814	84.594387	52.458181	37.46129	24.606814	7.467517	28.891639	20.321989	35.318877	43.888529	22.464402		
		35.318877	58.885421	41.746116	22.464402	43.888529	16.037165	26.749227	37.46129	5.325105	26.749227	16.037165	22.464402		
		18.179577	35.318877	18.179577	20.321989	26.749227	28.891639	20.321989	26.749227	33.176464	26.749227	3.182693	11.752341		
		26.749227	28.891639	35.318877	16.037165	18.179577	41.746116	16.037165	16.037165	9.609929	18.179577	54.600594	5.325105		
		39.603703	28.891639	28.891639	13.894753	31.034052	43.888529	41.746116	18.179577	24.606814	13.894753	41.746116	46.030942		
		
8:00	23.50	21241.896168	28035.662306	36011.11738	27637.019866	29199.453649	38137.482757	18893.159355	22109.833782	22506.302588	21340.476211	25883.876582	22371.288642		
		22.464402	28.891639	7.467517	11.752341	7.467517	33.176464	18.179577	26.749227	28.891639	28.891639	13.894753	24.606814		
		22.464402	20.321989	13.894753	7.467517	24.606814	7.467517	18.179577	20.321989	13.894753	33.176464	16.037165	22.464402		
		31.034052	11.752341	24.606814	26.749227	20.321989	61.027835	3.182693	28.891639	20.321989	11.752341	37.46129	18.179577		
		5.325105	9.609929	22.464402	9.609929	28.891639	3.182693	31.034052	18.179577	41.746116	22.464402	9.609929	28.891639		
		24.606814	20.321989	9.609929	20.321989	9.609929	35.318877	43.888529	16.037165	26.749227	35.318877	7.467517	9.609929		
		31.034052	20.321989	7.467517	22.464402	18.179577	7.467517	46.030942	28.891639	1.040281	18.179577	13.894753	16.037165		
		28.891639	9.609929	16.037165	20.321989	20.321989	18.179577	7.467517	28.891639	16.037165	69.597489	13.894753	48.173355		
		
9:00	23.60	23603.568162	31134.86095	37250.060552	30815.504451	32969.580724	40351.798823	19675.348794	26216.070387	25003.034613	24310.798962	28661.492517	26301.798068		
		18.179577	16.037165	33.176464	5.325105	22.464402	18.179577	31.034052	28.891639	33.176464	9.609929	28.891639	46.030942		
		28.891639	28.891639	18.179577	24.606814	20.321989	22.464402	9.609929	7.467517	80.309559	24.606814	24.606814	56.743008		
		22.464402	50.315768	37.46129	58.885421	9.609929	35.318877	28.891639	24.606814	24.606814	13.894753	37.46129	18.179577		
		5.325105	9.609929	22.464402	18.179577	13.894753	11.752341	5.325105	46.030942	31.034052	18.179577	52.458181	9.609929		
		3.182693	39.603703	9.609929	18.179577	16.037165	11.752341	39.603703	1.040281	22.464402	16.037165	24.606814	50.315768		
		28.891639	18.179577	28.891639	37.46129	35.318877	13.894753	22.464402	41.746116	39.603703	9.609929	16.037165	33.176464		
		22.464402	3.182693	22.464402	28.891639	26.749227	9.609929	26.749227	24.606814	16.037165	7.467517	43.888529	18.179577		
		
10:00	23.60	25041.611409	33329.671392	36881.376276	32740.238199	35196.598864	41539.369039	20294.677409	28119.248903	28093.52994	26451.821757	30699.76486	27870.632641		
		18.179577	20.321989	33.176464	46.030942	33.176464	35.318877	48.173355	11.752341	20.321989	20.321989	37.46129	20.321989		
		26.749227	24.606814	16.037165	41.746116	39.603703	13.894753	18.179577	24.606814	41.746116	31.034052	5.325105	16.037165		
		22.464402	24.606814	22.464402	26.749227	7.467517	33.176464	41.746116	9.609929	22.464402	24.606814	18.179577	26.749227		
		26.749227	7.467517	9.609929	7.467517	48.173355	0	13.894753	13.894753	35.318877	9.609929	22.464402	16.037165		
		39.603703	18.179577	16.037165	11.752341	35.318877	22.464402	11.752341	33.176464	18.179577	22.464402	24.606814	26.749227		
		39.603703	28.891639	20.321989	26.749227	33.176464	26.749227	28.891639	13.894753	13.894753	24.606814	18.179577	16.037165		
		11.752341	13.894753	50.315768	13.894753	20.321989	37.46129	24.606814	46.030942	13.894753	48.173355	18.179577	11.752341		
		
11:00	23.60	26595.41615	32997.444818	36429.097559	33533.294888	37464.412741	42364.677547	20382.541069	29289.471441	28659.349254	28172.830107	32225.827713	30277.531263		
		9.609929	33.176464	13.894753	41.746116	1.040281	24.606814	26.749227	35.318877	67.455076	63.170248	35.318877	22.464402		
		9.609929	9.609929	22.464402	39.603703	33.176464	18.179577	3.182693	28.891639	39.603703	5.325105	13.894753	13.894753		
		22.464402	31.034052	7.467517	26.749227	28.891639	28.891639	16.037165	7.467517	3.182693	28.891639	9.609929	33.176464		
		11.752341	22.464402	18.179577	26.749227	22.464402	43.888529	13.894753	35.318877	46.030942	52.458181	28.891639	26.749227		
		48.173355	28.891639	28.891639	18.179577	18.179577	37.46129	5.325105	35.318877	16.037165	28.891639	22.464402	16.037165		
		26.749227	18.179577	7.467517	24.606814	63.170248	20.321989	26.749227	31.034052	24.606814	13.894753	24.606814	5.325105		
		18.179577	41.746116	13.894753	31.034052	24.606814	24.606814	46.030942	18.179577	24.606814	26.749227	65.312662	24.606814		
		
12:00	23.60	26503.258522	35333.780285	34559.994743	34542.847235	39129.95096	41573.667386	19758.925702	30348.260577	29454.504353	27964.935261	33104.614514	30924.814234		
		20.321989	28.891639	9.609929	35.318877	16.037165	24.606814	37.46129	26.749227	13.894753	11.752341	18.179577	20.321989		
		22.464402	16.037165	5.325105	9.609929	35.318877	18.179577	24.606814	7.467517	13.894753	9.609929	28.891639	31.034052		
		11.752341	48.173355	16.037165	39.603703	20.321989	26.749227	20.321989	11.752341	26.749227	24.606814	24.606814	35.318877		
		31.034052	16.037165	11.752341	31.034052	35.318877	18.179577	22.464402	26.749227	28.891639	63.170248	16.037165	7.467517		
		13.894753	35.318877	22.464402	7.467517	24.606814	16.037165	39.603703	33.176464	20.321989	9.609929	11.752341	13.894753		
		31.034052	41.746116	22.464402	22.464402	11.752341	28.891639	26.749227	0	3.182693	28.891639	41.746116	9.609929		
		28.891639	26.749227	13.894753	31.034052	26.749227	7.467517	13.894753	18.179577	28.891639	46.030942	22.464402	20.321989		
		
13:00	23.70	27463.418202	34446.392579	33393.973487	34159.17281	39944.513902	42141.736136	20358.967882	31336.334905	30056.770519	28370.009277	33865.52393	31767.148124		
		52.458181	28.891639	43.888529	31.034052	11.752341	22.464402	22.464402	24.606814	39.603703	48.173355	41.746116	174.575841		
		37.46129	13.894753	7.467517	28.891639	18.179577	26.749227	28.891639	13.894753	13.894753	28.891639	16.037165	202.427266		
		13.894753	22.464402	24.606814	35.318877	9.609929	43.888529	22.464402	11.752341	13.894753	39.603703	63.170248	268.842246		
		46.030942	11.752341	37.46129	16.037165	28.891639	1.040281	11.752341	37.46129	7.467517	35.318877	13.894753	228.136283		
		33.176464	13.894753	37.46129	16.037165	7.467517	33.176464	43.888529	7.467517	46.030942	18.179577	16.037165	382.390579		
		26.749227	16.037165	37.46129	39.603703	20.321989	11.752341	11.752341	9.609929	65.312662	22.464402	50.315768	95.306459		
		31.034052	22.464402	11.752341	26.749227	22.464402	11.752341	11.752341	18.179577	26.749227	33.176464	31.034052	234.563539		
		
14:00	23.70	28097.816433	34154.885956	32227.971083	35455.957709	40450.404992	42349.671854	19823.215696	31623.543432	29889.592929	28659.349254	33496.856957	32140.092989		
		13.894753	9.609929	26.749227	58.885421	18.179577	39.603703	61.027835	24.606814	9.609929	28.891639	35.318877	39.603703		
		31.034052	33.176464	24.606814	18.179577	13.894753	20.321989	1.040281	39.603703	20.321989	24.606814	26.749227	5.325105		
		50.315768	11.752341	33.176464	35.318877	24.606814	31.034052	26.749227	7.467517	39.603703	16.037165	13.894753	31.034052		
		52.458181	28.891639	31.034052	46.030942	22.464402	26.749227	31.034052	31.034052	31.034052	37.46129	41.746116	11.752341		
		16.037165	11.752341	26.749227	13.894753	3.182693	58.885421	13.894753	31.034052	35.318877	22.464402	11.752341	46.030942		
		28.891639	35.318877	16.037165	24.606814	22.464402	22.464402	11.752341	37.46129	43.888529	9.609929	28.891639	31.034052		
		33.176464	16.037165	22.464402	22.464402	16.037165	48.173355	20.321989	11.752341	26.749227	33.176464	39.603703	7.467517		
		
15:00	23.70	27394.834944	33807.651665	30635.465168	34298.495689	39610.113266	40707.63911	18942.447755	31662.123769	29289.471441	28438.593463	34067.005515	32050.071638		
		5.325105	13.894753	16.037165	61.027835	28.891639	18.179577	28.891639	37.46129	61.027835	16.037165	28.891639	52.458181		
		33.176464	24.606814	43.888529	35.318877	20.321989	24.606814	54.600594	24.606814	22.464402	20.321989	26.749227	26.749227		
		22.464402	9.609929	24.606814	26.749227	39.603703	24.606814	24.606814	26.749227	18.179577	11.752341	9.609929	26.749227		
		9.609929	61.027835	11.752341	13.894753	16.037165	35.318877	28.891639	11.752341	28.891639	39.603703	22.464402	58.885421		
		28.891639	26.749227	3.182693	13.894753	5.325105	5.325105	16.037165	37.46129	28.891639	7.467517	37.46129	9.609929		
		33.176464	16.037165	7.467517	41.746116	35.318877	24.606814	37.46129	28.891639	56.743008	41.746116	48.173355	13.894753		
		7.467517	31.034052	20.321989	48.173355	31.034052	35.318877	31.034052	7.467517	31.034052	31.034052	63.170248	5.325105		
		
16:00	23.70	27596.298451	34116.304286	28989.41257	34159.17281	40240.331142	39796.605737	18790.296718	31597.823219	30286.10451	27568.436443	34152.74253	31239.884537		
		11.752341	11.752341	20.321989	11.752341	35.318877	5.325105	31.034052	18.179577	50.315768	11.752341	13.894753	20.321989		
		63.170248	18.179577	5.325105	46.030942	9.609929	16.037165	26.749227	26.749227	18.179577	46.030942	18.179577	80.309559		
		24.606814	33.176464	13.894753	18.179577	56.743008	31.034052	1.040281	22.464402	20.321989	24.606814	67.455076	26.749227		
		31.034052	24.606814	26.749227	33.176464	9.609929	7.467517	16.037165	16.037165	35.318877	13.894753	39.603703	11.752341		
		31.034052	20.321989	20.321989	48.173355	24.606814	7.467517	28.891639	13.894753	28.891639	18.179577	28.891639	26.749227		
		41.746116	16.037165	24.606814	13.894753	52.458181	11.752341	20.321989	11.752341	22.464402	11.752341	43.888529	31.034052		
		28.891639	16.037165	35.318877	18.179577	39.603703	3.182693	18.179577	16.037165	37.46129	9.609929	18.179577	18.179577		
		
17:00	23.70	27808.47871	32881.701726	26573.984133	33593.310344	38291.818169	39689.426097	17354.521056	31765.004768	29613.107766	27480.564027	33246.078756	31599.96657		
		28.891639	20.321989	61.027835	22.464402	24.606814	7.467517	20.321989	11.752341	31.034052	88.879216	31.034052	50.315768		
		22.464402	7.467517	46.030942	39.603703	18.179577	20.321989	5.325105	33.176464	7.467517	20.321989	22.464402	26.749227		
		24.606814	37.46129	35.318877	35.318877	13.894753	11.752341	22.464402	26.749227	43.888529	26.749227	31.034052	39.603703		
		16.037165	9.609929	26.749227	1.040281	7.467517	22.464402	20.321989	33.176464	28.891639	11.752341	28.891639	20.321989		
		18.179577	11.752341	33.176464	9.609929	22.464402	37.46129	18.179577	16.037165	13.894753	28.891639	33.176464	35.318877		
		13.894753	3.182693	22.464402	20.321989	18.179577	5.325105	69.597489	7.467517	43.888529	22.464402	22.464402	37.46129		
		22.464402	48.173355	31.034052	16.037165	11.752341	26.749227	16.037165	26.749227	39.603703	28.891639	18.179577	18.179577		
		
18:00	23.70	27326.251751	33051.029646	25901.022032	32924.569517	37691.626758	38210.363327	17206.659216	30965.537529	28631.486835	26190.352102	33046.742858	30772.637914		
		26.749227	13.894753	80.309559	26.749227	24.606814	39.603703	24.606814	24.606814	13.894753	37.46129	18.179577	5.325105		
		50.315768	22.464402	9.609929	18.179577	28.891639	54.600594	41.746116	5.325105	22.464402	3.182693	0	11.752341		
		46.030942	46.030942	41.746116	28.891639	24.606814	28.891639	11.752341	33.176464	11.752341	22.464402	5.325105	7.467517		
		24.606814	9.609929	16.037165	58.885421	18.179577	63.170248	50.315768	43.888529	20.321989	26.749227	18.179577	41.746116		
		1.040281	24.606814	35.318877	13.894753	3.182693	16.037165	26.749227	26.749227	41.746116	46.030942	65.312662	16.037165		
		18.179577	43.888529	28.891639	7.467517	16.037165	22.464402	13.894753	11.752341	1.040281	3.182693	50.315768	20.321989		
		9.609929	35.318877	41.746116	22.464402	11.752341	39.603703	31.034052	5.325105	31.034052	18.179577	33.176464	11.752341		
		
19:00	23.80	26721.865182	31825.018753	24300.083292	32695.227135	36937.107499	37303.64854	16040.918516	29199.453649	28033.519061	25588.118225	32320.136028	29752.421863		
		20.321989	28.891639	26.749227	22.464402	5.325105	26.749227	5.325105	24.606814	20.321989	54.600594	24.606814	35.318877		
		5.325105	35.318877	16.037165	9.609929	33.176464	16.037165	26.749227	65.312662	18.179577	24.606814	35.318877	24.606814		
		5.325105	31.034052	41.746116	13.894753	13.894753	37.46129	5.325105	13.894753	13.894753	18.179577	26.749227	18.179577		
		65.312662	11.752341	22.464402	7.467517	24.606814	16.037165	7.467517	20.321989	54.600594	9.609929	18.179577	26.749227		
		31.034052	20.321989	13.894753	16.037165	33.176464	26.749227	56.743008	31.034052	5.325105	1.040281	13.894753	37.46129		
		26.749227	11.752341	31.034052	24.606814	7.467517	11.752341	28.891639	1.040281	16.037165	9.609929	18.179577	39.603703		
		13.894753	22.464402	26.749227	24.606814	16.037165	18.179577	11.752341	24.606814	37.46129	11.752341	41.746116	33.176464		
		
20:00	23.70	26511.831319	31357.768338	22146.26596	31074.84754	35398.084167	35183.738119	15173.053945	29105.149415	27544.860906	25311.649553	31437.072094	28937.974032		
		35.318877	24.606814	24.606814	9.609929	11.752341	39.603703	28.891639	28.891639	9.609929	0	26.749227	31.034052		
		24.606814	13.894753	16.037165	18.179577	1.040281	5.325105	73.882317	16.037165	24.606814	37.46129	18.179577	20.321989		
		28.891639	11.752341	13.894753	48.173355	13.894753	20.321989	20.321989	39.603703	22.464402	11.752341	26.749227	3.182693		
		31.034052	41.746116	7.467517	46.030942	9.609929	28.891639	43.888529	20.321989	9.609929	33.176464	13.894753	9.609929		
		16.037165	22.464402	24.606814	13.894753	22.464402	20.321989	31.034052	3.182693	18.179577	20.321989	11.752341	22.464402		
		3.182693	24.606814	9.609929	16.037165	13.894753	43.888529	28.891639	9.609929	16.037165	20.321989	26.749227	13.894753		
		20.321989	35.318877	16.037165	5.325105	9.609929	28.891639	33.176464	24.606814	33.176464	0	35.318877	16.037165		
		
21:00	23.80	25607.406777	30127.499616	20648.275717	29962.465164	33700.480924	34017.706777	14470.198442	28076.38397	26799.020632	23682.863391	30262.528084	27246.952515		
		18.179577	37.46129	26.749227	54.600594	41.746116	16.037165	20.321989	43.888529	46.030942	26.749227	13.894753	18.179577		
		13.894753	43.888529	16.037165	33.176464	7.467517	16.037165	33.176464	18.179577	52.458181	5.325105	35.318877	46.030942		
		13.894753	33.176464	20.321989	37.46129	41.746116	13.894753	26.749227	16.037165	11.752341	18.179577	24.606814	33.176464		
		13.894753	16.037165	18.179577	16.037165	41.746116	31.034052	39.603703	71.739903	13.894753	7.467517	35.318877	37.46129		
		65.312662	13.894753	20.321989	46.030942	67.455076	28.891639	22.464402	26.749227	13.894753	22.464402	39.603703	20.321989		
		35.318877	11.752341	9.609929	63.170248	31.034052	11.752341	28.891639	7.467517	39.603703	33.176464	26.749227	24.606814		
		7.467517	31.034052	24.606814	71.739903	13.894753	31.034052	26.749227	43.888529	22.464402	22.464402	5.325105	18.179577		
		
22:00	23.80	24203.642334	28494.318162	19283.181522	29085.859928	31702.84748	32157.239926	13829.49162	27206.23132	26848.314435	22797.762128	28897.251882	26443.248966		
		16.037165	31.034052	1.040281	33.176464	24.606814	13.894753	3.182693	16.037165	16.037165	16.037165	18.179577	16.037165		
		9.609929	11.752341	31.034052	20.321989	28.891639	26.749227	37.46129	37.46129	11.752341	20.321989	16.037165	11.752341		
		33.176464	20.321989	9.609929	24.606814	20.321989	11.752341	37.46129	52.458181	26.749227	28.891639	16.037165	22.464402		
		46.030942	22.464402	13.894753	33.176464	26.749227	24.606814	7.467517	54.600594	24.606814	24.606814	22.464402	33.176464		
		13.894753	24.606814	63.170248	43.888529	43.888529	22.464402	5.325105	26.749227	11.752341	28.891639	46.030942	46.030942		
		33.176464	24.606814	35.318877	33.176464	24.606814	9.609929	13.894753	22.464402	1.040281	28.891639	26.749227	22.464402		
		37.46129	46.030942	13.894753	13.894753	9.609929	11.752341	7.467517	28.891639	37.46129	39.603703	35.318877	39.603703		
		
23:00	23.80	23575.707696	27345.540767	17367.378622	27319.82208	30605.458665	30588.312097	12927.368923	26569.697731	25712.422314	21070.452936	27281.244066	25315.935881		
		22.464402	26.749227	22.464402	39.603703	11.752341	31.034052	18.179577	26.749227	16.037165	24.606814	33.176464	35.318877		
		16.037165	5.325105	22.464402	31.034052	0	50.315768	28.891639	39.603703	26.749227	9.609929	13.894753	5.325105		
		52.458181	18.179577	28.891639	69.597489	56.743008	41.746116	26.749227	11.752341	24.606814	31.034052	16.037165	18.179577		
		20.321989	35.318877	20.321989	35.318877	16.037165	11.752341	18.179577	7.467517	52.458181	33.176464	24.606814	11.752341		
		39.603703	33.176464	56.743008	7.467517	18.179577	28.891639	50.315768	11.752341	16.037165	7.467517	1.040281	13.894753		
		3.182693	35.318877	9.609929	20.321989	39.603703	18.179577	3.182693	31.034052	48.173355	39.603703	5.325105	22.464402		
		22.464402	50.315768	18.179577	33.176464	18.179577	61.027835	67.455076	22.464402	35.318877	16.037165	20.321989	3.182693		
		
24:00	23.80	22167.696662	25213.064082	16178.063502	25860.301596	28659.349254	28805.091311	11622.418058	24617.267796	24304.36956	20318.250576	25178.773514	23301.389844		
		31.034052	18.179577	24.606814	20.321989	33.176464	39.603703	28.891639	33.176464	11.752341	22.464402	22.464402	13.894753		
		7.467517	5.325105	33.176464	48.173355	16.037165	28.891639	11.752341	13.894753	24.606814	43.888529	24.606814	13.894753		
		11.752341	24.606814	35.318877	50.315768	20.321989	22.464402	35.318877	48.173355	13.894753	26.749227	26.749227	33.176464		
		5.325105	11.752341	7.467517	50.315768	22.464402	24.606814	24.606814	13.894753	9.609929	20.321989	9.609929	35.318877		
		7.467517	0	22.464402	22.464402	22.464402	35.318877	33.176464	28.891639	20.321989	20.321989	24.606814	5.325105		
		9.609929	33.176464	28.891639	24.606814	22.464402	16.037165	22.464402	9.609929	24.606814	16.037165	28.891639	28.891639		
		35.318877	3.182693	11.752341	20.321989	31.034052	24.606814	28.891639	31.034052	9.609929	33.176464	50.315768	18.179577		
		
25:00	23.80	20856.14947	23584.280146	15078.768053	23504.985025	26878.319375	26638.280204	11217.438108	23607.854388	22611.31361	19176.032365	24450.102816	22521.304154		
		16.037165	31.034052	61.027835	20.321989	37.46129	20.321989	9.609929	16.037165	28.891639	37.46129	56.743008	7.467517		
		13.894753	37.46129	46.030942	37.46129	35.318877	33.176464	7.467517	37.46129	9.609929	31.034052	18.179577	16.037165		
		5.325105	16.037165	9.609929	50.315768	33.176464	54.600594	48.173355	22.464402	39.603703	0	7.467517	9.609929		
		3.182693	33.176464	52.458181	9.609929	5.325105	28.891639	18.179577	52.458181	31.034052	13.894753	11.752341	43.888529		
		28.891639	26.749227	33.176464	39.603703	18.179577	63.170248	13.894753	41.746116	7.467517	18.179577	9.609929	16.037165		
		50.315768	28.891639	37.46129	11.752341	56.743008	35.318877	11.752341	9.609929	20.321989	1.040281	22.464402	48.173355		
		26.749227	26.749227	18.179577	39.603703	39.603703	13.894753	37.46129	20.321989	7.467517	13.894753	28.891639	22.464402		
		
26:00	23.80	19898.220763	22004.823491	13705.208013	22186.984298	25255.927314	24657.987529	10319.633527	22339.142502	22184.841227	17408.094261	22750.614181	20609.701272		
		16.037165	24.606814	20.321989	35.318877	37.46129	31.034052	16.037165	39.603703	43.888529	50.315768	28.891639	13.894753		
		9.609929	11.752341	1.040281	31.034052	54.600594	3.182693	69.597489	9.609929	33.176464	20.321989	31.034052	37.46129		
		13.894753	13.894753	3.182693	16.037165	9.609929	26.749227	13.894753	24.606814	35.318877	26.749227	24.606814	11.752341		
		35.318877	9.609929	11.752341	24.606814	33.176464	41.746116	5.325105	78.167145	37.46129	9.609929	26.749227	41.746116		
		28.891639	22.464402	3.182693	11.752341	0	18.179577	9.609929	22.464402	3.182693	28.891639	22.464402	31.034052		
		7.467517	31.034052	24.606814	37.46129	56.743008	37.46129	9.609929	11.752341	11.752341	26.749227	18.179577	18.179577		
		1.040281	1.040281	37.46129	39.603703	22.464402	18.179577	5.325105	35.318877	20.321989	31.034052	16.037165	50.315768		
		
27:00	23.80	18318.844841	19608.915937	12451.669813	20118.95041	21796.946426	22036.969482	9021.157893	19587.485996	20260.389181	16334.494821	20151.095561	18646.717865		
		26.749227	13.894753	33.176464	7.467517	13.894753	13.894753	16.037165	24.606814	26.749227	41.746116	41.746116	20.321989		
		18.179577	31.034052	16.037165	13.894753	28.891639	46.030942	20.321989	24.606814	28.891639	26.749227	22.464402	7.467517		
		20.321989	5.325105	39.603703	33.176464	22.464402	28.891639	20.321989	20.321989	11.752341	24.606814	11.752341	5.325105		
		9.609929	22.464402	28.891639	35.318877	54.600594	16.037165	11.752341	11.752341	5.325105	13.894753	39.603703	28.891639		
		33.176464	26.749227	20.321989	7.467517	22.464402	28.891639	37.46129	20.321989	37.46129	16.037165	13.894753	22.464402		
		35.318877	65.312662	37.46129	16.037165	37.46129	28.891639	9.609929	13.894753	3.182693	20.321989	0	28.891639		
		18.179577	26.749227	13.894753	24.606814	18.179577	9.609929	24.606814	20.321989	0	7.467517	43.888529	41.746116		
		
28:00	23.80	16568.070983	17611.672804	11367.430417	17759.535475	20691.136235	19538.197156	8249.797301	18582.42892	18591.000776	14851.625273	19094.599112	16486.640676		
		61.027835	16.037165	22.464402	18.179577	7.467517	1.040281	54.600594	16.037165	28.891639	28.891639	37.46129	26.749227		
		0	41.746116	26.749227	28.891639	13.894753	33.176464	37.46129	22.464402	37.46129	13.894753	9.609929	9.609929		
		24.606814	20.321989	46.030942	20.321989	24.606814	41.746116	24.606814	22.464402	52.458181	56.743008	35.318877	16.037165		
		3.182693	18.179577	61.027835	20.321989	24.606814	9.609929	22.464402	31.034052	3.182693	9.609929	28.891639	26.749227		
		13.894753	16.037165	28.891639	24.606814	9.609929	13.894753	22.464402	7.467517	33.176464	50.315768	18.179577	26.749227		
		28.891639	35.318877	46.030942	1.040281	39.603703	5.325105	13.894753	9.609929	28.891639	24.606814	24.606814	13.894753		
		13.894753	11.752341	5.325105	5.325105	5.325105	1.040281	9.609929	28.891639	33.176464	41.746116	13.894753	35.318877		
		
29:00	23.80	15119.4824	16259.493461	10270.351021	16135.205666	18974.592381	16938.794336	7388.454392	17725.248452	17120.942346	14161.629897	17483.096816	15466.626717		
		22.464402	1.040281	20.321989	5.325105	13.894753	24.606814	1.040281	35.318877	37.46129	43.888529	13.894753	46.030942		
		22.464402	18.179577	46.030942	18.179577	11.752341	3.182693	0	22.464402	22.464402	33.176464	7.467517	22.464402		
		20.321989	24.606814	9.609929	52.458181	33.176464	9.609929	50.315768	35.318877	13.894753	35.318877	22.464402	11.752341		
		13.894753	33.176464	37.46129	28.891639	0	28.891639	26.749227	35.318877	28.891639	26.749227	24.606814	37.46129		
		1.040281	20.321989	5.325105	13.894753	7.467517	20.321989	16.037165	3.182693	24.606814	9.609929	28.891639	28.891639		
		11.752341	28.891639	13.894753	56.743008	13.894753	16.037165	28.891639	26.749227	13.894753	33.176464	24.606814	26.749227		
		11.752341	13.894753	16.037165	16.037165	22.464402	1.040281	3.182693	26.749227	1.040281	26.749227	0	22.464402		
		
30:00	23.80	14009.488948	13842.348557	9303.992178	14740.197002	17247.374765	15406.626345	6653.535616	16148.063014	16015.20386	12329.531359	15565.198865	14577.340607		
		13.894753	22.464402	9.609929	39.603703	16.037165	18.179577	56.743008	11.752341	31.034052	28.891639	11.752341	24.606814		
		24.606814	18.179577	22.464402	11.752341	16.037165	0	39.603703	5.325105	63.170248	20.321989	1.040281	9.609929		
		7.467517	20.321989	22.464402	18.179577	35.318877	7.467517	18.179577	31.034052	13.894753	13.894753	5.325105	54.600594		
		7.467517	5.325105	41.746116	31.034052	5.325105	18.179577	20.321989	35.318877	26.749227	18.179577	20.321989	13.894753		
		18.179577	7.467517	56.743008	26.749227	31.034052	54.600594	20.321989	11.752341	33.176464	22.464402	11.752341	26.749227		
		46.030942	31.034052	16.037165	11.752341	26.749227	50.315768	20.321989	16.037165	31.034052	11.752341	9.609929	7.467517		
		18.179577	9.609929	7.467517	20.321989	41.746116	26.749227	11.752341	54.600594	33.176464	11.752341	9.609929	33.176464		
		
31:00	23.80	11905.262546	12631.663702	8483.347276	13343.072517	15603.770611	14095.20212	5830.778295	14429.484461	14232.343406	11403.857168	13981.632189	13049.50839		
		11.752341	20.321989	41.746116	16.037165	22.464402	28.891639	26.749227	31.034052	13.894753	31.034052	16.037165	28.891639		
		9.609929	18.179577	48.173355	33.176464	7.467517	18.179577	24.606814	18.179577	35.318877	41.746116	16.037165	39.603703		
		16.037165	5.325105	3.182693	33.176464	31.034052	31.034052	56.743008	24.606814	24.606814	26.749227	13.894753	7.467517		
		35.318877	5.325105	50.315768	13.894753	18.179577	3.182693	28.891639	9.609929	31.034052	18.179577	7.467517	11.752341		
		39.603703	43.888529	7.467517	33.176464	3.182693	18.179577	18.179577	16.037165	9.609929	35.318877	7.467517	31.034052		
		46.030942	11.752341	22.464402	16.037165	9.609929	48.173355	5.325105	28.891639	39.603703	26.749227	35.318877	24.606814		
		20.321989	11.752341	11.752341	28.891639	39.603703	11.752341	13.894753	5.325105	48.173355	31.034052	28.891639	18.179577		
		
32:00	23.80	10930.310845	10816.7459	7754.845267	11967.402772	13488.783622	12108.825554	5757.930442	13103.078397	13501.640498	10473.909414	12839.514347	10902.455276		
		22.464402	3.182693	1.040281	48.173355	18.179577	16.037165	28.891639	11.752341	7.467517	26.749227	11.752341	26.749227		
		31.034052	26.749227	24.606814	3.182693	16.037165	22.464402	28.891639	13.894753	11.752341	5.325105	22.464402	24.606814		
		18.179577	16.037165	24.606814	28.891639	13.894753	18.179577	39.603703	0	7.467517	33.176464	28.891639	26.749227		
		37.46129	0	9.609929	22.464402	22.464402	0	26.749227	0	37.46129	52.458181	31.034052	9.609929		
		7.467517	7.467517	46.030942	11.752341	1.040281	22.464402	24.606814	16.037165	35.318877	13.894753	11.752341	37.46129		
		41.746116	37.46129	28.891639	33.176464	58.885421	28.891639	50.315768	16.037165	41.746116	5.325105	7.467517	1.040281		
		13.894753	7.467517	54.600594	13.894753	24.606814	16.037165	11.752341	31.034052	16.037165	9.609929	33.176464	5.325105		
		
33:00	23.80	9089.723678	9588.970269	6629.966917	10525.334783	12181.679823	10992.45023	4907.330087	11785.267779	12059.541826	9531.117482	11262.435768	10088.220315		
		16.037165	22.464402	9.609929	31.034052	5.325105	20.321989	18.179577	24.606814	7.467517	33.176464	28.891639	35.318877		
		18.179577	26.749227	9.609929	31.034052	3.182693	86.736802	39.603703	11.752341	5.325105	7.467517	9.609929	9.609929		
		24.606814	9.609929	7.467517	13.894753	48.173355	7.467517	11.752341	16.037165	50.315768	9.609929	16.037165	13.894753		
		33.176464	5.325105	31.034052	39.603703	16.037165	9.609929	22.464402	31.034052	7.467517	16.037165	18.179577	28.891639		
		37.46129	11.752341	46.030942	3.182693	39.603703	9.609929	5.325105	13.894753	37.46129	11.752341	26.749227	20.321989		
		13.894753	43.888529	3.182693	13.894753	35.318877	35.318877	33.176464	43.888529	22.464402	50.315768	18.179577	37.46129		
		31.034052	37.46129	13.894753	9.609929	39.603703	28.891639	7.467517	24.606814	43.888529	31.034052	24.606814	13.894753		
		
34:00	23.80	8337.646285	8183.374969	6432.847184	9449.695121	11234.580071	9325.419063	4318.129174	10705.323863	11136.013843	8157.663115	9978.942113	9115.435865		
		39.603703	18.179577	13.894753	56.743008	28.891639	28.891639	18.179577	16.037165	16.037165	20.321989	22.464402	11.752341		
		9.609929	24.606814	26.749227	26.749227	11.752341	35.318877	28.891639	33.176464	43.888529	9.609929	31.034052	31.034052		
		28.891639	16.037165	35.318877	20.321989	24.606814	20.321989	9.609929	16.037165	9.609929	31.034052	18.179577	16.037165		
		18.179577	22.464402	13.894753	9.609929	9.609929	35.318877	31.034052	9.609929	16.037165	41.746116	20.321989	50.315768		
		18.179577	11.752341	5.325105	11.752341	3.182693	9.609929	22.464402	1.040281	31.034052	5.325105	0	26.749227		
		16.037165	22.464402	39.603703	22.464402	46.030942	28.891639	22.464402	22.464402	22.464402	16.037165	31.034052	28.891639		
		18.179577	48.173355	50.315768	31.034052	20.321989	0	37.46129	1.040281	18.179577	3.182693	18.179577	13.894753		
		
35:00	23.80	6837.800262	7660.569075	5380.836855	8605.479215	9691.819781	8397.640775	4043.884573	9235.426189	9820.381878	7797.698123	8551.91255	8247.654644		
		22.464402	5.325105	28.891639	16.037165	43.888529	26.749227	58.885421	48.173355	16.037165	22.464402	3.182693	43.888529		
		3.182693	20.321989	33.176464	1.040281	9.609929	0	41.746116	26.749227	28.891639	9.609929	5.325105	39.603703		
		11.752341	24.606814	50.315768	1.040281	35.318877	22.464402	24.606814	41.746116	9.609929	9.609929	28.891639	26.749227		
		31.034052	33.176464	31.034052	26.749227	24.606814	39.603703	16.037165	24.606814	22.464402	18.179577	65.312662	11.752341		
		20.321989	18.179577	26.749227	9.609929	13.894753	28.891639	9.609929	16.037165	16.037165	16.037165	20.321989	18.179577		
		7.467517	11.752341	22.464402	28.891639	54.600594	11.752341	26.749227	13.894753	1.040281	18.179577	13.894753	9.609929		
		11.752341	33.176464	46.030942	31.034052	33.176464	39.603703	22.464402	28.891639	33.176464	20.321989	13.894753	16.037165		
		
36:00	23.80	6077.175987	6542.120013	4952.323809	7334.88863	8307.649059	7459.161258	3521.108692	8406.211421	8899.02525	6818.51673	7964.824503	7307.03445		
		16.037165	24.606814	9.609929	13.894753	7.467517	37.46129	20.321989	26.749227	11.752341	9.609929	16.037165	22.464402		
		16.037165	1.040281	35.318877	7.467517	20.321989	39.603703	13.894753	35.318877	11.752341	16.037165	26.749227	24.606814		
		7.467517	20.321989	24.606814	26.749227	33.176464	22.464402	22.464402	11.752341	20.321989	26.749227	7.467517	22.464402		
		39.603703	16.037165	11.752341	35.318877	22.464402	20.321989	18.179577	18.179577	11.752341	28.891639	9.609929	26.749227		
		20.321989	16.037165	20.321989	13.894753	9.609929	16.037165	33.176464	0	20.321989	13.894753	20.321989	22.464402		
		33.176464	28.891639	20.321989	3.182693	1.040281	18.179577	26.749227	18.179577	22.464402	18.179577	18.179577	22.464402		
		26.749227	1.040281	22.464402	22.464402	31.034052	58.885421	46.030942	24.606814	5.325105	24.606814	41.746116	11.752341		
		
37:00	23.80	5532.959599	5515.818992	4853.766169	6323.574521	7377.741236	6608.540833	2949.0591	7598.43256	8521.915234	6259.296562	7163.478461	6644.965179		
		16.037165	56.743008	93.164045	35.318877	5.325105	11.752341	43.888529	16.037165	18.179577	16.037165	18.179577	18.179577		
		35.318877	11.752341	41.746116	11.752341	20.321989	5.325105	22.464402	56.743008	33.176464	18.179577	22.464402	50.315768		
		31.034052	3.182693	0	35.318877	24.606814	26.749227	1.040281	20.321989	24.606814	28.891639	35.318877	5.325105		
		41.746116	9.609929	1.040281	20.321989	18.179577	31.034052	22.464402	13.894753	41.746116	16.037165	33.176464	13.894753		
		22.464402	22.464402	18.179577	20.321989	13.894753	35.318877	65.312662	28.891639	37.46129	11.752341	13.894753	73.882317		
		28.891639	31.034052	26.749227	5.325105	0	3.182693	7.467517	5.325105	24.606814	39.603703	5.325105	18.179577		
		26.749227	7.467517	7.467517	24.606814	18.179577	20.321989	9.609929	7.467517	63.170248	43.888529	16.037165	13.894753		
		
38:00	23.80	4416.686083	4768.063982	4118.873228	5590.809178	6542.120013	5747.217529	2779.801851	6940.64585	6698.530428	5869.344834	6469.271442	5667.942021		
		11.752341	5.325105	24.606814	11.752341	31.034052	24.606814	11.752341	22.464402	18.179577	31.034052	35.318877	7.467517		
		31.034052	20.321989	41.746116	28.891639	5.325105	28.891639	1.040281	9.609929	37.46129	31.034052	7.467517	26.749227		
		31.034052	0	20.321989	33.176464	16.037165	28.891639	22.464402	41.746116	16.037165	31.034052	13.894753	16.037165		
		5.325105	22.464402	13.894753	35.318877	33.176464	31.034052	41.746116	18.179577	22.464402	20.321989	26.749227	18.179577		
		18.179577	28.891639	58.885421	54.600594	33.176464	3.182693	20.321989	31.034052	39.603703	43.888529	16.037165	11.752341		
		24.606814	31.034052	13.894753	18.179577	11.752341	26.749227	46.030942	18.179577	5.325105	33.176464	5.325105	1.040281		
		58.885421	50.315768	39.603703	22.464402	7.467517	20.321989	9.609929	13.894753	5.325105	33.176464	9.609929	11.752341		
		
39:00	23.90	4069.59496	4534.526041	3636.804667	5104.445649	5507.24869	5070.164643	2567.695227	5860.77449	6632.109525	5123.728722	5770.78594	5194.433367		
		0	22.464402	24.606814	43.888529	16.037165	18.179577	9.609929	18.179577	18.179577	18.179577	31.034052	22.464402		
		13.894753	33.176464	43.888529	9.609929	22.464402	13.894753	16.037165	20.321989	39.603703	18.179577	11.752341	22.464402		
		5.325105	1.040281	16.037165	5.325105	0	5.325105	20.321989	5.325105	9.609929	13.894753	9.609929	13.894753		
		20.321989	26.749227	5.325105	35.318877	31.034052	31.034052	48.173355	16.037165	33.176464	31.034052	22.464402	43.888529		
		16.037165	33.176464	16.037165	22.464402	13.894753	50.315768	33.176464	28.891639	28.891639	11.752341	22.464402	5.325105		
		13.894753	18.179577	41.746116	5.325105	11.752341	37.46129	16.037165	43.888529	13.894753	20.321989	39.603703	20.321989		
		26.749227	18.179577	1.040281	33.176464	13.894753	54.600594	9.609929	28.891639	20.321989	13.894753	41.746116	16.037165		
		
40:00	23.80	3619.664511	3651.802307	3304.714867	4440.254059	4581.662078	4690.932101	2079.209616	5185.863103	5875.772593	4442.396602	5046.596461	4498.102761		
		11.752341	41.746116	24.606814	3.182693	7.467517	20.321989	18.179577	13.894753	3.182693	41.746116	16.037165	22.464402		
		31.034052	28.891639	22.464402	26.749227	20.321989	20.321989	28.891639	18.179577	7.467517	13.894753	18.179577	16.037165		
		22.464402	22.464402	9.609929	11.752341	31.034052	9.609929	26.749227	28.891639	16.037165	16.037165	52.458181	28.891639		
		20.321989	26.749227	37.46129	24.606814	13.894753	13.894753	3.182693	33.176464	28.891639	9.609929	20.321989	0		
		13.894753	18.179577	20.321989	20.321989	16.037165	41.746116	11.752341	5.325105	28.891639	20.321989	41.746116	41.746116		
		9.609929	26.749227	20.321989	22.464402	13.894753	11.752341	26.749227	33.176464	31.034052	7.467517	46.030942	31.034052		
		13.894753	0	9.609929	9.609929	33.176464	31.034052	35.318877	13.894753	41.746116	18.179577	11.752341	52.458181		
		
41:00	23.90	3150.454319	3017.619111	2991.9091	3754.643351	4191.719424	4037.456978	1822.113256	5181.577972	5494.393239	4163.866458	4412.400997	4037.456978		
		31.034052	1.040281	0	24.606814	22.464402	1.040281	9.609929	9.609929	26.749227	43.888529	16.037165	22.464402		
		11.752341	46.030942	9.609929	20.321989	37.46129	1.040281	26.749227	18.179577	24.606814	18.179577	18.179577	41.746116		
		24.606814	26.749227	31.034052	7.467517	16.037165	33.176464	28.891639	28.891639	5.325105	9.609929	7.467517	11.752341		
		37.46129	35.318877	18.179577	20.321989	11.752341	9.609929	33.176464	9.609929	7.467517	16.037165	26.749227	9.609929		
		9.609929	7.467517	0	9.609929	13.894753	33.176464	0	7.467517	26.749227	11.752341	31.034052	0		
		18.179577	28.891639	7.467517	39.603703	11.752341	35.318877	26.749227	33.176464	7.467517	0	33.176464	13.894753		
		18.179577	33.176464	11.752341	5.325105	28.891639	35.318877	0	20.321989	37.46129	18.179577	16.037165	13.894753		
		
42:00	23.80	2666.249742	2629.827406	2533.415427	3401.127877	3763.213445	3574.671621	1631.434047	4264.565694	4926.613107	3761.070921	3951.755762	3769.641016		
		28.891639	26.749227	3.182693	13.894753	3.182693	26.749227	28.891639	3.182693	20.321989	46.030942	9.609929	7.467517		
		11.752341	16.037165	13.894753	50.315768	3.182693	24.606814	24.606814	5.325105	16.037165	35.318877	37.46129	43.888529		
		9.609929	18.179577	11.752341	5.325105	3.182693	7.467517	28.891639	20.321989	5.325105	22.464402	18.179577	16.037165		
		3.182693	7.467517	43.888529	24.606814	22.464402	20.321989	13.894753	3.182693	3.182693	39.603703	18.179577	54.600594		
		11.752341	1.040281	26.749227	37.46129	18.179577	20.321989	43.888529	9.609929	37.46129	24.606814	9.609929	9.609929		
		41.746116	16.037165	28.891639	41.746116	26.749227	46.030942	26.749227	18.179577	18.179577	9.609929	20.321989	26.749227		
		37.46129	5.325105	46.030942	11.752341	28.891639	39.603703	18.179577	46.030942	26.749227	16.037165	35.318877	20.321989		
		
43:00	23.90	2377.014046	2216.32805	2529.130453	3081.894181	2897.639134	3077.609175	1498.601638	3705.365333	4031.029383	3174.021881	3463.260775	3383.987777		
		16.037165	37.46129	41.746116	1.040281	13.894753	3.182693	26.749227	9.609929	18.179577	9.609929	18.179577	18.179577		
		20.321989	13.894753	20.321989	18.179577	56.743008	18.179577	28.891639	35.318877	3.182693	39.603703	20.321989	37.46129		
		9.609929	37.46129	11.752341	7.467517	33.176464	13.894753	48.173355	5.325105	22.464402	26.749227	0	9.609929		
		24.606814	7.467517	3.182693	5.325105	18.179577	16.037165	16.037165	33.176464	5.325105	71.739903	5.325105	52.458181		
		33.176464	31.034052	9.609929	22.464402	13.894753	33.176464	46.030942	22.464402	58.885421	22.464402	22.464402	13.894753		
		11.752341	3.182693	22.464402	1.040281	13.894753	3.182693	13.894753	18.179577	31.034052	5.325105	0	11.752341		
		24.606814	48.173355	5.325105	7.467517	9.609929	52.458181	18.179577	20.321989	18.179577	50.315768	22.464402	16.037165		
		
44:00	23.90	2034.217687	2057.784885	2044.930049	2957.629098	2494.850671	2589.12011	1404.333625	3424.695522	3619.664511	3129.029269	2942.631602	2901.92413		
		18.179577	16.037165	24.606814	24.606814	22.464402	22.464402	1.040281	7.467517	26.749227	43.888529	11.752341	35.318877		
		69.597489	18.179577	11.752341	35.318877	37.46129	33.176464	16.037165	37.46129	28.891639	11.752341	31.034052	20.321989		
		20.321989	31.034052	7.467517	39.603703	13.894753	7.467517	24.606814	31.034052	16.037165	11.752341	39.603703	41.746116		
		20.321989	33.176464	24.606814	33.176464	9.609929	22.464402	3.182693	28.891639	11.752341	28.891639	50.315768	18.179577		
		35.318877	16.037165	24.606814	41.746116	48.173355	13.894753	39.603703	37.46129	13.894753	22.464402	24.606814	28.891639		
		39.603703	7.467517	16.037165	16.037165	22.464402	33.176464	9.609929	13.894753	35.318877	3.182693	35.318877	11.752341		
		0	46.030942	18.179577	24.606814	3.182693	26.749227	3.182693	20.321989	26.749227	33.176464	24.606814	16.037165		
		
45:00	23.90	1867.105053	1601.439611	1957.088731	2280.602406	2192.760801	2357.731708	1170.806579	3201.874465	3255.437156	2717.669543	2839.791717	2659.82227		
		11.752341	28.891639	39.603703	56.743008	9.609929	28.891639	31.034052	50.315768	26.749227	9.609929	26.749227	39.603703		
		20.321989	33.176464	5.325105	46.030942	26.749227	11.752341	13.894753	11.752341	22.464402	26.749227	39.603703	0		
		37.46129	35.318877	11.752341	35.318877	33.176464	16.037165	0	7.467517	13.894753	24.606814	11.752341	31.034052		
		0	28.891639	7.467517	7.467517	28.891639	16.037165	18.179577	1.040281	13.894753	52.458181	16.037165	48.173355		
		18.179577	35.318877	31.034052	31.034052	41.746116	16.037165	28.891639	13.894753	18.179577	18.179577	5.325105	5.325105		
		13.894753	43.888529	11.752341	37.46129	18.179577	26.749227	31.034052	20.321989	31.034052	26.749227	1.040281	20.321989		
		7.467517	0	22.464402	18.179577	46.030942	5.325105	24.606814	39.603703	35.318877	7.467517	69.597489	52.458181		
		
46:00	23.90	1633.576508	1637.861428	1757.839309	2197.045754	1847.822851	1969.943551	1055.114561	2766.946886	3032.616623	2169.193559	2381.299011	2473.425816		
		5.325105	24.606814	33.176464	5.325105	20.321989	24.606814	28.891639	28.891639	20.321989	46.030942	9.609929	3.182693		
		1.040281	24.606814	5.325105	37.46129	31.034052	20.321989	26.749227	11.752341	24.606814	7.467517	13.894753	13.894753		
		37.46129	7.467517	7.467517	13.894753	13.894753	3.182693	41.746116	16.037165	13.894753	28.891639	24.606814	3.182693		
		22.464402	26.749227	26.749227	20.321989	9.609929	24.606814	11.752341	61.027835	20.321989	35.318877	18.179577	16.037165		
		7.467517	18.179577	26.749227	18.179577	11.752341	22.464402	35.318877	22.464402	35.318877	22.464402	28.891639	3.182693		
		5.325105	9.609929	28.891639	35.318877	18.179577	5.325105	24.606814	7.467517	18.179577	1.040281	11.752341	9.609929		
		50.315768	18.179577	9.609929	31.034052	0	5.325105	33.176464	26.749227	26.749227	16.037165	35.318877	41.746116		
		
47:00	23.90	1532.880946	1370.054379	1682.85311	1856.392718	1779.263952	1942.091443	952.277368	2550.555325	2715.527051	2312.739605	2314.882085	2192.760801		
		13.894753	37.46129	7.467517	20.321989	9.609929	41.746116	22.464402	13.894753	37.46129	41.746116	3.182693	9.609929		
		37.46129	50.315768	48.173355	18.179577	28.891639	39.603703	20.321989	11.752341	20.321989	16.037165	16.037165	3.182693		
		41.746116	11.752341	52.458181	9.609929	20.321989	9.609929	0	13.894753	7.467517	16.037165	11.752341	3.182693		
		13.894753	24.606814	24.606814	13.894753	13.894753	50.315768	31.034052	26.749227	28.891639	3.182693	13.894753	16.037165		
		11.752341	41.746116	7.467517	28.891639	9.609929	22.464402	3.182693	9.609929	52.458181	46.030942	24.606814	24.606814		
		24.606814	18.179577	9.609929	22.464402	11.752341	9.609929	9.609929	7.467517	39.603703	37.46129	16.037165	24.606814		
		11.752341	24.606814	24.606814	31.034052	26.749227	18.179577	20.321989	16.037165	13.894753	22.464402	13.894753	26.749227		
		
48:00	23.90	1408.618532	1123.672772	1367.911926	1822.113256	1425.758163	1687.138034	823.731082	2175.620988	2563.410251	2092.064458	2074.924669	2059.927357		
		0	22.464402	31.034052	24.606814	20.321989	18.179577	1.040281	9.609929	1.040281	7.467517	35.318877	31.034052		
		35.318877	13.894753	35.318877	20.321989	11.752341	18.179577	31.034052	11.752341	26.749227	7.467517	18.179577	56.743008		
		13.894753	18.179577	9.609929	7.467517	31.034052	20.321989	31.034052	7.467517	26.749227	31.034052	31.034052	26.749227		
		22.464402	1.040281	1.040281	18.179577	9.609929	28.891639	26.749227	24.606814	37.46129	13.894753	18.179577	20.321989		
		22.464402	48.173355	63.170248	28.891639	20.321989	39.603703	13.894753	39.603703	11.752341	16.037165	0	39.603703		
		1.040281	24.606814	20.321989	11.752341	1.040281	35.318877	18.179577	39.603703	5.325105	28.891639	46.030942	5.325105		
		18.179577	28.891639	20.321989	7.467517	5.325105	18.179577	7.467517	31.034052	13.894753	28.891639	20.321989	35.318877		
		
49:00	23.90	1267.216736	1005.838388	1455.752526	1588.584856	1267.216736	1599.297152	821.588646	2042.787576	2302.027203	1762.124237	1796.40367	1732.129746		
		20.321989	24.606814	11.752341	5.325105	26.749227	43.888529	18.179577	3.182693	56.743008	43.888529	31.034052	56.743008		
		22.464402	22.464402	11.752341	22.464402	48.173355	9.609929	39.603703	43.888529	31.034052	31.034052	31.034052	20.321989		
		33.176464	9.609929	9.609929	5.325105	9.609929	43.888529	3.182693	20.321989	22.464402	39.603703	22.464402	26.749227		
		7.467517	28.891639	31.034052	48.173355	1.040281	37.46129	5.325105	43.888529	18.179577	16.037165	24.606814	48.173355		
		20.321989	9.609929	26.749227	26.749227	37.46129	46.030942	5.325105	16.037165	26.749227	13.894753	18.179577	0		
		18.179577	18.179577	24.606814	20.321989	9.609929	5.325105	50.315768	35.318877	20.321989	26.749227	5.325105	46.030942		
		22.464402	18.179577	43.888529	33.176464	13.894753	43.888529	5.325105	24.606814	35.318877	28.891639	16.037165	13.894753		
		
50:00	23.90	1224.367761	1089.393658	1087.251214	1415.045893	1057.257004	1333.632697	622.342362	1931.379097	1984.940844	1697.850344	1734.27221	1680.710648		
		28.891639	24.606814	24.606814	9.609929	3.182693	20.321989	5.325105	7.467517	0	18.179577	18.179577	43.888529		
		41.746116	26.749227	18.179577	37.46129	41.746116	11.752341	16.037165	28.891639	39.603703	5.325105	26.749227	41.746116		
		26.749227	11.752341	20.321989	20.321989	24.606814	22.464402	43.888529	13.894753	5.325105	7.467517	26.749227	1.040281		
		16.037165	3.182693	28.891639	28.891639	35.318877	35.318877	20.321989	13.894753	16.037165	18.179577	39.603703	65.312662		
		20.321989	48.173355	7.467517	22.464402	28.891639	5.325105	35.318877	16.037165	31.034052	5.325105	20.321989	20.321989		
		24.606814	18.179577	33.176464	7.467517	24.606814	7.467517	24.606814	5.325105	33.176464	5.325105	16.037165	5.325105		
		18.179577	22.464402	18.179577	39.603703	35.318877	20.321989	7.467517	73.882317	35.318877	46.030942	9.609929	9.609929		
		
~End
