##BLOCKS= 1          
Plate:	Plate#1	1.3	PlateFormat	Kinetic	Luminescence	Raw	FALSE	51	3000	60				1	450	1	12	96	405	Automatic	435			6	Automatic			1	8	None	
Time(hh:mm:ss)	Temperature(¡C)	1	2	3	4	5	6	7	8	9	10	11	12		
0:00	23.20	924.425653	654.478822	354.539084	363.108774	172.433424	121.015438	146.724426	110.303363	125.300269	80.309559	97.448874	50.315768		
		935.13785	528.075495	380.248156	247.418052	277.411925	166.006174	142.439594	108.160948	97.448874	91.02163	71.739903	46.030942		
		802.306723	513.078505	294.551287	283.839185	240.990795	181.003092	146.724426	129.5851	110.303363	103.876118	78.167145	69.597489		
		911.571019	566.639198	341.684552	232.42112	153.151675	170.291007	95.306459	114.588193	93.164045	82.451973	73.882317	58.885421		
		817.303774	448.805725	375.96331	174.575841	223.851446	170.291007	161.721341	82.451973	48.173355	136.012347	80.309559	82.451973		
		757.315591	523.79064	339.54213	249.560471	200.284848	206.712101	144.58201	106.018533	86.736802	76.024731	69.597489	65.312662		
		699.46989	408.09966	309.548231	230.278701	189.572761	121.015438	118.873023	136.012347	136.012347	93.164045	82.451973	61.027835		
		594.490775	470.229978	315.975494	270.984665	232.42112	129.5851	123.157854	116.730608	121.015438	112.445778	123.157854	108.160948		
		
1:00	23.40	71.739903	43.888529	58.885421	67.455076	41.746116	61.027835	50.315768	20.321989	80.309559	48.173355	50.315768	39.603703		
		63.170248	31.034052	88.879216	48.173355	61.027835	35.318877	35.318877	50.315768	43.888529	31.034052	48.173355	31.034052		
		56.743008	76.024731	58.885421	43.888529	41.746116	39.603703	48.173355	31.034052	46.030942	11.752341	39.603703	20.321989		
		95.306459	65.312662	52.458181	43.888529	58.885421	31.034052	46.030942	31.034052	9.609929	46.030942	37.46129	31.034052		
		103.876118	93.164045	43.888529	69.597489	61.027835	35.318877	46.030942	31.034052	50.315768	39.603703	41.746116	39.603703		
		48.173355	58.885421	39.603703	50.315768	35.318877	56.743008	50.315768	26.749227	63.170248	31.034052	54.600594	69.597489		
		50.315768	31.034052	58.885421	76.024731	37.46129	50.315768	26.749227	58.885421	35.318877	39.603703	22.464402	24.606814		
		67.455076	52.458181	41.746116	91.02163	56.743008	18.179577	50.315768	46.030942	48.173355	31.034052	18.179577	50.315768		
		
2:00	23.60	140.297179	142.439594	191.715178	228.136283	123.157854	39.603703	46.030942	48.173355	181.003092	43.888529	146.724426	97.448874		
		28.891639	24.606814	52.458181	18.179577	52.458181	28.891639	46.030942	28.891639	26.749227	39.603703	24.606814	73.882317		
		61.027835	5.325105	37.46129	35.318877	50.315768	16.037165	16.037165	41.746116	50.315768	20.321989	37.46129	20.321989		
		24.606814	35.318877	20.321989	37.46129	50.315768	56.743008	28.891639	26.749227	46.030942	20.321989	20.321989	33.176464		
		58.885421	54.600594	33.176464	20.321989	50.315768	33.176464	18.179577	46.030942	69.597489	46.030942	48.173355	18.179577		
		67.455076	18.179577	33.176464	33.176464	7.467517	43.888529	18.179577	63.170248	56.743008	24.606814	35.318877	46.030942		
		41.746116	43.888529	48.173355	13.894753	65.312662	35.318877	65.312662	54.600594	13.894753	26.749227	13.894753	56.743008		
		46.030942	46.030942	52.458181	46.030942	13.894753	48.173355	22.464402	63.170248	35.318877	24.606814	52.458181	24.606814		
		
3:00	23.70	637.339375	1046.544789	1192.231047	2576.265179	1288.641233	228.136283	348.111818	146.724426	1119.387882	583.778629	1682.85311	896.573949		
		39.603703	26.749227	28.891639	31.034052	16.037165	52.458181	50.315768	33.176464	43.888529	26.749227	56.743008	22.464402		
		22.464402	22.464402	37.46129	18.179577	31.034052	54.600594	18.179577	43.888529	11.752341	28.891639	26.749227	13.894753		
		26.749227	43.888529	28.891639	13.894753	65.312662	43.888529	39.603703	35.318877	18.179577	26.749227	13.894753	26.749227		
		37.46129	73.882317	18.179577	33.176464	16.037165	3.182693	22.464402	26.749227	13.894753	20.321989	67.455076	24.606814		
		26.749227	86.736802	9.609929	9.609929	35.318877	13.894753	11.752341	35.318877	22.464402	11.752341	22.464402	41.746116		
		18.179577	28.891639	20.321989	11.752341	22.464402	48.173355	9.609929	50.315768	31.034052	11.752341	35.318877	22.464402		
		65.312662	39.603703	22.464402	43.888529	31.034052	22.464402	33.176464	48.173355	7.467517	35.318877	26.749227	41.746116		
		
4:00	23.70	2636.254875	3186.876919	4410.258454	7870.548036	4596.659915	843.01301	1344.344954	853.725195	3077.609175	2297.742243	5805.06728	3600.38184		
		18.179577	50.315768	41.746116	71.739903	11.752341	28.891639	43.888529	46.030942	20.321989	5.325105	35.318877	13.894753		
		43.888529	20.321989	48.173355	16.037165	50.315768	16.037165	48.173355	26.749227	35.318877	18.179577	5.325105	31.034052		
		48.173355	39.603703	16.037165	20.321989	28.891639	9.609929	26.749227	35.318877	28.891639	22.464402	37.46129	41.746116		
		58.885421	28.891639	13.894753	46.030942	11.752341	18.179577	46.030942	26.749227	16.037165	20.321989	20.321989	46.030942		
		52.458181	39.603703	39.603703	35.318877	33.176464	1.040281	43.888529	11.752341	5.325105	31.034052	24.606814	22.464402		
		24.606814	24.606814	24.606814	43.888529	9.609929	35.318877	13.894753	43.888529	7.467517	35.318877	39.603703	22.464402		
		35.318877	20.321989	50.315768	35.318877	28.891639	13.894753	33.176464	22.464402	24.606814	54.600594	33.176464	22.464402		
		
5:00	23.80	5584.381444	5507.24869	9906.09007	13073.079189	10338.917995	2437.003577	3658.229868	1944.233913	5522.246719	5147.296929	10928.168109	8521.915234		
		48.173355	37.46129	33.176464	28.891639	18.179577	13.894753	52.458181	16.037165	22.464402	48.173355	39.603703	46.030942		
		28.891639	73.882317	33.176464	24.606814	18.179577	7.467517	33.176464	28.891639	39.603703	52.458181	46.030942	18.179577		
		18.179577	41.746116	46.030942	31.034052	0	31.034052	1.040281	13.894753	20.321989	18.179577	37.46129	56.743008		
		46.030942	35.318877	41.746116	26.749227	41.746116	26.749227	28.891639	24.606814	28.891639	24.606814	46.030942	35.318877		
		35.318877	35.318877	35.318877	39.603703	22.464402	5.325105	11.752341	20.321989	20.321989	31.034052	31.034052	26.749227		
		43.888529	0	37.46129	35.318877	13.894753	37.46129	18.179577	54.600594	9.609929	3.182693	9.609929	7.467517		
		18.179577	28.891639	61.027835	13.894753	28.891639	24.606814	18.179577	50.315768	11.752341	41.746116	11.752341	50.315768		
		
6:00	23.80	9640.395006	7960.539206	14459.484234	17671.675011	15408.769215	4705.929961	6835.657647	3844.629385	8157.663115	7990.536288	15567.341739	12905.940968		
		31.034052	28.891639	13.894753	11.752341	20.321989	48.173355	16.037165	11.752341	26.749227	16.037165	16.037165	26.749227		
		33.176464	13.894753	18.179577	31.034052	33.176464	3.182693	5.325105	26.749227	31.034052	39.603703	39.603703	37.46129		
		26.749227	88.879216	31.034052	56.743008	24.606814	13.894753	24.606814	28.891639	28.891639	9.609929	31.034052	28.891639		
		22.464402	22.464402	9.609929	31.034052	18.179577	33.176464	26.749227	18.179577	24.606814	20.321989	39.603703	31.034052		
		26.749227	18.179577	31.034052	61.027835	39.603703	43.888529	39.603703	9.609929	31.034052	16.037165	26.749227	28.891639		
		28.891639	20.321989	56.743008	35.318877	28.891639	35.318877	37.46129	24.606814	41.746116	41.746116	28.891639	26.749227		
		28.891639	31.034052	16.037165	28.891639	41.746116	7.467517	11.752341	24.606814	39.603703	54.600594	46.030942	24.606814		
		
7:00	23.90	12269.533598	9644.680403	18638.146003	21522.63534	19004.594045	6962.072033	10617.471994	6212.159428	10634.613814	10913.168955	19439.619577	17219.516755		
		28.891639	65.312662	22.464402	11.752341	11.752341	26.749227	5.325105	20.321989	26.749227	37.46129	28.891639	20.321989		
		50.315768	13.894753	52.458181	26.749227	58.885421	9.609929	41.746116	9.609929	31.034052	3.182693	24.606814	5.325105		
		65.312662	65.312662	20.321989	33.176464	35.318877	46.030942	37.46129	13.894753	20.321989	39.603703	22.464402	41.746116		
		20.321989	33.176464	28.891639	20.321989	1.040281	3.182693	22.464402	9.609929	18.179577	22.464402	28.891639	54.600594		
		24.606814	9.609929	13.894753	18.179577	13.894753	31.034052	28.891639	35.318877	31.034052	22.464402	33.176464	16.037165		
		16.037165	13.894753	16.037165	7.467517	41.746116	22.464402	43.888529	48.173355	16.037165	11.752341	16.037165	20.321989		
		7.467517	35.318877	5.325105	20.321989	35.318877	35.318877	20.321989	61.027835	26.749227	13.894753	16.037165	24.606814		
		
8:00	23.90	14935.19659	11753.126358	21516.206186	23985.043307	22630.601366	9366.130162	14075.916647	7804.126053	13280.931106	13529.497072	23018.500651	19364.614988		
		39.603703	28.891639	31.034052	39.603703	28.891639	9.609929	28.891639	16.037165	39.603703	52.458181	3.182693	52.458181		
		31.034052	18.179577	9.609929	18.179577	31.034052	41.746116	33.176464	22.464402	63.170248	43.888529	24.606814	22.464402		
		22.464402	24.606814	48.173355	1.040281	1.040281	22.464402	35.318877	26.749227	35.318877	18.179577	20.321989	9.609929		
		26.749227	63.170248	1.040281	5.325105	28.891639	33.176464	22.464402	54.600594	28.891639	9.609929	9.609929	22.464402		
		16.037165	52.458181	18.179577	58.885421	28.891639	22.464402	26.749227	16.037165	24.606814	9.609929	26.749227	18.179577		
		9.609929	46.030942	22.464402	28.891639	16.037165	11.752341	28.891639	50.315768	46.030942	37.46129	33.176464	26.749227		
		28.891639	16.037165	3.182693	37.46129	24.606814	43.888529	46.030942	7.467517	46.030942	33.176464	33.176464	54.600594		
		
9:00	23.90	17240.945993	12925.226128	23618.569955	25847.442516	24968.744146	10808.174968	16465.211663	9181.859055	15055.196599	16160.920365	24735.140771	21809.804784		
		20.321989	13.894753	35.318877	24.606814	33.176464	37.46129	24.606814	26.749227	22.464402	33.176464	13.894753	13.894753		
		16.037165	28.891639	35.318877	58.885421	20.321989	26.749227	5.325105	11.752341	0	28.891639	5.325105	16.037165		
		20.321989	9.609929	43.888529	41.746116	24.606814	11.752341	54.600594	22.464402	13.894753	16.037165	41.746116	22.464402		
		13.894753	33.176464	33.176464	5.325105	7.467517	61.027835	54.600594	13.894753	63.170248	48.173355	22.464402	7.467517		
		43.888529	28.891639	20.321989	24.606814	7.467517	22.464402	26.749227	26.749227	16.037165	18.179577	58.885421	31.034052		
		18.179577	22.464402	20.321989	13.894753	18.179577	37.46129	37.46129	20.321989	11.752341	13.894753	22.464402	5.325105		
		9.609929	35.318877	39.603703	7.467517	20.321989	37.46129	18.179577	22.464402	37.46129	31.034052	67.455076	18.179577		
		
10:00	23.90	19495.337322	13490.926435	25028.752475	27032.630693	27574.866136	11697.414594	19225.320957	10401.05687	17639.530966	18018.831615	25969.603869	23537.131685		
		3.182693	41.746116	26.749227	16.037165	1.040281	73.882317	24.606814	56.743008	56.743008	37.46129	26.749227	11.752341		
		11.752341	31.034052	16.037165	28.891639	26.749227	9.609929	24.606814	18.179577	0	84.594387	41.746116	22.464402		
		31.034052	39.603703	58.885421	22.464402	13.894753	28.891639	22.464402	26.749227	20.321989	20.321989	31.034052	31.034052		
		28.891639	46.030942	35.318877	11.752341	31.034052	46.030942	41.746116	26.749227	16.037165	63.170248	33.176464	31.034052		
		43.888529	33.176464	20.321989	22.464402	39.603703	20.321989	63.170248	37.46129	26.749227	11.752341	16.037165	48.173355		
		9.609929	20.321989	63.170248	11.752341	18.179577	13.894753	41.746116	24.606814	24.606814	26.749227	46.030942	24.606814		
		9.609929	11.752341	13.894753	26.749227	9.609929	1.040281	22.464402	31.034052	26.749227	18.179577	26.749227	28.891639		
		
11:00	23.90	20468.261816	14459.484234	26415.387404	27765.613961	28582.191813	13030.223198	20905.439211	11183.154196	18858.871793	19516.767236	27446.272381	24925.881085		
		46.030942	37.46129	31.034052	16.037165	11.752341	41.746116	46.030942	35.318877	58.885421	31.034052	43.888529	22.464402		
		37.46129	31.034052	22.464402	37.46129	31.034052	31.034052	24.606814	28.891639	22.464402	20.321989	18.179577	52.458181		
		20.321989	16.037165	35.318877	11.752341	20.321989	20.321989	7.467517	26.749227	5.325105	7.467517	16.037165	20.321989		
		7.467517	39.603703	41.746116	18.179577	18.179577	20.321989	22.464402	39.603703	1.040281	22.464402	22.464402	13.894753		
		46.030942	0	41.746116	37.46129	28.891639	22.464402	13.894753	24.606814	5.325105	20.321989	37.46129	39.603703		
		11.752341	24.606814	3.182693	33.176464	35.318877	22.464402	48.173355	43.888529	24.606814	18.179577	13.894753	31.034052		
		5.325105	16.037165	35.318877	26.749227	13.894753	9.609929	16.037165	41.746116	26.749227	5.325105	22.464402	22.464402		
		
12:00	23.90	21541.922804	14693.054323	27609.157842	29415.925197	30043.910691	13463.069876	22375.574795	12106.682783	20084.662265	20761.856147	28243.557356	26308.227648		
		18.179577	24.606814	26.749227	37.46129	18.179577	5.325105	46.030942	26.749227	9.609929	35.318877	20.321989	16.037165		
		37.46129	11.752341	9.609929	13.894753	11.752341	7.467517	11.752341	24.606814	22.464402	16.037165	5.325105	18.179577		
		3.182693	24.606814	18.179577	16.037165	20.321989	24.606814	52.458181	20.321989	22.464402	18.179577	9.609929	13.894753		
		24.606814	11.752341	35.318877	16.037165	20.321989	43.888529	22.464402	37.46129	50.315768	39.603703	33.176464	13.894753		
		52.458181	13.894753	37.46129	13.894753	22.464402	5.325105	33.176464	48.173355	20.321989	13.894753	18.179577	37.46129		
		11.752341	0	9.609929	22.464402	24.606814	41.746116	26.749227	9.609929	48.173355	43.888529	16.037165	20.321989		
		37.46129	22.464402	26.749227	35.318877	39.603703	28.891639	41.746116	52.458181	16.037165	20.321989	20.321989	39.603703		
		
13:00	23.90	22823.479203	14894.482347	27847.057006	29705.26937	31149.86431	14472.341284	23247.81226	12200.964789	21029.735229	21582.640801	28796.518241	26644.709814		
		18.179577	31.034052	28.891639	33.176464	20.321989	13.894753	22.464402	28.891639	46.030942	46.030942	35.318877	33.176464		
		52.458181	50.315768	35.318877	13.894753	7.467517	69.597489	41.746116	26.749227	24.606814	7.467517	1.040281	28.891639		
		39.603703	41.746116	46.030942	5.325105	11.752341	7.467517	39.603703	37.46129	31.034052	31.034052	5.325105	22.464402		
		33.176464	39.603703	16.037165	35.318877	18.179577	20.321989	22.464402	1.040281	46.030942	0	26.749227	26.749227		
		18.179577	20.321989	20.321989	13.894753	28.891639	31.034052	22.464402	26.749227	37.46129	16.037165	16.037165	9.609929		
		33.176464	11.752341	37.46129	41.746116	16.037165	9.609929	26.749227	3.182693	20.321989	13.894753	41.746116	9.609929		
		13.894753	22.464402	16.037165	5.325105	28.891639	56.743008	18.179577	54.600594	9.609929	31.034052	5.325105	22.464402		
		
14:00	23.90	22900.630482	14772.339755	27885.635323	30757.634632	30560.448933	15303.768681	24415.812611	12655.234364	21801.232545	22195.556583	29053.710794	27690.600711		
		31.034052	37.46129	41.746116	37.46129	31.034052	9.609929	16.037165	20.321989	9.609929	58.885421	31.034052	35.318877		
		20.321989	7.467517	43.888529	3.182693	22.464402	22.464402	16.037165	46.030942	5.325105	9.609929	33.176464	13.894753		
		1.040281	35.318877	5.325105	31.034052	63.170248	37.46129	33.176464	11.752341	28.891639	54.600594	11.752341	24.606814		
		1.040281	22.464402	48.173355	28.891639	1.040281	52.458181	37.46129	13.894753	22.464402	37.46129	16.037165	9.609929		
		18.179577	9.609929	7.467517	11.752341	24.606814	41.746116	18.179577	20.321989	18.179577	0	33.176464	63.170248		
		65.312662	39.603703	5.325105	5.325105	24.606814	7.467517	26.749227	9.609929	20.321989	20.321989	37.46129	39.603703		
		13.894753	9.609929	16.037165	18.179577	16.037165	16.037165	31.034052	9.609929	13.894753	20.321989	28.891639	41.746116		
		
15:00	23.90	23745.013767	15284.482886	27769.900435	30716.911454	30798.357833	15040.196587	25129.480853	13463.069876	21402.624568	22328.427125	28603.624427	27435.556245		
		24.606814	13.894753	26.749227	7.467517	33.176464	31.034052	46.030942	37.46129	22.464402	18.179577	46.030942	37.46129		
		43.888529	22.464402	22.464402	41.746116	20.321989	18.179577	11.752341	16.037165	31.034052	39.603703	7.467517	41.746116		
		3.182693	20.321989	28.891639	11.752341	24.606814	52.458181	37.46129	33.176464	13.894753	18.179577	16.037165	5.325105		
		18.179577	24.606814	3.182693	22.464402	13.894753	20.321989	35.318877	18.179577	39.603703	37.46129	26.749227	16.037165		
		31.034052	48.173355	35.318877	5.325105	13.894753	20.321989	41.746116	18.179577	20.321989	9.609929	18.179577	11.752341		
		9.609929	43.888529	31.034052	22.464402	24.606814	9.609929	16.037165	35.318877	22.464402	0	7.467517	18.179577		
		26.749227	22.464402	9.609929	18.179577	35.318877	3.182693	3.182693	22.464402	28.891639	18.179577	11.752341	13.894753		
		
16:00	23.90	23395.686488	14913.768038	27351.97044	30069.63035	31244.171218	15509.484156	25845.299337	12959.510868	21734.797729	22182.698156	28168.543609	27216.947422		
		3.182693	22.464402	31.034052	28.891639	16.037165	31.034052	37.46129	7.467517	37.46129	22.464402	20.321989	56.743008		
		39.603703	37.46129	11.752341	20.321989	11.752341	48.173355	48.173355	26.749227	20.321989	9.609929	22.464402	13.894753		
		37.46129	33.176464	13.894753	24.606814	1.040281	43.888529	9.609929	28.891639	16.037165	18.179577	16.037165	13.894753		
		26.749227	24.606814	16.037165	13.894753	9.609929	26.749227	13.894753	26.749227	24.606814	56.743008	46.030942	50.315768		
		13.894753	11.752341	13.894753	33.176464	22.464402	35.318877	22.464402	24.606814	11.752341	11.752341	11.752341	11.752341		
		41.746116	24.606814	5.325105	11.752341	11.752341	31.034052	78.167145	20.321989	31.034052	37.46129	35.318877	7.467517		
		24.606814	26.749227	37.46129	7.467517	35.318877	31.034052	28.891639	11.752341	13.894753	22.464402	31.034052	13.894753		
		
17:00	23.90	23672.147814	15372.340441	27120.502563	30260.384773	30609.745307	15136.62529	25789.576685	13248.789018	22360.57326	22795.619039	27883.492082	26886.892217		
		37.46129	5.325105	58.885421	24.606814	28.891639	39.603703	3.182693	24.606814	41.746116	9.609929	20.321989	22.464402		
		9.609929	35.318877	16.037165	18.179577	20.321989	28.891639	9.609929	31.034052	31.034052	35.318877	52.458181	28.891639		
		18.179577	37.46129	52.458181	7.467517	41.746116	26.749227	5.325105	1.040281	20.321989	16.037165	20.321989	41.746116		
		7.467517	13.894753	7.467517	26.749227	24.606814	20.321989	28.891639	24.606814	22.464402	13.894753	73.882317	50.315768		
		5.325105	9.609929	1.040281	20.321989	13.894753	9.609929	24.606814	13.894753	65.312662	26.749227	13.894753	52.458181		
		24.606814	18.179577	22.464402	50.315768	43.888529	1.040281	24.606814	3.182693	13.894753	7.467517	26.749227	20.321989		
		13.894753	5.325105	31.034052	13.894753	31.034052	65.312662	43.888529	24.606814	9.609929	31.034052	26.749227	26.749227		
		
18:00	23.90	22649.889126	14652.340217	26258.934215	30841.224385	30725.484753	15650.913885	25215.207243	13295.930752	21863.381299	22056.257084	27474.134342	27032.630693		
		35.318877	16.037165	24.606814	16.037165	24.606814	20.321989	13.894753	31.034052	22.464402	28.891639	5.325105	46.030942		
		20.321989	24.606814	35.318877	43.888529	7.467517	11.752341	13.894753	13.894753	16.037165	22.464402	24.606814	20.321989		
		18.179577	37.46129	5.325105	18.179577	9.609929	11.752341	7.467517	13.894753	18.179577	16.037165	43.888529	5.325105		
		16.037165	11.752341	5.325105	24.606814	43.888529	37.46129	37.46129	13.894753	0	7.467517	20.321989	0		
		20.321989	1.040281	48.173355	20.321989	28.891639	11.752341	9.609929	24.606814	41.746116	24.606814	9.609929	3.182693		
		28.891639	18.179577	13.894753	3.182693	56.743008	28.891639	1.040281	16.037165	33.176464	20.321989	11.752341	3.182693		
		50.315768	41.746116	22.464402	33.176464	18.179577	31.034052	20.321989	35.318877	24.606814	13.894753	26.749227	9.609929		
		
19:00	23.90	23292.817428	14388.770503	25907.451576	30031.050865	29698.839486	15003.767999	25296.647408	12698.090132	21814.090903	22390.576333	26961.904631	26181.779342		
		0	7.467517	31.034052	35.318877	39.603703	28.891639	24.606814	52.458181	5.325105	5.325105	33.176464	3.182693		
		26.749227	35.318877	13.894753	16.037165	24.606814	28.891639	20.321989	22.464402	26.749227	39.603703	7.467517	18.179577		
		16.037165	33.176464	11.752341	18.179577	9.609929	28.891639	39.603703	28.891639	22.464402	16.037165	18.179577	28.891639		
		28.891639	13.894753	58.885421	26.749227	39.603703	7.467517	26.749227	26.749227	56.743008	26.749227	13.894753	31.034052		
		48.173355	16.037165	9.609929	20.321989	20.321989	9.609929	13.894753	1.040281	7.467517	7.467517	41.746116	39.603703		
		31.034052	39.603703	1.040281	33.176464	33.176464	26.749227	39.603703	13.894753	28.891639	18.179577	9.609929	18.179577		
		50.315768	11.752341	13.894753	28.891639	26.749227	22.464402	31.034052	48.173355	26.749227	18.179577	26.749227	13.894753		
		
20:00	23.90	22174.125873	13840.205734	24540.11468	29465.220789	29403.065483	14682.340082	24392.238105	12700.232921	20590.414057	22124.835265	25645.983895	25961.031136		
		67.455076	56.743008	28.891639	9.609929	37.46129	11.752341	16.037165	1.040281	13.894753	50.315768	18.179577	28.891639		
		39.603703	20.321989	13.894753	9.609929	31.034052	43.888529	37.46129	35.318877	20.321989	13.894753	28.891639	31.034052		
		13.894753	5.325105	37.46129	18.179577	37.46129	39.603703	54.600594	3.182693	22.464402	31.034052	18.179577	18.179577		
		28.891639	18.179577	28.891639	9.609929	18.179577	22.464402	28.891639	28.891639	31.034052	26.749227	37.46129	58.885421		
		13.894753	11.752341	24.606814	13.894753	5.325105	16.037165	26.749227	1.040281	26.749227	35.318877	22.464402	24.606814		
		20.321989	20.321989	18.179577	35.318877	22.464402	26.749227	3.182693	33.176464	13.894753	11.752341	50.315768	24.606814		
		5.325105	9.609929	48.173355	13.894753	56.743008	84.594387	33.176464	39.603703	20.321989	1.040281	20.321989	20.321989		
		
21:00	23.90	21687.650477	13171.648064	23408.545131	30058.913824	28573.618769	14266.628768	24621.554082	12323.103025	20684.707156	21128.314982	25255.927314	24475.82048		
		5.325105	16.037165	22.464402	18.179577	11.752341	1.040281	1.040281	0	31.034052	20.321989	33.176464	31.034052		
		9.609929	16.037165	13.894753	67.455076	24.606814	13.894753	13.894753	11.752341	31.034052	37.46129	22.464402	41.746116		
		18.179577	50.315768	39.603703	7.467517	50.315768	26.749227	26.749227	26.749227	11.752341	20.321989	33.176464	67.455076		
		16.037165	20.321989	0	11.752341	37.46129	0	22.464402	35.318877	26.749227	31.034052	13.894753	28.891639		
		20.321989	5.325105	3.182693	39.603703	13.894753	31.034052	13.894753	13.894753	22.464402	20.321989	9.609929	16.037165		
		24.606814	11.752341	13.894753	13.894753	18.179577	7.467517	9.609929	9.609929	18.179577	33.176464	22.464402	43.888529		
		7.467517	7.467517	3.182693	31.034052	26.749227	24.606814	31.034052	18.179577	52.458181	46.030942	43.888529	46.030942		
		
22:00	24.00	21316.90271	12492.382677	22780.617416	28558.615945	27039.060338	13827.348797	23858.599075	11759.554641	20121.09342	20406.114264	24422.242023	23299.24674		
		56.743008	33.176464	41.746116	35.318877	16.037165	7.467517	16.037165	3.182693	20.321989	20.321989	54.600594	26.749227		
		16.037165	7.467517	1.040281	7.467517	9.609929	31.034052	28.891639	31.034052	26.749227	18.179577	18.179577	24.606814		
		18.179577	16.037165	20.321989	16.037165	18.179577	22.464402	37.46129	11.752341	24.606814	39.603703	11.752341	20.321989		
		9.609929	20.321989	26.749227	7.467517	1.040281	24.606814	9.609929	33.176464	5.325105	28.891639	35.318877	37.46129		
		16.037165	0	20.321989	13.894753	20.321989	7.467517	18.179577	5.325105	11.752341	22.464402	13.894753	61.027835		
		41.746116	7.467517	31.034052	26.749227	22.464402	18.179577	33.176464	48.173355	54.600594	5.325105	37.46129	16.037165		
		18.179577	20.321989	7.467517	16.037165	22.464402	24.606814	7.467517	33.176464	7.467517	22.464402	35.318877	11.752341		
		
23:00	23.90	21434.770291	12183.822596	21565.496378	27759.184251	25896.735669	13274.502687	23549.990353	11626.703572	18440.993441	20011.800012	22967.066372	22231.988804		
		37.46129	58.885421	48.173355	18.179577	26.749227	46.030942	35.318877	18.179577	78.167145	0	28.891639	28.891639		
		50.315768	18.179577	50.315768	31.034052	22.464402	20.321989	33.176464	5.325105	43.888529	22.464402	28.891639	20.321989		
		13.894753	37.46129	11.752341	37.46129	43.888529	31.034052	13.894753	3.182693	26.749227	20.321989	20.321989	35.318877		
		31.034052	5.325105	46.030942	13.894753	7.467517	26.749227	18.179577	26.749227	39.603703	35.318877	3.182693	11.752341		
		37.46129	16.037165	13.894753	7.467517	52.458181	22.464402	28.891639	9.609929	39.603703	22.464402	37.46129	7.467517		
		7.467517	13.894753	28.891639	41.746116	9.609929	16.037165	11.752341	20.321989	39.603703	26.749227	3.182693	65.312662		
		1.040281	7.467517	24.606814	9.609929	33.176464	39.603703	33.176464	9.609929	28.891639	16.037165	37.46129	18.179577		
		
24:00	24.00	20624.702442	11819.551978	20701.851369	26494.685725	25195.918796	12449.527032	22574.881198	10878.885187	18389.562426	19437.476588	21263.326601	21533.350597		
		1.040281	9.609929	35.318877	11.752341	28.891639	24.606814	24.606814	9.609929	18.179577	9.609929	28.891639	11.752341		
		9.609929	20.321989	43.888529	22.464402	22.464402	7.467517	24.606814	50.315768	18.179577	9.609929	31.034052	9.609929		
		1.040281	24.606814	20.321989	46.030942	35.318877	11.752341	22.464402	28.891639	48.173355	46.030942	16.037165	24.606814		
		13.894753	5.325105	18.179577	18.179577	24.606814	18.179577	1.040281	31.034052	16.037165	28.891639	9.609929	20.321989		
		16.037165	13.894753	3.182693	28.891639	5.325105	5.325105	22.464402	20.321989	3.182693	18.179577	33.176464	11.752341		
		28.891639	11.752341	18.179577	24.606814	22.464402	11.752341	35.318877	26.749227	35.318877	22.464402	48.173355	56.743008		
		41.746116	41.746116	35.318877	24.606814	16.037165	11.752341	31.034052	26.749227	24.606814	16.037165	18.179577	24.606814		
		
25:00	23.90	19131.029766	11065.303371	19038.881676	25283.788428	23747.156884	11806.695402	21524.778391	10748.178472	17384.522046	18430.278643	20423.258411	20219.67193		
		0	52.458181	28.891639	33.176464	33.176464	13.894753	1.040281	26.749227	22.464402	22.464402	18.179577	22.464402		
		48.173355	0	41.746116	24.606814	31.034052	1.040281	28.891639	22.464402	16.037165	24.606814	43.888529	7.467517		
		7.467517	46.030942	7.467517	5.325105	22.464402	18.179577	0	33.176464	16.037165	18.179577	18.179577	11.752341		
		48.173355	35.318877	9.609929	3.182693	18.179577	20.321989	0	16.037165	41.746116	0	41.746116	18.179577		
		5.325105	11.752341	7.467517	18.179577	26.749227	22.464402	20.321989	13.894753	28.891639	7.467517	13.894753	24.606814		
		11.752341	13.894753	28.891639	35.318877	35.318877	35.318877	22.464402	18.179577	13.894753	9.609929	24.606814	26.749227		
		7.467517	35.318877	31.034052	33.176464	5.325105	18.179577	46.030942	16.037165	3.182693	35.318877	28.891639	20.321989		
		
26:00	24.00	19081.741238	9743.244592	16966.652237	23603.568162	22907.059759	11178.868708	20712.566504	9976.799405	16988.081399	17485.239747	19064.597411	18674.576426		
		67.455076	43.888529	9.609929	31.034052	43.888529	26.749227	26.749227	22.464402	18.179577	16.037165	18.179577	48.173355		
		22.464402	33.176464	20.321989	18.179577	22.464402	5.325105	31.034052	20.321989	11.752341	9.609929	18.179577	24.606814		
		3.182693	22.464402	46.030942	28.891639	28.891639	39.603703	5.325105	26.749227	18.179577	9.609929	13.894753	11.752341		
		0	28.891639	43.888529	16.037165	22.464402	0	35.318877	22.464402	16.037165	13.894753	18.179577	22.464402		
		61.027835	9.609929	31.034052	41.746116	13.894753	1.040281	18.179577	13.894753	39.603703	31.034052	20.321989	11.752341		
		24.606814	28.891639	37.46129	22.464402	16.037165	13.894753	13.894753	39.603703	7.467517	9.609929	20.321989	9.609929		
		7.467517	31.034052	16.037165	18.179577	24.606814	26.749227	5.325105	26.749227	18.179577	22.464402	5.325105	9.609929		
		
27:00	23.90	18372.418763	9196.857849	16388.067268	21614.786604	21539.779752	10771.748518	20157.524593	9678.963584	15706.628703	16313.065853	17562.385315	17277.37571		
		50.315768	28.891639	28.891639	18.179577	3.182693	20.321989	24.606814	18.179577	22.464402	37.46129	22.464402	28.891639		
		7.467517	48.173355	5.325105	16.037165	0	9.609929	13.894753	26.749227	35.318877	0	43.888529	48.173355		
		9.609929	20.321989	43.888529	22.464402	33.176464	28.891639	33.176464	11.752341	13.894753	16.037165	31.034052	9.609929		
		16.037165	9.609929	9.609929	41.746116	41.746116	33.176464	35.318877	9.609929	18.179577	28.891639	18.179577	28.891639		
		16.037165	5.325105	22.464402	16.037165	16.037165	7.467517	7.467517	0	18.179577	20.321989	24.606814	9.609929		
		22.464402	31.034052	37.46129	22.464402	9.609929	41.746116	11.752341	7.467517	26.749227	11.752341	37.46129	52.458181		
		13.894753	18.179577	11.752341	13.894753	61.027835	9.609929	1.040281	11.752341	24.606814	24.606814	35.318877	22.464402		
		
28:00	23.90	17416.665978	7900.54508	15346.626024	20118.95041	20513.265249	10456.767632	18854.585849	8982.589668	13994.489154	14879.482368	16471.640366	16173.777717		
		11.752341	33.176464	24.606814	33.176464	35.318877	37.46129	28.891639	33.176464	24.606814	22.464402	18.179577	26.749227		
		20.321989	11.752341	13.894753	37.46129	37.46129	16.037165	28.891639	16.037165	1.040281	37.46129	11.752341	31.034052		
		46.030942	39.603703	31.034052	7.467517	18.179577	11.752341	26.749227	26.749227	33.176464	54.600594	13.894753	33.176464		
		3.182693	24.606814	46.030942	43.888529	63.170248	16.037165	16.037165	39.603703	28.891639	24.606814	48.173355	18.179577		
		22.464402	11.752341	18.179577	26.749227	48.173355	13.894753	5.325105	24.606814	20.321989	18.179577	5.325105	35.318877		
		13.894753	20.321989	9.609929	7.467517	35.318877	20.321989	16.037165	39.603703	20.321989	31.034052	33.176464	13.894753		
		16.037165	7.467517	16.037165	16.037165	18.179577	33.176464	9.609929	11.752341	1.040281	7.467517	13.894753	9.609929		
		
29:00	23.90	16175.92061	7337.03126	13799.492109	18423.849765	19101.02805	9623.253423	17744.5349	8341.931604	13051.65119	14892.339493	14770.196904	14817.339633		
		1.040281	28.891639	16.037165	31.034052	35.318877	26.749227	16.037165	33.176464	26.749227	24.606814	16.037165	5.325105		
		7.467517	26.749227	26.749227	7.467517	5.325105	16.037165	11.752341	20.321989	33.176464	24.606814	26.749227	33.176464		
		16.037165	33.176464	37.46129	26.749227	18.179577	13.894753	48.173355	9.609929	22.464402	0	26.749227	7.467517		
		9.609929	33.176464	18.179577	24.606814	20.321989	24.606814	7.467517	35.318877	7.467517	41.746116	7.467517	13.894753		
		28.891639	22.464402	1.040281	46.030942	9.609929	18.179577	31.034052	48.173355	7.467517	1.040281	18.179577	33.176464		
		9.609929	35.318877	9.609929	13.894753	26.749227	20.321989	20.321989	41.746116	18.179577	22.464402	26.749227	7.467517		
		16.037165	3.182693	26.749227	9.609929	13.894753	24.606814	5.325105	37.46129	20.321989	37.46129	24.606814	26.749227		
		
30:00	23.90	15721.628854	6743.525268	12569.522904	17071.655192	17810.96604	9006.159136	17142.371554	7570.578278	12301.675249	13604.495592	14243.05758	13107.364		
		9.609929	37.46129	39.603703	13.894753	24.606814	3.182693	28.891639	16.037165	13.894753	13.894753	1.040281	24.606814		
		26.749227	3.182693	26.749227	31.034052	9.609929	5.325105	7.467517	63.170248	39.603703	9.609929	35.318877	11.752341		
		16.037165	26.749227	35.318877	9.609929	28.891639	58.885421	20.321989	16.037165	33.176464	50.315768	16.037165	0		
		20.321989	28.891639	3.182693	13.894753	20.321989	7.467517	46.030942	35.318877	7.467517	7.467517	28.891639	5.325105		
		22.464402	7.467517	41.746116	0	35.318877	22.464402	31.034052	18.179577	28.891639	33.176464	28.891639	33.176464		
		11.752341	26.749227	26.749227	5.325105	18.179577	18.179577	13.894753	24.606814	16.037165	5.325105	13.894753	16.037165		
		11.752341	35.318877	16.037165	41.746116	39.603703	16.037165	18.179577	33.176464	22.464402	16.037165	16.037165	16.037165		
		
31:00	24.00	14262.343097	6379.282133	11386.715165	15050.910881	16100.919415	8014.105433	15747.343405	7313.462337	11275.292248	12250.248613	13049.50839	11935.261269		
		3.182693	7.467517	9.609929	22.464402	16.037165	26.749227	7.467517	0	7.467517	46.030942	24.606814	35.318877		
		18.179577	20.321989	3.182693	0	5.325105	37.46129	9.609929	33.176464	24.606814	24.606814	31.034052	9.609929		
		13.894753	9.609929	1.040281	9.609929	35.318877	7.467517	26.749227	52.458181	28.891639	13.894753	13.894753	18.179577		
		9.609929	13.894753	16.037165	0	5.325105	24.606814	3.182693	7.467517	33.176464	35.318877	1.040281	16.037165		
		18.179577	9.609929	1.040281	11.752341	13.894753	48.173355	9.609929	13.894753	20.321989	13.894753	18.179577	18.179577		
		18.179577	20.321989	9.609929	48.173355	24.606814	33.176464	22.464402	33.176464	7.467517	24.606814	9.609929	18.179577		
		13.894753	3.182693	39.603703	9.609929	37.46129	11.752341	13.894753	31.034052	16.037165	11.752341	0	18.179577		
		
32:00	24.00	13285.216719	5415.118009	10096.791162	14170.201228	14924.482313	7611.288387	14470.198442	6777.80707	10698.895674	11825.980267	11498.138255	10874.599717		
		28.891639	5.325105	13.894753	11.752341	37.46129	39.603703	3.182693	11.752341	18.179577	11.752341	33.176464	28.891639		
		35.318877	3.182693	3.182693	5.325105	31.034052	24.606814	37.46129	13.894753	13.894753	13.894753	33.176464	9.609929		
		3.182693	7.467517	16.037165	48.173355	24.606814	28.891639	16.037165	18.179577	35.318877	11.752341	9.609929	1.040281		
		46.030942	11.752341	26.749227	18.179577	18.179577	39.603703	31.034052	3.182693	24.606814	26.749227	18.179577	31.034052		
		22.464402	82.451973	24.606814	20.321989	43.888529	37.46129	20.321989	13.894753	11.752341	3.182693	13.894753	35.318877		
		20.321989	24.606814	24.606814	24.606814	20.321989	31.034052	16.037165	43.888529	5.325105	7.467517	9.609929	20.321989		
		26.749227	43.888529	39.603703	26.749227	26.749227	37.46129	33.176464	31.034052	1.040281	9.609929	24.606814	18.179577		
		
33:00	23.90	12719.518025	4789.489519	9342.560575	12460.240941	13670.922918	7013.494897	13276.645493	6070.74821	9730.388386	10926.025372	10596.044725	9820.381878		
		37.46129	11.752341	5.325105	18.179577	5.325105	52.458181	18.179577	31.034052	5.325105	11.752341	9.609929	16.037165		
		16.037165	13.894753	22.464402	16.037165	7.467517	16.037165	7.467517	3.182693	35.318877	16.037165	0	11.752341		
		20.321989	9.609929	43.888529	22.464402	31.034052	20.321989	24.606814	52.458181	43.888529	35.318877	35.318877	11.752341		
		11.752341	7.467517	33.176464	7.467517	13.894753	28.891639	18.179577	24.606814	31.034052	16.037165	7.467517	9.609929		
		11.752341	18.179577	11.752341	80.309559	35.318877	41.746116	26.749227	24.606814	16.037165	37.46129	7.467517	43.888529		
		7.467517	11.752341	24.606814	35.318877	9.609929	0	9.609929	16.037165	65.312662	13.894753	33.176464	13.894753		
		22.464402	13.894753	20.321989	16.037165	16.037165	3.182693	9.609929	31.034052	16.037165	7.467517	31.034052	9.609929		
		
34:00	23.90	11519.565792	4363.122529	8301.221084	11088.873521	12728.089185	6222.87241	12635.949276	5402.262574	8566.911212	10176.07154	9758.243502	8789.748849		
		35.318877	24.606814	41.746116	41.746116	18.179577	5.325105	3.182693	24.606814	11.752341	28.891639	24.606814	13.894753		
		11.752341	13.894753	24.606814	35.318877	35.318877	22.464402	31.034052	0	22.464402	3.182693	39.603703	20.321989		
		13.894753	16.037165	3.182693	28.891639	26.749227	22.464402	11.752341	9.609929	46.030942	31.034052	33.176464	48.173355		
		13.894753	18.179577	50.315768	33.176464	22.464402	5.325105	41.746116	39.603703	24.606814	46.030942	9.609929	35.318877		
		41.746116	0	13.894753	26.749227	20.321989	24.606814	22.464402	18.179577	24.606814	3.182693	11.752341	58.885421		
		0	22.464402	43.888529	16.037165	65.312662	5.325105	22.464402	9.609929	28.891639	20.321989	9.609929	16.037165		
		7.467517	7.467517	26.749227	9.609929	18.179577	41.746116	11.752341	11.752341	11.752341	7.467517	16.037165	24.606814		
		
35:00	23.90	10506.050265	3808.206453	7135.624347	10004.654616	11138.156586	5796.496943	11948.117869	5243.712403	8059.101093	9025.443253	8476.919285	7641.285323		
		43.888529	33.176464	16.037165	31.034052	18.179577	26.749227	39.603703	37.46129	69.597489	31.034052	37.46129	20.321989		
		52.458181	24.606814	31.034052	13.894753	11.752341	28.891639	22.464402	7.467517	41.746116	48.173355	5.325105	16.037165		
		11.752341	16.037165	13.894753	20.321989	11.752341	13.894753	48.173355	1.040281	35.318877	22.464402	1.040281	11.752341		
		46.030942	11.752341	35.318877	48.173355	18.179577	16.037165	20.321989	11.752341	39.603703	13.894753	22.464402	20.321989		
		5.325105	1.040281	20.321989	22.464402	26.749227	18.179577	31.034052	1.040281	16.037165	43.888529	3.182693	16.037165		
		28.891639	31.034052	7.467517	3.182693	26.749227	33.176464	26.749227	24.606814	24.606814	26.749227	13.894753	7.467517		
		28.891639	11.752341	5.325105	31.034052	3.182693	11.752341	20.321989	28.891639	5.325105	18.179577	39.603703	26.749227		
		
36:00	24.00	10041.080678	3300.429848	6539.977407	9027.585933	9970.37128	5305.846888	11121.014646	4371.692695	7109.912866	8288.365135	8153.377807	6882.795188		
		24.606814	16.037165	9.609929	18.179577	46.030942	9.609929	41.746116	50.315768	26.749227	22.464402	22.464402	28.891639		
		13.894753	9.609929	9.609929	28.891639	50.315768	13.894753	22.464402	33.176464	35.318877	9.609929	50.315768	1.040281		
		37.46129	33.176464	18.179577	20.321989	33.176464	26.749227	26.749227	5.325105	50.315768	35.318877	7.467517	24.606814		
		7.467517	7.467517	16.037165	28.891639	24.606814	16.037165	37.46129	37.46129	16.037165	0	28.891639	37.46129		
		33.176464	13.894753	22.464402	16.037165	0	3.182693	18.179577	11.752341	41.746116	18.179577	3.182693	18.179577		
		20.321989	3.182693	48.173355	39.603703	37.46129	20.321989	41.746116	24.606814	16.037165	18.179577	43.888529	28.891639		
		20.321989	11.752341	50.315768	7.467517	11.752341	69.597489	18.179577	37.46129	7.467517	24.606814	3.182693	16.037165		
		
37:00	24.00	8881.883842	3069.039163	5779.356274	7741.989415	9486.120903	4928.755665	10167.500684	4354.552364	6542.120013	7622.001577	7304.891821	6053.607476		
		11.752341	41.746116	22.464402	7.467517	9.609929	24.606814	5.325105	39.603703	18.179577	11.752341	13.894753	1.040281		
		26.749227	20.321989	20.321989	24.606814	33.176464	20.321989	24.606814	11.752341	3.182693	46.030942	26.749227	20.321989		
		41.746116	26.749227	20.321989	26.749227	7.467517	18.179577	41.746116	22.464402	37.46129	56.743008	20.321989	20.321989		
		20.321989	13.894753	37.46129	13.894753	31.034052	5.325105	5.325105	3.182693	24.606814	7.467517	26.749227	22.464402		
		16.037165	18.179577	31.034052	26.749227	41.746116	9.609929	67.455076	37.46129	16.037165	20.321989	3.182693	22.464402		
		13.894753	18.179577	20.321989	1.040281	37.46129	1.040281	26.749227	0	33.176464	35.318877	9.609929	18.179577		
		3.182693	7.467517	13.894753	11.752341	52.458181	39.603703	18.179577	26.749227	31.034052	39.603703	52.458181	24.606814		
		
38:00	23.90	8071.957002	2520.560506	5027.313408	6979.212983	8815.460928	4568.806792	8772.607468	3983.893706	5590.809178	6807.803659	6595.685185	5573.668557		
		43.888529	33.176464	7.467517	16.037165	9.609929	20.321989	26.749227	52.458181	54.600594	24.606814	13.894753	33.176464		
		24.606814	22.464402	20.321989	16.037165	9.609929	11.752341	37.46129	54.600594	24.606814	13.894753	3.182693	37.46129		
		9.609929	20.321989	3.182693	9.609929	35.318877	26.749227	16.037165	18.179577	35.318877	33.176464	63.170248	11.752341		
		16.037165	7.467517	0	22.464402	24.606814	7.467517	33.176464	31.034052	22.464402	13.894753	16.037165	63.170248		
		13.894753	9.609929	22.464402	20.321989	24.606814	22.464402	28.891639	18.179577	1.040281	24.606814	31.034052	13.894753		
		9.609929	11.752341	20.321989	24.606814	61.027835	18.179577	3.182693	16.037165	46.030942	24.606814	22.464402	39.603703		
		18.179577	16.037165	35.318877	18.179577	18.179577	58.885421	24.606814	18.179577	18.179577	28.891639	13.894753	28.891639		
		
39:00	24.00	7319.890224	2186.33337	4493.81767	5785.784024	7767.701121	4097.44789	8099.811477	3426.838035	4913.75776	5899.341046	5903.62622	5123.728722		
		26.749227	1.040281	16.037165	28.891639	9.609929	11.752341	41.746116	26.749227	26.749227	16.037165	63.170248	18.179577		
		35.318877	9.609929	58.885421	41.746116	37.46129	26.749227	5.325105	24.606814	22.464402	52.458181	5.325105	26.749227		
		50.315768	24.606814	22.464402	20.321989	33.176464	28.891639	0	35.318877	11.752341	37.46129	20.321989	24.606814		
		1.040281	46.030942	1.040281	54.600594	7.467517	16.037165	26.749227	13.894753	9.609929	31.034052	13.894753	11.752341		
		28.891639	26.749227	5.325105	24.606814	1.040281	26.749227	24.606814	3.182693	22.464402	24.606814	43.888529	26.749227		
		11.752341	5.325105	41.746116	22.464402	46.030942	13.894753	22.464402	11.752341	33.176464	9.609929	26.749227	22.464402		
		28.891639	52.458181	33.176464	18.179577	11.752341	22.464402	58.885421	24.606814	48.173355	28.891639	22.464402	18.179577		
		
40:00	23.90	6923.504908	2023.505327	3836.059282	5213.716464	6797.09059	3898.192553	7319.890224	3094.749202	4315.986634	5663.656861	5299.41918	4440.254059		
		28.891639	28.891639	24.606814	22.464402	26.749227	1.040281	7.467517	7.467517	5.325105	33.176464	35.318877	13.894753		
		26.749227	22.464402	69.597489	26.749227	56.743008	5.325105	18.179577	31.034052	16.037165	88.879216	37.46129	39.603703		
		37.46129	18.179577	18.179577	22.464402	9.609929	16.037165	20.321989	5.325105	13.894753	33.176464	20.321989	18.179577		
		11.752341	16.037165	11.752341	22.464402	11.752341	73.882317	26.749227	22.464402	20.321989	24.606814	52.458181	22.464402		
		3.182693	26.749227	20.321989	37.46129	28.891639	28.891639	31.034052	18.179577	33.176464	31.034052	54.600594	31.034052		
		39.603703	9.609929	13.894753	26.749227	9.609929	22.464402	24.606814	20.321989	13.894753	1.040281	22.464402	41.746116		
		41.746116	7.467517	20.321989	18.179577	43.888529	22.464402	31.034052	28.891639	31.034052	16.037165	18.179577	46.030942		
		
41:00	23.90	6306.433726	1706.420193	3512.538628	4999.460119	6057.892659	3456.833231	6569.973898	2929.776609	4095.305357	5083.020018	4605.230108	4052.454701		
		33.176464	18.179577	5.325105	1.040281	18.179577	24.606814	22.464402	9.609929	52.458181	22.464402	39.603703	13.894753		
		54.600594	24.606814	35.318877	16.037165	13.894753	22.464402	31.034052	26.749227	31.034052	58.885421	11.752341	3.182693		
		18.179577	22.464402	31.034052	13.894753	48.173355	11.752341	22.464402	11.752341	35.318877	26.749227	5.325105	20.321989		
		43.888529	39.603703	7.467517	63.170248	5.325105	26.749227	11.752341	13.894753	28.891639	16.037165	24.606814	9.609929		
		3.182693	13.894753	3.182693	28.891639	7.467517	24.606814	0	28.891639	0	13.894753	18.179577	5.325105		
		11.752341	28.891639	3.182693	26.749227	13.894753	26.749227	13.894753	41.746116	24.606814	16.037165	0	26.749227		
		35.318877	41.746116	9.609929	20.321989	18.179577	43.888529	37.46129	24.606814	31.034052	39.603703	31.034052	35.318877		
		
42:00	23.90	5787.926608	1629.291587	3171.879375	4144.583642	5492.250664	2996.194101	6021.468609	2661.96476	3677.512554	4830.198057	4076.022559	3619.664511		
		33.176464	48.173355	7.467517	13.894753	35.318877	33.176464	7.467517	18.179577	31.034052	26.749227	1.040281	22.464402		
		9.609929	16.037165	46.030942	20.321989	20.321989	18.179577	22.464402	31.034052	22.464402	22.464402	7.467517	20.321989		
		24.606814	33.176464	22.464402	13.894753	7.467517	1.040281	31.034052	52.458181	20.321989	11.752341	24.606814	41.746116		
		43.888529	28.891639	11.752341	20.321989	13.894753	16.037165	39.603703	28.891639	9.609929	39.603703	9.609929	31.034052		
		13.894753	31.034052	18.179577	26.749227	13.894753	20.321989	28.891639	16.037165	26.749227	24.606814	13.894753	28.891639		
		9.609929	5.325105	22.464402	3.182693	13.894753	39.603703	11.752341	20.321989	1.040281	22.464402	16.037165	18.179577		
		20.321989	16.037165	35.318877	20.321989	22.464402	33.176464	13.894753	20.321989	20.321989	26.749227	43.888529	16.037165		
		
43:00	23.90	5449.399179	1423.615709	2809.796778	3683.940118	4943.753574	2794.799313	5524.389295	2409.151289	2923.349113	4429.541341	3836.059282	3386.13029		
		20.321989	26.749227	63.170248	1.040281	1.040281	20.321989	7.467517	18.179577	3.182693	7.467517	20.321989	9.609929		
		22.464402	26.749227	11.752341	22.464402	13.894753	24.606814	43.888529	3.182693	24.606814	22.464402	28.891639	28.891639		
		46.030942	22.464402	16.037165	39.603703	22.464402	13.894753	37.46129	20.321989	33.176464	22.464402	24.606814	16.037165		
		46.030942	31.034052	18.179577	11.752341	13.894753	3.182693	13.894753	22.464402	20.321989	18.179577	24.606814	41.746116		
		16.037165	35.318877	18.179577	13.894753	3.182693	52.458181	16.037165	26.749227	16.037165	22.464402	26.749227	41.746116		
		33.176464	24.606814	26.749227	41.746116	16.037165	35.318877	18.179577	3.182693	5.325105	26.749227	7.467517	16.037165		
		46.030942	9.609929	24.606814	26.749227	9.609929	13.894753	63.170248	54.600594	26.749227	39.603703	9.609929	20.321989		
		
44:00	23.90	5282.278629	1181.518812	2548.412837	3426.838035	4478.819855	2529.130453	4973.749401	2137.056424	2743.379457	4056.739766	3651.802307	3176.164387		
		11.752341	18.179577	3.182693	46.030942	9.609929	26.749227	1.040281	9.609929	20.321989	18.179577	13.894753	20.321989		
		0	61.027835	24.606814	37.46129	46.030942	33.176464	9.609929	46.030942	5.325105	13.894753	13.894753	82.451973		
		13.894753	18.179577	3.182693	65.312662	16.037165	5.325105	35.318877	20.321989	43.888529	39.603703	20.321989	56.743008		
		9.609929	24.606814	13.894753	35.318877	37.46129	1.040281	24.606814	31.034052	5.325105	11.752341	1.040281	155.294091		
		13.894753	18.179577	13.894753	52.458181	18.179577	35.318877	48.173355	16.037165	22.464402	0	0	41.746116		
		28.891639	22.464402	9.609929	33.176464	43.888529	18.179577	7.467517	52.458181	28.891639	24.606814	24.606814	71.739903		
		41.746116	11.752341	9.609929	33.176464	37.46129	35.318877	11.752341	28.891639	11.752341	39.603703	24.606814	18.179577		
		
45:00	23.90	4907.330087	1044.402347	2209.900618	2931.919107	3857.484542	2308.454644	4455.251866	2072.782196	2366.301635	3748.215782	3193.304438	2801.226797		
		11.752341	11.752341	31.034052	18.179577	11.752341	16.037165	18.179577	37.46129	50.315768	26.749227	22.464402	33.176464		
		52.458181	54.600594	20.321989	9.609929	7.467517	9.609929	28.891639	31.034052	39.603703	9.609929	1.040281	7.467517		
		20.321989	35.318877	20.321989	20.321989	1.040281	50.315768	18.179577	5.325105	37.46129	37.46129	16.037165	9.609929		
		18.179577	28.891639	22.464402	65.312662	33.176464	33.176464	5.325105	56.743008	18.179577	39.603703	3.182693	20.321989		
		20.321989	16.037165	3.182693	46.030942	11.752341	46.030942	16.037165	28.891639	28.891639	5.325105	31.034052	18.179577		
		22.464402	13.894753	16.037165	18.179577	5.325105	43.888529	52.458181	5.325105	43.888529	20.321989	41.746116	26.749227		
		13.894753	11.752341	13.894753	13.894753	63.170248	31.034052	31.034052	26.749227	18.179577	26.749227	11.752341	50.315768		
		
46:00	24.00	4296.703777	950.134928	2027.790271	2445.573514	3308.999887	2222.755483	3917.475304	1815.685859	2184.190894	3439.693118	2985.481598	2317.024566		
		16.037165	26.749227	31.034052	31.034052	28.891639	24.606814	43.888529	26.749227	63.170248	28.891639	24.606814	52.458181		
		11.752341	28.891639	48.173355	31.034052	16.037165	13.894753	13.894753	28.891639	41.746116	1.040281	33.176464	39.603703		
		11.752341	11.752341	24.606814	28.891639	24.606814	31.034052	11.752341	26.749227	1.040281	24.606814	39.603703	22.464402		
		18.179577	20.321989	28.891639	33.176464	20.321989	41.746116	28.891639	13.894753	16.037165	37.46129	20.321989	18.179577		
		0	26.749227	18.179577	11.752341	22.464402	26.749227	9.609929	35.318877	28.891639	18.179577	20.321989	46.030942		
		18.179577	20.321989	9.609929	13.894753	41.746116	22.464402	20.321989	22.464402	9.609929	9.609929	24.606814	18.179577		
		28.891639	7.467517	22.464402	26.749227	37.46129	18.179577	13.894753	37.46129	22.464402	24.606814	9.609929	9.609929		
		
47:00	23.90	4097.44789	1022.977922	1809.258462	2276.317447	3281.147262	2079.209616	3780.353635	1736.414673	1877.81739	3244.724615	2651.252307	2242.037785		
		31.034052	18.179577	43.888529	9.609929	41.746116	24.606814	22.464402	13.894753	33.176464	54.600594	50.315768	11.752341		
		0	7.467517	20.321989	58.885421	9.609929	5.325105	69.597489	35.318877	37.46129	31.034052	35.318877	1.040281		
		3.182693	18.179577	7.467517	24.606814	37.46129	37.46129	11.752341	39.603703	37.46129	35.318877	20.321989	1.040281		
		31.034052	22.464402	3.182693	7.467517	31.034052	35.318877	26.749227	41.746116	24.606814	24.606814	52.458181	9.609929		
		3.182693	20.321989	24.606814	9.609929	39.603703	31.034052	82.451973	7.467517	28.891639	5.325105	5.325105	28.891639		
		9.609929	16.037165	24.606814	20.321989	9.609929	26.749227	33.176464	18.179577	24.606814	39.603703	11.752341	78.167145		
		20.321989	11.752341	35.318877	9.609929	0	13.894753	31.034052	26.749227	43.888529	16.037165	7.467517	35.318877		
		
48:00	23.90	4001.033949	828.015955	1695.707882	2081.35209	2983.339098	1779.263952	3289.717299	1618.579287	1667.85588	2786.229334	2297.742243	1952.803791		
		9.609929	43.888529	11.752341	24.606814	11.752341	22.464402	39.603703	11.752341	11.752341	11.752341	31.034052	52.458181		
		20.321989	5.325105	7.467517	31.034052	46.030942	24.606814	13.894753	20.321989	54.600594	37.46129	7.467517	20.321989		
		56.743008	7.467517	20.321989	54.600594	35.318877	13.894753	7.467517	3.182693	35.318877	63.170248	13.894753	56.743008		
		39.603703	16.037165	22.464402	37.46129	26.749227	35.318877	26.749227	13.894753	24.606814	7.467517	0	7.467517		
		43.888529	24.606814	31.034052	50.315768	13.894753	22.464402	24.606814	7.467517	31.034052	26.749227	28.891639	9.609929		
		26.749227	9.609929	63.170248	22.464402	20.321989	7.467517	41.746116	18.179577	3.182693	9.609929	24.606814	22.464402		
		1.040281	54.600594	52.458181	22.464402	18.179577	31.034052	43.888529	11.752341	16.037165	18.179577	5.325105	16.037165		
		
49:00	24.00	3593.954285	553.784628	1535.023404	1783.548881	2661.96476	1695.707882	3144.026803	1432.185526	1445.040252	2743.379457	2014.93544	1907.811941		
		13.894753	24.606814	22.464402	20.321989	24.606814	20.321989	9.609929	22.464402	20.321989	9.609929	16.037165	20.321989		
		7.467517	16.037165	9.609929	5.325105	20.321989	11.752341	0	11.752341	46.030942	1.040281	69.597489	28.891639		
		11.752341	13.894753	48.173355	22.464402	5.325105	41.746116	24.606814	11.752341	28.891639	16.037165	56.743008	46.030942		
		39.603703	11.752341	22.464402	3.182693	26.749227	26.749227	33.176464	24.606814	26.749227	18.179577	5.325105	13.894753		
		24.606814	5.325105	26.749227	16.037165	26.749227	1.040281	13.894753	20.321989	18.179577	3.182693	41.746116	31.034052		
		16.037165	7.467517	22.464402	22.464402	18.179577	16.037165	84.594387	41.746116	41.746116	18.179577	7.467517	31.034052		
		35.318877	33.176464	9.609929	39.603703	43.888529	26.749227	33.176464	43.888529	50.315768	13.894753	7.467517	24.606814		
		
50:00	23.90	3463.260775	645.909098	1447.182707	1834.968052	2282.744885	1601.439611	2685.532163	1290.783683	1380.766642	2454.143452	1905.669472	2085.637037		
		26.749227	5.325105	13.894753	16.037165	26.749227	41.746116	20.321989	69.597489	5.325105	13.894753	41.746116	393.102695		
		22.464402	20.321989	52.458181	33.176464	24.606814	3.182693	9.609929	28.891639	39.603703	24.606814	9.609929	356.681507		
		18.179577	35.318877	7.467517	16.037165	16.037165	18.179577	41.746116	0	43.888529	18.179577	35.318877	3159.024341		
		31.034052	22.464402	11.752341	39.603703	24.606814	11.752341	26.749227	9.609929	37.46129	24.606814	35.318877	11879.549365		
		33.176464	7.467517	13.894753	28.891639	3.182693	3.182693	20.321989	31.034052	39.603703	9.609929	28.891639	12719.518025		
		26.749227	18.179577	50.315768	5.325105	3.182693	3.182693	3.182693	11.752341	31.034052	28.891639	26.749227	22298.424078		
		56.743008	26.749227	5.325105	13.894753	22.464402	26.749227	7.467517	11.752341	11.752341	11.752341	46.030942	14170.201228		
		
~End
