##BLOCKS= 1          
Plate:	Plate#1	1.3	PlateFormat	Kinetic	Luminescence	Raw	FALSE	50	3000	60				1	450	1	12	96	405	Automatic	435			6	Automatic			1	8	None	
Time(hh:mm:ss)	Temperature(¡C)	1	2	3	4	5	6	7	8	9	10	11	12		
0:00	23.10	11099.302272	10576.12534	10711.675398	10590.393756	10711.675398	10435.819381	10283.623364	10376.367777	10397.770349	10821.066841	10859.116074	10997.044694		
		10721.187692	10588.015687	10416.794863	10404.904541	10404.904541	10205.147406	10397.770349	10626.064808	10354.965211	10668.870092	11032.715927	11125.461208		
		10628.442879	10497.649095	10271.733062	10421.550992	10445.331641	10033.927401	10198.013232	10119.537358	10538.076242	10673.626236	10866.250307	10892.409167		
		10666.49202	10502.405229	10459.600034	10561.856926	10435.819381	10012.524926	10176.610713	10281.245303	10478.624562	10514.295565	10887.65301	10859.116074		
		10783.017627	10404.904541	10240.818286	10257.464703	10274.111122	10243.196346	10266.976942	10461.9781	10573.747271	10823.444918	10944.726913	10980.398123		
		10861.494152	10435.819381	10345.452961	10511.917497	10435.819381	10236.062168	10143.317917	10307.403972	10614.174456	10495.271028	10783.017627	10690.272742		
		10692.650815	10507.161363	10428.685186	10205.147406	10433.441316	10326.428464	10231.30605	10885.274932	10447.709707	10540.45431	10954.239234	10925.702274		
		10659.357805	10592.771826	10421.550992	10438.197446	10295.513667	10264.598882	10464.356166	10545.210446	10188.501	10607.040245	10956.617315	10813.932612		
		
1:00	23.30	10324.050403	10233.684109	10086.244586	10568.991133	10509.53943	10428.685186	10233.684109	10293.135606	10735.456134	10578.503409	10476.246496	10516.673632		
		10466.734232	10423.929056	10269.355002	10450.087772	10255.086643	10286.001424	10093.37875	10100.512915	10319.294279	10452.465837	10614.174456	10400.148413		
		10435.819381	10409.66067	10195.635174	9998.256613	10067.220151	10188.501	10231.30605	10129.049581	10385.880031	10695.028888	10533.320106	10274.111122		
		10295.513667	10305.025911	10381.123904	10155.2082	10145.695974	10186.122943	10157.586257	10150.452087	10504.783296	10481.002629	10333.56265	10490.514895		
		10354.965211	10385.880031	10369.233588	10319.294279	10076.732368	10126.671525	10274.111122	10183.744885	10416.794863	10602.284105	10495.271028	10528.56397		
		10319.294279	10393.014222	10214.659639	10438.197446	10150.452087	10483.380695	10195.635174	10502.405229	10445.331641	10502.405229	10628.442879	10431.063251		
		10205.147406	10290.757546	10335.940712	10316.916218	10338.318774	10307.403972	10057.707935	10278.867243	10735.456134	10364.477462	10585.637617	10509.53943		
		10400.148413	10245.574405	10200.39129	10312.160095	10045.817667	10516.673632	10088.622641	10331.184588	10395.392285	10414.416798	10721.187692	10495.271028		
		
2:00	23.50	10228.927991	10038.683507	10447.709707	10890.031089	11184.913368	11662.910339	10711.675398	10093.37875	10357.343273	10081.488477	11063.631009	10656.979733		
		10171.854598	10133.805693	10250.330524	9922.158984	10159.964313	10236.062168	10559.478857	10152.830143	10228.927991	10414.416798	10564.234995	10642.711305		
		10247.952464	10400.148413	10171.854598	10164.720427	10081.488477	10257.464703	10209.903522	10231.30605	10250.330524	10428.685186	10316.916218	10592.771826		
		10155.2082	10171.854598	10247.952464	10243.196346	10295.513667	10231.30605	10335.940712	10100.512915	10288.379485	10521.429767	10414.416798	10338.318774		
		10307.403972	10188.501	9938.805334	10219.415756	10162.34237	10278.867243	10252.708583	10007.768821	10312.160095	10240.818286	10343.074898	10552.344651		
		10178.98877	10133.805693	10067.220151	10224.171874	10159.964313	10245.574405	10050.573774	10079.110422	10340.696836	10461.9781	10535.698174	10390.636158		
		10129.049581	10088.622641	10031.549348	9960.20779	10290.757546	10207.525464	10314.538156	9962.585841	10395.392285	10492.892961	10345.452961	10654.601662		
		10131.427637	10117.159302	10150.452087	10178.98877	10614.174456	10121.915413	10269.355002	10014.902979	10183.744885	10647.467447	10721.187692	10754.480728		
		
3:00	23.50	11280.036916	11491.687216	11498.821505	12773.49144	12421.528309	18899.800368	10711.675398	10628.442879	12404.881443	11070.76526	14592.785003	11192.04763		
		10469.112298	10117.159302	10014.902979	10366.855525	10198.013232	10547.588515	10414.416798	10312.160095	10659.357805	10706.919252	10787.773778	10623.686738		
		9979.232199	10012.524926	10086.244586	10350.209086	10481.002629	10471.490364	10519.0517	10500.027162	10673.626236	10763.993026	10716.431545	10721.187692		
		10081.488477	10052.951828	10012.524926	10271.733062	10138.561805	10393.014222	10718.809618	10568.991133	10635.577092	10794.908004	10521.429767	10630.82095		
		9862.707763	10024.415189	10195.635174	10079.110422	10250.330524	10300.269789	10609.418315	10485.758762	10554.72272	10683.138525	10547.588515	10752.102653		
		10041.061561	10276.489183	10102.89097	10190.879058	10521.429767	10576.12534	10435.819381	10416.794863	10259.842762	10666.49202	10595.149896	10535.698174		
		9900.756539	9993.500509	10250.330524	10183.744885	10450.087772	10516.673632	10435.819381	10433.441316	10321.672341	10754.480728	10823.444918	10916.189957		
		10145.695974	9953.073637	10005.390769	10233.684109	10721.187692	10354.965211	10407.282605	10450.087772	10335.940712	10568.991133	10702.163106	10882.896853		
		
4:00	23.60	13284.791988	14832.982407	14640.348788	16635.675044	14849.629779	28796.587411	12832.944824	11636.751227	16445.415329	13379.918032	20279.235852	12466.712679		
		10968.507718	10452.465837	10592.771826	10659.357805	10435.819381	10706.919252	10552.344651	10428.685186	10383.501967	10695.028888	10697.40696	10621.308667		
		10257.464703	10297.891728	10478.624562	10740.212282	10402.526477	10654.601662	10842.469532	10416.794863	10526.185902	10714.053472	10711.675398	10483.380695		
		10421.550992	10345.452961	10507.161363	10678.38238	10388.258094	10490.514895	10573.747271	10431.063251	10461.9781	10692.650815	10699.785033	10714.053472		
		10442.953576	10217.037698	10288.379485	10552.344651	10326.428464	10554.72272	10205.147406	10321.672341	10794.908004	11030.337844	10711.675398	11080.277596		
		10290.757546	10145.695974	10293.135606	10557.100789	10309.782034	10626.064808	10478.624562	10340.696836	10452.465837	10728.321913	10687.89467	10890.031089		
		10476.246496	10233.684109	10495.271028	10652.22359	10528.56397	10609.418315	10364.477462	10326.428464	10509.53943	10611.796386	10599.906035	10783.017627		
		10407.282605	10243.196346	10547.588515	10509.53943	10407.282605	10473.86843	10171.854598	10076.732368	10851.981841	10668.870092	11006.557021	10595.149896		
		
5:00	23.70	15724.81076	18374.194137	19116.227466	22053.510244	17950.857692	34978.835293	17353.909543	13810.364794	24408.171048	16623.783798	26230.107654	15182.577937		
		12200.36308	11415.588167	11306.195912	10676.004308	10590.393756	10440.575511	10716.431545	10585.637617	10787.773778	11027.959762	11039.850176	11075.521428		
		10381.123904	10507.161363	10243.196346	10347.831023	10400.148413	10500.027162	10373.989714	10347.831023	10756.858802	10920.946115	11049.362508	11296.683549		
		10300.269789	10183.744885	10338.318774	10595.149896	10262.220822	10604.662175	10554.72272	10771.127251	10664.113948	10904.299561	11011.313185	11073.143344		
		10259.842762	10407.282605	10549.966583	10599.906035	10364.477462	10390.636158	10426.307121	10859.116074	10690.272742	10932.836513	10954.239234	11006.557021		
		10357.343273	10240.818286	10328.806526	10630.82095	10849.603764	10328.806526	10725.943839	10607.040245	10847.225687	11037.472093	11177.779107	10811.554536		
		10423.929056	10423.929056	10481.002629	10288.379485	10737.834208	10326.428464	10321.672341	10630.82095	10818.688765	10944.726913	11008.935103	10944.726913		
		10471.490364	10319.294279	10426.307121	10464.356166	10357.343273	10312.160095	10376.367777	10854.359919	10578.503409	10947.104993	11299.061639	10987.532367		
		
6:00	23.80	18964.01494	22036.861374	23996.695023	26693.923204	20897.611201	39558.145516	23135.694233	16823.556956	33649.100268	19225.630398	31006.347225	17268.291847		
		13520.229153	12193.228728	12202.741198	10787.773778	11746.143935	11230.097039	10478.624562	10747.346505	10607.040245	11265.768377	11294.305458	11161.132499		
		10554.72272	10483.380695	10652.22359	10509.53943	10783.017627	10778.261476	10488.136828	10400.148413	10699.785033	10882.896853	11042.228259	11189.669543		
		10545.210446	10690.272742	10671.248164	10469.112298	10773.505326	10780.639552	10421.550992	10476.246496	10725.943839	10842.469532	10968.507718	11368.026298		
		10763.993026	10837.713378	10799.664156	10490.514895	10775.883401	10552.344651	10580.881478	10364.477462	10668.870092	10714.053472	11156.376326	11237.231306		
		10540.45431	10825.822994	10530.942038	10714.053472	10690.272742	10652.22359	10661.735876	10186.122943	10854.359919	10825.822994	11027.959762	11339.489191		
		10744.96843	10626.064808	10863.872229	10554.72272	10692.650815	10542.832378	10725.943839	10504.783296	10761.614952	10733.07806	11085.033765	11130.21738		
		10863.872229	10476.246496	10913.811877	10611.796386	10630.82095	10416.794863	10754.480728	10683.138525	10797.28608	10861.494152	11025.581679	11289.549277		
		
7:00	23.80	21370.909408	24584.17878	27681.026784	29802.746047	22807.469851	43930.739219	27619.183792	20067.562311	42027.513472	22624.330744	34809.941069	18695.265406		
		15023.238288	13006.548959	12633.181628	11137.351637	12283.597234	11684.313256	11315.708276	10633.199021	11070.76526	11872.183544	11943.526807	11094.546103		
		10794.908004	10785.395702	10557.100789	10376.367777	10607.040245	10633.199021	10552.344651	10545.210446	10526.185902	10733.07806	10937.592673	10607.040245		
		10816.310689	10811.554536	10521.429767	10326.428464	10849.603764	10783.017627	10466.734232	10331.184588	10830.579148	11051.740591	10744.96843	10585.637617		
		10749.724579	10714.053472	10735.456134	10840.091455	10849.603764	10813.932612	10599.906035	10435.819381	10637.955163	11004.178939	10756.858802	10609.418315		
		10830.579148	10652.22359	10685.516597	10704.541179	10457.221969	10771.127251	10447.709707	10409.66067	10818.688765	11008.935103	10906.67764	10866.250307		
		10637.955163	10623.686738	10690.272742	10580.881478	10428.685186	10785.395702	10564.234995	10649.845519	10545.210446	10854.359919	10592.771826	10692.650815		
		10816.310689	10621.308667	10854.359919	10397.770349	10656.979733	10849.603764	10602.284105	10466.734232	10799.664156	10680.760453	10752.102653	10851.981841		
		
8:00	23.90	22788.442391	25766.294791	30816.053344	31501.113432	23827.823972	44834.787302	30549.642671	23123.802021	50432.975571	25321.512674	37374.317104	21304.314517		
		15491.745325	13762.801502	13137.346844	11358.513928	13158.750154	12335.91589	11577.298732	11339.489191	11838.890043	12364.453353	12683.12238	11394.185323		
		10459.600034	10414.416798	10533.320106	10364.477462	10473.86843	10783.017627	10604.662175	10640.333234	10863.872229	10899.543403	10970.885799	11025.581679		
		10431.063251	10452.465837	10740.212282	10623.686738	10630.82095	10873.384541	10519.0517	10580.881478	10966.129637	10768.749176	11237.231306	10821.066841		
		10564.234995	10445.331641	10597.527965	10352.587148	10725.943839	10604.662175	10554.72272	10469.112298	11168.266759	10949.483074	10859.116074	10816.310689		
		10243.196346	10492.892961	10447.709707	10440.575511	10388.258094	10561.856926	10530.942038	10412.038734	10968.507718	10568.991133	11027.959762	10709.297325		
		10395.392285	10554.72272	10597.527965	10395.392285	10412.038734	10307.403972	10504.783296	10628.442879	10721.187692	10894.787246	11318.086367	10975.641961		
		10599.906035	10283.623364	10509.53943	10364.477462	10609.418315	10359.721336	10435.819381	10611.796386	11056.496758	10875.762619	10892.409167	11446.503397		
		
9:00	24.00	24103.726156	27288.562457	33829.885843	33806.098244	25078.905288	46811.833297	33121.018426	26558.346073	56062.487858	27119.68446	40036.311976	22633.844454		
		16076.788419	14604.675946	13465.531568	12024.382582	14333.56287	13044.599231	12433.41893	11413.210073	12297.865955	13465.531568	12970.876846	11536.87106		
		10488.136828	10583.259548	10481.002629	10840.091455	10433.441316	10975.641961	10811.554536	10656.979733	10851.981841	11099.302272	10930.458434	11037.472093		
		10564.234995	10509.53943	10583.259548	10840.091455	10761.614952	10942.348833	10825.822994	11130.21738	11027.959762	11080.277596	11039.850176	11073.143344		
		10421.550992	10614.174456	10519.0517	10849.603764	10559.478857	10823.444918	10676.004308	10761.614952	10932.836513	10854.359919	10980.398123	10961.373476		
		10626.064808	10286.001424	10454.843903	10759.236877	10794.908004	10592.771826	10454.843903	10790.151853	10787.773778	10880.518775	11037.472093	10989.910449		
		10595.149896	10507.161363	10421.550992	10790.151853	10704.541179	10835.335301	10528.56397	10754.480728	10985.154286	10932.836513	11004.178939	11082.655681		
		10571.369202	10452.465837	10635.577092	10711.675398	10897.165325	11037.472093	10711.675398	10566.613064	10909.055719	10778.261476	11006.557021	11303.817821		
		
10:00	24.00	25723.481432	27826.120144	35706.749691	33768.0381	25309.620138	46481.132672	34845.622917	29305.611712	60795.296267	28308.97371	41059.264741	23680.359402		
		16024.467317	14937.623086	13610.599158	12385.856457	15294.353701	13360.892814	13258.632346	12121.885242	13246.741602	14076.719751	13527.363623	11755.656351		
		10871.006463	10880.518775	10749.724579	10676.004308	10316.916218	10635.577092	10659.357805	10792.529929	10999.422775	10966.129637	11127.839294	11001.800857		
		10685.516597	11089.789934	10690.272742	10599.906035	10521.429767	10621.308667	10756.858802	11341.867283	10797.28608	10997.044694	11344.245375	11294.305458		
		10733.07806	10799.664156	10511.917497	10504.783296	10590.393756	10431.063251	10759.236877	10502.405229	10637.955163	10949.483074	11075.521428	11275.280736		
		10683.138525	10823.444918	10711.675398	10488.136828	10568.991133	10728.321913	10806.798384	10744.96843	10588.015687	11085.033765	11182.535281	11213.450421		
		10695.028888	10709.297325	10409.66067	10618.930597	10423.929056	10714.053472	10818.688765	10690.272742	10897.165325	11120.705037	11016.069349	11239.609394		
		10978.020042	10775.883401	10573.747271	10628.442879	10523.807835	10671.248164	10754.480728	10573.747271	10780.639552	10989.910449	11051.740591	10970.885799		
		
11:00	24.10	25630.719231	27961.699422	37053.170892	34462.638572	26070.746008	45391.495676	34184.321906	32022.048466	63898.304929	29374.59189	41956.143387	24324.924283		
		15144.526649	14989.943476	13467.909723	12385.856457	15265.815193	13472.666034	13603.46468	11739.009623	13841.280949	14811.578649	13529.74178	11836.511936		
		10730.699986	10542.832378	10799.664156	10763.993026	10516.673632	10568.991133	10416.794863	10445.331641	10678.38238	10899.543403	10706.919252	11111.192697		
		10426.307121	10666.49202	10768.749176	10823.444918	10271.733062	10421.550992	10231.30605	11027.959762	10737.834208	10982.776205	11115.948867	11180.157194		
		10635.577092	10690.272742	10901.921482	10975.641961	10602.284105	10490.514895	10003.012717	10611.796386	10878.140697	11049.362508	11006.557021	11234.853217		
		10673.626236	10442.953576	10799.664156	10766.371101	10333.56265	10547.588515	10649.845519	10442.953576	10911.433798	10847.225687	10799.664156	10697.40696		
		10618.930597	10735.456134	10590.393756	10918.568036	10602.284105	10293.135606	10649.845519	10526.185902	10642.711305	10609.418315	10958.995395	10956.617315		
		10469.112298	10623.686738	10664.113948	10792.529929	10768.749176	10445.331641	10385.880031	10435.819381	10763.993026	10816.310689	10882.896853	10747.346505		
		
12:00	24.20	26082.638657	28577.755529	38302.080065	34474.532468	26479.854154	46300.318519	34831.350176	33644.342758	65909.137805	30568.671975	42719.806601	24491.4179		
		14809.200454	14478.632034	13054.111801	12390.612703	15646.329466	14233.679337	14288.377447	12568.972135	14830.604211	15553.578945	13643.893396	11862.671114		
		10649.845519	10728.321913	10526.185902	10611.796386	10747.346505	10483.380695	10540.45431	10742.590356	10645.089376	10956.617315	10901.921482	10759.236877		
		10623.686738	11196.803806	10714.053472	10566.613064	10404.904541	10402.526477	10519.0517	11334.733007	10607.040245	10842.469532	11044.606342	10802.042232		
		10540.45431	10609.418315	10552.344651	10561.856926	10540.45431	10490.514895	10618.930597	10488.136828	10471.490364	10875.762619	10925.702274	10863.872229		
		10692.650815	10521.429767	10547.588515	10735.456134	10535.698174	10659.357805	10476.246496	10552.344651	10485.758762	11032.715927	11056.496758	11101.680357		
		10485.758762	10328.806526	10599.906035	10728.321913	10416.794863	10362.099399	10383.501967	10676.004308	10633.199021	10697.40696	11054.118675	10849.603764		
		10913.811877	10473.86843	10790.151853	10366.855525	10540.45431	10488.136828	10421.550992	10538.076242	10999.422775	10840.091455	10835.335301	10973.26388		
		
13:00	24.20	26458.447281	28860.809925	38287.806707	34719.547123	27024.542083	43776.100438	35192.927076	34793.289545	67087.104785	31384.557656	42800.693474	24317.78885		
		13822.255621	13677.187648	12409.63769	12469.090804	15429.911752	14354.966501	15365.700015	13070.758803	15874.638899	16407.36344	14000.618244	12098.104095		
		10642.711305	10590.393756	10618.930597	10882.896853	10502.405229	10880.518775	10656.979733	10847.225687	10887.65301	11099.302272	11099.302272	11051.740591		
		10835.335301	11039.850176	10871.006463	10918.568036	10623.686738	10585.637617	10958.995395	11879.317867	11087.411849	11001.800857	11291.927368	11011.313185		
		10706.919252	10590.393756	10571.369202	10740.212282	10547.588515	10702.163106	10716.431545	10609.418315	10861.494152	11056.496758	10785.395702	11177.779107		
		10754.480728	10802.042232	10690.272742	10502.405229	10618.930597	10623.686738	10847.225687	10913.811877	10973.26388	10973.26388	11258.634108	10975.641961		
		10690.272742	10711.675398	10661.735876	10528.56397	10450.087772	10721.187692	10809.17646	10997.044694	10987.532367	10932.836513	11035.09401	11284.793096		
		10412.038734	10844.84761	10878.140697	10723.565765	10695.028888	11177.779107	10849.603764	10963.751557	10904.299561	10873.384541	11118.326952	11080.277596		
		
14:00	24.30	26356.170076	28946.440023	39646.165993	35235.745501	26458.447281	44135.338681	34886.062365	35992.208124	68098.504406	31353.634724	43055.249755	24619.85607		
		13329.976845	13389.430643	12371.58772	12870.995013	15334.783271	14609.432324	15846.100184	13475.044189	16443.037085	16894.904633	13693.834779	12566.594007		
		11208.694245	10695.028888	10804.420308	10916.189957	10797.28608	10930.458434	11180.157194	10842.469532	11016.069349	11253.877929	11548.76155	11370.404391		
		10866.250307	10963.751557	10866.250307	10928.080354	10863.872229	11351.379651	11225.340862	11596.323526	11192.04763	11203.938069	11653.397934	11555.895844		
		10942.348833	10687.89467	10920.946115	10973.26388	10828.201071	11018.447432	10854.359919	11020.825514	11049.362508	11173.022933	11051.740591	11251.49984		
		10547.588515	10756.858802	10523.807835	10775.883401	10944.726913	10806.798384	10913.811877	10832.957225	11170.644846	11280.036916	11232.475128	11427.478639		
		10481.002629	10747.346505	10754.480728	10706.919252	10980.398123	11027.959762	10966.129637	10683.138525	11203.938069	10975.641961	11268.146466	11182.535281		
		10718.809618	11341.867283	10714.053472	10654.601662	11206.316157	11272.902646	11075.521428	11035.09401	11144.485895	11218.206597	11465.52816	11153.99824		
		
15:00	24.30	27447.926527	28468.339813	40107.680349	33777.553135	27103.034536	42948.193276	35147.729874	37571.763192	68393.597527	31498.734741	42750.733925	24491.4179		
		12692.634908	13192.044204	12195.606845	12526.165835	15429.911752	14545.221246	16633.296794	13700.969265	16840.204741	17242.130903	13534.498094	12897.154529		
		11004.178939	11104.058442	10861.494152	10878.140697	11211.072333	11134.973551	11096.924187	11230.097039	11417.966261	11187.291456	11563.030139	11360.892021		
		11213.450421	11417.966261	11089.789934	11163.510586	10989.910449	11249.121751	11265.768377	11375.160577	11265.768377	11370.404391	11658.154137	11515.468183		
		10768.749176	11120.705037	10737.834208	10992.28853	11082.655681	11051.740591	11306.195912	11327.598732	11372.782484	11215.828509	11539.249158	11149.242067		
		11211.072333	10978.020042	10999.422775	11548.76155	11215.828509	11365.648206	11232.475128	11225.340862	11334.733007	11351.379651	11415.588167	11501.199602		
		10904.299561	10854.359919	10899.543403	11125.461208	11346.623467	11077.899512	11194.425718	11332.354916	11187.291456	11199.181893	11375.160577	11579.676831		
		11289.549277	11337.111099	11227.718951	11332.354916	11280.036916	11593.945426	11213.450421	11104.058442	11384.672949	11284.793096	11470.284351	11729.497209		
		
16:00	24.30	26287.192499	28278.051966	39267.91652	33099.609776	26929.39982	43076.661068	33627.691477	37038.897757	68453.09224	31815.101266	41858.604374	24336.816672		
		12421.528309	12861.482464	11760.41256	12466.712679	14844.873386	14079.097924	16100.570749	13534.498094	16868.743811	17375.313982	13006.548959	12485.737684		
		10997.044694	10949.483074	11094.546103	11066.009093	10978.020042	10968.507718	10911.433798	10780.639552	11332.354916	11265.768377	11268.146466	11011.313185		
		11315.708276	11434.612922	11165.888672	11222.962774	10928.080354	11434.612922	11211.072333	11149.242067	11222.962774	11120.705037	11546.383451	11396.563416		
		11163.510586	11056.496758	10956.617315	11008.935103	10987.532367	11120.705037	11013.691267	10935.214593	11363.270113	11232.475128	11203.938069	11299.061639		
		10923.324195	11111.192697	11337.111099	10818.688765	11111.192697	10856.737996	11301.43973	10825.822994	11225.340862	11170.644846	10799.664156	11070.76526		
		11013.691267	10973.26388	10832.957225	11066.009093	11151.620153	10982.776205	11213.450421	11096.924187	11268.146466	11232.475128	11173.022933	11058.874842		
		11211.072333	11199.181893	11382.294856	11163.510586	10868.628385	11156.376326	11018.447432	11101.680357	11310.952093	11489.309119	11123.083123	11230.097039		
		
17:00	24.30	26670.137726	27181.527065	38630.367996	32626.242204	26341.898848	41511.271291	32956.88559	37262.510499	65119.076734	31091.979619	41977.554406	23680.359402		
		11722.362899	11888.8303	11263.390287	12055.298047	14654.617929	13817.49929	16504.871441	13639.137075	16742.696332	17287.317994	12683.12238	12621.290977		
		10804.420308	10818.688765	11042.228259	10909.055719	11401.319604	11066.009093	11165.888672	11284.793096	11063.631009	11218.206597	11596.323526	11268.146466		
		10875.762619	11068.387176	11142.107809	10847.225687	11310.952093	11011.313185	11246.743662	10904.299561	11591.567327	11422.72245	11719.984795	11282.415006		
		10668.870092	10832.957225	10728.321913	10773.505326	11565.408238	10809.17646	11044.606342	10958.995395	10920.946115	11182.535281	11439.369112	11130.21738		
		10989.910449	10954.239234	10742.590356	10676.004308	11339.489191	11016.069349	10956.617315	11175.40102	11004.178939	11123.083123	11192.04763	11244.365572		
		10897.165325	10673.626236	10768.749176	10909.055719	11270.524556	11123.083123	11413.210073	10994.666612	11104.058442	11441.747207	11379.916763	11460.771968		
		10771.127251	10944.726913	10985.154286	11360.892021	11249.121751	11106.436526	11130.21738	11080.277596	11306.195912	11215.828509	11589.189227	11496.443409		
		
18:00	24.40	26817.607804	27000.756507	38240.228866	31627.184157	26636.838068	41325.710398	32176.66454	35992.208124	65761.595688	30944.501664	39696.123604	23273.644013		
		11777.059292	11696.203767	11698.58187	12278.840995	14076.719751	13891.222455	16818.800446	13834.14645	16547.679869	17246.887438	12887.641976	12626.047237		
		11289.549277	11203.938069	11415.588167	11246.743662	11337.111099	11334.733007	11432.234828	11332.354916	11617.726424	11686.691358	11993.467129	11753.278247		
		11339.489191	11427.478639	11417.966261	11241.987483	11544.005354	11838.890043	11370.404391	11539.249158	11967.307909	11943.526807	12119.507127	11884.074083		
		11196.803806	10949.483074	11125.461208	11353.757743	11275.280736	11893.586516	11427.478639	11284.793096	11693.825665	11605.835924	11810.352767	11681.935154		
		11222.962774	10911.433798	11187.291456	11472.662447	11241.987483	11496.443409	11222.962774	10997.044694	11360.892021	11567.786337	12086.213524	11417.966261		
		11377.53867	11066.009093	11227.718951	11436.991017	11605.835924	11691.447562	11318.086367	11046.984425	11539.249158	11872.183544	11696.203767	11603.457824		
		11524.980572	11037.472093	11218.206597	11560.652041	11420.344356	11648.641732	11389.429136	11631.995026	11527.35867	12031.516919	12019.626357	11622.482624		
		
19:00	24.40	26082.638657	25885.22091	37041.276613	30019.202632	25597.420006	38480.497252	31191.884194	35856.615241	62494.321387	30782.751961	38392.478056	23121.423579		
		11879.317867	11670.044644	11838.890043	12171.825676	13555.901511	13232.472712	16600.001313	14041.047161	16076.788419	17139.865475	12754.466366	13325.220543		
		11322.84255	11004.178939	11360.892021	11363.270113	11729.497209	11344.245375	11615.348324	11503.577699	11541.627256	11743.765831	11750.900143	12038.651256		
		11120.705037	11265.768377	11586.811128	11370.404391	11439.369112	11563.030139	11736.63152	11622.482624	11667.666543	11810.352767	12333.537769	12293.109715		
		11398.94151	11006.557021	11522.602475	10944.726913	11356.135836	11544.005354	11460.771968	11498.821505	11313.330185	11646.263631	12012.492021	12159.935094		
		11425.100544	11239.609394	11377.53867	11156.376326	11251.49984	11501.199602	11484.552927	11180.157194	11708.09428	11793.706028	12029.138806	12278.840995		
		11194.425718	11184.913368	11363.270113	11251.49984	11299.061639	11486.931023	11458.393873	11158.754412	11337.111099	11903.09895	11912.611385	12247.925443		
		11356.135836	11608.214024	11505.955795	11577.298732	11301.43973	11964.929798	11719.984795	11641.507429	11382.294856	11950.661137	11995.84524	12271.706636		
		
20:00	24.40	25335.783719	25830.514873	36158.726014	29874.105296	25090.797789	38858.743003	29484.008846	35559.263232	61661.46143	30173.814836	37707.358981	21432.747572		
		11812.730873	11655.776035	12169.447559	12469.090804	13308.573488	13349.002055	15953.120416	13582.061251	16086.30135	16911.552433	12492.872062	12621.290977		
		11398.94151	11218.206597	11579.676831	11767.546873	11636.751227	11582.05493	11805.596556	11484.552927	11865.049221	11610.592124	11731.875312	11719.984795		
		11256.256019	11612.970224	11700.959972	11734.253416	11731.875312	12093.347866	11788.949817	11658.154137	11719.984795	11981.576573	11950.661137	11727.119105		
		11387.051043	11291.927368	11282.415006	11660.532238	11596.323526	11979.198462	11639.129328	11505.955795	11315.708276	11850.780577	11786.571712	11529.736767		
		11596.323526	11477.418639	11291.927368	11681.935154	11498.821505	11715.228589	11788.949817	11546.383451	11563.030139	11622.482624	11615.348324	11598.701625		
		11284.793096	11158.754412	11401.319604	11760.41256	11722.362899	11786.571712	11872.183544	11234.853217	11636.751227	11479.796735	11356.135836	11762.790664		
		11379.916763	11432.234828	11781.815502	11693.825665	11579.676831	12088.591638	11672.422746	11884.074083	11753.278247	11620.104524	11876.939759	11674.800848		
		
21:00	24.40	25174.045351	24310.653417	34315.154406	27788.062843	24101.347684	35583.051352	28454.068208	33867.946016	59043.957977	29583.911414	35887.539914	20664.530701		
		11753.278247	12076.701068	11900.720841	11993.467129	12775.869574	12702.147437	15674.86811	13329.976845	15306.244749	16404.985198	12207.497433	12583.240907		
		11586.811128	11729.497209	11589.189227	11256.256019	11522.602475	11370.404391	11748.522039	11294.305458	11289.549277	11781.815502	11546.383451	11812.730873		
		11565.408238	11665.288441	11498.821505	11477.418639	11691.447562	11622.482624	11655.776035	11731.875312	11846.024363	12119.507127	12022.00447	11748.522039		
		11391.807229	11741.387727	11494.065312	11679.557052	11142.107809	11349.001559	11879.317867	11636.751227	11681.935154	11983.954684	11760.41256	12017.248245		
		11451.259587	11524.980572	11422.72245	11363.270113	10911.433798	11491.687216	11603.457824	11586.811128	11612.970224	11627.238825	11734.253416	12007.735798		
		11812.730873	11674.800848	11398.94151	11420.344356	11494.065312	11249.121751	11522.602475	11553.517746	11458.393873	11922.123821	11748.522039	12062.432386		
		11758.034455	11610.592124	11508.333892	11841.26815	11253.877929	11448.881492	12031.516919	11826.99951	11689.06946	12231.278613	11677.17895	11750.900143		
		
22:00	24.50	23478.190675	23064.340992	33882.218586	26641.595161	23176.127764	33989.262939	27540.690834	32690.467791	55436.702563	28834.645191	34398.411563	19877.294437		
		11681.935154	11753.278247	11955.417357	11995.84524	12497.628314	12438.175179	14987.565276	12949.473585	14980.430676	15753.349432	12626.047237	12561.83775		
		11522.602475	11382.294856	11517.84628	11339.489191	11203.938069	11375.160577	11353.757743	11211.072333	11484.552927	11974.442241	11969.686019	12029.138806		
		11460.771968	11458.393873	11722.362899	11700.959972	11046.984425	11886.452191	11589.189227	11503.577699	11779.437397	12150.422629	11895.964624	11924.501931		
		11532.114865	11401.319604	11315.708276	11360.892021	11225.340862	11534.492962	11548.76155	11123.083123	11577.298732	11983.954684	11924.501931	11881.695975		
		11427.478639	11301.43973	11401.319604	11372.782484	11230.097039	11693.825665	11365.648206	11391.807229	11651.019833	11855.536792	11986.332795	12000.601463		
		11377.53867	11555.895844	11415.588167	11396.563416	11246.743662	11377.53867	11237.231306	11439.369112	11724.741002	12131.397704	11753.278247	12086.213524		
		11546.383451	11379.916763	11596.323526	11351.379651	11517.84628	11577.298732	11329.976824	11872.183544	11793.706028	12269.328516	12022.00447	11988.710906		
		
23:00	24.50	23014.393761	22222.377551	31807.965165	25654.504401	22767.036505	32179.043251	26919.885599	31824.616068	53252.440901	26789.065187	32381.233958	18828.450903		
		12086.213524	12086.213524	11862.671114	12236.03485	12547.568982	12431.040806	15011.347283	12942.339166	14721.207288	15073.180532	12392.990826	12547.568982		
		12295.487835	11727.119105	11724.741002	11712.850486	11458.393873	11788.949817	11855.536792	11879.317867	11689.06946	11691.447562	12043.407482	11876.939759		
		11998.223352	11727.119105	11684.313256	11767.546873	11560.652041	12033.895031	11731.875312	11836.511936	11629.616926	11917.367603	12228.900495	11841.26815		
		12098.104095	11582.05493	11653.397934	11810.352767	11458.393873	11886.452191	11631.995026	11501.199602	11727.119105	12112.372783	11895.964624	11991.089017		
		11957.795467	11513.090086	11938.770587	11494.065312	11777.059292	11746.143935	11655.776035	11363.270113	11391.807229	11903.09895	12083.83541	11981.576573		
		11891.208408	11717.606692	11903.09895	11727.119105	11974.442241	11629.616926	11601.079725	11522.602475	11574.920633	11886.452191	11765.168769	11991.089017		
		11558.273942	12002.979575	11888.8303	12067.188613	11574.920633	12152.800745	11829.377617	11848.40247	11572.542534	12326.403405	11891.208408	11848.40247		
		
24:00	24.50	21435.125964	20942.800357	29500.659265	23746.956271	21435.125964	30081.047477	25150.260325	30737.55725	48529.595214	26089.774247	30504.448091	18424.138472		
		11636.751227	11772.303083	12171.825676	12119.507127	12121.885242	12278.840995	14247.948406	12763.978902	14014.887271	14683.156219	12140.910166	12502.384567		
		11425.100544	11700.959972	12005.357686	11541.627256	11498.821505	11739.009623	11767.546873	11636.751227	11914.989494	11867.427329	12186.094377	12333.537769		
		11458.393873	11646.263631	11617.726424	11612.970224	11586.811128	11800.840345	11805.596556	11700.959972	11879.317867	11879.317867	12090.969752	12452.443928		
		11560.652041	11622.482624	11677.17895	11686.691358	11608.214024	11876.939759	11819.865191	11496.443409	11817.487085	11931.636259	12002.979575	12359.697108		
		11624.860725	11746.143935	11522.602475	11555.895844	11358.513928	11696.203767	11822.243298	11441.747207	11629.616926	12174.203792	11938.770587	12281.219114		
		11513.090086	11655.776035	11605.835924	11439.369112	11508.333892	11926.88004	11943.526807	11332.354916	11529.736767	11943.526807	11777.059292	12219.388022		
		11524.980572	11662.910339	11727.119105	11505.955795	11743.765831	11931.636259	11986.332795	11979.198462	11819.865191	12090.969752	11841.26815	12126.641473		
		
25:00	24.50	20257.830637	19575.245117	28375.574431	22607.681755	20961.827377	28720.471906	24415.306489	29652.891832	45222.579478	24738.780485	29034.448831	17047.113223		
		11838.890043	11689.06946	12164.691326	12143.288281	12828.188552	12224.144258	14033.912644	12599.88781	13603.46468	14516.683005	12354.940864	12656.962934		
		11541.627256	11544.005354	11929.258149	12278.840995	12178.960026	11831.755723	11881.695975	11653.397934	11907.855167	11796.084134	12152.800745	12007.735798		
		11403.697697	11791.327923	11667.666543	12076.701068	12176.581909	11876.939759	11727.119105	11867.427329	11798.462239	12100.482209	12281.219114	11810.352767		
		11610.592124	11444.125302	11629.616926	11972.06413	11926.88004	11689.06946	11993.467129	11743.765831	11826.99951	12157.556977	12012.492021	12031.516919		
		11631.995026	11536.87106	11817.487085	12143.288281	12221.76614	11698.58187	11612.970224	11743.765831	11727.119105	12007.735798	11983.954684	12269.328516		
		11755.656351	11591.567327	11953.039247	12124.263358	12074.322954	11819.865191	11962.551688	11677.17895	11696.203767	12119.507127	12041.029369	12102.860324		
		11765.168769	11774.681187	11727.119105	12252.681681	12029.138806	11865.049221	11900.720841	11981.576573	11893.586516	12112.372783	11979.198462	12005.357686		
		
26:00	24.50	19189.955512	19025.851244	26030.311014	21523.126512	20029.5087	25918.520255	23523.381288	28649.113686	42748.3549	23663.710194	26643.973708	16350.285641		
		11513.090086	11860.293006	12100.482209	12162.31321	12416.772061	12045.785595	13796.095803	12450.065803	12818.676008	14088.610618	12022.00447	12300.244076		
		11560.652041	11484.552927	11841.26815	12093.347866	11658.154137	11905.477059	11953.039247	11853.158685	11712.850486	11508.333892	11960.173577	11862.671114		
		11563.030139	11584.433029	11620.104524	11981.576573	11826.99951	11717.606692	11879.317867	11862.671114	11584.433029	11689.06946	12174.203792	12048.163708		
		11532.114865	11563.030139	11746.143935	11888.8303	11874.561652	11879.317867	11843.646257	11796.084134	11805.596556	11363.270113	11929.258149	11796.084134		
		11486.931023	11634.373127	11843.646257	11824.621404	11905.477059	11610.592124	11793.706028	11605.835924	11805.596556	11691.447562	12036.273144	11796.084134		
		11696.203767	11467.906255	11767.546873	11905.477059	11627.238825	11460.771968	11960.173577	11653.397934	11893.586516	11567.786337	11964.929798	11627.238825		
		11665.288441	11458.393873	11953.039247	11819.865191	11741.387727	11762.790664	11898.342733	11710.472383	11693.825665	11712.850486	11734.253416	11836.511936		
		
27:00	24.50	18260.035774	18003.180052	24170.323377	20212.641869	18664.347376	24294.004078	21577.829604	26653.487895	39160.865107	22881.201297	25811.486696	15482.232464		
		11601.079725	11425.100544	11686.691358	11881.695975	11950.661137	11926.88004	12904.288943	12041.029369	13082.64952	13653.406038	11950.661137	11819.865191		
		11548.76155	11539.249158	11318.086367	11689.06946	11534.492962	11703.338075	11570.164435	11341.867283	11760.41256	11777.059292	11855.536792	11620.104524		
		11384.672949	11603.457824	11436.991017	11715.228589	11743.765831	11667.666543	11719.984795	11429.856733	11798.462239	11815.108979	11886.452191	11529.736767		
		11620.104524	11705.716178	11477.418639	11743.765831	11703.338075	12138.53205	11731.875312	11819.865191	11662.910339	11767.546873	11670.044644	11589.189227		
		11513.090086	11684.313256	11415.588167	11484.552927	11643.88553	11734.253416	11546.383451	11736.63152	11772.303083	11914.989494	11674.800848	11620.104524		
		11513.090086	11432.234828	11636.751227	11206.316157	11615.348324	11769.924978	11534.492962	11624.860725	11793.706028	11810.352767	11731.875312	11914.989494		
		11498.821505	11486.931023	11534.492962	11662.910339	11755.656351	11703.338075	11639.129328	11729.497209	11753.278247	11934.014368	11824.621404	11582.05493		
		
28:00	24.60	16985.278449	16357.420364	21701.506299	18638.185975	17579.84557	22514.923166	20640.747015	25683.046613	36118.285923	21090.259883	23654.196362	14999.456278		
		11120.705037	11275.280736	11199.181893	11689.06946	11665.288441	11470.284351	12442.931428	11765.168769	12397.747072	13066.002516	11846.024363	11800.840345		
		11134.973551	11077.899512	11025.581679	11539.249158	11220.584685	11401.319604	11410.831979	11401.319604	11417.966261	11788.949817	11710.472383	11739.009623		
		10970.885799	11113.570782	10970.885799	11315.708276	11241.987483	11363.270113	11308.574003	11225.340862	11574.920633	11891.208408	11891.208408	11841.26815		
		10873.384541	11082.655681	11137.351637	11163.510586	11337.111099	11584.433029	11417.966261	11349.001559	11132.595465	11831.755723	11696.203767	11803.21845		
		11025.581679	11201.559981	11244.365572	11341.867283	11092.168018	11384.672949	11448.881492	11294.305458	11327.598732	11589.189227	11651.019833	11603.457824		
		11056.496758	10963.751557	11246.743662	11032.715927	10989.910449	11358.513928	11817.487085	11406.075791	11624.860725	11415.588167	11553.517746	11479.796735		
		10809.17646	10923.324195	11436.991017	11199.181893	11446.503397	11857.914899	11636.751227	11158.754412	11377.53867	11629.616926	11689.06946	11524.980572		
		
29:00	24.50	16160.026605	15503.636402	20914.259835	17465.68834	16890.148119	20136.534527	19834.484228	25195.451881	33903.627445	19665.621959	22472.111546	14259.839298		
		11501.199602	11320.464458	11677.17895	11467.906255	11658.154137	11491.687216	12240.791087	11539.249158	12069.566727	13049.355516	11753.278247	11905.477059		
		11284.793096	11203.938069	11422.72245	11270.524556	11396.563416	11513.090086	11356.135836	11284.793096	11670.044644	11677.17895	11843.646257	11577.298732		
		11353.757743	11558.273942	11310.952093	11363.270113	11584.433029	11508.333892	11125.461208	11365.648206	11655.776035	11719.984795	11741.387727	11774.681187		
		11301.43973	11513.090086	11439.369112	11332.354916	11546.383451	11486.931023	11448.881492	11406.075791	11332.354916	11648.641732	11739.009623	11577.298732		
		11085.033765	11527.35867	11489.309119	11282.415006	11598.701625	11382.294856	11513.090086	11394.185323	11444.125302	11791.327923	11724.741002	11627.238825		
		11120.705037	11767.546873	11582.05493	11256.256019	11486.931023	11368.026298	11384.672949	11513.090086	11268.146466	11591.567327	11834.13383	11453.637682		
		11249.121751	11598.701625	11448.881492	11731.875312	11674.800848	11589.189227	11553.517746	11394.185323	11270.524556	11579.676831	11950.661137	11612.970224		
		
30:00	24.60	15639.194807	15272.949819	19958.158228	17006.682788	15674.86811	18531.162152	19118.605789	23570.950381	31560.580731	19208.982116	21304.314517	14326.428328		
		11572.542534	11389.429136	11484.552927	11822.243298	11884.074083	11475.040543	12502.384567	12026.760694	12421.528309	12811.5416	12074.322954	12231.278613		
		11444.125302	11470.284351	11360.892021	11598.701625	11482.174831	11303.817821	11874.561652	11237.231306	11527.35867	12300.244076	11950.661137	12098.104095		
		11544.005354	11475.040543	11410.831979	11422.72245	11391.807229	11413.210073	11719.984795	11624.860725	11781.815502	11943.526807	12029.138806	11924.501931		
		11536.87106	11546.383451	11346.623467	11722.362899	11363.270113	11458.393873	11765.168769	11349.001559	11394.185323	11872.183544	11900.720841	12157.556977		
		11246.743662	11387.051043	11358.513928	11377.53867	11410.831979	11560.652041	11843.646257	11634.373127	11662.910339	11888.8303	11853.158685	12266.950397		
		11177.779107	11689.06946	11161.132499	11479.796735	11329.976824	11463.150064	11779.437397	11593.945426	11610.592124	12048.163708	11983.954684	12345.428376		
		11401.319604	11294.305458	11719.984795	11660.532238	11496.443409	11791.327923	11667.666543	11848.40247	11760.41256	11791.327923	12274.084755	12395.368949		
		
31:00	24.60	15460.828532	14890.059124	19004.446364	16535.788637	15579.739338	18207.713245	18348.032831	22857.416952	29498.280634	18585.863199	20015.238601	14005.374586		
		11332.354916	11829.377617	12133.775819	11615.348324	12171.825676	11691.447562	12626.047237	12031.516919	12604.644069	13070.758803	12228.900495	12074.322954		
		11456.015778	11567.786337	11900.720841	11529.736767	11731.875312	11815.108979	11729.497209	11465.52816	11746.143935	12459.578303	12071.94484	12138.53205		
		11425.100544	11617.726424	11865.049221	11708.09428	11724.741002	11612.970224	11936.392478	11601.079725	11886.452191	12143.288281	11886.452191	12060.054273		
		11470.284351	11648.641732	11641.507429	11710.472383	11696.203767	11686.691358	11448.881492	11582.05493	11746.143935	12371.58772	11979.198462	11974.442241		
		11325.220641	11546.383451	11667.666543	11850.780577	11546.383451	11522.602475	11693.825665	11591.567327	11957.795467	12150.422629	11943.526807	12022.00447		
		11505.955795	11465.52816	11436.991017	11753.278247	11736.63152	11529.736767	11779.437397	11681.935154	11986.332795	12181.338143	11876.939759	12109.994668		
		11615.348324	11517.84628	11819.865191	12112.372783	11605.835924	11670.044644	11551.139648	12057.67616	12119.507127	12062.432386	12162.31321	12121.885242		
		
32:00	24.60	14761.636568	14354.966501	17732.055463	15603.52152	15315.757588	16880.635092	17537.03659	21725.2903	26648.730801	17472.823162	19194.712163	13470.287878		
		11919.745712	11886.452191	12200.36308	11829.377617	11843.646257	11394.185323	12136.153935	12226.522376	12340.672133	12552.325238	12093.347866	12152.800745		
		11555.895844	11622.482624	11658.154137	11810.352767	11441.747207	11463.150064	11360.892021	11570.164435	11741.387727	12022.00447	12133.775819	11743.765831		
		11846.024363	11779.437397	11670.044644	11693.825665	11472.662447	11272.902646	11303.817821	11698.58187	11636.751227	12010.11391	12098.104095	11979.198462		
		11964.929798	11862.671114	11895.964624	11739.009623	11548.76155	11548.76155	11394.185323	11470.284351	11841.26815	11874.561652	12050.541821	12131.397704		
		11532.114865	11712.850486	11945.904917	11824.621404	11534.492962	11605.835924	11629.616926	11693.825665	11891.208408	11910.233276	12038.651256	11698.58187		
		11793.706028	11786.571712	11891.208408	11696.203767	11532.114865	11524.980572	11670.044644	11539.249158	11653.397934	11941.148697	12126.641473	12112.372783		
		11724.741002	11919.745712	11646.263631	11736.63152	11524.980572	11693.825665	11398.94151	11762.790664	11672.422746	11969.686019	11729.497209	11841.26815		
		
33:00	24.60	14095.745139	13598.708362	16997.169748	14861.52076	14428.690161	16086.30135	16595.244816	20914.259835	24681.696744	16547.679869	17679.73328	13627.246275		
		11612.970224	11622.482624	12119.507127	11919.745712	11957.795467	11703.338075	12205.119315	11822.243298	12178.960026	12300.244076	11962.551688	12067.188613		
		11465.52816	11394.185323	11803.21845	11857.914899	11722.362899	11605.835924	11824.621404	11534.492962	11691.447562	11936.392478	12062.432386	11848.40247		
		11387.051043	11529.736767	11548.76155	11584.433029	11377.53867	11413.210073	11482.174831	11477.418639	12012.492021	11950.661137	12079.079182	11929.258149		
		11719.984795	11648.641732	11467.906255	11610.592124	11612.970224	11758.034455	11700.959972	11741.387727	11872.183544	11881.695975	11974.442241	12062.432386		
		11727.119105	11914.989494	11582.05493	11777.059292	11755.656351	11629.616926	11584.433029	11249.121751	11824.621404	11979.198462	11924.501931	11700.959972		
		11591.567327	11598.701625	11760.41256	11505.955795	11603.457824	11803.21845	11417.966261	11403.697697	11731.875312	11746.143935	11826.99951	12005.357686		
		11501.199602	11741.387727	11938.770587	11848.40247	11684.313256	11750.900143	11631.995026	11382.294856	11905.477059	11991.089017	11969.686019	11598.701625		
		
34:00	24.60	13719.994563	13417.968481	16347.9074	15139.770239	14485.766589	15981.659169	16695.131297	20519.450324	23299.806929	16523.897406	17158.891591	13441.750021		
		11582.05493	11563.030139	12138.53205	12212.253668	12274.084755	11967.307909	12802.029059	12041.029369	12105.238438	12414.393937	12209.87555	12331.159647		
		11622.482624	11582.05493	11755.656351	11924.501931	12105.238438	11917.367603	12293.109715	11767.546873	12197.984963	12098.104095	12221.76614	12266.950397		
		11460.771968	11591.567327	11953.039247	11926.88004	11914.989494	12107.616553	12183.71626	11914.989494	11962.551688	11986.332795	12511.897073	12354.940864		
		11546.383451	11106.436526	11781.815502	12083.83541	12036.273144	12024.382582	11900.720841	11917.367603	11765.168769	12174.203792	12171.825676	12476.225181		
		11639.129328	11536.87106	11686.691358	11895.964624	11762.790664	12064.8105	12055.298047	11936.392478	11838.890043	11727.119105	12074.322954	12414.393937		
		11565.408238	11693.825665	11869.805436	12119.507127	11993.467129	11905.477059	12138.53205	11895.964624	11836.511936	12022.00447	12143.288281	12557.081494		
		11563.030139	11560.652041	11988.710906	12088.591638	11817.487085	11955.417357	12207.497433	11895.964624	12041.029369	11964.929798	12392.990826	12188.472494		
		
35:00	24.60	13579.683092	12982.767548	15786.644561	14585.650437	14150.443154	15082.693344	15655.842346	19613.298512	21860.859244	15888.90826	16616.649052	13313.329789		
		11746.143935	11872.183544	12174.203792	11903.09895	12155.178861	12098.104095	12041.029369	11910.233276	12083.83541	12683.12238	12162.31321	12307.378437		
		11651.019833	11641.507429	11651.019833	11836.511936	12017.248245	11658.154137	11826.99951	11822.243298	11936.392478	12057.67616	11991.089017	12105.238438		
		11686.691358	11788.949817	11919.745712	11950.661137	11846.024363	11798.462239	11853.158685	12057.67616	11986.332795	12114.750897	12226.522376	12150.422629		
		11620.104524	11646.263631	11672.422746	12126.641473	11836.511936	11836.511936	11705.716178	11748.522039	12145.666397	12114.750897	12262.194158	12052.919934		
		11622.482624	11781.815502	11748.522039	11853.158685	12178.960026	11819.865191	11746.143935	11917.367603	11815.108979	11922.123821	12000.601463	12278.840995		
		11555.895844	11731.875312	11817.487085	12190.850611	12019.626357	11969.686019	11857.914899	12024.382582	12093.347866	12107.616553	12224.144258	12057.67616		
		11767.546873	11703.338075	11736.63152	11936.392478	12178.960026	11903.09895	11760.41256	12188.472494	12069.566727	12081.457296	12129.019588	12007.735798		
		
36:00	24.60	13165.884592	12728.306897	14873.411744	14048.181677	13758.045174	14469.119294	15332.40506	18688.130475	20338.694813	15280.084446	15748.592986	13118.321683		
		11798.462239	11807.974662	12207.497433	12107.616553	12029.138806	12169.447559	11948.283027	12102.860324	11769.924978	12390.612703	12530.922089	12081.457296		
		11786.571712	11755.656351	11810.352767	11779.437397	11945.904917	11872.183544	11662.910339	11484.552927	11674.800848	11979.198462	12507.14082	12164.691326		
		11612.970224	11708.09428	11724.741002	12081.457296	12005.357686	11938.770587	12024.382582	11743.765831	12112.372783	12193.228728	12423.906433	12155.178861		
		11703.338075	11646.263631	11584.433029	11815.108979	12041.029369	11886.452191	11774.681187	11784.193607	11693.825665	12114.750897	12231.278613	12266.950397		
		11910.233276	11898.342733	11565.408238	11826.99951	11881.695975	11860.293006	11693.825665	11746.143935	11810.352767	11788.949817	12285.975354	12126.641473		
		11582.05493	11653.397934	11727.119105	11805.596556	11719.984795	11719.984795	11793.706028	11655.776035	11955.417357	11876.939759	12076.701068	12240.791087		
		11803.21845	11860.293006	11653.397934	11648.641732	11974.442241	11822.243298	11560.652041	11993.467129	11938.770587	11893.586516	12043.407482	12274.084755		
		
37:00	24.60	13163.506446	13608.220999	14873.411744	13834.14645	13446.50633	14623.70146	15175.443319	18381.32904	19801.187414	14894.815519	16183.80896	13629.624435		
		12052.919934	12445.309553	12214.631786	12190.850611	12247.925443	12043.407482	12488.11581	12138.53205	12243.169206	12183.71626	12637.937889	12516.653327		
		12112.372783	12036.273144	11769.924978	11796.084134	12171.825676	12033.895031	11972.06413	11922.123821	11900.720841	12019.626357	12435.797055	12664.097328		
		11924.501931	12240.791087	11777.059292	12010.11391	12005.357686	11903.09895	12031.516919	11834.13383	12129.019588	12124.263358	12281.219114	12816.297872		
		11943.526807	11967.307909	11898.342733	11955.417357	12055.298047	12136.153935	12090.969752	12052.919934	11860.293006	12157.556977	12388.23458	12723.550631		
		11917.367603	12014.870133	11836.511936	11876.939759	12029.138806	12138.53205	12150.422629	11895.964624	12090.969752	12228.900495	12480.981432	12587.997164		
		12152.800745	12024.382582	11793.706028	11815.108979	11893.586516	11848.40247	11955.417357	11934.014368	12048.163708	12217.009904	12447.687678	12397.747072		
		11924.501931	11945.904917	11836.511936	11872.183544	11841.26815	11955.417357	11962.551688	11612.970224	12138.53205	12031.516919	12447.687678	12471.468929		
		
38:00	24.60	12516.653327	12668.853591	13986.34922	13822.255621	13189.666057	13779.448651	14381.126501	17839.078218	18849.855736	14683.156219	15161.174085	12823.432279		
		11936.392478	12086.213524	12542.812727	12221.76614	12148.044513	12012.492021	12266.950397	12076.701068	12048.163708	12768.735171	12136.153935	12238.412968		
		11843.646257	12076.701068	12257.437919	12086.213524	11843.646257	11608.214024	11777.059292	11848.40247	12174.203792	12238.412968	12155.178861	12117.129012		
		11453.637682	12178.960026	12038.651256	12214.631786	12169.447559	11689.06946	12041.029369	12007.735798	12109.994668	12190.850611	12288.353474	12281.219114		
		11772.303083	12169.447559	12002.979575	12164.691326	12102.860324	11964.929798	12150.422629	11914.989494	12297.865955	12264.572277	12219.388022	12238.412968		
		11624.860725	12024.382582	12074.322954	12155.178861	11696.203767	11750.900143	12062.432386	11836.511936	11948.283027	12171.825676	12435.797055	12014.870133		
		11653.397934	11895.964624	12131.397704	12060.054273	12038.651256	11846.024363	12026.760694	11936.392478	11962.551688	12052.919934	12243.169206	12217.009904		
		11603.457824	11900.720841	11962.551688	12143.288281	11988.710906	12064.8105	12036.273144	11943.526807	11988.710906	12181.338143	12307.378437	12038.651256		
		
39:00	24.70	12371.58772	12345.428376	13334.733147	12704.525569	13127.834263	13865.062614	14481.010219	17991.288604	18505.000795	14633.214218	15218.251036	13427.481096		
		11351.379651	11422.72245	11520.224378	11691.447562	12098.104095	12247.925443	12062.432386	12918.557775	12578.484649	13206.313087	12395.368949	12547.568982		
		11384.672949	11475.040543	11320.464458	11536.87106	12114.750897	11803.21845	11574.920633	12804.407194	12656.962934	12640.316019	12371.58772	12630.803497		
		11291.927368	11503.577699	11339.489191	11693.825665	12014.870133	11912.611385	11719.984795	12664.097328	12466.712679	12471.468929	12835.32296	12495.250188		
		11758.034455	11232.475128	11320.464458	11612.970224	12105.238438	11831.755723	11636.751227	12942.339166	12464.334553	12709.281834	12721.172498	12920.935914		
		11551.139648	11515.468183	11448.881492	11508.333892	12064.8105	11627.238825	11796.084134	12773.49144	12428.662682	12476.225181	12614.156587	12599.88781		
		11698.58187	11489.309119	11591.567327	11584.433029	11969.686019	11591.567327	11681.935154	12918.557775	12535.678344	12354.940864	12683.12238	12706.903702		
		11501.199602	11548.76155	11551.139648	13451.262639	11891.208408	11662.910339	11458.393873	12870.995013	12609.400328	12480.981432	12725.928764	12949.473585		
		
40:00	24.70	12060.054273	12338.294011	13296.682737	12756.8445	13489.313122	13922.138641	14255.082941	16005.441471	17280.183189	13798.473968	14476.253849	12935.204748		
		11496.443409	11693.825665	11824.621404	11824.621404	12390.612703	12480.981432	12347.806498	11907.855167	12350.18462	12264.572277	12186.094377	12297.865955		
		11425.100544	11527.35867	11698.58187	11558.273942	12402.503319	12435.797055	12186.094377	11855.536792	12083.83541	12169.447559	12152.800745	12090.969752		
		11563.030139	11689.06946	11555.895844	11689.06946	12628.425367	12295.487835	12290.731594	11639.129328	12290.731594	12312.134679	12131.397704	12297.865955		
		11427.478639	11631.995026	11515.468183	11881.695975	12516.653327	12400.125196	11955.417357	11800.840345	12140.910166	12114.750897	12112.372783	12616.534717		
		11727.119105	11646.263631	11631.995026	11786.571712	12255.0598	12404.881443	11948.283027	12038.651256	12081.457296	11943.526807	12352.562742	12255.0598		
		11241.987483	11465.52816	11463.150064	11667.666543	12428.662682	12359.697108	12285.975354	11872.183544	12378.722088	11938.770587	12338.294011	12478.603306		
		11610.592124	11643.88553	11672.422746	11513.090086	12666.475459	12366.831475	11860.293006	12088.591638	12314.512799	11919.745712	12088.591638	12343.050255		
		
41:00	24.70	12664.097328	12271.706636	13132.590553	12851.969916	12549.94711	12935.204748	13629.624435	16062.519024	16186.187195	13529.74178	13836.524616	12683.12238		
		12121.885242	11743.765831	11955.417357	11967.307909	11548.76155	11831.755723	11922.123821	12252.681681	11995.84524	12076.701068	12331.159647	12126.641473		
		12074.322954	11553.517746	11855.536792	11753.278247	11532.114865	11696.203767	11765.168769	11655.776035	11634.373127	12143.288281	11943.526807	12117.129012		
		12129.019588	11710.472383	11762.790664	11743.765831	11665.288441	11907.855167	12069.566727	11617.726424	11807.974662	12076.701068	12033.895031	12347.806498		
		11532.114865	11834.13383	11926.88004	11736.63152	11710.472383	11872.183544	11665.288441	11836.511936	11884.074083	12193.228728	12057.67616	12019.626357		
		11903.09895	11608.214024	11705.716178	11739.009623	11715.228589	12055.298047	11646.263631	11486.931023	11717.606692	12257.437919	12117.129012	12340.672133		
		11620.104524	11893.586516	11670.044644	11436.991017	11522.602475	11658.154137	11914.989494	11717.606692	11689.06946	12050.541821	12167.069443	12150.422629		
		11796.084134	11765.168769	11746.143935	11458.393873	11612.970224	11960.173577	11938.770587	11803.21845	11848.40247	11857.914899	12186.094377	12050.541821		
		
42:00	24.70	12314.512799	12188.472494	12989.901971	12511.897073	12766.357036	13023.19595	13603.46468	15617.790833	16088.679583	13698.591103	14171.846736	12735.441297		
		11717.606692	11779.437397	12366.831475	11579.676831	11891.208408	11746.143935	12140.910166	12274.084755	12007.735798	12599.88781	12409.63769	12022.00447		
		11805.596556	11819.865191	11472.662447	11741.387727	11964.929798	12062.432386	11886.452191	11812.730873	12124.263358	12395.368949	12293.109715	12012.492021		
		11693.825665	11876.939759	11515.468183	11765.168769	12055.298047	12129.019588	12067.188613	11938.770587	11924.501931	12324.025283	12371.58772	12129.019588		
		11727.119105	11838.890043	11686.691358	11596.323526	11836.511936	11603.457824	12012.492021	11867.427329	11950.661137	12255.0598	12545.190854	12217.009904		
		11679.557052	11584.433029	11807.974662	11836.511936	11598.701625	12200.36308	11972.06413	12002.979575	11857.914899	11893.586516	12250.303562	11843.646257		
		11772.303083	11950.661137	11736.63152	11639.129328	11874.561652	11836.511936	11912.611385	11931.636259	12114.750897	12033.895031	12357.318986	11907.855167		
		11860.293006	11670.044644	11750.900143	11924.501931	11724.741002	11855.536792	11798.462239	12041.029369	11972.06413	12240.791087	12297.865955	12140.910166		
		
43:00	24.70	12176.581909	12476.225181	13199.178645	12690.256776	12626.047237	12809.163465	13436.993713	15346.674325	15356.187169	13318.086091	13570.170459	12842.457369		
		11691.447562	11841.26815	12221.76614	11948.283027	11857.914899	11960.173577	12300.244076	11976.820351	12157.556977	11976.820351	11791.327923	11995.84524		
		11572.542534	11603.457824	11941.148697	11681.935154	11684.313256	11684.313256	11838.890043	11964.929798	12293.109715	11758.034455	11665.288441	12176.581909		
		12022.00447	11565.408238	11781.815502	11655.776035	11983.954684	11874.561652	11929.258149	11762.790664	11969.686019	12169.447559	12409.63769	12148.044513		
		11905.477059	11681.935154	11967.307909	12019.626357	11865.049221	11822.243298	11831.755723	12033.895031	12209.87555	12086.213524	12212.253668	12209.87555		
		11876.939759	11665.288441	12041.029369	11579.676831	11912.611385	11843.646257	11774.681187	12169.447559	11929.258149	11943.526807	12221.76614	12331.159647		
		11665.288441	11591.567327	11981.576573	11869.805436	11886.452191	11917.367603	11800.840345	11948.283027	11565.408238	12036.273144	12067.188613	12335.91589		
		11629.616926	11898.342733	11703.338075	11976.820351	11739.009623	11872.183544	11876.939759	11724.741002	12033.895031	12157.556977	12378.722088	12088.591638		
		
44:00	24.70	12043.407482	12276.462875	12728.306897	12454.822053	12771.113305	13320.464241	14309.781065	15475.097819	15822.317929	13456.018948	14036.290816	13066.002516		
		11532.114865	11715.228589	12266.950397	11929.258149	12090.969752	12614.156587	12747.331964	12771.113305	12813.919736	12402.503319	12469.090804	12649.828542		
		11465.52816	11727.119105	11869.805436	11895.964624	12022.00447	12566.594007	12916.179636	12564.215878	12478.603306	12645.07228	12238.412968	12920.935914		
		11712.850486	11693.825665	12031.516919	12140.910166	12309.756558	12521.409581	12566.594007	12878.129426	12623.669107	12314.512799	12250.303562	12904.288943		
		11698.58187	11622.482624	11841.26815	11917.367603	12207.497433	13004.170817	12740.197564	12461.956428	12637.937889	12319.269041	12431.040806	12545.190854		
		11836.511936	11831.755723	11829.377617	11995.84524	11843.646257	12792.516518	12656.962934	12630.803497	12414.393937	12193.228728	12357.318986	12571.350263		
		11929.258149	11605.835924	11667.666543	12095.72598	12502.384567	12916.179636	12335.91589	12397.747072	12431.040806	12250.303562	12675.987985	12554.703366		
		11914.989494	11667.666543	11855.536792	11998.223352	12326.403405	12616.534717	12343.050255	12773.49144	12362.075231	12314.512799	12690.256776	12604.644069		
		
45:00	24.70	12012.492021	12224.144258	12985.145689	11960.173577	12397.747072	12371.58772	13467.909723	14890.059124	15177.821525	13215.825677	13401.321407	12623.669107		
		12012.492021	11805.596556	12200.36308	11919.745712	11748.522039	11943.526807	12048.163708	12509.518947	12293.109715	12312.134679	12202.741198	12131.397704		
		11919.745712	11734.253416	11884.074083	11712.850486	11934.014368	11860.293006	11907.855167	12164.691326	12060.054273	12202.741198	12036.273144	12419.150185		
		11905.477059	11855.536792	11777.059292	11988.710906	11991.089017	11917.367603	11953.039247	12133.775819	12186.094377	12197.984963	12174.203792	12212.253668		
		11843.646257	11926.88004	11565.408238	11974.442241	12036.273144	11943.526807	11884.074083	12131.397704	12064.8105	12228.900495	12511.897073	12309.756558		
		11955.417357	11962.551688	11605.835924	11917.367603	11793.706028	11974.442241	12221.76614	12052.919934	12102.860324	12266.950397	12233.656731	12285.975354		
		11855.536792	12131.397704	11624.860725	11679.557052	11743.765831	12002.979575	12095.72598	12181.338143	11727.119105	12217.009904	12314.512799	12492.872062		
		11872.183544	11855.536792	11722.362899	11803.21845	11910.233276	12000.601463	11960.173577	12074.322954	11672.422746	12290.731594	12297.865955	12178.960026		
		
46:00	24.70	12183.71626	11719.984795	12461.956428	12212.253668	12290.731594	12359.697108	12975.633126	14478.632034	14823.469625	12821.054144	12916.179636	12564.215878		
		11769.924978	11805.596556	12136.153935	11955.417357	11660.532238	12083.83541	11991.089017	12083.83541	12316.89092	12014.870133	12109.994668	11876.939759		
		11639.129328	11665.288441	12031.516919	11482.174831	11651.019833	11822.243298	11862.671114	11826.99951	12007.735798	12148.044513	11869.805436	11953.039247		
		11703.338075	11729.497209	11817.487085	11796.084134	11739.009623	11615.348324	11957.795467	12036.273144	12114.750897	12176.581909	11976.820351	12150.422629		
		11938.770587	11719.984795	11736.63152	11612.970224	11898.342733	11684.313256	11779.437397	11865.049221	12174.203792	12193.228728	12138.53205	11931.636259		
		11712.850486	11684.313256	11539.249158	11498.821505	12055.298047	11796.084134	11879.317867	11869.805436	12031.516919	12447.687678	12245.547325	12081.457296		
		11522.602475	11841.26815	11686.691358	11855.536792	11869.805436	12045.785595	11850.780577	12019.626357	11931.636259	12381.100211	12214.631786	12050.541821		
		11651.019833	12100.482209	11396.563416	11729.497209	12017.248245	11860.293006	12109.994668	12109.994668	11907.855167	12186.094377	12473.847055	11867.427329		
		
47:00	24.70	12000.601463	11624.860725	11727.119105	12019.626357	12038.651256	12262.194158	12592.753423	13884.087952	13727.129052	12469.090804	13177.775324	12412.015814		
		11769.924978	11394.185323	11398.94151	11774.681187	11872.183544	11627.238825	11922.123821	11717.606692	12109.994668	11791.327923	12093.347866	12014.870133		
		11548.76155	11534.492962	11541.627256	11653.397934	11800.840345	11627.238825	11762.790664	11365.648206	11368.026298	11846.024363	12121.885242	12262.194158		
		11482.174831	11565.408238	11384.672949	11403.697697	11739.009623	11513.090086	11748.522039	11501.199602	11463.150064	11874.561652	12000.601463	12076.701068		
		11249.121751	11522.602475	11486.931023	11517.84628	11582.05493	11774.681187	11777.059292	11503.577699	11805.596556	11862.671114	12010.11391	12098.104095		
		11265.768377	11555.895844	11527.35867	11700.959972	11677.17895	11565.408238	11888.8303	11427.478639	11777.059292	11922.123821	12202.741198	12041.029369		
		11237.231306	11387.051043	11460.771968	11570.164435	11624.860725	11805.596556	11693.825665	11579.676831	11691.447562	11881.695975	11945.904917	12026.760694		
		11486.931023	11382.294856	11513.090086	11329.976824	11891.208408	11501.199602	11517.84628	11401.319604	11869.805436	11974.442241	12083.83541	12200.36308		
		
48:00	24.70	12109.994668	12074.322954	12402.503319	11936.392478	12607.022199	12307.378437	12813.919736	13739.019867	13639.137075	12490.493936	13006.548959	12597.509681		
		11998.223352	12164.691326	12283.597234	11589.189227	11874.561652	12143.288281	12157.556977	11943.526807	11829.377617	12271.706636	12033.895031	12335.91589		
		11812.730873	11934.014368	12086.213524	11717.606692	11693.825665	11422.72245	11805.596556	11919.745712	11769.924978	12121.885242	11914.989494	11950.661137		
		11829.377617	11712.850486	11760.41256	11651.019833	11831.755723	11620.104524	11941.148697	12029.138806	11829.377617	12159.935094	11705.716178	11907.855167		
		11784.193607	11953.039247	12022.00447	11693.825665	11822.243298	11651.019833	11960.173577	11708.09428	11853.158685	12264.572277	12033.895031	12000.601463		
		11819.865191	11793.706028	12259.816039	11969.686019	11717.606692	11689.06946	11976.820351	11572.542534	11727.119105	11819.865191	11593.945426	12102.860324		
		11722.362899	11967.307909	11969.686019	12007.735798	11767.546873	11741.387727	11905.477059	11612.970224	11655.776035	11812.730873	11712.850486	12152.800745		
		11943.526807	11712.850486	11798.462239	11941.148697	11846.024363	11976.820351	11800.840345	11753.278247	11914.989494	11710.472383	12022.00447	12228.900495		
		
49:00	24.70	11857.914899	11700.959972	11969.686019	12119.507127	12143.288281	12093.347866	12868.616876	13824.633787	13991.105561	13120.699828	12771.113305	12293.109715		
		11900.720841	11593.945426	11739.009623	11779.437397	11850.780577	11800.840345	12105.238438	12043.407482	12090.969752	12312.134679	11929.258149	12159.935094		
		11622.482624	11622.482624	11601.079725	11727.119105	11903.09895	11914.989494	11731.875312	11731.875312	12057.67616	11900.720841	11924.501931	12226.522376		
		11565.408238	11467.906255	11834.13383	11627.238825	11781.815502	11653.397934	11805.596556	11938.770587	11865.049221	11857.914899	12226.522376	12338.294011		
		11698.58187	11460.771968	11472.662447	11931.636259	11746.143935	11762.790664	11548.76155	11631.995026	11924.501931	11746.143935	12212.253668	12126.641473		
		11579.676831	11610.592124	11398.94151	11746.143935	11717.606692	11941.148697	11296.683549	11810.352767	11929.258149	11964.929798	12157.556977	12231.278613		
		11686.691358	11241.987483	11365.648206	12029.138806	11736.63152	11893.586516	11660.532238	11496.443409	11931.636259	11979.198462	12086.213524	12440.553304		
		11513.090086	11601.079725	11648.641732	11960.173577	11817.487085	11950.661137	11601.079725	12002.979575	11719.984795	11853.158685	12181.338143	12167.069443		
		
~End
Original Filename: pot_antag_100nm_10-16-19-171112_pta_ptada_5012_5003_5004_5014_5008_5011.pda   Date Last Saved: 10/16/2019
