##BLOCKS= 1          
Plate:	Plate#1	1.3	PlateFormat	Kinetic	Luminescence	Raw	FALSE	50	3000	60				1	450	1	12	96	405	Automatic	435			6	Automatic			1	8	None	
Time(hh:mm:ss)	Temperature(¡C)	1	2	3	4	5	6	7	8	9	10	11	12		
0:00	23.20	12119.507127	11553.517746	11327.598732	11413.210073	11491.687216	11593.945426	10866.250307	11066.009093	11337.111099	11631.995026	11615.348324	11382.294856		
		11879.317867	11731.875312	11489.309119	11544.005354	11349.001559	11467.906255	11080.277596	11137.351637	11173.022933	11425.100544	11360.892021	11520.224378		
		11817.487085	11826.99951	11296.683549	11403.697697	11341.867283	11132.595465	11089.789934	11234.853217	11139.729723	11429.856733	11496.443409	11425.100544		
		11705.716178	11379.916763	11370.404391	11439.369112	11291.927368	11184.913368	11127.839294	10875.762619	11291.927368	11436.991017	11403.697697	11429.856733		
		11815.108979	11524.980572	11127.839294	11268.146466	11349.001559	11142.107809	11096.924187	11058.874842	11246.743662	11558.273942	11213.450421	11463.150064		
		11658.154137	11800.840345	11303.817821	11301.43973	11334.733007	11146.863981	11139.729723	11332.354916	11272.902646	11194.425718	11239.609394	11667.666543		
		11703.338075	11681.935154	11137.351637	11389.429136	11085.033765	10985.154286	11239.609394	11192.04763	11213.450421	11439.369112	11327.598732	11230.097039		
		11869.805436	11529.736767	11394.185323	11498.821505	11280.036916	11146.863981	10928.080354	10973.26388	11058.874842	11356.135836	11448.881492	11429.856733		
		
1:00	23.50	10754.480728	10775.883401	10742.590356	11054.118675	11068.387176	10958.995395	11142.107809	11056.496758	11111.192697	11415.588167	11313.330185	11341.867283		
		10438.197446	10778.261476	10911.433798	11134.973551	11146.863981	10920.946115	11429.856733	10892.409167	11199.181893	11498.821505	11208.694245	11465.52816		
		10806.798384	10892.409167	10673.626236	11151.620153	10992.28853	10863.872229	11008.935103	10994.666612	11294.305458	11044.606342	11075.521428	11272.902646		
		11039.850176	10766.371101	10697.40696	10997.044694	11111.192697	10868.628385	11277.658826	10954.239234	11427.478639	11087.411849	11662.910339	11372.782484		
		11020.825514	10913.811877	10989.910449	10797.28608	11037.472093	11027.959762	11203.938069	10668.870092	11310.952093	11325.220641	11467.906255	11196.803806		
		10816.310689	10958.995395	10809.17646	10920.946115	11106.436526	10989.910449	11077.899512	11030.337844	11130.21738	11475.040543	11280.036916	11189.669543		
		10932.836513	10647.467447	10851.981841	11139.729723	10923.324195	11104.058442	11113.570782	10837.713378	11080.277596	11360.892021	11379.916763	11294.305458		
		11030.337844	10564.234995	10882.896853	11092.168018	11094.546103	11035.09401	11085.033765	11020.825514	11365.648206	11277.658826	11370.404391	11313.330185		
		
2:00	23.50	10942.348833	10837.713378	11063.631009	10863.872229	10887.65301	10961.373476	11329.976824	11030.337844	11054.118675	11234.853217	11413.210073	11230.097039		
		10868.628385	10607.040245	10920.946115	10775.883401	11063.631009	10956.617315	11132.595465	11058.874842	11082.655681	11194.425718	10987.532367	11296.683549		
		10920.946115	10721.187692	10828.201071	10759.236877	10702.163106	10932.836513	11001.800857	10958.995395	10992.28853	11132.595465	11234.853217	11261.012198		
		10890.031089	10930.458434	10823.444918	10873.384541	11168.266759	10982.776205	11196.803806	10916.189957	11130.21738	11208.694245	11351.379651	11482.174831		
		10775.883401	10868.628385	10930.458434	10683.138525	10909.055719	11023.203597	11241.987483	10756.858802	10847.225687	11237.231306	11456.015778	11403.697697		
		10747.346505	10818.688765	11108.814611	10973.26388	10968.507718	11282.415006	11206.316157	10673.626236	10887.65301	11289.549277	11099.302272	11284.793096		
		10951.861154	10947.104993	10885.274932	10985.154286	10866.250307	10835.335301	10885.274932	10802.042232	10961.373476	11401.319604	11249.121751	11315.708276		
		10749.724579	10911.433798	10880.518775	10954.239234	11241.987483	11115.948867	12041.029369	10866.250307	11215.828509	11589.189227	11180.157194	11394.185323		
		
3:00	23.70	12252.681681	11453.637682	11736.63152	11684.313256	11030.337844	12459.578303	12002.979575	11724.741002	11784.193607	12319.269041	12661.719197	12509.518947		
		11032.715927	11282.415006	11258.634108	11170.644846	11227.718951	11085.033765	11422.72245	11035.09401	11137.351637	11291.927368	11441.747207	11532.114865		
		10928.080354	11127.839294	11208.694245	11299.061639	11013.691267	11066.009093	11108.814611	11170.644846	11232.475128	11387.051043	11277.658826	11203.938069		
		11258.634108	11415.588167	11617.726424	12005.357686	12466.712679	15406.129621	12664.097328	11962.551688	12076.701068	11715.228589	12535.678344	12633.181628		
		10970.885799	11173.022933	11230.097039	11237.231306	10949.483074	11425.100544	11213.450421	11168.266759	11175.40102	11501.199602	11282.415006	11068.387176		
		11177.779107	11391.807229	11180.157194	11115.948867	10997.044694	11201.559981	11289.549277	11099.302272	11125.461208	11258.634108	11237.231306	11161.132499		
		10992.28853	11213.450421	11261.012198	10994.666612	11042.228259	11308.574003	11201.559981	11401.319604	11187.291456	11144.485895	11194.425718	11201.559981		
		11296.683549	14081.476097	11727.119105	11465.52816	14259.839298	11346.623467	17781.999397	12014.870133	12752.088232	12381.100211	12373.965843	14041.047161		
		
4:00	23.80	14188.49397	12269.328516	13287.170138	13463.153413	11425.100544	20540.855609	15006.590881	13453.640794	13018.439667	18866.503943	15708.163206	16264.669019		
		10899.543403	10840.091455	11377.53867	11289.549277	11234.853217	11232.475128	11853.158685	10932.836513	11622.482624	11662.910339	11636.751227	11674.800848		
		10773.505326	10890.031089	11227.718951	11132.595465	10999.422775	11192.04763	11184.913368	11099.302272	11403.697697	11579.676831	11453.637682	11643.88553		
		12090.969752	12062.432386	11681.935154	13586.817568	15035.129296	27933.156397	16521.51916	14048.181677	13838.902783	13199.178645	15491.745325	15646.329466		
		10647.467447	10787.773778	11491.687216	11246.743662	11085.033765	10920.946115	11011.313185	11087.411849	11410.831979	11479.796735	11444.125302	11574.920633		
		10989.910449	11094.546103	11291.927368	11272.902646	10987.532367	11139.729723	11391.807229	10999.422775	11353.757743	11532.114865	11567.786337	11522.602475		
		10935.214593	11282.415006	11099.302272	11108.814611	10942.348833	10968.507718	11277.658826	11123.083123	11194.425718	11565.408238	11558.273942	11489.309119		
		11653.397934	20557.504168	12409.63769	13199.178645	19118.605789	12985.145689	29098.671536	14257.461119	17672.598439	15425.155325	15013.725484	20065.18396		
		
5:00	23.90	17277.80492	15082.693344	15915.068762	16352.663882	12090.969752	30202.35866	18592.998121	15555.957163	15272.949819	26460.825822	19006.824684	20424.315794		
		11227.718951	11054.118675	11232.475128	11291.927368	11168.266759	11555.895844	12659.341066	11296.683549	11608.214024	11615.348324	11798.462239	11658.154137		
		11151.620153	11139.729723	11132.595465	11177.779107	10835.335301	11118.326952	11068.387176	11603.457824	11310.952093	11429.856733	11703.338075	11432.234828		
		13843.659115	12695.01304	12045.785595	16129.109554	18183.930289	41304.299554	21691.9927	17446.662151	16231.37369	13829.390118	19889.186166	18852.234051		
		11137.351637	11075.521428	10878.140697	11208.694245	10947.104993	11206.316157	11044.606342	11360.892021	11296.683549	11108.814611	11755.656351	11584.433029		
		11151.620153	11023.203597	10861.494152	11341.867283	10994.666612	11225.340862	10973.26388	10932.836513	11203.938069	11529.736767	11265.768377	11539.249158		
		11339.489191	11075.521428	11275.280736	11517.84628	11099.302272	11222.962774	11049.362508	11218.206597	11192.04763	11586.811128	11479.796735	11567.786337		
		12545.190854	28247.130234	13779.448651	16150.513665	24374.872331	14637.970598	41256.71992	16771.235366	21511.23454	19729.837146	18381.32904	25880.463862		
		
6:00	24.00	19965.293273	18100.689998	19059.147735	18590.619814	13149.237571	38456.70827	22198.593402	18726.183448	18395.598848	34317.533181	22786.063959	25169.288346		
		11011.313185	11296.683549	11382.294856	11608.214024	11173.022933	11862.671114	13967.323858	11463.150064	12181.338143	12050.541821	12005.357686	11922.123821		
		11068.387176	11258.634108	10999.422775	11301.43973	10994.666612	11115.948867	11436.991017	11427.478639	11284.793096	11313.330185	11368.026298	11539.249158		
		15230.142073	13819.877456	12754.466366	18495.487576	22460.219434	48655.692763	26677.273368	21435.125964	18707.156959	15724.81076	24367.736894	21848.967223		
		11156.376326	11310.952093	11353.757743	11077.899512	11372.782484	11284.793096	11425.100544	11070.76526	11382.294856	11470.284351	11520.224378	11634.373127		
		11332.354916	11192.04763	11085.033765	10970.885799	10958.995395	11325.220641	11379.916763	11211.072333	11372.782484	11368.026298	11456.015778	11589.189227		
		11163.510586	11213.450421	11092.168018	11467.906255	11253.877929	11332.354916	11351.379651	11377.53867	11515.468183	11353.757743	11541.627256	11586.811128		
		13665.296842	33451.663856	14778.283925	18469.32623	28960.711715	17161.269856	48777.032101	19365.951768	25511.793491	24615.099097	21014.151706	30547.264008		
		
7:00	24.20	21725.2903	20764.422261	21986.914784	20215.020224	13800.852133	42153.600778	25604.555553	20512.31523	22174.80926	39715.155083	25633.097748	28496.883029		
		11194.425718	11134.973551	11601.079725	12112.372783	11665.288441	12045.785595	14685.53441	11322.84255	12716.416232	12205.119315	12452.443928	11729.497209		
		11294.305458	11265.768377	11301.43973	11213.450421	11332.354916	11049.362508	11156.376326	11134.973551	11344.245375	11291.927368	11315.708276	11356.135836		
		16383.581019	14937.623086	13465.531568	20143.669587	26070.746008	54106.627635	30399.787057	24936.195404	21458.909886	16690.374795	26263.407142	24263.083885		
		10916.189957	11249.121751	10875.762619	11203.938069	10925.702274	11104.058442	11203.938069	11201.559981	11258.634108	11268.146466	11139.729723	11401.319604		
		11035.09401	11156.376326	11070.76526	11170.644846	11189.669543	11094.546103	11524.980572	11104.058442	11372.782484	11249.121751	11263.390287	11403.697697		
		11013.691267	11408.453885	10994.666612	11282.415006	11125.461208	11016.069349	11094.546103	11089.789934	11522.602475	11539.249158	11346.623467	11230.097039		
		14324.050148	36898.545398	15855.613088	20379.126931	32757.072158	19608.541836	51477.474775	21875.129673	27987.863871	27683.405361	22876.444428	34707.653191		
		
8:00	24.20	23727.928589	22916.877828	24674.561279	22096.321641	15536.931427	46857.037086	28589.648551	22816.983582	24902.896468	43040.97555	28197.179768	30154.785625		
		11391.807229	11225.340862	11370.404391	12300.244076	12290.731594	12780.625843	15772.375218	11287.171187	13406.077714	12861.482464	12473.847055	11769.924978		
		11087.411849	11039.850176	11089.789934	10985.154286	11360.892021	11396.563416	11104.058442	11239.609394	11272.902646	11515.468183	11458.393873	11310.952093		
		17841.456503	15670.111668	13603.46468	21580.208001	29024.934361	56171.941302	33109.124731	27433.655105	22797.95612	18564.458437	28542.076475	26484.611238		
		11173.022933	11208.694245	11130.21738	11272.902646	11132.595465	11153.99824	11001.800857	10989.910449	11201.559981	11408.453885	11099.302272	11168.266759		
		10970.885799	11063.631009	11163.510586	11142.107809	11325.220641	11175.40102	10878.140697	11049.362508	11482.174831	11465.52816	11066.009093	10937.592673		
		10999.422775	11206.316157	11201.559981	11208.694245	10970.885799	11327.598732	10892.409167	11115.948867	11123.083123	11303.817821	11246.743662	11196.803806		
		15558.33538	39598.587345	16359.798605	22013.07728	34821.835017	21235.341294	51972.36754	22933.526882	29552.989177	30459.253537	25490.386876	37876.259319		
		
9:00	24.30	24836.298637	26225.350585	26510.775204	23402.080228	16516.762669	47877.697847	30223.766535	24926.681421	28794.208801	46935.54899	30228.523841	32640.514553		
		11389.429136	11396.563416	11755.656351	13013.683383	12545.190854	12699.769304	16390.715745	11777.059292	14110.014183	14364.479227	12390.612703	12381.100211		
		11115.948867	11163.510586	11158.754412	10937.592673	11056.496758	11215.828509	11087.411849	11234.853217	11308.574003	11608.214024	11391.807229	11253.877929		
		18747.588253	16003.06324	13513.094683	22479.246815	30521.098722	56726.349088	34950.289765	29086.778439	24179.83727	18906.935317	30095.319372	28201.936954		
		11429.856733	11001.800857	10970.885799	10885.274932	10937.592673	11218.206597	11237.231306	11132.595465	11296.683549	11401.319604	11270.524556	11310.952093		
		11208.694245	10954.239234	10823.444918	10928.080354	11049.362508	11037.472093	11127.839294	11308.574003	11232.475128	11096.924187	11458.393873	11465.52816		
		11241.987483	11001.800857	11137.351637	10830.579148	10813.932612	11206.316157	10802.042232	11346.623467	11142.107809	11244.365572	11261.012198	11658.154137		
		16619.0273	41492.239385	16664.21404	23235.588877	35996.965773	22607.681755	50770.830315	24234.542178	30797.023981	31769.905972	27340.890922	41075.917569		
		
10:00	24.30	26213.457915	27790.441424	28696.685826	24362.979936	17663.085319	49302.838026	31879.326202	27062.59902	30483.040141	49119.638284	31448.782247	33863.188494		
		11691.447562	11541.627256	12516.653327	14052.938022	13612.977317	13177.775324	17258.778776	11651.019833	14519.061192	15054.154912	13075.51509	12640.316019		
		11230.097039	11256.256019	10863.872229	11165.888672	11329.976824	11427.478639	11184.913368	11056.496758	11334.733007	11453.637682	11631.995026	11807.974662		
		19644.216908	16949.604562	13872.197116	23758.848575	31907.870635	56064.867279	35832.82704	29434.057608	25352.433276	20348.208251	29914.542232	29648.13456		
		11403.697697	11173.022933	11308.574003	11215.828509	11042.228259	11289.549277	11265.768377	10882.896853	11201.559981	11867.427329	11739.009623	11739.009623		
		11337.111099	11241.987483	11077.899512	11218.206597	11296.683549	11608.214024	11146.863981	10985.154286	11398.94151	11608.214024	11655.776035	11522.602475		
		11337.111099	11054.118675	11349.001559	11261.012198	11142.107809	11308.574003	11104.058442	11137.351637	11446.503397	11929.258149	12036.273144	11753.278247		
		17391.961882	42879.2014	17477.57971	24420.06345	37024.624625	23287.914693	48232.196122	25678.289577	31403.587159	33385.058911	28577.755529	42286.825317		
		
11:00	24.40	26577.374428	29098.671536	29253.281962	25897.113532	19199.468813	49947.609281	33006.839027	27619.183792	32355.068073	49723.961099	32269.434327	35621.112359		
		11786.571712	12250.303562	12561.83775	14435.824712	14343.075594	13536.876251	16752.209342	12274.084755	15422.777112	16012.576163	13534.498094	12742.575697		
		11446.503397	11327.598732	11451.259587	11265.768377	11127.839294	11491.687216	11522.602475	11441.747207	11277.658826	11598.701625	11691.447562	11929.258149		
		20919.016588	17282.561457	14198.006677	24783.971809	32074.380027	55243.971195	36931.849326	30799.402651	26441.797494	20802.476221	29581.53278	30378.379135		
		11294.305458	11560.652041	11303.817821	11258.634108	11042.228259	11432.234828	11527.35867	11199.181893	11539.249158	11513.090086	12033.895031	11919.745712		
		11199.181893	11277.658826	11339.489191	11189.669543	11486.931023	11256.256019	11539.249158	11422.72245	11372.782484	11239.609394	11936.392478	11957.795467		
		11294.305458	11146.863981	11413.210073	10992.28853	11344.245375	11339.489191	11510.711989	11513.090086	11796.084134	11629.616926	12071.94484	11672.422746		
		17879.509073	43628.59911	17893.778792	25514.172004	37714.495608	24610.342124	44651.597787	26020.796901	31548.687267	34343.699708	29909.784944	44104.410822		
		
12:00	24.40	27288.562457	29652.891832	29729.008224	26023.175429	19984.320061	50264.048734	33151.942042	28515.911845	33247.091702	51827.230402	32621.484756	35835.20586		
		11941.148697	12571.350263	13398.943254	14728.341865	14685.53441	13066.002516	16488.223725	12692.634908	15855.613088	16409.741683	13505.960214	13056.489944		
		11341.867283	11496.443409	11225.340862	11517.84628	11291.927368	11534.492962	11218.206597	11429.856733	11696.203767	11601.079725	11603.457824	11653.397934		
		20621.720071	17560.819354	13800.852133	25135.989312	31558.202038	52667.126006	36720.131738	31218.049699	26753.38693	21059.340927	28915.518033	29374.59189		
		11070.76526	11201.559981	11092.168018	11420.344356	11513.090086	11479.796735	11605.835924	11277.658826	11553.517746	11807.974662	11696.203767	11772.303083		
		11486.931023	11261.012198	11263.390287	11315.708276	11441.747207	11410.831979	11655.776035	11517.84628	11520.224378	11579.676831	11734.253416	11838.890043		
		11251.49984	11453.637682	11218.206597	11201.559981	11163.510586	11534.492962	11332.354916	11434.612922	11693.825665	11755.656351	11686.691358	11788.949817		
		18036.476118	43388.31527	18248.144287	25533.200111	37567.00545	24926.681421	41285.267697	27200.555569	32045.835535	34067.762222	30611.487926	44187.678162		
		
13:00	24.40	28159.122292	30230.902495	30395.02974	27074.491817	20343.451532	50980.205801	34170.049283	29048.720539	33972.611586	52395.883969	32623.86348	36149.210696		
		12164.691326	12642.69415	13560.657827	15708.163206	15413.264259	13101.674672	16160.026605	12832.944824	15577.36112	16852.096019	13612.977317	12768.735171		
		11413.210073	11325.220641	11475.040543	11220.584685	11249.121751	11850.780577	11453.637682	11339.489191	11563.030139	11869.805436	12043.407482	12007.735798		
		21354.26068	18250.522584	14121.905055	26082.638657	31061.056799	51570.266936	37614.58289	30449.738897	26584.510063	21018.908465	27842.770218	28537.319269		
		11517.84628	11365.648206	11610.592124	11591.567327	11410.831979	12019.626357	11529.736767	11282.415006	11458.393873	11991.089017	12238.412968	12041.029369		
		11358.513928	11370.404391	11420.344356	11679.557052	11446.503397	11579.676831	11826.99951	11389.429136	11596.323526	11836.511936	11819.865191	12109.994668		
		11301.43973	11829.377617	11415.588167	11446.503397	11427.478639	11439.369112	11486.931023	11510.711989	11608.214024	11891.208408	11860.293006	12109.994668		
		18897.422051	43471.581866	18497.865881	26444.176035	37643.129368	24914.788944	37488.502734	27573.990867	31869.811393	34017.808124	31158.582655	45082.212768		
		
14:00	24.40	28078.250214	30033.474515	30670.954564	27400.35513	21137.82753	50501.973959	34657.698693	30059.639641	33808.477004	51900.988587	32578.667729	36170.620162		
		12012.492021	13351.380207	14233.679337	15532.174994	15967.389791	12623.669107	15460.828532	12970.876846	15679.624551	17130.352419	13132.590553	12958.986145		
		11579.676831	11660.532238	11734.253416	11467.906255	11636.751227	11765.168769	11544.005354	11560.652041	11520.224378	11570.164435	11717.606692	12145.666397		
		21594.478379	18388.463944	14088.610618	26294.328108	30749.450592	48056.13638	37069.822887	30154.785625	25706.831798	21242.476452	27036.434874	27757.1413		
		11529.736767	11924.501931	11643.88553	11895.964624	11591.567327	11420.344356	11781.815502	11479.796735	11753.278247	11655.776035	11691.447562	11869.805436		
		11527.35867	11622.482624	11460.771968	11791.327923	11482.174831	11470.284351	11329.976824	11536.87106	11622.482624	11746.143935	11967.307909	11705.716178		
		12000.601463	11686.691358	11532.114865	11272.902646	11515.468183	11665.288441	11596.323526	11351.379651	11748.522039	11705.716178	11612.970224	12024.382582		
		19356.438447	43190.854833	18505.000795	26843.771879	37666.918108	25583.148914	33751.386793	27233.855461	30970.667088	33749.008035	30992.075168	44549.297331		
		
15:00	24.40	28249.508828	30233.281148	30340.320621	28061.60009	21111.66532	48477.252894	35228.609095	30090.562073	34636.289632	53173.922801	32490.655024	35250.018315		
		12340.672133	12942.339166	14041.047161	15439.424606	15686.759214	12640.316019	14295.511986	12768.735171	15662.977007	17173.161182	13384.674337	13035.086661		
		11629.616926	11056.496758	11494.065312	11719.984795	11344.245375	11658.154137	11453.637682	11586.811128	11660.532238	11857.914899	11846.024363	11831.755723		
		21810.912765	18072.150489	13601.086521	26712.951591	29664.785013	45653.197531	36605.947204	30069.154234	25440.438131	21496.964177	25623.583682	26686.78756		
		11192.04763	11334.733007	11655.776035	11244.365572	11322.84255	11691.447562	11403.697697	11605.835924	11850.780577	11786.571712	11853.158685	11843.646257		
		11192.04763	11310.952093	11415.588167	11612.970224	11477.418639	11432.234828	11510.711989	11477.418639	11563.030139	11812.730873	11558.273942	11798.462239		
		11363.270113	11156.376326	11505.955795	11329.976824	11398.94151	11762.790664	11472.662447	11241.987483	11624.860725	11784.193607	11691.447562	11727.119105		
		19425.41005	41508.892302	18336.141331	27352.78376	36201.544956	25371.461344	30942.122989	27612.048066	30992.075168	33729.977975	30585.32262	43799.891		
		
16:00	24.50	27821.36298	30083.426126	30504.448091	28187.665397	21349.503901	48198.887492	34032.08072	30287.990194	34900.335116	51627.369857	31893.598417	34714.78955		
		12564.215878	13456.018948	14110.014183	15622.547271	15444.181033	12162.31321	13779.448651	13182.531617	15130.25742	16145.757195	12937.582888	12980.389408		
		11218.206597	11346.623467	11503.577699	11527.35867	11689.06946	11277.658826	11622.482624	11351.379651	11596.323526	11598.701625	11781.815502	11824.621404		
		21118.800467	18050.745865	13755.667011	26101.666899	28225.722887	42555.65408	36244.363921	28458.825409	24362.979936	20445.721053	24277.354741	25464.223244		
		11496.443409	11767.546873	11275.280736	11577.298732	11703.338075	11327.598732	11315.708276	11375.160577	11672.422746	11629.616926	11598.701625	12007.735798		
		11368.026298	11284.793096	11470.284351	11222.962774	11410.831979	11544.005354	11777.059292	11232.475128	11051.740591	11696.203767	11836.511936	11945.904917		
		11265.768377	11475.040543	11475.040543	11310.952093	11196.803806	11318.086367	11584.433029	11037.472093	11434.612922	11729.497209	11941.148697	12071.94484		
		19591.893475	39351.17883	17984.153736	27086.384615	34988.350471	24767.322371	28311.352306	27490.740809	30111.969918	32835.570233	30518.720061	42679.363195		
		
17:00	24.50	27642.969553	29740.901416	29662.406377	27833.255889	21589.721586	47175.843478	34005.914296	30316.534059	34541.13832	51213.3746	31313.197061	34955.047353		
		12197.984963	13924.51681	14343.075594	15410.886046	15384.725709	12373.965843	13822.255621	12992.280112	15403.751408	16519.140915	13177.775324	13301.439038		
		11144.485895	11387.051043	11410.831979	11605.835924	11693.825665	11753.278247	11772.303083	11629.616926	11527.35867	12240.791087	12100.482209	12445.309553		
		21045.070644	18243.387693	13617.733636	26030.311014	27193.419879	39132.318088	35157.245072	28442.175207	23849.230142	20402.91054	23249.859551	24698.346164		
		11486.931023	11337.111099	11505.955795	11696.203767	11807.974662	11919.745712	11781.815502	11893.586516	11472.662447	11967.307909	12121.885242	12312.134679		
		11520.224378	11337.111099	11372.782484	11736.63152	12048.163708	11703.338075	11734.253416	11639.129328	11884.074083	12224.144258	11886.452191	12309.756558		
		11365.648206	11446.503397	11665.288441	11796.084134	11593.945426	11846.024363	11907.855167	11724.741002	11734.253416	11983.954684	12057.67616	11929.258149		
		19763.13393	38844.469546	17938.966251	27709.569719	34170.049283	25017.064307	26520.289375	27326.619519	29541.096012	32504.927348	30811.296003	42439.082205		
		
18:00	24.50	27390.840853	29893.13444	29303.233087	28349.409855	21703.884699	45489.038994	33682.402843	30095.319372	33922.657547	48596.212762	30606.730597	34236.65488		
		12488.11581	13598.708362	14064.828886	15158.79588	14730.720058	11967.307909	12961.364285	12842.457369	14925.732093	15456.072104	12423.906433	12469.090804		
		11641.507429	11441.747207	11398.94151	11577.298732	11272.902646	11334.733007	11612.970224	11460.771968	11777.059292	12155.178861	11810.352767	11667.666543		
		20738.260174	17808.160518	13570.170459	25656.882918	25485.629852	34957.426146	32754.69343	26712.951591	23004.880006	19893.942858	22055.888655	23442.513894		
		11427.478639	11370.404391	11436.991017	11617.726424	10937.592673	11565.408238	11365.648206	11406.075791	11691.447562	11991.089017	11929.258149	11698.58187		
		11532.114865	11199.181893	11527.35867	11743.765831	11384.672949	11432.234828	11403.697697	11731.875312	11596.323526	11869.805436	12036.273144	12067.188613		
		11703.338075	11472.662447	11508.333892	11655.776035	11510.711989	11586.811128	11453.637682	11772.303083	11660.532238	11748.522039	12093.347866	11743.765831		
		19725.080464	37576.520935	17834.321648	27045.949108	31612.91199	24229.785228	23991.938087	27631.076672	28304.216518	31589.125049	29809.881969	41349.500232		
		
19:00	24.60	26934.15693	28898.867735	29350.805615	26898.478608	21496.964177	43067.144928	31907.870635	29567.260977	33689.539111	47111.606267	29529.202849	32269.434327		
		12050.541821	13491.691278	13886.46612	14471.497478	14259.839298	11586.811128	12709.281834	12454.822053	14533.330311	15099.340768	12699.769304	12262.194158		
		11334.733007	11258.634108	11144.485895	11546.383451	11189.669543	11156.376326	11420.344356	11375.160577	11724.741002	11736.63152	12029.138806	11957.795467		
		20440.964328	17370.557439	13253.876048	25059.877289	24239.299129	31334.605233	31601.018519	24817.270696	22200.971817	19111.47082	20595.55803	21989.293193		
		11123.083123	11149.242067	11387.051043	11513.090086	11422.72245	11008.935103	11451.259587	11337.111099	11582.05493	11810.352767	11762.790664	12088.591638		
		11058.874842	11206.316157	11467.906255	11586.811128	11360.892021	11127.839294	11505.955795	11446.503397	11598.701625	11712.850486	11674.800848	11872.183544		
		11099.302272	11161.132499	11106.436526	11329.976824	11441.747207	11389.429136	11268.146466	11398.94151	11800.840345	11981.576573	11696.203767	12000.601463		
		19185.198862	35844.72114	16707.022553	27074.491817	29997.794811	23171.370877	22172.430846	26877.071623	27010.270736	30385.515108	29105.807395	40309.891086		
		
20:00	24.60	26287.192499	28537.319269	28542.076475	27076.870376	21140.205913	41437.522679	32281.327898	29690.950019	32897.417255	45705.538005	28435.039407	31320.333117		
		12074.322954	13905.491462	13819.877456	14483.388404	14212.275739	12014.870133	12916.179636	12794.894653	13986.34922	15192.090762	12573.728392	12576.10652		
		11758.034455	11475.040543	11708.09428	11622.482624	11846.024363	11995.84524	12152.800745	11762.790664	11710.472383	11960.173577	11815.108979	12164.691326		
		20148.426294	17401.47497	13173.019031	25135.989312	23252.237997	27814.227235	30606.730597	23980.045749	20828.63833	18657.212448	19694.162036	20726.368319		
		11743.765831	11349.001559	11427.478639	11743.765831	11658.154137	11953.039247	12074.322954	11705.716178	11788.949817	11769.924978	11848.40247	12162.31321		
		11796.084134	11375.160577	11593.945426	11819.865191	11736.63152	12048.163708	11793.706028	11850.780577	12005.357686	11798.462239	12074.322954	11907.855167		
		11577.298732	11467.906255	11349.001559	11767.546873	11670.044644	12178.960026	11767.546873	11705.716178	12036.273144	11520.224378	11974.442241	12138.53205		
		19389.735076	34262.821381	16949.604562	26953.185375	29481.630215	23513.867472	20521.828689	26284.813963	26382.333999	29567.260977	28582.512738	37229.206434		
		
21:00	24.60	25818.622262	27269.533932	27469.333665	26670.137726	21109.286938	39841.238747	30487.797463	29429.300349	32459.731664	44209.089778	27738.112664	29538.71738		
		12281.219114	13570.170459	13489.313122	13876.95345	13829.390118	11760.41256	12473.847055	12906.667082	13777.070487	14604.675946	12709.281834	12385.856457		
		11503.577699	11684.313256	11750.900143	11439.369112	11296.683549	11582.05493	11769.924978	11729.497209	11914.989494	12305.000317	12086.213524	12497.628314		
		19258.926972	17215.969967	12970.876846	23023.907517	21401.828484	24900.517973	27331.376653	22143.889885	19853.510985	18176.795404	18714.291892	19632.325216		
		11596.323526	11646.263631	11620.104524	11691.447562	11515.468183	11769.924978	11731.875312	11684.313256	11914.989494	12169.447559	12202.741198	12133.775819		
		11605.835924	11653.397934	11736.63152	11475.040543	11983.954684	11636.751227	11489.309119	11743.765831	12224.144258	12371.58772	12383.478334	12098.104095		
		11748.522039	11622.482624	11962.551688	11301.43973	11679.557052	11636.751227	11603.457824	11753.278247	12200.36308	12359.697108	12148.044513	11934.014368		
		19394.491738	32219.481351	17108.948046	26912.749935	27369.433736	22407.894159	18937.853441	24707.86012	25385.732399	28853.674088	27371.812305	36182.514312		
		
22:00	24.60	24598.449694	26529.803548	25497.522414	25623.583682	20807.232968	36394.230478	29950.221898	28435.039407	30421.194984	40378.880748	25920.89878	28182.908212		
		12392.990826	13115.943539	13287.170138	13822.255621	13560.657827	11865.049221	12129.019588	12407.259566	13194.422351	13860.306281	12269.328516	12157.556977		
		11886.452191	11501.199602	11563.030139	11762.790664	11722.362899	11846.024363	11582.05493	11617.726424	11760.41256	11689.06946	11800.840345	11964.929798		
		19211.360441	16628.540296	13130.212408	22624.330744	19192.333837	21565.937625	25535.578625	19977.185015	18340.897931	17254.02224	16906.795919	18050.745865		
		11498.821505	11225.340862	11670.044644	11686.691358	11420.344356	11853.158685	11838.890043	11320.464458	11677.17895	11719.984795	11917.367603	11869.805436		
		11589.189227	11356.135836	11465.52816	11629.616926	11429.856733	11796.084134	11672.422746	11446.503397	11624.860725	11515.468183	11696.203767	11841.26815		
		11631.995026	11627.238825	11398.94151	11834.13383	11498.821505	11601.079725	11636.751227	11470.284351	11482.174831	11798.462239	12052.919934	11934.014368		
		19496.760047	31175.233423	16072.031954	26106.423961	26082.638657	21458.909886	17991.288604	24305.896463	23154.721774	27252.883977	26070.746008	33063.928706		
		
23:00	24.60	24203.622008	24959.980367	24802.999743	24902.896468	20298.262715	34367.487466	28325.623885	26965.078155	28889.353281	36889.029993	24253.569981	26358.548614		
		12010.11391	13182.531617	12847.213643	13284.791988	13284.791988	11739.009623	12152.800745	12214.631786	13056.489944	13660.54052	12131.397704	12064.8105		
		11586.811128	11651.019833	11527.35867	11558.273942	11662.910339	11639.129328	11767.546873	11857.914899	11641.507429	12055.298047	12283.597234	11919.745712		
		18026.962955	15922.203446	12561.83775	21152.097829	18348.032831	19149.523994	22831.254181	19013.959643	16709.400805	16502.493196	16138.622492	17296.831069		
		11268.146466	11551.139648	11608.214024	11762.790664	11465.52816	11451.259587	11536.87106	11665.288441	11662.910339	11974.442241	12145.666397	12262.194158		
		11123.083123	11508.333892	11356.135836	11734.253416	11370.404391	11857.914899	11551.139648	11653.397934	11498.821505	11943.526807	11888.8303	12274.084755		
		11453.637682	11750.900143	11237.231306	11548.76155	11382.294856	12012.492021	11784.193607	11746.143935	11548.76155	11907.855167	12029.138806	12183.71626		
		18897.422051	28879.838828	15622.547271	26087.395717	24079.941447	20224.533647	16478.710746	23073.854753	21734.803903	26375.198383	24814.892203	30057.260993		
		
24:00	24.60	23699.387073	23834.959362	23623.276416	23611.384132	19468.220041	31125.28113	26408.497932	26201.565246	27914.127719	34655.319908	23195.155316	24586.557265		
		12328.781526	12752.088232	12863.860601	12621.290977	12823.432279	11555.895844	11862.671114	12090.969752	12395.368949	13413.212174	12264.572277	12259.816039		
		11603.457824	11258.634108	11555.895844	11824.621404	11505.955795	11893.586516	11206.316157	11303.817821	11482.174831	11976.820351	12121.885242	12010.11391		
		17596.493513	15613.034395	12276.462875	20088.967475	17032.843656	16642.809792	20295.884357	17261.157044	15917.44699	15910.312306	15494.12354	16250.399591		
		11658.154137	11634.373127	11672.422746	11470.284351	11448.881492	11686.691358	11498.821505	11672.422746	11762.790664	11898.342733	12055.298047	11995.84524		
		11553.517746	11648.641732	11351.379651	11436.991017	11672.422746	11234.853217	11389.429136	11498.821505	11570.164435	12188.472494	11941.148697	11981.576573		
		11470.284351	11717.606692	11532.114865	11475.040543	11746.143935	11636.751227	11410.831979	11489.309119	11505.955795	12062.432386	11826.99951	11960.173577		
		18792.776195	27057.841902	15223.007451	24665.047327	22707.575741	19035.364525	15874.638899	21922.697786	20785.827611	23796.903959	23542.408921	27488.362237		
		
25:00	24.60	22013.07728	23069.097872	22136.754647	23452.027701	19113.849143	28682.414181	25333.405211	25687.80365	26434.661873	31767.527273	21884.643293	23057.205671		
		12262.194158	13070.758803	12837.701097	12837.701097	12844.835506	11810.352767	12247.925443	12542.812727	12540.434599	13203.93494	12464.334553	12098.104095		
		11765.168769	11760.41256	11955.417357	11874.561652	11734.253416	11898.342733	11829.377617	12171.825676	11696.203767	11922.123821	12031.516919	11979.198462		
		16464.44128	15299.11012	12737.81943	19496.760047	16038.736705	15548.822511	18585.863199	16961.495856	15227.763865	15044.642103	14376.370137	15391.860346		
		11991.089017	11786.571712	11719.984795	11926.88004	11696.203767	11865.049221	11865.049221	11879.317867	11936.392478	12119.507127	12383.478334	12245.547325		
		11760.41256	11529.736767	11848.40247	11812.730873	11584.433029	11850.780577	11926.88004	11983.954684	12074.322954	12312.134679	12293.109715	12150.422629		
		11826.99951	11715.228589	11501.199602	11748.522039	11601.079725	11917.367603	11810.352767	11967.307909	11922.123821	12378.722088	12052.919934	12164.691326		
		18528.783846	25438.059621	14992.321677	23920.584083	20552.747437	18233.874505	15256.302359	22293.730042	19817.83582	22657.628732	22476.868392	25428.545578		
		
26:00	24.60	21682.479103	21822.804781	21099.77341	22327.027892	19063.904377	25985.118986	24272.597789	24053.778276	24615.099097	29022.555743	20547.990705	21223.449365		
		11972.06413	13634.380755	12305.000317	13156.372008	12832.944824	12240.791087	12473.847055	12521.409581	12307.378437	12932.826609	12262.194158	12255.0598		
		11805.596556	11865.049221	11563.030139	11798.462239	12014.870133	11993.467129	11972.06413	11815.108979	11967.307909	12252.681681	12274.084755	12278.840995		
		15760.484101	14552.355808	12433.41893	18317.114935	15032.751094	14706.938135	17541.793142	15741.458317	14588.028626	14747.367408	14183.737617	15089.827954		
		11781.815502	11895.964624	12060.054273	11898.342733	11983.954684	12107.616553	11703.338075	12043.407482	11779.437397	11983.954684	12057.67616	12252.681681		
		11674.800848	11824.621404	11624.860725	11798.462239	11857.914899	12314.512799	12012.492021	11834.13383	11608.214024	11929.258149	12052.919934	12002.979575		
		11917.367603	12029.138806	12079.079182	11962.551688	12062.432386	12136.153935	12109.994668	11822.243298	11703.338075	12297.865955	12124.263358	12152.800745		
		17817.673655	23380.674178	14647.483358	23340.240543	19810.700788	17596.493513	15001.834479	20226.912003	18317.114935	20828.63833	20971.340889	22367.461015		
		
27:00	24.60	19910.591283	20807.232968	19694.162036	21504.099358	17786.755964	24253.569981	22272.324288	23154.721774	23661.331736	26184.915513	19273.196936	20241.182141		
		11993.467129	12483.359558	12331.159647	12219.388022	12052.919934	11796.084134	11812.730873	12188.472494	12255.0598	12761.600768	12064.8105	12228.900495		
		11686.691358	11534.492962	11879.317867	11544.005354	11643.88553	11686.691358	11629.616926	11929.258149	11791.327923	12152.800745	11898.342733	12014.870133		
		14894.815519	13867.440781	12281.219114	17025.708873	14245.570227	13624.868115	15396.61677	14685.53441	13888.844287	14098.123313	13524.985466	14521.439378		
		11429.856733	11422.72245	11539.249158	11617.726424	11596.323526	11698.58187	12064.8105	12010.11391	11903.09895	11884.074083	12445.309553	12568.972135		
		11555.895844	11394.185323	11731.875312	11522.602475	11729.497209	11796.084134	12022.00447	11710.472383	11755.656351	11919.745712	12081.457296	12640.316019		
		11349.001559	11582.05493	11551.139648	11327.598732	11684.313256	11691.447562	11848.40247	11586.811128	12057.67616	11972.06413	12212.253668	12276.462875		
		17339.639921	21439.882748	13456.018948	21844.210414	18317.114935	16704.644302	14155.199505	19170.928913	17575.089015	19432.545047	20329.181376	21004.638189		
		
28:00	24.60	19489.625044	19713.18876	18309.980038	19815.457476	17682.11156	22355.568918	21016.530086	22074.91594	22258.053789	23585.221114	17701.137805	18956.879985		
		11891.208408	12859.104327	12022.00447	12064.8105	12019.626357	11670.044644	11703.338075	11903.09895	11903.09895	12602.26594	12010.11391	12319.269041		
		11529.736767	11803.21845	11719.984795	11505.955795	11560.652041	11629.616926	11743.765831	11574.920633	11748.522039	11850.780577	11929.258149	11993.467129		
		14214.653916	13753.288847	12062.432386	16274.181972	13244.363454	12920.935914	14954.270479	13486.934966	13517.850996	13282.413838	12844.835506	14167.090384		
		11755.656351	11710.472383	11601.079725	11513.090086	11603.457824	11589.189227	11693.825665	11379.916763	11934.014368	11750.900143	12098.104095	12067.188613		
		11912.611385	11684.313256	11420.344356	11439.369112	11615.348324	11869.805436	11979.198462	11567.786337	11631.995026	11793.706028	11884.074083	12074.322954		
		11522.602475	11410.831979	11494.065312	11344.245375	11684.313256	11375.160577	11715.228589	11574.920633	11624.860725	11855.536792	11601.079725	12000.601463		
		17206.456902	19822.592507	13280.035689	20452.856141	17420.501148	16064.897256	13586.817568	18214.848134	16564.327598	17872.374215	18476.461142	18540.675375		
		
29:00	24.60	18897.422051	18478.839446	17567.954184	19377.843421	16892.526376	20616.963335	19998.590155	21278.152253	20740.638545	22177.187674	17501.362457	18424.138472		
		11601.079725	12621.290977	12124.263358	12150.422629	12687.878644	12002.979575	12252.681681	12240.791087	12129.019588	12502.384567	12564.215878	12178.960026		
		11762.790664	11586.811128	11717.606692	11817.487085	12281.219114	11893.586516	12314.512799	11907.855167	12169.447559	12250.303562	12423.906433	12107.616553		
		13484.556811	13313.329789	11888.8303	15662.977007	13520.229153	12792.516518	14212.275739	13553.523353	13387.05249	13420.346635	12966.120565	13950.67667		
		11677.17895	11475.040543	11601.079725	12057.67616	11957.795467	12105.238438	11686.691358	11962.551688	11962.551688	12402.503319	12445.309553	12285.975354		
		11724.741002	11724.741002	11584.433029	11874.561652	11788.949817	12171.825676	12029.138806	12000.601463	11957.795467	12002.979575	12236.03485	12274.084755		
		11434.612922	11693.825665	11448.881492	12159.935094	11781.815502	11979.198462	12193.228728	12029.138806	11998.223352	12276.462875	12557.081494	11983.954684		
		15998.30678	18757.101502	13134.968698	20443.342691	16214.726031	15444.181033	14048.181677	17434.770785	16086.30135	16697.509548	17739.190309	17674.976719		
		
30:00	24.70	18000.801763	17777.242831	16550.058116	18469.32623	16481.088991	19163.793939	18409.868659	19658.486942	19496.760047	20462.369592	15715.297872	17296.831069		
		12100.482209	12552.325238	11981.576573	12012.492021	12381.100211	11781.815502	11477.418639	11779.437397	11489.309119	12195.606845	11853.158685	12088.591638		
		11862.671114	11872.183544	11796.084134	11822.243298	12071.94484	11458.393873	11672.422746	11563.030139	11708.09428	11881.695975	12114.750897	12243.169206		
		13213.447529	13211.069382	12005.357686	14602.297758	13004.170817	12402.503319	13268.144942	12511.897073	12595.131552	12954.229865	12564.215878	13413.212174		
		11862.671114	11684.313256	11796.084134	11822.243298	11601.079725	11662.910339	11320.464458	11389.429136	11750.900143	12043.407482	11727.119105	12057.67616		
		11734.253416	11798.462239	11596.323526	11746.143935	11617.726424	11715.228589	11398.94151	11743.765831	11337.111099	11572.542534	11715.228589	12074.322954		
		11781.815502	11653.397934	11705.716178	11746.143935	11572.542534	11532.114865	11558.273942	11463.150064	11762.790664	11803.21845	11779.437397	11948.283027		
		15508.392833	17877.130787	13189.666057	19330.27682	15130.25742	14321.671967	12775.869574	16400.228713	14804.444064	15746.214763	16580.975329	16098.192515		
		
31:00	24.60	17175.539447	17101.813256	15715.297872	17817.673655	16126.73132	18309.980038	18419.381867	18980.663171	18768.993064	19247.035336	15387.103921	16837.826486		
		11563.030139	12680.744248	11922.123821	11891.208408	12041.029369	12121.885242	11924.501931	11969.686019	12195.606845	12706.903702	12362.075231	12219.388022		
		11365.648206	11914.989494	11765.168769	11796.084134	12117.129012	11962.551688	11689.06946	11753.278247	11914.989494	12324.025283	12309.756558	12188.472494		
		12547.568982	12664.097328	12136.153935	14290.755627	13020.817809	12214.631786	12528.543962	13125.456118	12790.138383	12763.978902	12911.423359	13230.094564		
		11522.602475	11722.362899	11998.223352	12045.785595	11869.805436	11934.014368	11620.104524	12036.273144	12190.850611	12214.631786	12385.856457	12338.294011		
		11558.273942	11565.408238	12098.104095	12071.94484	11846.024363	11536.87106	12102.860324	11544.005354	12067.188613	12212.253668	12290.731594	12326.403405		
		11631.995026	11672.422746	11758.034455	11934.014368	11879.317867	11779.437397	12010.11391	11941.148697	12143.288281	12321.647162	12278.840995	12126.641473		
		15529.796778	17001.926268	13422.724789	18131.60781	15080.315141	14200.384854	12851.969916	16207.591321	15137.392034	15299.11012	16447.793572	15498.879971		
		
32:00	24.70	16483.467236	16419.254653	14654.617929	16913.930691	15268.193402	17039.978439	16875.878579	17955.614269	17382.448796	18007.936632	14640.348788	16069.653721		
		11760.41256	12561.83775	11579.676831	11872.183544	11831.755723	11774.681187	11774.681187	11974.442241	11898.342733	12426.284557	12281.219114	11815.108979		
		11477.418639	11831.755723	11517.84628	11938.770587	11612.970224	11586.811128	11548.76155	11736.63152	11753.278247	11848.40247	12086.213524	11964.929798		
		12909.04522	12944.717306	11724.741002	13815.121125	12419.150185	11736.63152	12485.737684	12421.528309	12535.678344	12516.653327	12407.259566	13051.733658		
		12090.969752	11953.039247	11620.104524	11627.238825	11884.074083	11610.592124	11586.811128	11610.592124	11986.332795	11905.477059	11788.949817	11960.173577		
		11586.811128	11667.666543	11608.214024	11753.278247	11867.427329	11972.06413	11436.991017	11353.757743	11912.611385	12071.94484	12067.188613	12022.00447		
		11722.362899	11651.019833	11660.532238	11819.865191	11955.417357	12007.735798	11489.309119	11753.278247	11620.104524	12093.347866	11976.820351	12126.641473		
		14611.810513	16038.736705	12540.434599	17025.708873	14371.613773	13608.220999	12423.906433	15054.154912	14300.268345	14245.570227	15320.514009	14687.912601		
		
33:00	24.70	16010.197932	15465.584961	14169.46856	16248.021353	15058.911316	16438.280598	16523.897406	17732.055463	16937.71327	17401.47497	15118.366399	15594.008646		
		11651.019833	12324.025283	11888.8303	11717.606692	11917.367603	11991.089017	11774.681187	12112.372783	12178.960026	12314.512799	12492.872062	12140.910166		
		11565.408238	11648.641732	11584.433029	11432.234828	11727.119105	11862.671114	12062.432386	11881.695975	12093.347866	12461.956428	12081.457296	12309.756558		
		12540.434599	12452.443928	11893.586516	13332.354996	12547.568982	12200.36308	12371.58772	12640.316019	12343.050255	12830.566688	12697.391172	12892.398252		
		11703.338075	11907.855167	11731.875312	11769.924978	11819.865191	11936.392478	12014.870133	12038.651256	12112.372783	12366.831475	12369.209598	12359.697108		
		11593.945426	11957.795467	11646.263631	11596.323526	11705.716178	12048.163708	11860.293006	12012.492021	12276.462875	12207.497433	12333.537769	12183.71626		
		11926.88004	11979.198462	11603.457824	11886.452191	11807.974662	11945.904917	11917.367603	11741.387727	12126.641473	12305.000317	12095.72598	12509.518947		
		14535.708498	15674.86811	12400.125196	16231.37369	14024.399957	13558.279669	12773.49144	14852.007975	13905.491462	14431.068345	15070.802329	14383.504684		
		
34:00	24.70	15798.535682	15456.072104	13793.717638	16290.829644	14473.875663	15389.482133	16074.410186	17182.674243	16588.110072	16366.933328	14697.425367	15203.981795		
		12010.11391	12637.937889	12074.322954	12079.079182	12171.825676	11798.462239	11862.671114	12214.631786	11979.198462	12452.443928	12354.940864	12609.400328		
		11750.900143	11779.437397	12131.397704	11903.09895	11919.745712	11779.437397	11539.249158	12114.750897	12231.278613	11995.84524	12397.747072	12433.41893		
		12571.350263	12428.662682	11981.576573	13058.868087	12473.847055	12107.616553	12369.209598	12683.12238	12535.678344	13004.170817	12661.719197	12621.290977		
		12043.407482	11898.342733	11810.352767	11862.671114	11876.939759	11910.233276	11867.427329	11993.467129	11936.392478	12473.847055	12316.89092	12041.029369		
		12064.8105	12119.507127	12026.760694	11924.501931	11850.780577	11886.452191	11945.904917	11960.173577	12024.382582	12236.03485	12483.359558	12079.079182		
		12062.432386	11848.40247	11769.924978	12107.616553	11962.551688	11903.09895	11924.501931	12140.910166	12102.860324	12333.537769	12266.950397	11898.342733		
		14371.613773	15075.558735	12687.878644	15705.784985	13275.27939	13315.70794	12618.912847	14564.246745	13651.027877	13815.121125	14725.963672	13636.758915		
		
35:00	24.70	15234.898488	14723.58548	13708.103751	15458.450318	14293.133806	14792.55309	14635.592408	16352.663882	15467.963175	15812.80503	14041.047161	14350.210138		
		11910.233276	12326.403405	11931.636259	12131.397704	12271.706636	11563.030139	11648.641732	11729.497209	11924.501931	12086.213524	12081.457296	12033.895031		
		11831.755723	11793.706028	11722.362899	11926.88004	11874.561652	11788.949817	11672.422746	11755.656351	11572.542534	12050.541821	12162.31321	11922.123821		
		12461.956428	12319.269041	11824.621404	12816.297872	12231.278613	11420.344356	12490.493936	11777.059292	12152.800745	12416.772061	12212.253668	12362.075231		
		11836.511936	11824.621404	11767.546873	11684.313256	11648.641732	11253.877929	11729.497209	11696.203767	11922.123821	11929.258149	11907.855167	12269.328516		
		11893.586516	11950.661137	12074.322954	11662.910339	11743.765831	11634.373127	11938.770587	11615.348324	11867.427329	11969.686019	12188.472494	12188.472494		
		11826.99951	11772.303083	12036.273144	11741.387727	11484.552927	11258.634108	11855.536792	11639.129328	11829.377617	11884.074083	12057.67616	12285.975354		
		13812.742959	14859.142564	12404.881443	14994.699877	12516.653327	12383.478334	12236.03485	13491.691278	13227.716416	13296.682737	14045.803505	13344.245752		
		
36:00	24.70	14592.785003	14247.948406	13467.909723	15199.225381	14052.938022	14428.690161	14840.116994	15793.779233	15168.308702	14970.917876	13829.390118	14440.58108		
		11563.030139	12328.781526	11722.362899	12052.919934	11731.875312	11855.536792	11957.795467	11991.089017	11841.26815	12060.054273	12245.547325	12062.432386		
		11850.780577	11651.019833	11750.900143	11736.63152	11603.457824	11781.815502	12014.870133	11696.203767	11767.546873	11964.929798	12102.860324	12271.706636		
		12259.816039	12205.119315	11807.974662	12790.138383	11976.820351	12012.492021	11991.089017	12431.040806	11812.730873	12200.36308	12340.672133	12445.309553		
		11520.224378	11972.06413	11914.989494	11708.09428	11291.927368	11874.561652	11617.726424	11729.497209	11817.487085	12014.870133	11974.442241	12276.462875		
		11924.501931	11986.332795	11734.253416	11815.108979	11767.546873	11914.989494	11712.850486	11705.716178	11862.671114	12343.050255	12274.084755	12074.322954		
		11527.35867	11846.024363	11767.546873	11810.352767	11836.511936	11941.148697	11843.646257	11945.904917	11841.26815	12090.969752	12124.263358	11805.596556		
		13779.448651	14409.664694	12164.691326	14656.996119	12633.181628	12369.209598	12307.378437	13291.926437	13025.574092	12823.432279	14052.938022	12863.860601		
		
37:00	24.70	14169.46856	13734.26354	13318.086091	14871.033547	13905.491462	14038.668988	14590.406814	15244.411319	15030.372893	15099.340768	14095.745139	14212.275739		
		11874.561652	11993.467129	11964.929798	12328.781526	12007.735798	12300.244076	11969.686019	11926.88004	12155.178861	12849.591779	12580.862778	12466.712679		
		11748.522039	11639.129328	11658.154137	12012.492021	11574.920633	12281.219114	12024.382582	12109.994668	12071.94484	12305.000317	12607.022199	12335.91589		
		11926.88004	12428.662682	11624.860725	12913.801497	12100.482209	11976.820351	12190.850611	12243.169206	12250.303562	12680.744248	12887.641976	12373.965843		
		11957.795467	11741.387727	11734.253416	12195.606845	11589.189227	11822.243298	11953.039247	11838.890043	12019.626357	12188.472494	12497.628314	12129.019588		
		11719.984795	12112.372783	11910.233276	12019.626357	11838.890043	11805.596556	12193.228728	12002.979575	12124.263358	12309.756558	12333.537769	12250.303562		
		11750.900143	11903.09895	11850.780577	11834.13383	11938.770587	11805.596556	11988.710906	12131.397704	12148.044513	12388.23458	12500.006441	12357.318986		
		13165.884592	13955.433009	12319.269041	14388.261049	12654.584803	12521.409581	12530.922089	13310.951639	13230.094564	13158.750154	14288.377447	12980.389408		
		
38:00	24.70	14114.770531	13698.591103	12916.179636	14442.959264	13727.129052	13786.583144	14285.999268	14519.061192	14290.755627	14178.981264	13727.129052	13981.592879		
		11686.691358	12069.566727	11857.914899	11969.686019	12221.76614	12000.601463	11805.596556	11786.571712	12026.760694	12236.03485	12388.23458	12747.331964		
		11743.765831	11465.52816	11503.577699	11862.671114	11793.706028	11869.805436	11767.546873	11936.392478	11914.989494	12212.253668	12573.728392	12661.719197		
		12017.248245	11955.417357	11325.220641	12497.628314	11979.198462	12098.104095	11976.820351	12245.547325	12114.750897	12507.14082	12538.056472	12880.507563		
		11648.641732	11627.238825	11598.701625	11969.686019	12052.919934	11741.387727	12026.760694	11700.959972	12007.735798	12038.651256	12186.094377	12664.097328		
		11774.681187	11822.243298	11812.730873	11912.611385	11884.074083	11857.914899	11793.706028	11803.21845	11848.40247	12074.322954	12388.23458	12637.937889		
		11817.487085	11898.342733	11953.039247	11846.024363	11648.641732	11674.800848	11729.497209	11905.477059	12026.760694	12183.71626	12352.562742	12711.659967		
		13023.19595	13807.986629	11931.636259	13948.2985	12718.794365	12495.250188	12190.850611	12851.969916	12611.778458	12742.575697	13798.473968	12728.306897		
		
39:00	24.70	14057.694367	13632.002595	12671.231722	13774.692322	12997.036394	13684.322132	13922.138641	14511.926633	13938.785823	14031.534472	13194.422351	13527.363623		
		11724.741002	12433.41893	12050.541821	11698.58187	11853.158685	12169.447559	12052.919934	11807.974662	12143.288281	12064.8105	12295.487835	12433.41893		
		12088.591638	11855.536792	11812.730873	11924.501931	11703.338075	11869.805436	12202.741198	11865.049221	11836.511936	11874.561652	12414.393937	12388.23458		
		12209.87555	11879.317867	11926.88004	12395.368949	12269.328516	11988.710906	12357.318986	12240.791087	12152.800745	12262.194158	12255.0598	12854.348053		
		11979.198462	11724.741002	11736.63152	11869.805436	12109.994668	11910.233276	11765.168769	11993.467129	11910.233276	11969.686019	12190.850611	12452.443928		
		11824.621404	11746.143935	11812.730873	11717.606692	12133.775819	12002.979575	11758.034455	11926.88004	11986.332795	11991.089017	12295.487835	12362.075231		
		11991.089017	11750.900143	11926.88004	11700.959972	12102.860324	12114.750897	11796.084134	11793.706028	11848.40247	12178.960026	12295.487835	12183.71626		
		12880.507563	13934.029485	12419.150185	13436.993713	12723.550631	12542.812727	12086.213524	12785.382113	12709.281834	12628.425367	13372.783575	12766.357036		
		
40:00	24.70	13888.844287	13035.086661	12492.872062	13941.163992	13261.010495	13448.884484	13622.489956	14176.603088	13517.850996	13736.641703	13058.868087	13372.783575		
		11869.805436	12217.009904	11755.656351	11729.497209	12019.626357	11869.805436	11912.611385	12093.347866	12143.288281	12262.194158	12209.87555	12290.731594		
		11577.298732	11698.58187	12067.188613	11819.865191	11715.228589	11769.924978	11777.059292	11891.208408	12048.163708	12074.322954	12064.8105	12362.075231		
		12102.860324	12138.53205	12100.482209	12283.597234	11846.024363	11876.939759	12048.163708	11957.795467	12226.522376	12285.975354	12416.772061	12428.662682		
		11651.019833	11848.40247	11924.501931	11681.935154	11907.855167	11998.223352	11741.387727	12031.516919	11974.442241	11934.014368	12219.388022	12578.484649		
		11643.88553	11729.497209	11888.8303	11953.039247	11869.805436	12019.626357	11914.989494	11945.904917	11786.571712	11898.342733	12143.288281	12559.459622		
		11517.84628	11734.253416	11784.193607	11900.720841	12052.919934	11722.362899	12126.641473	11686.691358	11748.522039	12195.606845	12302.622196	12347.806498		
		12656.962934	13593.952044	11945.904917	13375.161727	12599.88781	12233.656731	12274.084755	12452.443928	12473.847055	12761.600768	13375.161727	12554.703366		
		
41:00	24.70	13993.483732	12825.810415	12742.575697	14155.199505	12763.978902	13130.212408	13085.027664	13705.725589	13111.18725	13394.186948	13051.733658	13080.271377		
		11917.367603	12266.950397	12093.347866	12278.840995	11703.338075	11846.024363	11884.074083	11779.437397	11884.074083	12152.800745	12086.213524	12333.537769		
		11905.477059	12017.248245	11898.342733	12083.83541	11608.214024	11860.293006	11662.910339	11746.143935	11796.084134	12205.119315	12257.437919	12288.353474		
		11995.84524	12105.238438	11853.158685	12488.11581	11705.716178	11665.288441	12171.825676	12052.919934	11888.8303	12331.159647	12559.459622	12590.375293		
		12202.741198	12067.188613	11793.706028	12052.919934	11917.367603	11717.606692	12288.353474	11739.009623	11658.154137	12169.447559	12276.462875	12140.910166		
		12024.382582	12095.72598	11960.173577	11998.223352	11636.751227	11788.949817	12052.919934	11964.929798	11819.865191	11953.039247	12328.781526	12255.0598		
		12074.322954	12052.919934	11919.745712	11703.338075	11860.293006	11855.536792	11788.949817	11686.691358	11824.621404	11800.840345	12200.36308	12583.240907		
		12825.810415	13579.683092	12105.238438	13144.48128	11881.695975	12305.000317	11995.84524	12335.91589	12264.572277	12328.781526	13054.111801	12673.609853		
		
42:00	24.70	13544.010723	12821.054144	12469.090804	13491.691278	13027.952234	13339.489449	13501.203902	14067.207059	13612.977317	13220.581972	13551.145196	13234.85086		
		11822.243298	12293.109715	11803.21845	11929.258149	12086.213524	12181.338143	12057.67616	12041.029369	12238.412968	12138.53205	12647.450411	12392.990826		
		11748.522039	11929.258149	11758.034455	12095.72598	11950.661137	12312.134679	12262.194158	11914.989494	12324.025283	12214.631786	12623.669107	12307.378437		
		11879.317867	12217.009904	12181.338143	12452.443928	11955.417357	12476.225181	12193.228728	12088.591638	12504.762694	12461.956428	12502.384567	12255.0598		
		11798.462239	11836.511936	11950.661137	12247.925443	12171.825676	12086.213524	11781.815502	11967.307909	12190.850611	12392.990826	12274.084755	12102.860324		
		11805.596556	11931.636259	11689.06946	12257.437919	11917.367603	12098.104095	12109.994668	12143.288281	12136.153935	12281.219114	12400.125196	12169.447559		
		11831.755723	11974.442241	11807.974662	11810.352767	11964.929798	11993.467129	11719.984795	12007.735798	11862.671114	12659.341066	12283.597234	12328.781526		
		12309.756558	12980.389408	11938.770587	13142.103134	12721.172498	12412.015814	12126.641473	12811.5416	12578.484649	12837.701097	13170.640885	12438.175179		
		
43:00	24.70	13287.170138	13025.574092	12709.281834	13508.33837	12775.869574	12925.692192	12830.566688	13025.574092	13534.498094	13460.775258	13379.918032	13139.724989		
		11786.571712	12352.562742	12117.129012	11888.8303	12190.850611	11798.462239	11643.88553	11700.959972	12055.298047	12385.856457	12671.231722	12645.07228		
		11788.949817	12031.516919	12024.382582	11936.392478	12121.885242	11879.317867	11741.387727	11651.019833	11869.805436	12005.357686	12362.075231	12535.678344		
		12119.507127	12181.338143	12200.36308	12000.601463	12071.94484	11910.233276	12257.437919	11684.313256	12276.462875	12288.353474	12457.200178	12404.881443		
		11834.13383	12026.760694	11988.710906	11807.974662	12174.203792	11843.646257	11824.621404	11624.860725	11793.706028	12255.0598	12293.109715	12350.18462		
		11846.024363	12236.03485	12100.482209	11907.855167	12086.213524	11898.342733	11998.223352	11758.034455	12176.581909	12326.403405	12426.284557	12438.175179		
		11948.283027	12266.950397	11945.904917	12138.53205	12259.816039	11786.571712	12100.482209	11589.189227	11926.88004	12247.925443	12247.925443	12523.787708		
		12578.484649	13605.842839	11991.089017	13318.086091	12364.453353	12095.72598	11995.84524	12133.775819	12431.040806	12799.650923	13027.952234	12547.568982		
		
44:00	24.70	13436.993713	13039.842946	12747.331964	13125.456118	12759.222634	12680.744248	12740.197564	13603.46468	13246.741602	13365.649118	13027.952234	13011.305242		
		12195.606845	12783.003978	12131.397704	12095.72598	11955.417357	12019.626357	11693.825665	12121.885242	12316.89092	12728.306897	12281.219114	12485.737684		
		12221.76614	12121.885242	11912.611385	12250.303562	11967.307909	11876.939759	12190.850611	12079.079182	12240.791087	12473.847055	12516.653327	12423.906433		
		12245.547325	12533.300217	11941.148697	12338.294011	12022.00447	11948.283027	12090.969752	12195.606845	12419.150185	12611.778458	12602.26594	12664.097328		
		12326.403405	12364.453353	12150.422629	12014.870133	11905.477059	11710.472383	12152.800745	11955.417357	12274.084755	12485.737684	12661.719197	12585.619036		
		12050.541821	12321.647162	12164.691326	12095.72598	11800.840345	11950.661137	12250.303562	12095.72598	12247.925443	12431.040806	12476.225181	12445.309553		
		12193.228728	12250.303562	12255.0598	11967.307909	11881.695975	11988.710906	12045.785595	12124.263358	12404.881443	12492.872062	12381.100211	12592.753423		
		12716.416232	13227.716416	12278.840995	13208.691234	12057.67616	11943.526807	11853.158685	12357.318986	12768.735171	12566.594007	12809.163465	12592.753423		
		
45:00	24.70	13406.077714	13284.791988	12920.935914	13719.994563	13087.405808	13991.105561	13712.860076	13791.339474	13857.928114	13327.598694	13346.623904	13341.867601		
		11898.342733	12381.100211	12426.284557	12718.794365	12526.165835	12939.961027	12856.72619	12640.316019	12497.628314	12492.872062	13025.574092	12973.254986		
		12100.482209	12090.969752	12500.006441	12469.090804	12362.075231	12880.507563	12711.659967	12507.14082	12354.940864	12419.150185	12816.297872	13001.792676		
		12566.594007	12205.119315	12542.812727	12671.231722	12642.69415	13025.574092	12918.557775	12728.306897	12426.284557	12585.619036	13201.556792	13006.548959		
		12117.129012	12143.288281	12604.644069	12778.247709	12578.484649	12999.414535	12875.751288	12668.853591	12433.41893	12390.612703	12723.550631	12899.532667		
		12373.965843	12447.687678	12371.58772	12535.678344	12859.104327	12773.49144	12535.678344	12599.88781	12174.203792	12744.953831	13049.355516	12823.432279		
		12197.984963	12395.368949	12457.200178	12335.91589	12450.065803	12859.104327	12749.710098	12602.26594	12402.503319	12735.441297	12851.969916	12961.364285		
		12918.557775	13211.069382	12661.719197	13408.455867	12664.097328	12887.641976	12623.669107	12806.785329	12899.532667	12963.742425	13206.313087	13130.212408		
		
46:00	24.70	13384.674337	12763.978902	12552.325238	13387.05249	12699.769304	12825.810415	12583.240907	12997.036394	13111.18725	13099.296528	13118.321683	13168.262738		
		12202.741198	12678.366117	12497.628314	12074.322954	12228.900495	11781.815502	11991.089017	12409.63769	12338.294011	12283.597234	12607.022199	12528.543962		
		12288.353474	12100.482209	12523.787708	12205.119315	12081.457296	12071.94484	12048.163708	12250.303562	12138.53205	12414.393937	12523.787708	12749.710098		
		12630.803497	12183.71626	12314.512799	12316.89092	12148.044513	12167.069443	12340.672133	11967.307909	12188.472494	12528.543962	12811.5416	12521.409581		
		12264.572277	12029.138806	12050.541821	12573.728392	12071.94484	12012.492021	12067.188613	12121.885242	11995.84524	12297.865955	12504.762694	12961.364285		
		12590.375293	11824.621404	12102.860324	12490.493936	12140.910166	12119.507127	11998.223352	11941.148697	12057.67616	12592.753423	12514.2752	12783.003978		
		12269.328516	12093.347866	12159.935094	12376.343965	11938.770587	12224.144258	12067.188613	12131.397704	12100.482209	12350.18462	12452.443928	12578.484649		
		13051.733658	12861.482464	12295.487835	12709.281834	12357.318986	12281.219114	11943.526807	12262.194158	12464.334553	12607.022199	13182.531617	12687.878644		
		
47:00	24.70	12963.742425	12654.584803	12297.865955	13073.136946	12621.290977	13263.388644	12958.986145	13346.623904	12664.097328	12680.744248	13068.38066	12878.129426		
		12157.556977	12390.612703	11960.173577	12297.865955	12285.975354	12333.537769	12381.100211	12060.054273	11953.039247	12347.806498	12530.922089	12457.200178		
		11800.840345	12335.91589	11967.307909	12157.556977	12252.681681	12576.10652	12219.388022	12400.125196	12145.666397	12247.925443	12366.831475	12752.088232		
		11727.119105	12276.462875	11912.611385	12388.23458	12186.094377	12533.300217	12012.492021	12407.259566	12328.781526	12407.259566	12690.256776	12702.147437		
		11926.88004	12131.397704	11976.820351	12338.294011	12174.203792	12435.797055	12069.566727	12088.591638	12157.556977	12412.015814	12618.912847	12388.23458		
		11634.373127	12167.069443	12022.00447	12102.860324	12178.960026	12554.703366	11684.313256	12067.188613	12171.825676	12316.89092	12504.762694	12614.156587		
		11850.780577	12138.53205	11910.233276	12240.791087	12205.119315	12519.031454	12212.253668	11888.8303	12183.71626	12186.094377	12390.612703	12642.69415		
		12747.331964	12816.297872	12312.134679	12982.767548	12673.609853	12392.990826	12290.731594	12083.83541	12476.225181	12576.10652	12828.188552	12580.862778		
		
48:00	24.70	13177.775324	12744.953831	12528.543962	13087.405808	12792.516518	12649.828542	12721.172498	12733.063164	12928.070331	12692.634908	12680.744248	12576.10652		
		12549.94711	12495.250188	12031.516919	12112.372783	12088.591638	12076.701068	12373.965843	11907.855167	12019.626357	12243.169206	12081.457296	12362.075231		
		12197.984963	12014.870133	12283.597234	11746.143935	12022.00447	11979.198462	12102.860324	12010.11391	12112.372783	12197.984963	12100.482209	12221.76614		
		12333.537769	12302.622196	12373.965843	12140.910166	12038.651256	11708.09428	12212.253668	12171.825676	12395.368949	12102.860324	12259.816039	12381.100211		
		11995.84524	12069.566727	12164.691326	11874.561652	12045.785595	11995.84524	12150.422629	12076.701068	12314.512799	11886.452191	12060.054273	12276.462875		
		11948.283027	12048.163708	12086.213524	12036.273144	11807.974662	12221.76614	11945.904917	12164.691326	12157.556977	12133.775819	12305.000317	12402.503319		
		11874.561652	12109.994668	11912.611385	12250.303562	11712.850486	12121.885242	12159.935094	11955.417357	12200.36308	12545.190854	12373.965843	12290.731594		
		12485.737684	12640.316019	12083.83541	12649.828542	11884.074083	12236.03485	11936.392478	12392.990826	12307.378437	12602.26594	12642.69415	12338.294011		
		
49:00	24.80	12802.029059	12464.334553	12195.606845	12483.359558	12366.831475	12480.981432	12480.981432	13213.447529	12973.254986	12595.131552	12887.641976	12709.281834		
		12224.144258	12473.847055	11532.114865	11739.009623	12121.885242	11960.173577	12062.432386	12060.054273	12217.009904	12314.512799	12547.568982	12452.443928		
		11983.954684	11924.501931	11341.867283	11615.348324	11857.914899	11843.646257	11981.576573	11960.173577	12226.522376	12209.87555	12469.090804	12490.493936		
		12302.622196	11955.417357	11658.154137	11760.41256	11967.307909	11829.377617	11943.526807	12010.11391	12155.178861	12685.500512	12464.334553	12618.912847		
		12055.298047	11822.243298	11615.348324	11755.656351	12145.666397	11895.964624	11948.283027	12119.507127	11872.183544	12276.462875	12485.737684	12780.625843		
		12038.651256	11945.904917	11622.482624	11779.437397	11746.143935	11931.636259	11995.84524	12024.382582	12126.641473	12526.165835	12730.68503	12785.382113		
		12005.357686	11905.477059	11520.224378	11881.695975	11765.168769	12152.800745	12140.910166	12133.775819	12060.054273	12626.047237	12435.797055	12668.853591		
		12107.616553	12300.244076	11822.243298	12485.737684	11988.710906	12300.244076	12314.512799	12333.537769	12316.89092	12692.634908	12573.728392	12611.778458		
		
~End
Original Filename: pot_antag_100nm_10-16-19-181739_pta_ptada_5002_5007_5000_5015_5001_5013.pda   Date Last Saved: 10/16/2019
