Name,Time,A1,A2,A3,A4,A5,A6,A7,A8,A9,A10,A11,A12
Pta,0,321.709678,285.998085,237.68243,176.762737,124.245803,162.057992,109.541068,143.151895,111.641745,117.943773,80.131608,113.742421
Pta,60,80.131608,80.131608,103.23904,122.145126,73.829583,65.426883,59.124859,71.728908,52.822835,86.433635,48.621486,40.21879
Pta,120,283.897404,233.48107,239.783109,269.192636,111.641745,117.943773,122.145126,67.527558,54.92351,103.23904,90.634986,90.634986
Pta,180,1323.742308,1241.814579,651.517592,483.462411,246.08515,1056.952359,1061.153768,275.494679,328.011725,519.174104,468.757602,363.723339
Pta,240,2435.02781,2670.31167,1453.986586,981.327045,790.163416,2993.828255,3100.96719,1609.439748,1474.99375,1838.418677,1783.799783,1781.699057
Pta,300,3769.013628,4563.114775,2913.999349,1752.288901,1764.893252,5455.964019,6430.758186,4084.132063,3178.695539,3514.819114,3739.602646,3634.563523
Pta,360,5082.016375,6611.432719,4298.413402,2554.770391,2972.820639,8439.212681,9502.288048,6731.182374,4878.23675,5371.930668,6155.54554,5025.294152
Pta,420,5867.728881,8575.772851,5254.284145,3447.594271,4771.095121,10117.870618,12311.321027,9384.634651,6710.173648,7247.998999,8077.854734,6359.328847
Pta,480,6878.24363,8960.24367,6233.277248,4149.256715,5676.55204,11771.356135,14095.125411,11557.052146,7659.774298,8800.572475,9703.98004,7653.471597
Pta,540,7655.572497,9964.499715,6941.269977,4729.07884,6905.55504,12931.130169,15381.005249,12475.202237,8380.386843,10180.899852,11113.739093,8336.267496
Pta,600,8502.240419,10617.90409,7819.442916,5390.838163,7745.911271,13414.374964,16179.439139,13616.078117,8949.738975,10727.155572,12094.914369,9134.621834
Pta,660,8514.845973,11260.809466,8350.973942,6308.90818,8464.42377,14607.793654,16097.494193,13992.171991,10216.616443,11834.386843,12878.60376,9214.457764
Pta,720,8800.572475,10949.861038,8800.572475,6376.135744,8598.88306,14834.713571,16584.962962,14189.674602,9802.725288,12389.059502,13086.608569,9651.456028
Pta,780,8962.344609,11067.517039,9002.262465,6722.778883,9252.274815,15370.4996,16450.488483,14607.793654,10491.844898,12294.512719,13706.424507,9245.971971
Pta,840,8741.746336,11397.375086,9092.60296,7079.928137,9235.467234,14372.470064,16465.196617,13756.85045,10302.756532,12739.934227,13454.295334,9519.095692
Pta,900,8794.269672,11216.688322,9407.745125,7657.673397,9359.423235,14658.220239,15076.342062,14168.66366,10382.59378,12630.679635,13384.959969,9430.855605
Pta,960,8668.213731,10802.791312,8911.922086,7290.016776,9058.987879,14317.841486,14767.477964,13353.443917,10208.212538,12485.707456,12851.290042,9332.110877
Pta,1020,8435.010834,10199.808633,8893.013649,7321.530126,8998.060585,13966.958931,14712.849081,13254.69371,10317.463386,11781.861249,12788.258427,9084.199188
Pta,1080,8403.496988,10075.851159,8525.350604,7168.165289,8718.636081,13086.608569,13948.049142,12069.701985,9872.05714,11466.708502,11561.254179,8626.195135
Pta,1140,7911.882808,10075.851159,8197.606872,6899.252406,8151.386725,12405.867833,13361.848196,11897.417608,9464.470863,11481.415599,11424.688242,8231.221544
Pta,1200,7384.556868,9384.634651,7880.369195,6775.300719,7909.7819,11548.648081,12368.049095,10914.144076,9353.120382,10508.652777,10395.19967,7676.581504
Pta,1260,7359.346164,8865.701471,7542.123968,6434.959914,7365.648839,11540.244017,11744.042845,10567.480386,8710.232353,9481.278498,9466.571818,6729.081501
Pta,1320,6756.392853,8640.901641,7058.919307,5970.670471,7002.195499,10540.167562,10596.894209,9016.96905,8273.239906,8731.241674,8485.433017,6399.245233
Pta,1380,6617.735328,7863.56194,6670.257086,5470.669865,6544.204932,9573.720563,9685.071391,8107.267521,7187.073265,8537.956162,7876.167381,5687.056248
Pta,1440,5976.973022,7342.539034,6218.571242,5233.275858,5892.939052,8456.020072,8640.901641,7577.839226,6596.726636,7374.052407,6458.069423,4821.514691
Pta,1500,5472.770701,6811.015589,5628.2327,4785.800825,5170.251034,7561.032043,7573.63743,6624.037937,6243.781539,6476.977209,5712.266355,4252.195803
Pta,1560,4976.975258,5979.073873,5052.604847,4388.747886,4762.691863,6790.00684,6680.761442,5605.123462,5598.820944,5911.846687,5113.528741,3640.865866
Pta,1620,4487.48571,5382.434832,4750.086978,3825.734843,4287.909399,6315.210762,5792.09842,4926.555577,5199.662612,5130.335341,4105.140009,3348.857899
Pta,1680,4485.384904,4890.841658,4252.195803,3371.966399,3766.912843,5537.896632,5329.91403,4514.796197,4277.405399,4518.997811,3554.733894,2783.752381
Pta,1740,3582.04402,4726.978027,3764.812058,3243.819357,3166.090936,4575.719627,4418.159138,3642.966647,3874.05295,3920.270302,3027.440452,2319.486916
Pta,1800,3262.726283,3895.060834,3634.563523,2664.009413,2668.210917,4012.705095,3592.547918,2926.603907,3311.044006,3208.106288,2533.762906,1851.023043
Pta,1860,2794.25616,3863.549011,3254.323204,2441.330046,2378.307711,3443.39272,3128.277141,2693.419948,2853.077351,2808.961453,1966.563172,1674.562121
Pta,1920,2577.878631,3019.037401,2722.830495,2420.322595,2025.383674,2995.929016,2521.158418,2105.211576,2462.337504,2472.841235,1701.87152,1378.360847
Pta,1980,2287.975796,2537.964402,2550.568893,1819.512132,1848.922316,2703.923713,2411.919616,1916.145638,2033.786607,2029.58514,1311.138036,1208.20323
Pta,2040,2086.304959,2617.792883,1970.764635,1775.39688,1571.626786,2029.58514,1941.354401,1626.245516,1788.001235,1712.375138,1065.355177,880.493418
Pta,2100,1882.533969,2168.233667,1872.030326,1456.087302,1348.95086,1741.785277,1502.303073,1281.728076,1493.900203,1477.094467,958.219326,836.378752
Pta,2160,1556.92175,1773.296154,1554.821031,1164.088359,989.729853,1470.792317,1334.24587,1103.167869,1376.260133,1237.613159,691.430756,645.215515
Pta,2220,1367.857279,1592.633985,1300.634478,1096.865752,701.934224,1258.620259,1109.469986,937.212315,1012.837582,968.722833,674.62521,651.517592
Pta,2280,1019.139692,1336.346583,1212.404648,878.392719,651.517592,928.809513,943.514418,771.257152,922.507412,802.767596,462.455542,493.965849
Pta,2340,951.917222,1195.598979,888.896215,859.486431,540.18099,830.076659,638.913439,556.986504,809.069686,683.027983,454.052796,489.764474
Pta,2400,750.250197,951.917222,872.090622,691.430756,422.542507,638.913439,622.107906,565.389262,752.350892,655.718976,435.146621,378.428127
Pta,2460,764.955064,861.587129,790.163416,590.597543,370.025391,580.094091,487.663786,420.441822,565.389262,489.764474,336.414456,323.81036
Pta,2520,599.000305,699.83353,779.659935,582.194782,351.119238,470.858289,439.347993,393.132917,508.670663,508.670663,283.897404,317.508313
Pta,2580,588.496852,645.215515,556.986504,479.261037,330.112408,388.931548,422.542507,353.219921,351.119238,403.636341,233.48107,233.48107
Pta,2640,460.354855,556.986504,569.590641,378.428127,262.890593,279.696041,378.428127,285.998085,378.428127,344.817188,206.172237,210.373595
Pta,2700,346.917872,535.979612,340.615822,424.643193,254.487871,271.293317,340.615822,229.27971,355.320605,340.615822,283.897404,208.272916
Pta,2760,330.112408,420.441822,397.334286,376.327442,214.574954,264.991274,260.789913,254.487871,357.421288,296.501493,189.366807,214.574954
Pta,2820,273.393998,380.528811,384.730179,227.179031,214.574954,180.964093,231.38039,176.762737,313.306948,237.68243,145.252572,138.950541
Pta,2880,262.890593,357.421288,336.414456,294.400811,191.467486,180.964093,180.964093,214.574954,279.696041,237.68243,138.950541,99.037688
Pta,2940,180.964093,271.293317,374.226758,248.18583,109.541068,164.158669,143.151895,155.755959,227.179031,185.16545,128.447156,120.04445
PtaDA,0,216.675633,283.897404,256.588552,155.755959,132.64851,183.064772,126.34648,113.742421,84.332959,117.943773,88.53431,126.34648
PtaDA,60,52.822835,67.527558,69.628233,84.332959,75.930258,71.728908,65.426883,65.426883,48.621486,61.225534,84.332959,52.822835
PtaDA,120,63.326208,57.024184,52.822835,73.829583,84.332959,44.420138,65.426883,63.326208,31.816094,71.728908,52.822835,33.916768
PtaDA,180,59.124859,63.326208,54.92351,44.420138,44.420138,92.735661,50.722161,42.319464,59.124859,44.420138,38.118115,42.319464
PtaDA,240,46.520812,73.829583,78.030933,42.319464,59.124859,50.722161,54.92351,84.332959,61.225534,42.319464,52.822835,48.621486
PtaDA,300,78.030933,103.23904,90.634986,42.319464,50.722161,48.621486,67.527558,42.319464,61.225534,52.822835,52.822835,63.326208
PtaDA,360,65.426883,138.950541,134.749187,69.628233,84.332959,61.225534,80.131608,71.728908,75.930258,65.426883,71.728908,78.030933
PtaDA,420,65.426883,193.568164,201.970879,107.440392,113.742421,94.836337,109.541068,80.131608,82.232284,86.433635,92.735661,99.037688
PtaDA,480,61.225534,288.098766,267.091955,109.541068,117.943773,136.849864,130.547833,113.742421,128.447156,105.339716,96.937013,145.252572
PtaDA,540,69.628233,319.608995,317.508313,134.749187,149.453926,159.957314,136.849864,153.655281,147.353249,101.138364,124.245803,185.16545
PtaDA,600,86.433635,401.535656,397.334286,178.863415,212.474275,189.366807,197.769522,178.863415,210.373595,134.749187,208.272916,298.602174
PtaDA,660,143.151895,531.778235,493.965849,304.90422,252.387191,243.98447,296.501493,225.078351,231.38039,222.977671,185.16545,283.897404
PtaDA,720,216.675633,609.503759,565.389262,233.48107,307.004902,292.300129,317.508313,225.078351,351.119238,271.293317,275.494679,391.032233
PtaDA,780,172.561381,502.368599,697.732836,325.911043,275.494679,391.032233,378.428127,307.004902,378.428127,264.991274,250.28651,262.890593
PtaDA,840,164.158669,510.771351,573.792021,319.608995,330.112408,500.267912,542.281679,302.803538,401.535656,279.696041,290.199448,260.789913
PtaDA,900,183.064772,487.663786,538.080301,393.132917,357.421288,418.341136,454.052796,374.226758,479.261037,296.501493,189.366807,269.192636
PtaDA,960,134.749187,504.469287,500.267912,321.709678,300.702856,372.126074,529.677546,407.837711,426.743878,321.709678,300.702856,260.789913
PtaDA,1020,153.655281,441.448679,470.858289,395.233602,315.407631,399.434971,401.535656,361.622655,405.737026,292.300129,180.964093,319.608995
PtaDA,1080,218.776312,405.737026,418.341136,336.414456,237.68243,386.830864,393.132917,393.132917,487.663786,300.702856,183.064772,195.668843
PtaDA,1140,134.749187,334.313773,313.306948,258.689232,241.88379,317.508313,355.320605,344.817188,479.261037,271.293317,132.64851,138.950541
PtaDA,1200,132.64851,279.696041,351.119238,241.88379,218.776312,296.501493,271.293317,300.702856,399.434971,256.588552,145.252572,149.453926
PtaDA,1260,132.64851,254.487871,262.890593,183.064772,168.360025,185.16545,302.803538,330.112408,338.515139,216.675633,138.950541,132.64851
PtaDA,1320,105.339716,164.158669,275.494679,172.561381,162.057992,206.172237,269.192636,275.494679,384.730179,187.266129,94.836337,109.541068
PtaDA,1380,84.332959,174.662059,197.769522,128.447156,124.245803,136.849864,235.58175,231.38039,256.588552,212.474275,90.634986,136.849864
PtaDA,1440,101.138364,210.373595,143.151895,153.655281,113.742421,105.339716,149.453926,187.266129,204.071558,159.957314,90.634986,101.138364
PtaDA,1500,73.829583,88.53431,195.668843,124.245803,126.34648,101.138364,105.339716,172.561381,231.38039,162.057992,69.628233,105.339716
PtaDA,1560,96.937013,138.950541,124.245803,149.453926,99.037688,113.742421,130.547833,157.856636,216.675633,141.051218,61.225534,69.628233
PtaDA,1620,69.628233,86.433635,120.04445,117.943773,107.440392,73.829583,107.440392,107.440392,103.23904,71.728908,73.829583,78.030933
PtaDA,1680,50.722161,59.124859,126.34648,57.024184,90.634986,44.420138,113.742421,134.749187,94.836337,78.030933,75.930258,67.527558
PtaDA,1740,54.92351,86.433635,94.836337,96.937013,57.024184,44.420138,107.440392,122.145126,128.447156,50.722161,80.131608,73.829583
PtaDA,1800,36.017441,92.735661,71.728908,63.326208,71.728908,59.124859,92.735661,73.829583,101.138364,57.024184,48.621486,57.024184
PtaDA,1860,50.722161,42.319464,57.024184,73.829583,57.024184,57.024184,50.722161,71.728908,69.628233,86.433635,38.118115,57.024184
PtaDA,1920,48.621486,54.92351,88.53431,63.326208,46.520812,36.017441,84.332959,57.024184,65.426883,71.728908,61.225534,63.326208
PtaDA,1980,52.822835,50.722161,44.420138,46.520812,46.520812,46.520812,65.426883,82.232284,71.728908,61.225534,61.225534,57.024184
PtaDA,2040,46.520812,59.124859,50.722161,48.621486,84.332959,46.520812,63.326208,42.319464,86.433635,38.118115,59.124859,38.118115
PtaDA,2100,42.319464,59.124859,59.124859,52.822835,46.520812,50.722161,54.92351,69.628233,65.426883,65.426883,57.024184,54.92351
PtaDA,2160,57.024184,69.628233,57.024184,31.816094,38.118115,27.614746,42.319464,59.124859,59.124859,52.822835,69.628233,33.916768
PtaDA,2220,27.614746,50.722161,42.319464,54.92351,31.816094,44.420138,44.420138,40.21879,65.426883,50.722161,65.426883,38.118115
PtaDA,2280,54.92351,84.332959,57.024184,33.916768,84.332959,42.319464,36.017441,38.118115,44.420138,33.916768,46.520812,50.722161
PtaDA,2340,33.916768,59.124859,33.916768,44.420138,25.514072,42.319464,57.024184,50.722161,38.118115,33.916768,65.426883,50.722161
PtaDA,2400,27.614746,38.118115,42.319464,52.822835,46.520812,27.614746,57.024184,50.722161,44.420138,36.017441,48.621486,52.822835
PtaDA,2460,33.916768,44.420138,54.92351,54.92351,40.21879,44.420138,44.420138,36.017441,31.816094,46.520812,40.21879,42.319464
PtaDA,2520,36.017441,44.420138,31.816094,50.722161,44.420138,31.816094,69.628233,29.71542,61.225534,54.92351,38.118115,67.527558
PtaDA,2580,31.816094,52.822835,65.426883,50.722161,65.426883,33.916768,25.514072,63.326208,59.124859,50.722161,59.124859,40.21879
PtaDA,2640,44.420138,48.621486,42.319464,48.621486,36.017441,29.71542,46.520812,46.520812,65.426883,31.816094,36.017441,73.829583
PtaDA,2700,27.614746,75.930258,36.017441,27.614746,33.916768,33.916768,107.440392,54.92351,40.21879,63.326208,44.420138,46.520812
PtaDA,2760,44.420138,29.71542,25.514072,29.71542,42.319464,40.21879,42.319464,29.71542,44.420138,44.420138,54.92351,38.118115
PtaDA,2820,59.124859,71.728908,44.420138,36.017441,23.413399,40.21879,40.21879,42.319464,44.420138,46.520812,46.520812,38.118115
PtaDA,2880,48.621486,33.916768,59.124859,27.614746,31.816094,54.92351,78.030933,50.722161,48.621486,38.118115,42.319464,67.527558
PtaDA,2940,36.017441,44.420138,44.420138,38.118115,59.124859,52.822835,50.722161,36.017441,36.017441,52.822835,36.017441,36.017441
146,0,294.400811,254.487871,183.064772,174.662059,155.755959,126.34648,105.339716,94.836337,105.339716,57.024184,92.735661,84.332959
146,60,94.836337,86.433635,75.930258,84.332959,61.225534,82.232284,42.319464,69.628233,67.527558,65.426883,105.339716,57.024184
146,120,48.621486,73.829583,46.520812,27.614746,42.319464,69.628233,52.822835,36.017441,38.118115,54.92351,61.225534,46.520812
146,180,63.326208,59.124859,33.916768,52.822835,46.520812,42.319464,48.621486,44.420138,63.326208,48.621486,59.124859,44.420138
146,240,42.319464,52.822835,38.118115,38.118115,27.614746,57.024184,52.822835,40.21879,40.21879,29.71542,44.420138,42.319464
146,300,46.520812,63.326208,38.118115,38.118115,52.822835,44.420138,54.92351,38.118115,48.621486,48.621486,40.21879,50.722161
146,360,54.92351,42.319464,52.822835,38.118115,44.420138,48.621486,50.722161,50.722161,54.92351,48.621486,44.420138,65.426883
146,420,57.024184,48.621486,61.225534,40.21879,46.520812,54.92351,23.413399,31.816094,84.332959,57.024184,40.21879,48.621486
146,480,40.21879,59.124859,54.92351,42.319464,42.319464,48.621486,54.92351,57.024184,44.420138,82.232284,46.520812,40.21879
146,540,48.621486,71.728908,86.433635,59.124859,61.225534,52.822835,46.520812,48.621486,57.024184,59.124859,46.520812,48.621486
146,600,27.614746,90.634986,73.829583,38.118115,59.124859,40.21879,46.520812,42.319464,103.23904,88.53431,54.92351,52.822835
146,660,63.326208,46.520812,92.735661,57.024184,33.916768,57.024184,57.024184,54.92351,75.930258,54.92351,46.520812,52.822835
146,720,48.621486,54.92351,88.53431,86.433635,33.916768,84.332959,29.71542,57.024184,69.628233,65.426883,46.520812,59.124859
146,780,63.326208,48.621486,120.04445,46.520812,48.621486,46.520812,57.024184,71.728908,80.131608,50.722161,46.520812,38.118115
146,840,42.319464,99.037688,46.520812,54.92351,46.520812,65.426883,65.426883,61.225534,78.030933,71.728908,33.916768,50.722161
146,900,61.225534,48.621486,75.930258,67.527558,44.420138,63.326208,42.319464,78.030933,63.326208,59.124859,61.225534,48.621486
146,960,59.124859,82.232284,88.53431,54.92351,63.326208,65.426883,71.728908,59.124859,78.030933,75.930258,57.024184,46.520812
146,1020,46.520812,71.728908,50.722161,63.326208,57.024184,46.520812,78.030933,42.319464,63.326208,92.735661,52.822835,57.024184
146,1080,40.21879,42.319464,67.527558,50.722161,48.621486,54.92351,46.520812,50.722161,63.326208,48.621486,73.829583,52.822835
146,1140,33.916768,54.92351,78.030933,94.836337,36.017441,52.822835,48.621486,54.92351,71.728908,46.520812,52.822835,44.420138
146,1200,40.21879,46.520812,82.232284,57.024184,50.722161,38.118115,75.930258,48.621486,57.024184,46.520812,59.124859,50.722161
146,1260,46.520812,57.024184,65.426883,48.621486,59.124859,46.520812,42.319464,59.124859,61.225534,57.024184,46.520812,36.017441
146,1320,31.816094,38.118115,57.024184,52.822835,44.420138,40.21879,50.722161,48.621486,65.426883,80.131608,31.816094,40.21879
146,1380,44.420138,48.621486,73.829583,75.930258,44.420138,67.527558,40.21879,52.822835,33.916768,52.822835,44.420138,44.420138
146,1440,40.21879,67.527558,54.92351,31.816094,52.822835,38.118115,54.92351,46.520812,46.520812,82.232284,46.520812,29.71542
146,1500,33.916768,46.520812,59.124859,44.420138,38.118115,36.017441,84.332959,80.131608,31.816094,65.426883,33.916768,54.92351
146,1560,44.420138,52.822835,57.024184,27.614746,59.124859,31.816094,46.520812,61.225534,40.21879,65.426883,52.822835,54.92351
146,1620,42.319464,48.621486,42.319464,36.017441,44.420138,33.916768,48.621486,67.527558,59.124859,52.822835,46.520812,57.024184
146,1680,54.92351,40.21879,57.024184,65.426883,42.319464,31.816094,71.728908,36.017441,50.722161,44.420138,42.319464,31.816094
146,1740,29.71542,46.520812,31.816094,29.71542,52.822835,42.319464,54.92351,52.822835,36.017441,38.118115,52.822835,42.319464
146,1800,44.420138,46.520812,69.628233,46.520812,33.916768,46.520812,33.916768,31.816094,31.816094,27.614746,31.816094,27.614746
146,1860,42.319464,42.319464,48.621486,52.822835,36.017441,36.017441,69.628233,36.017441,40.21879,42.319464,57.024184,27.614746
146,1920,50.722161,33.916768,52.822835,33.916768,46.520812,44.420138,44.420138,33.916768,29.71542,59.124859,27.614746,57.024184
146,1980,38.118115,38.118115,46.520812,36.017441,44.420138,40.21879,38.118115,48.621486,42.319464,38.118115,54.92351,27.614746
146,2040,48.621486,61.225534,46.520812,52.822835,36.017441,25.514072,38.118115,50.722161,38.118115,31.816094,44.420138,75.930258
146,2100,50.722161,36.017441,44.420138,46.520812,57.024184,69.628233,33.916768,48.621486,44.420138,42.319464,29.71542,59.124859
146,2160,48.621486,40.21879,57.024184,33.916768,33.916768,44.420138,73.829583,54.92351,38.118115,46.520812,27.614746,50.722161
146,2220,31.816094,36.017441,50.722161,27.614746,29.71542,61.225534,25.514072,33.916768,36.017441,25.514072,57.024184,69.628233
146,2280,31.816094,27.614746,42.319464,46.520812,46.520812,44.420138,52.822835,31.816094,42.319464,36.017441,40.21879,27.614746
146,2340,33.916768,67.527558,33.916768,46.520812,38.118115,33.916768,44.420138,31.816094,31.816094,27.614746,42.319464,36.017441
146,2400,25.514072,36.017441,46.520812,29.71542,38.118115,31.816094,23.413399,69.628233,27.614746,42.319464,50.722161,42.319464
146,2460,46.520812,29.71542,40.21879,33.916768,38.118115,38.118115,50.722161,59.124859,48.621486,29.71542,50.722161,40.21879
146,2520,46.520812,52.822835,90.634986,44.420138,29.71542,38.118115,61.225534,38.118115,38.118115,38.118115,38.118115,33.916768
146,2580,31.816094,33.916768,44.420138,44.420138,29.71542,33.916768,40.21879,42.319464,36.017441,29.71542,36.017441,40.21879
146,2640,40.21879,42.319464,50.722161,38.118115,52.822835,29.71542,69.628233,33.916768,42.319464,61.225534,50.722161,36.017441
146,2700,36.017441,38.118115,46.520812,61.225534,46.520812,38.118115,36.017441,44.420138,59.124859,46.520812,38.118115,38.118115
146,2760,40.21879,33.916768,33.916768,23.413399,36.017441,40.21879,52.822835,46.520812,31.816094,36.017441,23.413399,27.614746
146,2820,42.319464,29.71542,33.916768,48.621486,27.614746,67.527558,36.017441,38.118115,38.118115,31.816094,54.92351,52.822835
146,2880,27.614746,29.71542,44.420138,38.118115,59.124859,42.319464,50.722161,36.017441,40.21879,38.118115,44.420138,59.124859
146,2940,38.118115,36.017441,36.017441,27.614746,40.21879,31.816094,38.118115,52.822835,71.728908,27.614746,57.024184,33.916768
264,0,216.675633,338.515139,241.88379,138.950541,130.547833,130.547833,73.829583,124.245803,124.245803,126.34648,136.849864,88.53431
264,60,71.728908,71.728908,73.829583,61.225534,63.326208,82.232284,80.131608,90.634986,75.930258,67.527558,65.426883,59.124859
264,120,38.118115,73.829583,75.930258,75.930258,31.816094,52.822835,52.822835,44.420138,65.426883,67.527558,54.92351,67.527558
264,180,120.04445,271.293317,275.494679,117.943773,46.520812,84.332959,75.930258,92.735661,157.856636,227.179031,71.728908,42.319464
264,240,220.876992,756.552282,855.285034,290.199448,99.037688,170.460703,220.876992,250.28651,655.718976,647.316207,99.037688,86.433635
264,300,334.313773,1863.627412,2166.13293,706.135611,130.547833,428.844564,437.247307,523.375481,1710.274415,1246.015999,288.098766,210.373595
264,360,645.215515,2901.394794,3300.54015,1157.786237,376.327442,771.257152,1069.556586,1086.362225,3008.533589,2430.82632,529.677546,399.434971
264,420,893.097614,4100.938419,4890.841658,1880.43324,552.785125,1342.648721,1756.490351,1598.936146,4663.953654,3783.719124,918.306011,683.027983
264,480,1403.569418,5014.790042,6132.43613,2754.341809,876.29202,2082.10349,2285.875055,2187.140306,6294.202159,4743.784536,1489.698769,1080.06011
264,540,1615.741911,5989.578127,7476.99619,3201.803984,1124.174928,2888.79024,3012.735114,2863.58114,7422.37294,5603.022623,1577.928945,1372.058706
264,600,2000.174881,6886.64714,8693.424902,3901.3632,1424.576567,3544.230002,3731.19951,2970.719878,7527.41769,6254.285832,1987.570488,1580.029664
264,660,2220.75212,7117.744046,9809.028181,4487.48571,1882.533969,4149.256715,4466.477651,3659.772898,8061.047433,6531.599729,2216.550642,1874.131054
264,720,2302.680983,7155.559975,9846.845549,5147.141946,2214.449903,4615.635007,4705.969896,3699.687761,8206.010539,6645.046637,2353.098793,2182.93883
264,780,2399.31515,7460.189032,10773.377403,5552.602496,2510.65468,4811.010611,5039.999909,4130.349552,7926.589165,6588.32316,2790.054649,2382.509199
264,840,2157.729981,7235.39367,10254.43403,5777.392507,2516.956922,4630.340679,5121.93204,4019.007472,7874.066474,6636.643156,2958.115312,2306.882466
264,900,2332.091368,7315.227455,10716.650614,5613.526821,2540.065151,4853.02694,5027.394975,4096.73683,7577.839226,6182.856671,2993.828255,2514.856175
264,960,2019.081475,6823.620842,10580.086309,5569.409201,2624.095135,4638.743921,5012.68922,4239.591009,7285.814997,6281.597001,3163.990169,2388.81143
264,1020,1741.785277,6336.21937,9376.230845,5439.157341,2693.419948,4500.090549,4611.433387,3838.339563,6563.112741,5958.06537,3325.749406,2491.747955
264,1080,1603.137587,5806.804337,8949.738975,5258.485803,2403.516639,4113.543189,4369.840659,3430.78807,6317.311622,5703.862985,3054.750375,2308.983208
264,1140,1107.36928,5319.409875,8271.138988,4722.7764,2346.796565,3582.04402,3920.270302,3174.494005,5516.888261,5399.241496,3182.897074,2019.081475
264,1200,1126.275635,4878.23675,7867.763754,4348.832635,1981.268293,3094.664895,3172.393238,2813.162966,4869.833479,4945.462953,2537.964402,1867.828869
264,1260,827.975961,4306.816605,7220.687456,4119.845575,1510.705944,2533.762906,3029.541215,2508.553932,4306.816605,4138.752735,2269.06913,1718.67731
264,1320,825.875264,3947.580569,5890.838204,3317.34632,1523.310252,2269.06913,2372.005481,2187.140306,3764.812058,3533.726112,2155.629244,1512.806661
264,1380,605.302377,3119.874078,5161.847728,2754.341809,1222.908193,1804.807045,1830.015768,1949.757323,3262.726283,3142.982503,1848.922316,1248.116709
264,1440,508.670663,2735.435019,4552.610734,2435.02781,884.694816,1409.871562,1714.475862,1531.713125,2485.445714,2477.042728,1351.051573,1122.074222
264,1500,296.501493,2218.651381,3722.796376,2023.282941,720.84047,1138.879874,1325.843021,1191.397562,2101.010105,2386.710686,1166.189067,823.774566
264,1560,231.38039,1895.138343,3329.95095,1390.965132,577.993401,901.500412,1067.455881,985.528449,1626.245516,1785.900509,985.528449,678.826596
264,1620,164.158669,1521.209533,2451.833774,1140.980581,412.039081,697.732836,890.996914,825.875264,1363.655852,1378.360847,819.573172,540.18099
264,1680,134.749187,1313.238748,1729.180931,928.809513,346.917872,529.677546,634.712056,611.60445,1059.053063,1002.334068,605.302377,359.521972
264,1740,134.749187,937.212315,1493.900203,697.732836,246.08515,430.94525,447.750737,464.556229,806.968989,838.479449,517.073416,298.602174
264,1800,105.339716,754.451587,1105.268574,609.503759,216.675633,292.300129,338.515139,342.716505,603.201687,645.215515,399.434971,277.59536
264,1860,92.735661,588.496852,893.097614,462.455542,138.950541,180.964093,328.011725,363.723339,571.691331,523.375481,302.803538,199.8702
264,1920,42.319464,454.052796,651.517592,344.817188,120.04445,174.662059,256.588552,248.18583,374.226758,420.441822,338.515139,185.16545
264,1980,86.433635,340.615822,462.455542,267.091955,86.433635,126.34648,204.071558,214.574954,258.689232,271.293317,220.876992,155.755959
264,2040,38.118115,300.702856,464.556229,218.776312,117.943773,117.943773,180.964093,185.16545,241.88379,264.991274,227.179031,134.749187
264,2100,50.722161,227.179031,374.226758,218.776312,82.232284,122.145126,136.849864,212.474275,208.272916,208.272916,229.27971,128.447156
264,2160,73.829583,191.467486,235.58175,105.339716,50.722161,99.037688,84.332959,149.453926,225.078351,178.863415,132.64851,101.138364
264,2220,40.21879,168.360025,176.762737,120.04445,71.728908,59.124859,75.930258,86.433635,172.561381,153.655281,124.245803,92.735661
264,2280,48.621486,120.04445,136.849864,92.735661,50.722161,48.621486,73.829583,115.843097,120.04445,138.950541,107.440392,65.426883
264,2340,48.621486,138.950541,145.252572,61.225534,69.628233,73.829583,109.541068,147.353249,115.843097,103.23904,99.037688,109.541068
264,2400,42.319464,78.030933,159.957314,69.628233,46.520812,78.030933,54.92351,86.433635,88.53431,105.339716,54.92351,42.319464
264,2460,69.628233,117.943773,88.53431,38.118115,71.728908,33.916768,46.520812,73.829583,78.030933,78.030933,105.339716,63.326208
264,2520,46.520812,130.547833,103.23904,71.728908,50.722161,40.21879,54.92351,96.937013,69.628233,107.440392,96.937013,33.916768
264,2580,38.118115,61.225534,107.440392,61.225534,29.71542,36.017441,50.722161,96.937013,86.433635,111.641745,44.420138,38.118115
264,2640,42.319464,71.728908,86.433635,63.326208,31.816094,46.520812,61.225534,67.527558,59.124859,75.930258,54.92351,42.319464
264,2700,67.527558,82.232284,73.829583,63.326208,29.71542,52.822835,86.433635,84.332959,57.024184,80.131608,46.520812,57.024184
264,2760,36.017441,48.621486,54.92351,71.728908,42.319464,38.118115,36.017441,46.520812,84.332959,50.722161,65.426883,29.71542
264,2820,31.816094,59.124859,59.124859,59.124859,46.520812,36.017441,57.024184,86.433635,84.332959,50.722161,42.319464,48.621486
264,2880,42.319464,48.621486,42.319464,33.916768,23.413399,46.520812,29.71542,48.621486,61.225534,44.420138,73.829583,46.520812
264,2940,59.124859,46.520812,57.024184,44.420138,52.822835,29.71542,57.024184,75.930258,48.621486,46.520812,44.420138,48.621486
166,0,189.366807,267.091955,260.789913,130.547833,155.755959,90.634986,117.943773,94.836337,109.541068,103.23904,75.930258,132.64851
166,60,63.326208,90.634986,63.326208,42.319464,57.024184,78.030933,63.326208,80.131608,69.628233,57.024184,69.628233,59.124859
166,120,61.225534,46.520812,75.930258,61.225534,50.722161,69.628233,59.124859,69.628233,42.319464,40.21879,50.722161,46.520812
166,180,54.92351,174.662059,243.98447,50.722161,90.634986,75.930258,168.360025,109.541068,78.030933,84.332959,52.822835,52.822835
166,240,288.098766,914.104611,737.646027,214.574954,168.360025,422.542507,701.934224,531.778235,351.119238,405.737026,328.011725,437.247307
166,300,869.989924,2136.722614,1693.468627,620.007215,657.819669,1561.123188,2477.042728,1466.590884,1206.102522,1065.355177,1149.383409,1693.468627
166,360,1401.468703,3869.851375,2892.991758,1031.743912,1336.346583,3012.735114,4428.66316,2739.636527,2514.856175,2153.528507,2325.789142,3157.687869
166,420,2113.614518,5021.092508,4126.147961,1474.99375,2151.427771,4374.042264,6140.839551,4050.519363,3783.719124,2993.828255,3407.679551,4544.207501
166,480,2258.56543,5995.880679,4766.893492,1970.764635,2853.077351,5701.762143,6895.050651,4844.623673,4363.538251,3960.185311,4113.543189,5779.493351
166,540,2409.818872,6521.095395,5416.048165,2224.953598,3187.098609,6359.328847,7296.319445,5502.182404,4811.010611,4502.191355,4842.522856,6313.109901
166,600,2428.725575,6976.984932,5468.56903,2313.184691,3432.888845,5792.09842,7374.052407,5491.678223,4680.760148,4710.171522,5044.201555,6397.14437
166,660,2115.715254,6069.410505,5380.333999,2470.740488,3592.547918,5674.451198,6712.27452,4920.25312,4348.832635,4588.324482,4674.457713,5884.535661
166,720,1724.979482,5804.703492,5033.697442,2477.042728,3363.563307,5000.08429,6000.082382,4663.953654,4096.73683,4493.788129,4201.776639,5695.459616
166,780,1197.699687,4716.473961,4529.501847,2256.46469,3140.881737,4529.501847,4874.035115,3926.57267,3250.121665,4004.301927,3939.177409,4705.969896
166,840,975.024939,4084.132063,3821.53327,2166.13293,2724.931249,3392.974133,4002.201135,3508.516782,2823.666749,3714.393242,3201.803984,3630.361961
166,900,771.257152,3203.904752,3285.834755,1739.684553,2340.494337,2878.286447,3203.904752,2638.800393,1987.570488,2781.651626,2697.621454,3050.548847
166,960,580.094091,2529.56141,2502.25169,1588.432544,2010.678544,2132.521142,2655.606405,2178.737355,1695.56935,2428.725575,2229.155076,2414.020361
166,1020,426.743878,1855.224499,1949.757323,1359.454425,1872.030326,1790.101961,1865.72814,1550.619593,1334.24587,2067.398348,1764.893252,1851.023043
166,1080,338.515139,1661.957786,1580.029664,1107.36928,1338.447295,1166.189067,1317.440172,1290.130921,991.830556,1474.99375,1441.382291,1334.24587
166,1140,294.400811,1279.627365,1365.756565,872.090622,998.132663,996.031961,1212.404648,1002.334068,695.632143,1075.8587,962.420729,1088.46293
166,1200,185.16545,1017.038989,819.573172,764.955064,798.566202,567.489952,783.861328,695.632143,584.295472,821.673869,796.465506,842.680845
166,1260,178.863415,832.177356,773.357847,561.187883,607.403068,462.455542,498.167224,571.691331,441.448679,634.712056,573.792021,544.382368
166,1320,141.051218,561.187883,498.167224,388.931548,500.267912,340.615822,464.556229,418.341136,325.911043,542.281679,422.542507,323.81036
166,1380,103.23904,460.354855,456.153482,319.608995,359.521972,222.977671,353.219921,380.528811,273.393998,407.837711,355.320605,277.59536
166,1440,90.634986,338.515139,275.494679,250.28651,315.407631,204.071558,233.48107,330.112408,220.876992,288.098766,311.206266,233.48107
166,1500,61.225534,243.98447,296.501493,212.474275,212.474275,138.950541,212.474275,235.58175,166.259347,170.460703,176.762737,172.561381
166,1560,141.051218,172.561381,220.876992,183.064772,233.48107,124.245803,210.373595,201.970879,180.964093,199.8702,210.373595,170.460703
166,1620,63.326208,128.447156,147.353249,178.863415,149.453926,103.23904,126.34648,157.856636,105.339716,130.547833,117.943773,90.634986
166,1680,84.332959,120.04445,166.259347,103.23904,96.937013,84.332959,117.943773,132.64851,107.440392,117.943773,101.138364,78.030933
166,1740,52.822835,124.245803,111.641745,141.051218,96.937013,109.541068,96.937013,155.755959,101.138364,120.04445,80.131608,113.742421
166,1800,63.326208,128.447156,88.53431,92.735661,90.634986,120.04445,94.836337,92.735661,101.138364,94.836337,134.749187,96.937013
166,1860,42.319464,82.232284,57.024184,59.124859,67.527558,63.326208,120.04445,120.04445,57.024184,73.829583,103.23904,57.024184
166,1920,54.92351,90.634986,99.037688,61.225534,71.728908,103.23904,111.641745,65.426883,67.527558,88.53431,84.332959,82.232284
166,1980,40.21879,82.232284,84.332959,61.225534,57.024184,73.829583,82.232284,92.735661,75.930258,67.527558,61.225534,109.541068
166,2040,46.520812,80.131608,59.124859,61.225534,92.735661,75.930258,78.030933,65.426883,59.124859,86.433635,42.319464,73.829583
166,2100,36.017441,57.024184,73.829583,63.326208,86.433635,40.21879,84.332959,82.232284,73.829583,84.332959,67.527558,96.937013
166,2160,69.628233,57.024184,50.722161,57.024184,59.124859,52.822835,52.822835,86.433635,78.030933,67.527558,65.426883,86.433635
166,2220,61.225534,61.225534,80.131608,57.024184,54.92351,42.319464,50.722161,65.426883,75.930258,63.326208,88.53431,65.426883
166,2280,65.426883,44.420138,50.722161,65.426883,52.822835,50.722161,57.024184,71.728908,84.332959,75.930258,73.829583,80.131608
166,2340,44.420138,65.426883,50.722161,31.816094,48.621486,65.426883,52.822835,59.124859,61.225534,50.722161,59.124859,109.541068
166,2400,44.420138,59.124859,48.621486,54.92351,44.420138,36.017441,67.527558,82.232284,63.326208,69.628233,75.930258,92.735661
166,2460,54.92351,57.024184,48.621486,80.131608,88.53431,50.722161,78.030933,57.024184,67.527558,54.92351,101.138364,78.030933
166,2520,33.916768,40.21879,48.621486,65.426883,50.722161,78.030933,57.024184,65.426883,65.426883,42.319464,59.124859,101.138364
166,2580,48.621486,36.017441,48.621486,42.319464,69.628233,61.225534,48.621486,54.92351,67.527558,61.225534,59.124859,71.728908
166,2640,36.017441,36.017441,38.118115,65.426883,48.621486,44.420138,63.326208,52.822835,67.527558,54.92351,61.225534,71.728908
166,2700,48.621486,40.21879,69.628233,61.225534,65.426883,40.21879,52.822835,82.232284,50.722161,65.426883,40.21879,50.722161
166,2760,23.413399,38.118115,42.319464,46.520812,44.420138,42.319464,54.92351,59.124859,65.426883,59.124859,54.92351,50.722161
166,2820,33.916768,57.024184,59.124859,31.816094,48.621486,52.822835,54.92351,52.822835,42.319464,52.822835,40.21879,63.326208
166,2880,42.319464,44.420138,61.225534,44.420138,63.326208,48.621486,42.319464,57.024184,44.420138,48.621486,54.92351,54.92351
166,2940,38.118115,33.916768,67.527558,78.030933,84.332959,57.024184,71.728908,69.628233,61.225534,42.319464,44.420138,50.722161
1294,0,174.662059,269.192636,210.373595,157.856636,130.547833,130.547833,122.145126,117.943773,96.937013,107.440392,82.232284,73.829583
1294,60,69.628233,44.420138,88.53431,52.822835,40.21879,88.53431,59.124859,61.225534,63.326208,73.829583,54.92351,52.822835
1294,120,71.728908,78.030933,48.621486,52.822835,48.621486,44.420138,69.628233,50.722161,54.92351,38.118115,71.728908,54.92351
1294,180,44.420138,52.822835,78.030933,67.527558,63.326208,57.024184,57.024184,40.21879,40.21879,40.21879,54.92351,57.024184
1294,240,57.024184,57.024184,42.319464,63.326208,48.621486,31.816094,52.822835,46.520812,38.118115,52.822835,48.621486,65.426883
1294,300,166.259347,80.131608,31.816094,50.722161,69.628233,54.92351,57.024184,61.225534,59.124859,65.426883,82.232284,315.407631
1294,360,292.300129,271.293317,117.943773,109.541068,80.131608,92.735661,124.245803,105.339716,120.04445,130.547833,71.728908,353.219921
1294,420,498.167224,586.396162,252.387191,237.68243,174.662059,168.360025,185.16545,248.18583,426.743878,288.098766,225.078351,550.684436
1294,480,630.510672,725.041859,569.590641,472.958976,283.897404,384.730179,363.723339,426.743878,947.71582,775.458543,294.400811,739.746721
1294,540,641.014131,809.069686,804.868293,722.941164,588.496852,529.677546,668.323132,722.941164,1313.238748,1193.49827,359.521972,832.177356
1294,600,439.347993,874.191321,886.795516,798.566202,701.934224,628.409981,790.163416,1017.038989,1523.310252,1561.123188,540.18099,739.746721
1294,660,311.206266,706.135611,809.069686,779.659935,806.968989,525.476169,905.701811,1126.275635,1405.670133,1369.957992,552.785125,569.590641
1294,720,172.561381,481.361724,739.746721,735.545332,659.920361,445.650051,920.406711,1088.46293,937.212315,1004.434771,391.032233,363.723339
1294,780,92.735661,395.233602,512.872039,596.899614,407.837711,313.306948,626.309289,727.142553,701.934224,823.774566,342.716505,233.48107
1294,840,75.930258,258.689232,336.414456,397.334286,277.59536,227.179031,428.844564,462.455542,485.563099,384.730179,187.266129,162.057992
1294,900,63.326208,149.453926,216.675633,292.300129,153.655281,136.849864,294.400811,302.803538,292.300129,262.890593,128.447156,46.520812
1294,960,44.420138,82.232284,183.064772,136.849864,109.541068,124.245803,168.360025,166.259347,141.051218,132.64851,92.735661,86.433635
1294,1020,71.728908,101.138364,111.641745,113.742421,67.527558,96.937013,117.943773,84.332959,105.339716,101.138364,59.124859,73.829583
1294,1080,69.628233,54.92351,86.433635,80.131608,42.319464,88.53431,82.232284,65.426883,71.728908,80.131608,54.92351,67.527558
1294,1140,40.21879,63.326208,44.420138,94.836337,50.722161,78.030933,86.433635,63.326208,99.037688,75.930258,42.319464,44.420138
1294,1200,38.118115,44.420138,48.621486,42.319464,33.916768,99.037688,75.930258,59.124859,57.024184,46.520812,54.92351,67.527558
1294,1260,36.017441,48.621486,63.326208,59.124859,38.118115,78.030933,71.728908,44.420138,52.822835,31.816094,54.92351,38.118115
1294,1320,48.621486,61.225534,33.916768,48.621486,48.621486,59.124859,57.024184,46.520812,61.225534,46.520812,38.118115,50.722161
1294,1380,52.822835,52.822835,44.420138,42.319464,42.319464,38.118115,59.124859,50.722161,36.017441,61.225534,46.520812,40.21879
1294,1440,29.71542,59.124859,44.420138,67.527558,46.520812,54.92351,44.420138,46.520812,44.420138,44.420138,48.621486,44.420138
1294,1500,48.621486,44.420138,36.017441,33.916768,84.332959,57.024184,63.326208,48.621486,63.326208,67.527558,33.916768,54.92351
1294,1560,27.614746,46.520812,33.916768,78.030933,46.520812,52.822835,50.722161,50.722161,69.628233,40.21879,86.433635,44.420138
1294,1620,44.420138,29.71542,54.92351,61.225534,59.124859,31.816094,46.520812,42.319464,67.527558,59.124859,42.319464,33.916768
1294,1680,46.520812,36.017441,57.024184,75.930258,54.92351,63.326208,33.916768,33.916768,75.930258,84.332959,38.118115,46.520812
1294,1740,36.017441,59.124859,54.92351,46.520812,44.420138,42.319464,44.420138,65.426883,75.930258,44.420138,48.621486,54.92351
1294,1800,42.319464,36.017441,40.21879,50.722161,44.420138,67.527558,27.614746,44.420138,65.426883,54.92351,42.319464,42.319464
1294,1860,54.92351,44.420138,38.118115,65.426883,59.124859,61.225534,52.822835,38.118115,40.21879,57.024184,33.916768,57.024184
1294,1920,44.420138,44.420138,57.024184,42.319464,36.017441,42.319464,42.319464,50.722161,57.024184,46.520812,42.319464,40.21879
1294,1980,57.024184,46.520812,54.92351,40.21879,75.930258,54.92351,61.225534,46.520812,46.520812,52.822835,54.92351,59.124859
1294,2040,48.621486,48.621486,44.420138,38.118115,33.916768,33.916768,36.017441,38.118115,61.225534,40.21879,54.92351,40.21879
1294,2100,33.916768,33.916768,50.722161,48.621486,44.420138,65.426883,54.92351,36.017441,36.017441,61.225534,40.21879,31.816094
1294,2160,38.118115,48.621486,38.118115,29.71542,31.816094,48.621486,44.420138,82.232284,65.426883,52.822835,48.621486,52.822835
1294,2220,27.614746,46.520812,44.420138,54.92351,48.621486,54.92351,54.92351,44.420138,38.118115,78.030933,27.614746,36.017441
1294,2280,33.916768,48.621486,44.420138,44.420138,63.326208,59.124859,42.319464,38.118115,38.118115,61.225534,31.816094,31.816094
1294,2340,36.017441,50.722161,27.614746,46.520812,42.319464,65.426883,29.71542,44.420138,73.829583,75.930258,40.21879,78.030933
1294,2400,44.420138,63.326208,33.916768,31.816094,65.426883,84.332959,67.527558,36.017441,75.930258,88.53431,40.21879,44.420138
1294,2460,33.916768,33.916768,40.21879,27.614746,57.024184,80.131608,80.131608,57.024184,132.64851,115.843097,48.621486,44.420138
1294,2520,31.816094,61.225534,38.118115,80.131608,44.420138,44.420138,40.21879,50.722161,92.735661,90.634986,57.024184,82.232284
1294,2580,25.514072,42.319464,50.722161,61.225534,65.426883,48.621486,40.21879,38.118115,73.829583,54.92351,48.621486,46.520812
1294,2640,33.916768,46.520812,61.225534,61.225534,40.21879,40.21879,38.118115,50.722161,67.527558,54.92351,67.527558,42.319464
1294,2700,38.118115,52.822835,67.527558,52.822835,52.822835,48.621486,61.225534,44.420138,82.232284,65.426883,50.722161,27.614746
1294,2760,31.816094,38.118115,52.822835,40.21879,42.319464,73.829583,42.319464,38.118115,57.024184,65.426883,50.722161,50.722161
1294,2820,36.017441,61.225534,42.319464,46.520812,23.413399,44.420138,63.326208,52.822835,80.131608,44.420138,54.92351,54.92351
1294,2880,36.017441,57.024184,46.520812,42.319464,36.017441,44.420138,40.21879,38.118115,40.21879,48.621486,42.319464,54.92351
1294,2940,40.21879,38.118115,38.118115,40.21879,38.118115,40.21879,40.21879,38.118115,69.628233,50.722161,67.527558,36.017441
1810,0,187.266129,239.783109,183.064772,153.655281,132.64851,155.755959,117.943773,103.23904,94.836337,115.843097,124.245803,103.23904
1810,60,73.829583,61.225534,82.232284,65.426883,61.225534,94.836337,80.131608,57.024184,48.621486,63.326208,65.426883,61.225534
1810,120,46.520812,61.225534,40.21879,40.21879,52.822835,54.92351,82.232284,94.836337,59.124859,90.634986,50.722161,44.420138
1810,180,54.92351,84.332959,61.225534,57.024184,59.124859,40.21879,36.017441,57.024184,42.319464,59.124859,33.916768,46.520812
1810,240,38.118115,46.520812,69.628233,50.722161,48.621486,46.520812,44.420138,40.21879,50.722161,48.621486,36.017441,40.21879
1810,300,69.628233,99.037688,82.232284,113.742421,48.621486,75.930258,82.232284,40.21879,105.339716,113.742421,63.326208,82.232284
1810,360,204.071558,208.272916,233.48107,229.27971,82.232284,126.34648,176.762737,90.634986,573.792021,586.396162,151.554604,109.541068
1810,420,380.528811,502.368599,521.274792,500.267912,180.964093,258.689232,456.153482,300.702856,1800.605592,1792.202687,460.354855,460.354855
1810,480,647.316207,1031.743912,1403.569418,1138.879874,349.018555,636.812748,1317.440172,1149.383409,3708.090893,3840.44035,1300.634478,1330.044445
1810,540,930.910213,1760.691802,2313.184691,1573.727505,727.142553,1054.851655,2764.845583,2262.76691,5817.308565,6039.998565,2636.699642,2338.393595
1810,600,1309.037324,2140.924087,3187.098609,1995.973417,1033.844615,1697.670074,4130.349552,3571.540124,7550.527556,7361.447056,3848.843499,3535.82689
1810,660,1342.648721,2443.430792,3565.237788,2367.803994,1405.670133,2405.617383,5063.108962,4729.07884,7966.506437,7636.664396,4334.127021,4705.969896
1810,720,1493.900203,2706.024467,3659.772898,2666.110165,1590.533264,2632.498139,5813.106874,5474.871536,8065.249258,7928.690074,5334.115693,5590.417588
1810,780,1661.957786,2315.285433,3411.881099,2758.543319,1703.972244,3031.641978,6138.738696,5947.561122,7615.655401,7044.21313,5226.973373,5453.863184
1810,840,1586.331824,2424.524085,3037.944267,2884.588723,1836.31795,3170.29247,5968.569621,5663.946991,6773.199845,6128.23442,4544.207501,5180.755167
1810,900,1521.209533,1930.850749,2653.505654,2613.591382,1851.023043,3058.951902,5308.905721,4888.74084,5676.55204,4995.882647,4006.402719,4392.949493
1810,960,1279.627365,1519.108815,1974.966098,2321.587658,1741.785277,2790.054649,4384.54628,4212.280629,4311.018207,3829.936416,3096.76566,3796.323837
1810,1020,1159.886945,1330.044445,1552.720312,1743.886002,1466.590884,2227.054337,3481.206684,3161.889403,3258.524744,2676.613927,2483.344967,2972.820639
1810,1080,985.528449,998.132663,1094.765046,1649.353453,1277.526654,1701.87152,2594.684629,2350.99805,2300.580242,2136.722614,1926.649288,2119.916725
1810,1140,714.538387,706.135611,960.320027,1342.648721,951.917222,1430.878713,1941.354401,1636.749123,1626.245516,1481.295901,1361.555139,1485.497335
1810,1200,565.389262,636.812748,716.639082,781.760631,848.982939,1069.556586,1407.770847,1214.505357,1063.254472,1077.959405,817.472474,1107.36928
1810,1260,426.743878,418.341136,470.858289,582.194782,508.670663,752.350892,949.816521,743.948111,819.573172,733.444637,544.382368,729.243248
1810,1320,277.59536,315.407631,351.119238,584.295472,399.434971,466.656915,666.222439,485.563099,575.892711,552.785125,395.233602,504.469287
1810,1380,191.467486,229.27971,241.88379,353.219921,300.702856,407.837711,437.247307,267.091955,372.126074,349.018555,313.306948,334.313773
1810,1440,172.561381,193.568164,187.266129,307.004902,231.38039,252.387191,401.535656,237.68243,296.501493,302.803538,208.272916,300.702856
1810,1500,143.151895,151.554604,111.641745,204.071558,178.863415,231.38039,206.172237,124.245803,210.373595,252.387191,172.561381,204.071558
1810,1560,109.541068,109.541068,57.024184,155.755959,193.568164,170.460703,157.856636,120.04445,195.668843,122.145126,107.440392,92.735661
1810,1620,105.339716,69.628233,122.145126,143.151895,80.131608,107.440392,124.245803,96.937013,149.453926,117.943773,113.742421,86.433635
1810,1680,90.634986,84.332959,75.930258,90.634986,96.937013,111.641745,84.332959,65.426883,147.353249,105.339716,88.53431,75.930258
1810,1740,57.024184,46.520812,42.319464,61.225534,99.037688,57.024184,103.23904,90.634986,84.332959,141.051218,61.225534,84.332959
1810,1800,78.030933,80.131608,57.024184,99.037688,69.628233,63.326208,71.728908,63.326208,126.34648,136.849864,65.426883,86.433635
1810,1860,33.916768,63.326208,61.225534,75.930258,61.225534,80.131608,57.024184,46.520812,111.641745,107.440392,67.527558,69.628233
1810,1920,40.21879,50.722161,50.722161,69.628233,65.426883,86.433635,69.628233,82.232284,113.742421,71.728908,57.024184,107.440392
1810,1980,65.426883,57.024184,52.822835,88.53431,57.024184,75.930258,48.621486,101.138364,69.628233,168.360025,57.024184,120.04445
1810,2040,38.118115,71.728908,40.21879,61.225534,84.332959,57.024184,86.433635,73.829583,111.641745,103.23904,52.822835,117.943773
1810,2100,33.916768,73.829583,92.735661,80.131608,80.131608,99.037688,130.547833,82.232284,107.440392,145.252572,80.131608,92.735661
1810,2160,40.21879,57.024184,65.426883,101.138364,88.53431,107.440392,57.024184,78.030933,132.64851,117.943773,82.232284,128.447156
1810,2220,67.527558,57.024184,126.34648,86.433635,96.937013,101.138364,69.628233,82.232284,162.057992,117.943773,88.53431,164.158669
1810,2280,46.520812,52.822835,122.145126,84.332959,120.04445,107.440392,90.634986,90.634986,122.145126,126.34648,88.53431,199.8702
1810,2340,44.420138,52.822835,69.628233,96.937013,101.138364,109.541068,103.23904,109.541068,107.440392,80.131608,109.541068,204.071558
1810,2400,57.024184,84.332959,80.131608,96.937013,96.937013,134.749187,99.037688,107.440392,130.547833,75.930258,159.957314,168.360025
1810,2460,48.621486,65.426883,111.641745,88.53431,92.735661,73.829583,84.332959,130.547833,50.722161,61.225534,136.849864,216.675633
1810,2520,54.92351,50.722161,57.024184,84.332959,82.232284,105.339716,105.339716,63.326208,78.030933,94.836337,141.051218,151.554604
1810,2580,65.426883,36.017441,71.728908,75.930258,67.527558,59.124859,73.829583,94.836337,99.037688,103.23904,136.849864,138.950541
1810,2640,59.124859,78.030933,80.131608,105.339716,75.930258,103.23904,65.426883,92.735661,94.836337,57.024184,90.634986,107.440392
1810,2700,86.433635,82.232284,57.024184,115.843097,99.037688,99.037688,84.332959,78.030933,84.332959,54.92351,78.030933,124.245803
1810,2760,94.836337,86.433635,71.728908,84.332959,109.541068,65.426883,50.722161,107.440392,52.822835,80.131608,101.138364,90.634986
1810,2820,40.21879,67.527558,57.024184,103.23904,59.124859,50.722161,44.420138,59.124859,103.23904,57.024184,67.527558,86.433635
1810,2880,59.124859,63.326208,57.024184,94.836337,84.332959,57.024184,69.628233,65.426883,86.433635,57.024184,71.728908,78.030933
1810,2940,73.829583,69.628233,80.131608,54.92351,88.53431,46.520812,86.433635,82.232284,63.326208,61.225534,86.433635,122.145126
1471,0,275.494679,304.90422,193.568164,155.755959,130.547833,124.245803,132.64851,124.245803,113.742421,122.145126,84.332959,96.937013
1471,60,67.527558,78.030933,73.829583,61.225534,73.829583,63.326208,67.527558,50.722161,59.124859,57.024184,69.628233,75.930258
1471,120,57.024184,52.822835,52.822835,61.225534,57.024184,73.829583,50.722161,61.225534,48.621486,59.124859,46.520812,40.21879
1471,180,292.300129,267.091955,54.92351,63.326208,54.92351,48.621486,61.225534,65.426883,50.722161,52.822835,52.822835,61.225534
1471,240,1252.318129,1023.341098,141.051218,63.326208,141.051218,254.487871,290.199448,105.339716,180.964093,183.064772,178.863415,109.541068
1471,300,2437.128556,2573.677133,519.174104,443.549365,460.354855,981.327045,949.816521,378.428127,912.003911,596.899614,687.229369,422.542507
1471,360,3626.1604,3722.796376,1006.535474,1159.886945,1132.577754,1941.354401,1920.347098,1119.973516,2176.636617,1552.720312,1351.051573,1145.181995
1471,420,4468.578457,4783.70001,1655.655619,1699.770797,1636.749123,2941.309228,2836.271291,1401.468703,3214.408593,2474.941981,2437.128556,2016.980742
1471,480,4336.227823,4913.950663,1974.966098,2042.18954,2082.10349,3124.075609,3187.098609,1899.339802,3785.819909,2834.170534,2863.58114,2603.08763
1471,540,3441.291945,4298.413402,2178.737355,2248.06173,2023.282941,3067.354958,3100.96719,2033.786607,3514.819114,2617.792883,3031.641978,2651.404902
1471,600,2621.994385,3443.39272,2115.715254,1855.224499,1884.634698,2634.59889,2474.941981,1785.900509,2777.450115,2004.376346,2428.725575,2447.632283
1471,660,1798.504866,2516.956922,1668.259953,1294.332343,1481.295901,1762.792527,1622.044074,1166.189067,1613.64119,1182.994729,1987.570488,1907.742719
1471,720,907.802511,1388.864417,1069.556586,987.629151,981.327045,1231.311031,1151.484116,832.177356,1061.153768,769.156456,1449.785154,1302.735189
1471,780,496.066536,817.472474,657.819669,550.684436,567.489952,712.437693,649.4169,559.087193,567.489952,433.045935,964.52143,901.500412
1471,840,298.602174,506.569975,422.542507,349.018555,376.327442,378.428127,420.441822,491.865161,281.796722,260.789913,535.979612,611.60445
1471,900,122.145126,317.508313,222.977671,214.574954,233.48107,208.272916,214.574954,231.38039,166.259347,189.366807,281.796722,302.803538
1471,960,94.836337,151.554604,134.749187,126.34648,147.353249,162.057992,134.749187,138.950541,149.453926,126.34648,185.16545,210.373595
1471,1020,94.836337,113.742421,103.23904,75.930258,103.23904,128.447156,88.53431,122.145126,80.131608,88.53431,174.662059,136.849864
1471,1080,57.024184,86.433635,84.332959,73.829583,120.04445,80.131608,75.930258,86.433635,65.426883,44.420138,90.634986,90.634986
1471,1140,63.326208,84.332959,57.024184,65.426883,96.937013,44.420138,86.433635,86.433635,92.735661,59.124859,73.829583,63.326208
1471,1200,61.225534,92.735661,48.621486,57.024184,52.822835,50.722161,63.326208,75.930258,61.225534,52.822835,50.722161,42.319464
1471,1260,80.131608,54.92351,50.722161,38.118115,75.930258,42.319464,48.621486,50.722161,78.030933,63.326208,44.420138,44.420138
1471,1320,42.319464,59.124859,57.024184,44.420138,48.621486,59.124859,52.822835,65.426883,31.816094,48.621486,65.426883,48.621486
1471,1380,71.728908,48.621486,54.92351,67.527558,50.722161,61.225534,42.319464,73.829583,61.225534,59.124859,59.124859,42.319464
1471,1440,46.520812,80.131608,38.118115,44.420138,44.420138,40.21879,59.124859,50.722161,59.124859,38.118115,67.527558,50.722161
1471,1500,54.92351,65.426883,48.621486,50.722161,40.21879,57.024184,48.621486,50.722161,33.916768,27.614746,71.728908,50.722161
1471,1560,69.628233,57.024184,33.916768,61.225534,36.017441,38.118115,54.92351,27.614746,27.614746,40.21879,54.92351,46.520812
1471,1620,42.319464,78.030933,57.024184,38.118115,48.621486,44.420138,54.92351,105.339716,33.916768,48.621486,69.628233,46.520812
1471,1680,50.722161,63.326208,48.621486,65.426883,40.21879,42.319464,65.426883,42.319464,50.722161,46.520812,59.124859,69.628233
1471,1740,59.124859,48.621486,42.319464,52.822835,33.916768,31.816094,42.319464,50.722161,50.722161,42.319464,63.326208,44.420138
1471,1800,61.225534,57.024184,31.816094,46.520812,57.024184,50.722161,99.037688,42.319464,46.520812,69.628233,71.728908,54.92351
1471,1860,46.520812,46.520812,52.822835,46.520812,52.822835,54.92351,42.319464,67.527558,31.816094,78.030933,48.621486,54.92351
1471,1920,36.017441,31.816094,73.829583,42.319464,38.118115,73.829583,52.822835,42.319464,50.722161,29.71542,46.520812,42.319464
1471,1980,38.118115,42.319464,36.017441,44.420138,38.118115,59.124859,36.017441,52.822835,52.822835,63.326208,69.628233,82.232284
1471,2040,61.225534,50.722161,40.21879,52.822835,27.614746,23.413399,48.621486,48.621486,69.628233,46.520812,54.92351,73.829583
1471,2100,40.21879,44.420138,61.225534,65.426883,38.118115,65.426883,46.520812,42.319464,52.822835,44.420138,42.319464,42.319464
1471,2160,38.118115,52.822835,63.326208,69.628233,46.520812,50.722161,59.124859,42.319464,54.92351,38.118115,57.024184,50.722161
1471,2220,31.816094,54.92351,40.21879,38.118115,52.822835,69.628233,50.722161,33.916768,88.53431,42.319464,63.326208,57.024184
1471,2280,36.017441,75.930258,54.92351,59.124859,59.124859,46.520812,65.426883,57.024184,40.21879,33.916768,57.024184,57.024184
1471,2340,59.124859,75.930258,44.420138,78.030933,67.527558,50.722161,88.53431,25.514072,25.514072,44.420138,54.92351,57.024184
1471,2400,52.822835,59.124859,50.722161,48.621486,46.520812,38.118115,46.520812,40.21879,44.420138,46.520812,75.930258,54.92351
1471,2460,33.916768,46.520812,107.440392,29.71542,40.21879,42.319464,65.426883,48.621486,42.319464,44.420138,57.024184,52.822835
1471,2520,29.71542,42.319464,71.728908,73.829583,63.326208,69.628233,57.024184,38.118115,54.92351,38.118115,42.319464,78.030933
1471,2580,59.124859,46.520812,50.722161,31.816094,63.326208,113.742421,107.440392,44.420138,54.92351,69.628233,65.426883,44.420138
1471,2640,36.017441,69.628233,88.53431,48.621486,48.621486,48.621486,59.124859,46.520812,33.916768,36.017441,33.916768,52.822835
1471,2700,44.420138,52.822835,46.520812,122.145126,33.916768,65.426883,57.024184,38.118115,46.520812,40.21879,40.21879,44.420138
1471,2760,44.420138,59.124859,69.628233,90.634986,42.319464,42.319464,38.118115,59.124859,48.621486,36.017441,84.332959,48.621486
1471,2820,27.614746,44.420138,33.916768,31.816094,46.520812,52.822835,48.621486,46.520812,27.614746,46.520812,73.829583,48.621486
1471,2880,42.319464,48.621486,44.420138,44.420138,54.92351,50.722161,61.225534,54.92351,42.319464,52.822835,52.822835,40.21879
1471,2940,38.118115,63.326208,61.225534,40.21879,57.024184,42.319464,59.124859,52.822835,42.319464,80.131608,42.319464,59.124859
