Name,Time,A1,A2,A3,A4,A5,A6,A7,A8,A9,A10,A11,A12
Mock+Pta22,0,916.991251,553.191406,493.747145,415.280787,227.437394,217.926348,177.504414,170.371134,196.526498,151.349056,144.215778,118.060431
Mock+Pta22,60,108.549398,125.193707,58.616493,106.17164,75.260791,70.505277,60.994249,94.282851,56.238736,91.905093,108.549398,129.949224
Mock+Pta22,120,68.12752,39.594442,146.593538,160.860094,127.571466,51.483223,58.616493,56.238736,96.660608,84.77182,70.505277,213.170825
Mock+Pta22,180,70.505277,94.282851,122.815948,229.815155,629.280126,51.483223,179.882174,80.016306,129.949224,87.149578,49.105467,576.969124
Mock+Pta22,240,41.972198,108.549398,239.326203,343.947801,1953.710991,49.105467,370.103221,110.927156,153.726816,63.372006,60.994249,1677.885162
Mock+Pta22,300,65.749763,291.636985,455.70284,636.413447,4127.061561,106.17164,907.480123,163.237854,448.569535,87.149578,37.216686,3634.842421
Mock+Pta22,360,120.43819,550.813635,783.83556,1014.480379,6281.447623,175.126654,1413.949267,301.14804,726.768904,137.082501,63.372006,5988.961345
Mock+Pta22,420,179.882174,745.791118,1451.994027,1732.57469,8909.1162,420.036321,1963.222244,467.591683,1216.592365,329.681211,80.016306,8347.905529
Mock+Pta22,480,324.925682,1016.858164,2324.650674,2483.965041,10925.702274,786.213339,2667.058062,679.213388,1834.820431,629.280126,122.815948,10152.830143
Mock+Pta22,540,429.547391,1354.504366,3035.623207,2990.444163,12376.343965,1287.926129,3166.404796,971.680259,2510.121161,1482.905408,194.148737,11634.373127
Mock+Pta22,600,574.591352,1727.819078,4162.729732,4528.923876,13643.893396,2429.274999,4060.481017,1207.081201,3278.163777,2210.515204,291.636985,12466.712679
Mock+Pta22,660,809.991125,2319.895027,5465.817821,5263.695103,14071.963405,3347.121524,4526.545987,1461.50522,3684.777558,3309.075863,401.014184,12167.069443
Mock+Pta22,720,800.48001,2676.569399,6471.683175,6100.724268,14397.773779,4488.499765,4835.672209,1780.130832,4614.527944,4295.891045,624.524579,12236.03485
Mock+Pta22,780,771.94667,3028.489672,7532.254665,7384.820119,14079.097924,6041.275885,5368.32327,2017.911967,5018.770611,5501.486589,926.50238,11451.259587
Mock+Pta22,840,838.524478,3323.342984,9277.710095,7884.196292,13915.004135,7016.234942,5527.643696,2593.345237,5263.695103,6695.210527,1092.947325,10530.942038
Mock+Pta22,900,726.768904,3180.671891,9812.76877,8804.483403,13080.271377,7912.732168,5537.155373,2771.682834,5444.416568,8297.967482,1311.704064,9156.430626
Mock+Pta22,960,695.857815,3339.987961,10205.147406,9360.94121,12228.900495,8136.263544,5998.473077,3078.424431,5532.399534,9467.95277,1635.084687,7582.192234
Mock+Pta22,1020,641.168995,3492.170773,10735.456134,9658.195897,10547.588515,8647.534465,6112.61395,3496.92649,5879.576507,10549.966583,2008.400708,6521.620083
Mock+Pta22,1080,527.035926,3663.376781,10445.331641,9477.464915,9574.964473,9158.808653,5774.947672,3278.163777,5513.376182,11548.76155,2208.137384,5867.68686
Mock+Pta22,1140,370.103221,3142.626309,10549.966583,9796.122447,8721.252868,9627.281358,6069.811104,3363.766507,5261.317192,12878.129426,2664.680228,4612.150052
Mock+Pta22,1200,334.436741,3030.867517,9991.122457,9589.232711,7529.876686,9629.659399,5491.974916,3551.617262,5358.811613,12790.138383,2669.435896,3796.537263
Mock+Pta22,1260,310.659096,2769.304997,9862.707763,8932.8964,6600.092428,9251.551763,5446.794485,3513.571504,4838.050107,12618.912847,2676.569399,3135.492765
Mock+Pta22,1320,210.793064,2481.587212,9206.369209,8580.95016,5280.340484,8837.775642,5109.131016,3565.884426,4300.64681,11800.840345,2688.458573,2774.060671
Mock+Pta22,1380,232.192917,2407.874558,8723.630882,8514.365911,4305.402576,7850.904451,4538.435435,3378.033637,3929.697967,10661.735876,2769.304997,2055.957014
Mock+Pta22,1440,201.28202,2017.911967,7957.913991,7365.796326,3592.0409,7582.192234,4333.937175,3171.160494,3770.380723,9475.086879,2678.947234,1739.70811
Mock+Pta22,1500,139.46026,1725.441271,6825.998096,6778.438955,3033.245362,6645.273511,3979.633288,3021.356138,3090.313664,8473.939786,2415.008037,1501.927802
Mock+Pta22,1560,122.815948,1627.951277,6153.038882,5851.041357,2312.761555,6027.00828,3630.086695,2783.572021,3152.137703,7356.284432,2412.630211,1192.814458
Mock+Pta22,1620,132.326983,1385.415709,5318.387082,5449.172402,1796.775489,5042.549655,3183.04974,2419.763691,2579.078246,6359.919734,2281.849854,983.569179
Mock+Pta22,1680,106.17164,1085.813963,4885.608095,4764.335282,1554.239409,4400.517946,2662.302394,2044.067935,2260.449452,5301.741693,1958.466617,838.524478
Mock+Pta22,1740,77.638548,802.857788,3941.587327,4191.26428,1019.235949,3808.426603,2453.053273,2077.357361,1941.821927,4303.024693,1846.709479,631.6579
Mock+Pta22,1800,82.394063,738.657787,3313.83157,3489.792914,978.813611,3218.717491,2277.094209,1789.642064,1849.087289,3618.197382,1592.284236,615.013486
Mock+Pta22,1860,70.505277,660.191189,2857.285022,2926.242406,736.28001,2607.61223,2048.823566,1720.685659,1689.774186,3054.64597,1285.548335,603.124621
Mock+Pta22,1920,58.616493,479.480528,2802.594725,2545.788611,550.813635,2355.562392,1720.685659,1509.061201,1233.236904,2329.406323,1062.036095,479.480528
Mock+Pta22,1980,39.594442,510.391533,2139.180618,2139.180618,320.170153,1918.043804,1575.639622,1192.814458,993.080316,2229.537771,909.857905,384.369818
Mock+Pta22,2040,63.372006,431.925159,1675.507357,1815.797958,348.703331,1632.706884,1226.10353,1043.013805,940.769076,1820.553575,821.880021,377.23652
Mock+Pta22,2100,68.12752,277.370404,1413.949267,1706.418824,343.947801,1394.926894,1040.636019,993.080316,817.124462,1463.883018,826.63558,308.281332
Mock+Pta22,2160,53.86098,203.65978,1192.814458,1325.970829,274.992641,1078.680602,976.435827,947.902425,650.680091,1333.104212,548.435864,222.68187
Mock+Pta22,2220,56.238736,220.304109,1119.10299,1157.14761,194.148737,1007.347024,824.2578,729.14668,467.591683,1047.769377,481.858298,236.948441
Mock+Pta22,2280,91.905093,148.971297,876.568964,969.302476,182.259935,993.080316,724.391127,664.946738,496.124914,881.324526,486.613836,320.170153
Mock+Pta22,2340,75.260791,141.838019,771.94667,831.391139,122.815948,700.613366,553.191406,579.346896,398.636418,805.235567,362.969924,158.482335
Mock+Pta22,2400,30.083418,158.482335,767.191115,605.502393,125.193707,598.369075,524.658155,572.21358,508.013763,557.946949,462.836146,215.548586
Mock+Pta22,2460,68.12752,132.326983,624.524579,541.302551,125.193707,491.369375,486.613836,505.635993,336.814506,391.503118,296.392512,144.215778
Mock+Pta22,2520,46.72771,125.193707,591.235757,555.569178,115.682673,553.191406,367.725456,500.880454,274.992641,291.636985,253.592776,127.571466
Mock+Pta22,2580,80.016306,118.060431,500.880454,391.503118,210.793064,439.058463,379.614286,424.791856,253.592776,277.370404,296.392512,137.082501
Mock+Pta22,2640,75.260791,99.038366,446.191767,486.613836,110.927156,405.769718,294.014748,362.969924,165.615614,227.437394,148.971297,113.304915
Mock+Pta22,2700,120.43819,163.237854,355.836627,310.659096,134.704742,403.391951,263.103827,353.458862,220.304109,251.215014,343.947801,165.615614
Mock+Pta22,2760,137.082501,110.927156,303.525804,313.03686,77.638548,255.970539,336.814506,339.192271,177.504414,396.258651,198.904259,60.994249
Mock+Pta22,2820,127.571466,82.394063,284.503694,317.792388,80.016306,329.681211,343.947801,255.970539,163.237854,272.614878,234.570679,118.060431
Mock+Pta22,2880,65.749763,113.304915,339.192271,267.859352,80.016306,320.170153,215.548586,329.681211,165.615614,270.237115,232.192917,99.038366
Mock+Pta22,2940,84.77182,80.016306,236.948441,274.992641,77.638548,351.081096,251.215014,263.103827,101.416124,265.48159,184.637695,120.43819
Pa20+Pta22,0,1073.925028,553.191406,450.947303,391.503118,263.103827,194.148737,206.037541,139.46026,167.993374,144.215778,201.28202,141.838019
Pa20+Pta22,60,96.660608,99.038366,99.038366,63.372006,84.77182,46.72771,68.12752,63.372006,106.17164,72.883034,91.905093,82.394063
Pa20+Pta22,120,70.505277,58.616493,63.372006,34.83893,60.994249,56.238736,27.705662,32.461174,77.638548,65.749763,110.927156,39.594442
Pa20+Pta22,180,65.749763,49.105467,46.72771,70.505277,49.105467,46.72771,41.972198,41.972198,68.12752,49.105467,89.527335,60.994249
Pa20+Pta22,240,60.994249,77.638548,58.616493,34.83893,30.083418,120.43819,60.994249,41.972198,77.638548,37.216686,77.638548,39.594442
Pa20+Pta22,300,101.416124,46.72771,53.86098,39.594442,49.105467,63.372006,68.12752,51.483223,53.86098,51.483223,96.660608,65.749763
Pa20+Pta22,360,125.193707,41.972198,32.461174,44.349954,56.238736,134.704742,58.616493,60.994249,39.594442,56.238736,153.726816,146.593538
Pa20+Pta22,420,141.838019,27.705662,46.72771,37.216686,37.216686,220.304109,37.216686,84.77182,27.705662,41.972198,336.814506,172.748894
Pa20+Pta22,480,213.170825,56.238736,44.349954,22.950151,65.749763,565.080264,58.616493,72.883034,49.105467,39.594442,755.302227,153.726816
Pa20+Pta22,540,479.480528,30.083418,32.461174,30.083418,65.749763,895.591214,39.594442,63.372006,46.72771,60.994249,1387.793505,225.059632
Pa20+Pta22,600,664.946738,41.972198,87.149578,56.238736,56.238736,1768.241794,72.883034,56.238736,75.260791,103.793882,2181.981362,229.815155
Pa20+Pta22,660,809.991125,56.238736,120.43819,60.994249,103.793882,2747.904465,56.238736,122.815948,110.927156,91.905093,3287.675187,294.014748
Pa20+Pta22,720,1178.547717,132.326983,220.304109,144.215778,215.548586,4186.508522,58.616493,210.793064,82.394063,153.726816,4540.813324,377.23652
Pa20+Pta22,780,1789.642064,175.126654,294.014748,177.504414,320.170153,5770.191819,82.394063,362.969924,99.038366,203.65978,5406.36991,874.191183
Pa20+Pta22,840,2367.451518,305.903568,498.502684,315.414624,448.569535,7724.871175,77.638548,607.880166,122.815948,341.570036,6654.785321,1463.883018
Pa20+Pta22,900,3052.268125,460.458377,769.568892,538.92478,824.2578,9249.173733,108.549398,859.924499,172.748894,584.10244,7268.29946,3011.844759
Pa20+Pta22,960,3660.998918,771.94667,1237.992487,874.191183,1380.660117,10718.809618,206.037541,1233.236904,405.769718,1126.236355,8378.819574,4742.934217
Pa20+Pta22,1020,4455.209336,1145.258664,2010.778523,1057.280522,2388.851948,10970.885799,177.504414,1528.083601,519.902614,1875.243201,8326.503505,7028.12476
Pa20+Pta22,1080,4600.260593,1860.976339,2900.08615,1627.951277,3515.949363,11341.867283,198.904259,1913.288181,869.435622,3102.202898,8638.022418,8975.700778
Pa20+Pta22,1140,4555.080665,2436.40848,4084.259776,1925.17724,4811.893226,11513.090086,270.237115,2196.248282,1259.392615,4407.651604,7622.617908,11693.825665
Pa20+Pta22,1200,4773.846869,3385.167203,5437.282818,2552.922103,6124.503634,10775.883401,322.547917,2457.808929,1887.132256,5770.191819,7049.526437,13577.304934
Pa20+Pta22,1260,4583.615353,4098.527035,7199.338334,2812.106078,7677.3115,10956.617315,467.591683,2607.61223,2286.6055,7087.573876,5589.469618,14419.177427
Pa20+Pta22,1320,4400.517946,5513.376182,8112.483581,2995.19985,8721.252868,10514.295565,650.680091,2574.322583,2498.232014,7905.598198,4966.456739,14369.235591
Pa20+Pta22,1380,3639.598147,7342.016592,8842.531677,3768.002856,9330.026785,9415.635989,817.124462,2633.768391,2935.753774,9294.356311,3729.956995,13853.171781
Pa20+Pta22,1440,3632.464558,8145.775532,9793.744401,3708.556206,10309.782034,8295.589481,1021.613735,2441.164135,3159.271249,9270.576004,3304.320157,12899.532667
Pa20+Pta22,1500,3021.356138,9377.587443,9506.001359,3532.594381,9629.659399,8076.813649,1192.814458,2286.6055,3420.835044,9432.282234,2769.304997,10999.422775
Pa20+Pta22,1560,2650.413225,9265.819943,9660.573939,3553.995122,9822.280957,6845.02176,1532.839202,2065.468279,3178.294042,9353.807111,2277.094209,9173.076817
Pa20+Pta22,1620,2077.357361,9898.37849,8844.909695,3026.111827,9061.309602,6588.202674,1563.750614,1868.10977,3142.626309,8728.38691,1787.264256,7558.412435
Pa20+Pta22,1680,1929.932865,9477.464915,8195.713484,2964.287885,8193.335485,5770.191819,1682.640771,1551.861608,2831.128788,7884.196292,1606.55105,6290.95939
Pa20+Pta22,1740,1699.285408,8726.008896,7610.728002,2522.010309,7605.97204,5365.945356,1906.154746,1375.904525,2386.474122,6902.09278,1161.903189,5273.206749
Pa20+Pta22,1800,1280.792749,7620.239927,6027.00828,2293.738968,6835.509928,4899.875497,2015.534152,1399.682487,2217.648666,6195.841773,1321.21524,4172.241247
Pa20+Pta22,1860,1114.347414,7080.43998,5560.934571,1706.418824,5691.720287,4001.03415,2265.205097,1111.969626,1906.154746,5434.904902,976.435827,3537.3501
Pa20+Pta22,1920,1004.969239,6300.471158,4830.916412,1658.862726,4952.189325,3339.987961,2453.053273,969.302476,1777.753025,4621.66162,750.546672,2821.617432
Pa20+Pta22,1980,952.657991,5335.032475,4388.628519,1456.749623,4269.734341,3349.499379,2619.501393,864.68006,1475.772011,3996.278402,643.546769,2258.07163
Pa20+Pta22,2040,764.813337,4569.348008,3763.247122,1257.014823,3770.380723,2569.566921,2367.451518,710.12447,1352.12657,3451.747185,586.480212,2074.979545
Pa20+Pta22,2100,672.080063,4136.573071,3030.867517,1133.369721,3121.225677,2419.763691,2448.297618,714.880022,1119.10299,2835.884466,498.502684,1689.774186
Pa20+Pta22,2160,719.635574,3675.266101,2498.232014,1073.925028,2797.839048,1979.866938,2201.003922,579.346896,1195.192248,2607.61223,450.947303,1359.259956
Pa20+Pta22,2220,486.613836,2980.932788,2338.91762,824.2578,2220.026487,1718.307853,2170.092264,515.147074,907.480123,2303.250261,372.480987,1252.259239
Pa20+Pta22,2280,586.480212,2667.058062,2105.891166,743.413341,1922.799428,1442.482835,1834.820431,469.969452,729.14668,2039.312304,324.925682,1102.458475
Pa20+Pta22,2340,579.346896,2403.118905,1792.019872,695.857815,1661.24053,1378.282321,1535.217002,496.124914,829.013359,1849.087289,358.214393,1069.169454
Pa20+Pta22,2400,427.169624,1991.756008,1644.595902,593.61353,1637.462491,1121.480779,1392.549097,396.258651,779.080004,1680.262966,246.459489,985.946963
Pa20+Pta22,2460,372.480987,1803.908914,1333.104212,555.569178,1287.926129,985.946963,1090.569537,401.014184,683.968938,1304.570683,246.459489,878.946745
Pa20+Pta22,2520,420.036321,1637.462491,1404.43808,488.991606,1245.125863,826.63558,988.324748,329.681211,531.791467,1261.770408,933.635728,855.168938
Pa20+Pta22,2580,310.659096,1378.282321,1166.658768,367.725456,1064.413881,774.324448,966.924692,315.414624,586.480212,1152.392032,320.170153,695.857815
Pa20+Pta22,2640,234.570679,1473.394212,1209.458992,415.280787,1000.21367,653.057866,848.035598,217.926348,462.836146,1054.902735,194.148737,641.168995
Pa20+Pta22,2700,386.747585,1280.792749,1019.235949,458.080609,809.991125,624.524579,757.680004,267.859352,498.502684,1009.724809,360.592158,672.080063
Pa20+Pta22,2760,313.03686,1090.569537,1047.769377,343.947801,722.013351,557.946949,672.080063,239.326203,439.058463,869.435622,296.392512,469.969452
Pa20+Pta22,2820,305.903568,912.235687,905.102341,355.836627,648.302317,479.480528,700.613366,241.703965,386.747585,845.657818,263.103827,462.836146
Pa20+Pta22,2880,253.592776,852.791158,783.83556,267.859352,655.43564,491.369375,607.880166,187.015455,443.813999,767.191115,301.14804,391.503118
Pa20+Pta22,2940,251.215014,890.835651,793.346674,265.48159,603.124621,336.814506,624.524579,213.170825,441.436231,693.480039,277.370404,362.969924
OTU5A+Pta22,0,916.991251,431.925159,508.013763,367.725456,305.903568,222.68187,265.48159,153.726816,120.43819,165.615614,320.170153,160.860094
OTU5A+Pta22,60,80.016306,91.905093,84.77182,77.638548,68.12752,77.638548,58.616493,51.483223,70.505277,72.883034,189.393216,106.17164
OTU5A+Pta22,120,68.12752,60.994249,51.483223,41.972198,87.149578,68.12752,101.416124,75.260791,60.994249,72.883034,125.193707,44.349954
OTU5A+Pta22,180,103.793882,25.327906,77.638548,30.083418,84.77182,39.594442,58.616493,49.105467,60.994249,68.12752,84.77182,91.905093
OTU5A+Pta22,240,46.72771,39.594442,41.972198,60.994249,44.349954,37.216686,77.638548,65.749763,49.105467,44.349954,96.660608,53.86098
OTU5A+Pta22,300,46.72771,32.461174,56.238736,46.72771,51.483223,68.12752,53.86098,58.616493,41.972198,39.594442,244.081727,148.971297
OTU5A+Pta22,360,65.749763,51.483223,63.372006,49.105467,32.461174,70.505277,68.12752,39.594442,56.238736,63.372006,305.903568,53.86098
OTU5A+Pta22,420,51.483223,58.616493,41.972198,46.72771,49.105467,68.12752,37.216686,41.972198,39.594442,46.72771,531.791467,106.17164
OTU5A+Pta22,480,49.105467,39.594442,63.372006,108.549398,82.394063,91.905093,89.527335,34.83893,63.372006,87.149578,790.968895,99.038366
OTU5A+Pta22,540,84.77182,80.016306,94.282851,198.904259,110.927156,132.326983,229.815155,94.282851,34.83893,87.149578,1380.660117,182.259935
OTU5A+Pta22,600,103.793882,99.038366,132.326983,177.504414,82.394063,260.726064,236.948441,134.704742,46.72771,151.349056,2058.33483,160.860094
OTU5A+Pta22,660,125.193707,91.905093,153.726816,184.637695,80.016306,467.591683,277.370404,267.859352,75.260791,141.838019,2726.503938,208.415303
OTU5A+Pta22,720,210.793064,177.504414,170.371134,317.792388,182.259935,600.746848,308.281332,491.369375,141.838019,184.637695,3534.97224,213.170825
OTU5A+Pta22,780,305.903568,246.459489,198.904259,355.836627,213.170825,1081.058389,379.614286,924.124598,279.748168,246.459489,4122.305806,379.614286
OTU5A+Pta22,840,581.724668,324.925682,348.703331,472.347221,194.148737,1753.974951,683.968938,1566.128415,298.770276,313.03686,4595.50481,724.391127
OTU5A+Pta22,900,876.568964,260.726064,427.169624,529.413696,286.881458,2322.27285,631.6579,2184.359182,567.458036,410.525252,4773.846869,1088.19175
OTU5A+Pta22,960,995.458101,286.881458,531.791467,679.213388,467.591683,2900.08615,1081.058389,3442.235756,831.391139,512.769304,5130.53218,1811.04234
OTU5A+Pta22,1020,1152.392032,453.325072,748.168895,788.591117,560.324721,2947.642986,1406.815876,4576.48168,1140.503087,712.502246,5004.503188,2522.010309
OTU5A+Pta22,1080,1530.461401,508.013763,962.169125,814.746683,612.635712,3192.561139,1739.70811,6124.503634,1333.104212,981.191395,4614.527944,2778.816346
OTU5A+Pta22,1140,1333.104212,581.724668,1259.392615,1150.014243,821.880021,3211.58394,2179.603542,7755.784979,1751.597144,1092.947325,4146.084583,3159.271249
OTU5A+Pta22,1200,1566.128415,695.857815,1818.175766,1292.681715,969.302476,3059.401662,2740.770955,8699.850744,2369.829343,1518.5724,3965.36605,3380.411492
OTU5A+Pta22,1260,1340.237596,771.94667,2015.534152,1708.79663,1195.192248,2926.242406,3216.33964,10148.07403,2298.494615,1713.552241,3378.033637,2921.486723
OTU5A+Pta22,1320,1440.105037,971.680259,2262.827274,1896.6435,1247.503655,3147.382006,3777.514324,10901.921482,2721.748267,2115.402437,2964.287885,2721.748267
OTU5A+Pta22,1380,1378.282321,1090.569537,2586.211741,1991.756008,1575.639622,2914.353198,4274.490105,11394.185323,3066.5352,2298.494615,2531.521629,2657.546726
OTU5A+Pta22,1440,1128.614144,1150.014243,3071.290892,2438.786308,1673.129552,2702.725583,4607.394268,11213.450421,3359.010797,2372.207168,2067.846095,2303.250261
OTU5A+Pta22,1500,1157.14761,1306.948476,3323.342984,2693.214242,1896.6435,2341.295444,4954.567228,11149.242067,3663.376781,2431.652826,1908.532557,2134.424981
OTU5A+Pta22,1560,1007.347024,1423.460455,3444.613613,3121.225677,1970.355684,2063.090463,4876.096495,10614.174456,3822.693813,2488.720698,1908.532557,1737.330303
OTU5A+Pta22,1620,798.102231,1399.682487,3727.579129,2959.532199,2072.601728,1761.108372,5009.258996,10378.74584,4012.92352,2633.768391,1573.26182,1789.642064
OTU5A+Pta22,1680,702.991142,1276.037164,3927.320096,3209.206089,2098.757714,1696.907602,4800.003738,9299.112373,4005.789897,2843.017984,1423.460455,1361.637751
OTU5A+Pta22,1740,698.235591,1271.281578,3855.983979,3634.842421,2193.870462,1314.081858,4631.17319,8274.187471,3998.656276,3002.333382,1230.859112,1152.392032
OTU5A+Pta22,1800,662.568964,1147.636453,4117.550051,3435.102185,1975.111311,1430.593847,4412.407376,7163.668809,3932.075839,2550.544273,1228.481321,928.880163
OTU5A+Pta22,1860,524.658155,1199.947829,4122.305806,3622.953107,1956.088804,1190.436667,3972.499669,6186.330017,3836.961025,2571.944752,1199.947829,933.635728
OTU5A+Pta22,1920,446.191767,1100.080687,4077.126148,3213.96179,2089.246445,1054.902735,3684.777558,5094.863577,3520.705082,2357.940217,1002.591455,750.546672
OTU5A+Pta22,1980,336.814506,1142.880876,4010.545645,3225.851043,1756.352758,952.657991,3280.541629,4533.679655,3185.42759,2379.340645,990.702532,634.035673
OTU5A+Pta22,2040,412.903019,1012.102594,3613.441658,3023.733982,1706.418824,912.235687,3035.623207,3822.693813,2807.350401,2160.580987,871.813403,588.857985
OTU5A+Pta22,2100,334.436741,829.013359,3408.945762,2850.151503,1682.640771,881.324526,2548.166442,3496.92649,2562.433427,1965.600057,802.857788,439.058463
OTU5A+Pta22,2160,353.458862,931.257945,3178.294042,2472.075898,1587.528631,783.83556,2343.673269,2935.753774,2410.252384,1818.175766,807.613346,384.369818
OTU5A+Pta22,2220,353.458862,712.502246,2850.151503,2220.026487,1406.815876,705.368918,2074.979545,2284.227677,2143.936255,1704.041018,664.946738,329.681211
OTU5A+Pta22,2280,284.503694,833.768918,2631.390558,2036.934488,1245.125863,655.43564,1803.908914,2191.492642,1987.00038,1347.37098,579.346896,320.170153
OTU5A+Pta22,2340,222.68187,702.991142,2300.872438,1827.687003,1228.481321,562.702492,1808.664531,1811.04234,1547.106006,1466.260816,667.324513,305.903568
OTU5A+Pta22,2400,277.370404,657.813415,2229.537771,1630.32908,1180.925507,648.302317,1589.906433,1525.705801,1440.105037,1276.037164,615.013486,286.881458
OTU5A+Pta22,2460,286.881458,560.324721,2127.291526,1471.016414,1159.525399,588.857985,1364.015547,1380.660117,1354.504366,1306.948476,572.21358,253.592776
OTU5A+Pta22,2520,246.459489,576.969124,2041.690119,1385.415709,1040.636019,565.080264,1532.839202,1287.926129,1130.991932,1150.014243,645.924543,227.437394
OTU5A+Pta22,2580,225.059632,472.347221,1899.021311,1287.926129,845.657818,420.036321,1280.792749,1102.458475,990.702532,995.458101,493.747145,182.259935
OTU5A+Pta22,2640,179.882174,448.569535,1951.333178,1152.392032,912.235687,493.747145,1166.658768,1057.280522,940.769076,983.569179,479.480528,177.504414
OTU5A+Pta22,2700,213.170825,465.213915,1882.376634,1133.369721,945.524642,484.236067,1043.013805,890.835651,993.080316,1045.391591,517.524844,144.215778
OTU5A+Pta22,2760,260.726064,436.680695,1478.14981,878.946745,724.391127,496.124914,1028.747091,831.391139,990.702532,757.680004,562.702492,351.081096
OTU5A+Pta22,2820,170.371134,427.169624,1492.416604,981.191395,838.524478,436.680695,781.457782,686.346713,852.791158,779.080004,529.413696,120.43819
OTU5A+Pta22,2880,165.615614,360.592158,1451.994027,938.391293,745.791118,498.502684,931.257945,598.369075,786.213339,662.568964,536.547009,177.504414
OTU5A+Pta22,2940,203.65978,355.836627,1335.482007,755.302227,664.946738,396.258651,819.502241,498.502684,693.480039,745.791118,505.635993,189.393216
OTU5B+Pta22,0,902.724559,486.613836,372.480987,253.592776,329.681211,148.971297,201.28202,196.526498,113.304915,127.571466,75.260791,217.926348
OTU5B+Pta22,60,80.016306,65.749763,91.905093,82.394063,118.060431,99.038366,96.660608,72.883034,70.505277,63.372006,82.394063,158.482335
OTU5B+Pta22,120,51.483223,51.483223,53.86098,46.72771,113.304915,70.505277,44.349954,77.638548,65.749763,58.616493,58.616493,118.060431
OTU5B+Pta22,180,77.638548,46.72771,39.594442,77.638548,91.905093,89.527335,34.83893,89.527335,44.349954,94.282851,229.815155,655.43564
OTU5B+Pta22,240,63.372006,49.105467,58.616493,139.46026,82.394063,163.237854,20.572395,194.148737,44.349954,260.726064,622.146805,2115.402437
OTU5B+Pta22,300,106.17164,49.105467,187.015455,284.503694,146.593538,255.970539,65.749763,217.926348,32.461174,453.325072,1325.970829,5375.457014
OTU5B+Pta22,360,167.993374,39.594442,422.414089,465.213915,313.03686,626.902352,53.86098,327.303446,72.883034,610.257939,2940.509459,9387.099578
OTU5B+Pta22,420,289.259221,46.72771,674.457838,653.057866,831.391139,914.613469,72.883034,332.058976,87.149578,1114.347414,5708.365757,13586.817568
OTU5B+Pta22,480,362.969924,75.260791,919.369033,1114.347414,2010.778523,1340.237596,39.594442,538.92478,137.082501,1604.173248,10288.379485,15586.873992
OTU5B+Pta22,540,636.413447,113.304915,1164.280978,1808.664531,3708.556206,1956.088804,60.994249,869.435622,201.28202,2479.209383,15349.052536,15881.773579
OTU5B+Pta22,600,798.102231,158.482335,1727.819078,2854.907182,6409.856571,2633.768391,96.660608,1344.993185,472.347221,3582.529454,20186.479962,14894.815519
OTU5B+Pta22,660,1073.925028,198.904259,2098.757714,4043.83589,8143.397535,3230.606745,156.104575,2055.957014,686.346713,4571.725898,23701.765533,13534.498094
OTU5B+Pta22,720,1539.972604,417.658554,2688.458573,5936.646839,10022.037137,3651.487463,225.059632,2945.265144,1142.880876,5506.242426,25373.839853,11689.06946
OTU5B+Pta22,780,1934.68849,733.902234,3532.594381,7608.350021,11729.497209,4207.909438,324.925682,4174.619126,1794.397681,6685.698712,26846.150432,9998.256613
OTU5B+Pta22,840,2353.184567,840.902258,4091.393405,9662.951981,12293.109715,4688.242631,610.257939,5463.439904,2450.675445,7413.355816,26413.255011,8402.599617
OTU5B+Pta22,900,2624.257059,1178.547717,5035.415941,11539.249158,12837.701097,4619.283728,928.880163,5903.355807,3190.183289,7898.464229,24919.545934,7032.880688
OTU5B+Pta22,960,3401.812194,1715.930047,5444.416568,13301.439038,12504.762694,5054.43918,1012.102594,7413.355816,4081.8819,7572.680314,23713.65783,5663.185203
OTU5B+Pta22,1020,3855.983979,2132.047163,5936.646839,15444.181033,12002.979575,4543.191214,1504.305601,7855.660427,4657.330012,7732.005128,22070.159118,4426.674693
OTU5B+Pta22,1080,4331.559292,2545.788611,6326.628526,16619.0273,10871.006463,4084.259776,1851.465099,8956.676607,5137.665902,7770.052892,19794.052385,3841.716763
OTU5B+Pta22,1140,4360.0939,2930.99809,6343.274128,16930.578495,9439.41634,3763.247122,2250.938165,8697.47273,5515.754101,7051.904401,17563.19763,3087.935817
OTU5B+Pta22,1200,4343.448711,3332.854399,6371.809454,17156.513327,8773.569194,3432.724328,2550.544273,8989.968909,5967.559952,6966.297726,15586.873992,2393.6076
OTU5B+Pta22,1260,4476.610324,3515.949363,6588.202674,16885.391606,7582.192234,3178.294042,2980.932788,8535.767985,5682.208591,6286.203507,14083.854271,2143.936255
OTU5B+Pta22,1320,4376.739093,3732.33486,6740.391663,16488.223725,6459.79344,2947.642986,3183.04974,8385.953586,5610.87091,5801.104868,12326.403405,1718.307853
OTU5B+Pta22,1380,4500.389207,3668.132509,6348.030015,15199.225381,5572.824173,2574.322583,3320.96513,7679.689483,5123.398458,5270.828837,10659.357805,1451.994027
OTU5B+Pta22,1440,3951.098815,3846.472501,6264.802034,13536.876251,5047.305465,2426.897172,3361.388652,7410.977841,4880.852295,4764.335282,9434.660269,1078.680602
OTU5B+Pta22,1500,3996.278402,3927.320096,5896.222016,13268.144942,4196.020039,1925.17724,3416.079331,6124.503634,4360.0939,4502.767096,8022.119785,1012.102594
OTU5B+Pta22,1560,3634.842421,3908.297125,5941.402701,12017.248245,3413.701474,1856.220719,3204.450389,5884.332366,4020.057142,3851.22824,7213.606148,1019.235949
OTU5B+Pta22,1620,3313.83157,3534.97224,5194.735704,11353.757743,3085.55797,1753.974951,3425.590757,5508.620345,3442.235756,3368.522216,6022.252412,764.813337
OTU5B+Pta22,1680,3133.114916,3411.323618,4876.096495,9891.244344,2743.148792,1585.150829,2823.995271,4790.492148,3342.365816,3014.222604,5080.59614,553.191406
OTU5B+Pta22,1740,2919.108881,3128.359221,4452.831449,9239.661614,2429.274999,1547.106006,2612.367895,4383.872748,2683.702903,2721.748267,4528.923876,541.302551
OTU5B+Pta22,1800,2752.660138,2966.665728,4424.296807,8809.239437,2039.312304,1342.615391,2510.121161,3696.666881,2483.965041,2417.385864,4124.683683,595.991302
OTU5B+Pta22,1860,2262.827274,2757.415812,4069.99252,7758.162964,1839.57605,1078.680602,2395.985426,3382.789348,2272.338564,2027.423227,3261.518812,284.503694
OTU5B+Pta22,1920,2153.44753,2529.143799,3534.97224,7082.817945,1632.706884,1062.036095,2189.114822,2916.731039,1984.622566,1732.57469,2807.350401,291.636985
OTU5B+Pta22,1980,1967.97787,2224.782129,3451.747185,6236.266746,1461.50522,988.324748,1975.111311,2726.503938,1654.107117,1623.195671,2434.030653,213.170825
OTU5B+Pta22,2040,1827.687003,2091.624262,3111.714287,6114.991887,1352.12657,845.657818,1811.04234,2184.359182,1730.196884,1575.639622,2098.757714,151.349056
OTU5B+Pta22,2100,1599.417643,1979.866938,2778.816346,5306.497519,1035.880448,786.213339,1618.440064,1901.399123,1283.170542,1330.726417,1663.618334,229.815155
OTU5B+Pta22,2160,1513.8168,1639.840294,2678.947234,4742.934217,995.458101,634.035673,1249.881447,1939.444115,1330.726417,1159.525399,1563.750614,653.057866
OTU5B+Pta22,2220,1287.926129,1511.439,2400.741078,4119.927928,871.813403,543.680322,1333.104212,1597.03984,1154.769821,962.169125,1325.970829,232.192917
OTU5B+Pta22,2280,1040.636019,1501.927802,2136.802799,3851.22824,626.902352,603.124621,1257.014823,1404.43808,1009.724809,843.280038,1278.414956,91.905093
OTU5B+Pta22,2340,1021.613735,1278.414956,1777.753025,3309.075863,615.013486,477.102759,974.058043,1102.458475,966.924692,769.568892,1033.502662,175.126654
OTU5B+Pta22,2400,900.346778,1185.681087,1772.997409,2788.327697,343.947801,443.813999,974.058043,1052.524949,724.391127,612.635712,893.213433,80.016306
OTU5B+Pta22,2460,833.768918,1054.902735,1530.461401,2507.743331,332.058976,434.302927,771.94667,833.768918,700.613366,767.191115,653.057866,160.860094
OTU5B+Pta22,2520,672.080063,995.458101,1280.792749,2193.870462,324.925682,527.035926,676.835613,653.057866,698.235591,531.791467,576.969124,82.394063
OTU5B+Pta22,2580,657.813415,933.635728,1192.814458,1811.04234,358.214393,310.659096,576.969124,648.302317,669.702288,517.524844,550.813635,265.48159
OTU5B+Pta22,2640,496.124914,802.857788,1142.880876,1608.928853,265.48159,317.792388,498.502684,550.813635,572.21358,339.192271,538.92478,63.372006
OTU5B+Pta22,2700,531.791467,757.680004,893.213433,1283.170542,232.192917,267.859352,460.458377,512.769304,481.858298,360.592158,555.569178,113.304915
OTU5B+Pta22,2760,446.191767,662.568964,795.724452,1012.102594,213.170825,289.259221,474.72499,515.147074,441.436231,294.014748,519.902614,153.726816
OTU5B+Pta22,2820,422.414089,503.258224,691.102264,940.769076,267.859352,286.881458,448.569535,379.614286,415.280787,248.837252,591.235757,118.060431
OTU5B+Pta22,2880,353.458862,446.191767,600.746848,897.968996,203.65978,308.281332,377.23652,313.03686,341.570036,251.215014,355.836627,103.793882
OTU5B+Pta22,2940,322.547917,510.391533,586.480212,774.324448,172.748894,329.681211,320.170153,274.992641,341.570036,227.437394,355.836627,144.215778
OTU5Bv+Pta22,0,855.168938,662.568964,439.058463,308.281332,234.570679,139.46026,267.859352,201.28202,163.237854,151.349056,127.571466,108.549398
OTU5Bv+Pta22,60,106.17164,72.883034,63.372006,68.12752,80.016306,77.638548,63.372006,82.394063,49.105467,60.994249,49.105467,84.77182
OTU5Bv+Pta22,120,77.638548,58.616493,82.394063,63.372006,34.83893,70.505277,75.260791,70.505277,84.77182,96.660608,53.86098,72.883034
OTU5Bv+Pta22,180,49.105467,37.216686,51.483223,53.86098,89.527335,44.349954,46.72771,70.505277,44.349954,53.86098,63.372006,87.149578
OTU5Bv+Pta22,240,44.349954,63.372006,44.349954,37.216686,113.304915,77.638548,51.483223,60.994249,39.594442,68.12752,41.972198,106.17164
OTU5Bv+Pta22,300,84.77182,58.616493,44.349954,46.72771,410.525252,37.216686,25.327906,122.815948,51.483223,84.77182,80.016306,153.726816
OTU5Bv+Pta22,360,94.282851,30.083418,41.972198,32.461174,745.791118,96.660608,34.83893,194.148737,39.594442,148.971297,172.748894,417.658554
OTU5Bv+Pta22,420,246.459489,60.994249,87.149578,34.83893,1142.880876,156.104575,60.994249,436.680695,53.86098,108.549398,251.215014,752.92445
OTU5Bv+Pta22,480,431.925159,317.792388,110.927156,60.994249,1687.396381,436.680695,60.994249,833.768918,118.060431,122.815948,702.991142,1532.839202
OTU5Bv+Pta22,540,1280.792749,660.191189,163.237854,80.016306,2124.913708,867.057841,58.616493,1558.995011,258.348301,248.837252,1261.770408,2495.854185
OTU5Bv+Pta22,600,1934.68849,1537.594803,274.992641,153.726816,3023.733982,1761.108372,141.838019,2538.65512,434.302927,398.636418,2110.646801,4369.605439
OTU5Bv+Pta22,660,3014.222604,2702.725583,353.458862,301.14804,3641.97601,3237.740298,184.637695,3867.873327,1021.613735,496.124914,2593.345237,6626.249894
OTU5Bv+Pta22,720,4136.573071,4322.047758,405.769718,389.125351,4811.893226,4959.323032,310.659096,5472.951574,1965.600057,676.835613,3546.861541,8588.08419
OTU5Bv+Pta22,780,4890.363896,5753.546336,719.635574,874.191183,6255.29027,7066.172189,560.324721,7558.412435,3580.151592,757.680004,4626.417405,10416.794863
OTU5Bv+Pta22,840,5242.293904,8029.253765,900.346778,1463.883018,7325.370782,8871.067894,833.768918,8994.724953,5392.102418,962.169125,4897.497597,12019.626357
OTU5Bv+Pta22,900,5922.379252,9529.781736,1009.724809,2196.248282,9039.907388,11158.754412,1271.281578,10305.025911,7665.421585,1126.236355,5603.737146,14283.621088
OTU5Bv+Pta22,960,6305.227043,11170.644846,1575.639622,3026.111827,10528.56397,12937.582888,1858.598529,11691.447562,9722.403054,1504.305601,5722.633305,14659.37431
OTU5Bv+Pta22,1020,6585.824723,12400.125196,1884.754445,4217.420959,11263.390287,14450.093817,2281.849854,12530.922089,11800.840345,1654.107117,5679.830668,15981.659169
OTU5Bv+Pta22,1080,6897.33686,13134.968698,2315.139379,5346.922043,12887.641976,14773.527537,2766.92716,13577.304934,13722.372726,1661.24053,5677.452744,15810.426805
OTU5Bv+Pta22,1140,6859.289511,13287.170138,2693.214242,6495.462651,13772.314158,14628.457839,3185.42759,13843.659115,15225.385658,1903.776934,4861.829098,14992.321677
OTU5Bv+Pta22,1200,6628.627846,13596.330203,2954.776514,7463.293311,14459.606555,15023.238288,3375.655782,13398.943254,15339.539692,2086.868628,4712.021577,14331.18469
OTU5Bv+Pta22,1260,6288.581449,12790.138383,3622.953107,8428.757671,13898.356958,13995.861902,3794.159396,13748.53252,15287.219073,2098.757714,4612.150052,12697.391172
OTU5Bv+Pta22,1320,5812.994505,12794.894653,4012.92352,8611.864295,13891.222455,12997.036394,4364.849669,13332.354996,15489.367109,2105.891166,3934.453711,11981.576573
OTU5Bv+Pta22,1380,5836.773785,11743.765831,4134.195194,9827.037051,13601.086521,12309.756558,4374.361208,12901.910805,14328.806509,2191.492642,3301.942304,10611.796386
OTU5Bv+Pta22,1440,5458.68407,10545.210446,4307.780459,9384.721544,13206.313087,11208.694245,4345.826595,12076.701068,14060.07254,2324.650674,3038.001052,9437.038304
OTU5Bv+Pta22,1500,4745.312113,9541.671928,4612.150052,9553.562121,11786.571712,10017.281031,4324.425641,11460.771968,13498.825746,1899.021311,2664.680228,8818.751504
OTU5Bv+Pta22,1560,4593.126918,8668.936575,4526.545987,9370.453342,10854.359919,9127.894307,4398.140061,10167.098484,12005.357686,2139.180618,2362.695867,7641.641762
OTU5Bv+Pta22,1620,4222.176719,7772.430878,4196.020039,9030.395294,10117.159302,8571.438121,3746.602057,8821.129521,11063.631009,1915.665993,1941.821927,6464.549334
OTU5Bv+Pta22,1680,3480.28148,6897.33686,4174.619126,7995.961863,8837.775642,7605.97204,3594.418762,8340.771521,10257.464703,1918.043804,1851.465099,5893.844086
OTU5Bv+Pta22,1740,3320.96513,5898.599946,4001.03415,7218.362087,8117.239573,7158.912874,3328.098691,7106.597603,8797.349354,1680.262966,1513.8168,4849.939602
OTU5Bv+Pta22,1800,2900.08615,5513.376182,3765.624989,6590.580625,6664.297132,6412.234517,2997.577694,6664.297132,8343.149524,1604.173248,1361.637751,4367.227554
OTU5Bv+Pta22,1860,2581.456078,4457.587223,3466.014331,5503.864508,6357.54179,5589.469618,3004.711227,5739.278782,7263.543519,1306.948476,1223.725738,3637.220284
OTU5Bv+Pta22,1920,2438.786308,3867.873327,2964.287885,4871.340696,5332.654561,4833.29431,2327.028498,4750.067905,6055.543493,1299.815095,1145.258664,3354.255088
OTU5Bv+Pta22,1980,2141.558436,3851.22824,2985.688475,4100.904912,4600.260593,4488.499765,2113.024619,4138.950949,5644.16182,1092.947325,897.968996,2769.304997
OTU5Bv+Pta22,2040,1977.489124,3023.733982,2757.415812,3580.151592,4138.950949,3867.873327,2148.691892,3753.735656,4823.782717,1173.792137,886.080089,2407.874558
OTU5Bv+Pta22,2100,1665.996139,2595.723069,2526.765969,3092.69151,3420.835044,3199.694689,1841.953859,3252.007406,4234.066122,985.946963,783.83556,2077.357361
OTU5Bv+Pta22,2160,1423.460455,2134.424981,2184.359182,2621.879226,3028.489672,3175.916192,1872.865391,2881.063424,4452.831449,819.502241,698.235591,1844.331669
OTU5Bv+Pta22,2220,1216.592365,2191.492642,1687.396381,2386.474122,2595.723069,2950.020829,1670.751748,2381.718471,3171.160494,869.435622,579.346896,1639.840294
OTU5Bv+Pta22,2280,1081.058389,1661.24053,1723.063465,1934.68849,2139.180618,2464.942413,1413.949267,2229.537771,2866.796382,693.480039,488.991606,1361.637751
OTU5Bv+Pta22,2340,855.168938,1594.662038,1492.416604,1758.730565,1963.222244,2220.026487,1299.815095,1803.908914,2386.474122,581.724668,500.880454,1066.791668
OTU5Bv+Pta22,2400,874.191183,1325.970829,1337.859801,1487.661006,1739.70811,1887.132256,1197.570038,1440.105037,2084.490811,655.43564,529.413696,1066.791668
OTU5Bv+Pta22,2460,669.702288,1073.925028,1171.414347,1161.903189,1330.726417,1578.017423,1154.769821,1321.21524,1575.639622,415.280787,436.680695,888.45787
OTU5Bv+Pta22,2520,1021.613735,845.657818,1126.236355,1076.302815,1138.125298,1409.193673,876.568964,1040.636019,1530.461401,420.036321,377.23652,800.48001
OTU5Bv+Pta22,2580,584.10244,805.235567,905.102341,876.568964,919.369033,1402.060283,952.657991,983.569179,1366.393342,472.347221,462.836146,674.457838
OTU5Bv+Pta22,2640,474.72499,864.68006,1073.925028,881.324526,790.968895,1178.547717,786.213339,838.524478,1076.302815,377.23652,327.303446,605.502393
OTU5Bv+Pta22,2700,420.036321,565.080264,729.14668,762.435559,572.21358,862.30228,595.991302,674.457838,916.991251,305.903568,294.014748,626.902352
OTU5Bv+Pta22,2760,429.547391,434.302927,710.12447,631.6579,529.413696,788.591117,548.435864,619.769032,807.613346,317.792388,220.304109,405.769718
OTU5Bv+Pta22,2820,422.414089,493.747145,581.724668,733.902234,503.258224,869.435622,522.280385,605.502393,669.702288,305.903568,260.726064,529.413696
OTU5Bv+Pta22,2880,427.169624,389.125351,479.480528,572.21358,448.569535,724.391127,524.658155,541.302551,557.946949,260.726064,263.103827,341.570036
OTU5Bv+Pta22,2940,324.925682,398.636418,660.191189,548.435864,420.036321,508.013763,496.124914,553.191406,531.791467,329.681211,225.059632,479.480528
Mock+OTU5A,0,819.502241,484.236067,477.102759,279.748168,279.748168,260.726064,239.326203,146.593538,158.482335,187.015455,127.571466,113.304915
Mock+OTU5A,60,110.927156,65.749763,129.949224,77.638548,115.682673,70.505277,110.927156,53.86098,87.149578,82.394063,63.372006,80.016306
Mock+OTU5A,120,108.549398,72.883034,49.105467,65.749763,53.86098,68.12752,63.372006,72.883034,51.483223,82.394063,41.972198,56.238736
Mock+OTU5A,180,41.972198,58.616493,37.216686,37.216686,49.105467,63.372006,58.616493,75.260791,51.483223,46.72771,65.749763,72.883034
Mock+OTU5A,240,44.349954,41.972198,60.994249,37.216686,27.705662,39.594442,65.749763,49.105467,37.216686,46.72771,56.238736,65.749763
Mock+OTU5A,300,25.327906,60.994249,34.83893,37.216686,46.72771,77.638548,60.994249,41.972198,51.483223,60.994249,44.349954,51.483223
Mock+OTU5A,360,32.461174,46.72771,56.238736,46.72771,49.105467,32.461174,56.238736,49.105467,72.883034,58.616493,30.083418,77.638548
Mock+OTU5A,420,65.749763,27.705662,63.372006,34.83893,72.883034,58.616493,30.083418,22.950151,51.483223,34.83893,34.83893,53.86098
Mock+OTU5A,480,39.594442,37.216686,49.105467,32.461174,44.349954,32.461174,56.238736,37.216686,65.749763,37.216686,60.994249,39.594442
Mock+OTU5A,540,51.483223,44.349954,37.216686,51.483223,46.72771,56.238736,46.72771,39.594442,20.572395,56.238736,34.83893,82.394063
Mock+OTU5A,600,27.705662,41.972198,25.327906,39.594442,53.86098,46.72771,87.149578,46.72771,39.594442,75.260791,63.372006,91.905093
Mock+OTU5A,660,51.483223,39.594442,56.238736,49.105467,49.105467,60.994249,46.72771,37.216686,46.72771,34.83893,53.86098,30.083418
Mock+OTU5A,720,63.372006,49.105467,44.349954,34.83893,60.994249,60.994249,46.72771,96.660608,58.616493,44.349954,44.349954,39.594442
Mock+OTU5A,780,49.105467,46.72771,27.705662,49.105467,60.994249,60.994249,56.238736,39.594442,68.12752,60.994249,63.372006,53.86098
Mock+OTU5A,840,68.12752,70.505277,103.793882,65.749763,39.594442,53.86098,63.372006,49.105467,63.372006,22.950151,44.349954,99.038366
Mock+OTU5A,900,46.72771,44.349954,58.616493,70.505277,84.77182,96.660608,91.905093,75.260791,80.016306,44.349954,70.505277,84.77182
Mock+OTU5A,960,51.483223,70.505277,32.461174,44.349954,68.12752,37.216686,103.793882,80.016306,49.105467,68.12752,46.72771,58.616493
Mock+OTU5A,1020,30.083418,56.238736,53.86098,46.72771,68.12752,68.12752,96.660608,60.994249,27.705662,53.86098,49.105467,75.260791
Mock+OTU5A,1080,37.216686,68.12752,44.349954,56.238736,34.83893,34.83893,110.927156,65.749763,84.77182,60.994249,70.505277,49.105467
Mock+OTU5A,1140,53.86098,84.77182,58.616493,91.905093,27.705662,75.260791,115.682673,77.638548,63.372006,49.105467,44.349954,68.12752
Mock+OTU5A,1200,56.238736,63.372006,41.972198,39.594442,46.72771,63.372006,122.815948,46.72771,68.12752,34.83893,77.638548,53.86098
Mock+OTU5A,1260,20.572395,72.883034,60.994249,44.349954,51.483223,106.17164,172.748894,49.105467,41.972198,32.461174,46.72771,63.372006
Mock+OTU5A,1320,58.616493,72.883034,51.483223,68.12752,51.483223,99.038366,94.282851,58.616493,87.149578,63.372006,63.372006,56.238736
Mock+OTU5A,1380,18.19464,68.12752,37.216686,30.083418,60.994249,120.43819,80.016306,84.77182,49.105467,53.86098,68.12752,120.43819
Mock+OTU5A,1440,41.972198,68.12752,37.216686,37.216686,58.616493,75.260791,65.749763,137.082501,46.72771,56.238736,41.972198,89.527335
Mock+OTU5A,1500,49.105467,37.216686,58.616493,58.616493,39.594442,72.883034,96.660608,68.12752,77.638548,51.483223,58.616493,51.483223
Mock+OTU5A,1560,68.12752,51.483223,75.260791,32.461174,30.083418,75.260791,77.638548,41.972198,68.12752,41.972198,37.216686,84.77182
Mock+OTU5A,1620,30.083418,46.72771,56.238736,32.461174,53.86098,75.260791,70.505277,60.994249,41.972198,70.505277,75.260791,80.016306
Mock+OTU5A,1680,37.216686,49.105467,96.660608,51.483223,53.86098,75.260791,72.883034,65.749763,58.616493,68.12752,44.349954,49.105467
Mock+OTU5A,1740,41.972198,68.12752,32.461174,39.594442,58.616493,113.304915,70.505277,72.883034,44.349954,34.83893,75.260791,58.616493
Mock+OTU5A,1800,70.505277,44.349954,37.216686,51.483223,46.72771,75.260791,141.838019,68.12752,37.216686,46.72771,46.72771,77.638548
Mock+OTU5A,1860,46.72771,46.72771,30.083418,39.594442,60.994249,118.060431,41.972198,87.149578,41.972198,39.594442,63.372006,82.394063
Mock+OTU5A,1920,77.638548,77.638548,41.972198,82.394063,44.349954,146.593538,63.372006,144.215778,53.86098,39.594442,44.349954,56.238736
Mock+OTU5A,1980,44.349954,56.238736,46.72771,60.994249,75.260791,80.016306,84.77182,65.749763,60.994249,68.12752,58.616493,72.883034
Mock+OTU5A,2040,151.349056,53.86098,75.260791,60.994249,51.483223,80.016306,113.304915,134.704742,70.505277,72.883034,84.77182,77.638548
Mock+OTU5A,2100,37.216686,51.483223,56.238736,72.883034,72.883034,65.749763,108.549398,65.749763,99.038366,77.638548,80.016306,63.372006
Mock+OTU5A,2160,53.86098,60.994249,46.72771,30.083418,94.282851,56.238736,46.72771,96.660608,60.994249,94.282851,34.83893,65.749763
Mock+OTU5A,2220,56.238736,70.505277,34.83893,34.83893,65.749763,87.149578,70.505277,56.238736,49.105467,56.238736,94.282851,148.971297
Mock+OTU5A,2280,72.883034,39.594442,46.72771,72.883034,77.638548,106.17164,56.238736,60.994249,39.594442,60.994249,101.416124,189.393216
Mock+OTU5A,2340,41.972198,56.238736,34.83893,60.994249,144.215778,51.483223,96.660608,56.238736,151.349056,72.883034,37.216686,41.972198
Mock+OTU5A,2400,72.883034,37.216686,286.881458,77.638548,163.237854,84.77182,60.994249,75.260791,89.527335,77.638548,58.616493,77.638548
Mock+OTU5A,2460,99.038366,49.105467,60.994249,32.461174,244.081727,84.77182,89.527335,127.571466,89.527335,65.749763,63.372006,175.126654
Mock+OTU5A,2520,49.105467,27.705662,65.749763,65.749763,305.903568,125.193707,65.749763,49.105467,87.149578,30.083418,91.905093,179.882174
Mock+OTU5A,2580,87.149578,37.216686,51.483223,34.83893,334.436741,115.682673,84.77182,125.193707,82.394063,49.105467,80.016306,72.883034
Mock+OTU5A,2640,44.349954,32.461174,82.394063,46.72771,286.881458,165.615614,51.483223,94.282851,39.594442,72.883034,129.949224,53.86098
Mock+OTU5A,2700,72.883034,82.394063,96.660608,51.483223,258.348301,75.260791,70.505277,132.326983,75.260791,44.349954,108.549398,96.660608
Mock+OTU5A,2760,58.616493,103.793882,106.17164,53.86098,291.636985,77.638548,80.016306,51.483223,175.126654,49.105467,206.037541,103.793882
Mock+OTU5A,2820,56.238736,148.971297,118.060431,46.72771,210.793064,122.815948,82.394063,167.993374,113.304915,60.994249,99.038366,96.660608
Mock+OTU5A,2880,70.505277,51.483223,158.482335,44.349954,198.904259,82.394063,65.749763,49.105467,58.616493,49.105467,144.215778,49.105467
Mock+OTU5A,2940,49.105467,82.394063,80.016306,32.461174,210.793064,106.17164,46.72771,89.527335,87.149578,91.905093,187.015455,87.149578
Mock+OTU5B,0,707.746694,617.391259,353.458862,377.23652,236.948441,265.48159,198.904259,210.793064,139.46026,96.660608,160.860094,134.704742
Mock+OTU5B,60,94.282851,110.927156,51.483223,122.815948,94.282851,134.704742,70.505277,89.527335,63.372006,65.749763,75.260791,110.927156
Mock+OTU5B,120,87.149578,51.483223,49.105467,70.505277,37.216686,68.12752,56.238736,70.505277,44.349954,68.12752,58.616493,108.549398
Mock+OTU5B,180,41.972198,60.994249,39.594442,44.349954,41.972198,53.86098,72.883034,53.86098,46.72771,56.238736,56.238736,137.082501
Mock+OTU5B,240,84.77182,37.216686,46.72771,46.72771,68.12752,84.77182,27.705662,56.238736,56.238736,25.327906,58.616493,77.638548
Mock+OTU5B,300,60.994249,44.349954,75.260791,56.238736,39.594442,77.638548,49.105467,34.83893,34.83893,32.461174,41.972198,129.949224
Mock+OTU5B,360,46.72771,27.705662,65.749763,44.349954,44.349954,96.660608,46.72771,56.238736,49.105467,46.72771,82.394063,60.994249
Mock+OTU5B,420,68.12752,44.349954,63.372006,68.12752,46.72771,77.638548,39.594442,44.349954,53.86098,53.86098,70.505277,96.660608
Mock+OTU5B,480,65.749763,49.105467,44.349954,27.705662,49.105467,118.060431,46.72771,77.638548,34.83893,53.86098,39.594442,46.72771
Mock+OTU5B,540,39.594442,27.705662,46.72771,46.72771,56.238736,91.905093,32.461174,49.105467,32.461174,41.972198,32.461174,65.749763
Mock+OTU5B,600,56.238736,32.461174,60.994249,53.86098,46.72771,91.905093,34.83893,63.372006,46.72771,49.105467,87.149578,72.883034
Mock+OTU5B,660,56.238736,27.705662,20.572395,32.461174,72.883034,49.105467,22.950151,27.705662,22.950151,27.705662,60.994249,70.505277
Mock+OTU5B,720,53.86098,44.349954,30.083418,51.483223,46.72771,87.149578,37.216686,53.86098,44.349954,34.83893,56.238736,96.660608
Mock+OTU5B,780,65.749763,37.216686,41.972198,51.483223,37.216686,58.616493,65.749763,34.83893,44.349954,53.86098,82.394063,84.77182
Mock+OTU5B,840,53.86098,34.83893,53.86098,46.72771,32.461174,122.815948,39.594442,56.238736,27.705662,70.505277,68.12752,203.65978
Mock+OTU5B,900,63.372006,34.83893,25.327906,49.105467,56.238736,94.282851,53.86098,63.372006,44.349954,34.83893,115.682673,101.416124
Mock+OTU5B,960,82.394063,30.083418,56.238736,49.105467,58.616493,77.638548,41.972198,101.416124,53.86098,51.483223,34.83893,355.836627
Mock+OTU5B,1020,99.038366,49.105467,37.216686,30.083418,63.372006,65.749763,37.216686,148.971297,72.883034,37.216686,70.505277,134.704742
Mock+OTU5B,1080,65.749763,51.483223,37.216686,53.86098,46.72771,96.660608,39.594442,68.12752,65.749763,34.83893,77.638548,51.483223
Mock+OTU5B,1140,80.016306,53.86098,41.972198,70.505277,58.616493,77.638548,53.86098,103.793882,46.72771,20.572395,63.372006,196.526498
Mock+OTU5B,1200,115.682673,41.972198,60.994249,84.77182,91.905093,80.016306,44.349954,70.505277,58.616493,56.238736,96.660608,134.704742
Mock+OTU5B,1260,63.372006,80.016306,39.594442,63.372006,34.83893,68.12752,60.994249,63.372006,80.016306,41.972198,72.883034,56.238736
Mock+OTU5B,1320,84.77182,70.505277,53.86098,68.12752,56.238736,101.416124,68.12752,84.77182,49.105467,34.83893,51.483223,158.482335
Mock+OTU5B,1380,63.372006,77.638548,32.461174,70.505277,63.372006,99.038366,60.994249,113.304915,80.016306,37.216686,65.749763,68.12752
Mock+OTU5B,1440,87.149578,68.12752,37.216686,87.149578,58.616493,106.17164,49.105467,51.483223,99.038366,49.105467,58.616493,60.994249
Mock+OTU5B,1500,75.260791,60.994249,68.12752,89.527335,58.616493,122.815948,39.594442,139.46026,82.394063,34.83893,32.461174,58.616493
Mock+OTU5B,1560,72.883034,37.216686,37.216686,68.12752,96.660608,127.571466,44.349954,122.815948,60.994249,51.483223,58.616493,120.43819
Mock+OTU5B,1620,96.660608,56.238736,53.86098,122.815948,75.260791,63.372006,25.327906,49.105467,68.12752,34.83893,110.927156,51.483223
Mock+OTU5B,1680,80.016306,80.016306,68.12752,51.483223,65.749763,87.149578,46.72771,53.86098,75.260791,49.105467,72.883034,194.148737
Mock+OTU5B,1740,72.883034,51.483223,39.594442,68.12752,46.72771,39.594442,46.72771,70.505277,68.12752,65.749763,94.282851,65.749763
Mock+OTU5B,1800,82.394063,60.994249,32.461174,77.638548,72.883034,87.149578,49.105467,41.972198,63.372006,39.594442,41.972198,170.371134
Mock+OTU5B,1860,80.016306,53.86098,20.572395,91.905093,41.972198,70.505277,39.594442,65.749763,34.83893,44.349954,46.72771,37.216686
Mock+OTU5B,1920,65.749763,53.86098,27.705662,77.638548,46.72771,72.883034,41.972198,80.016306,65.749763,49.105467,87.149578,60.994249
Mock+OTU5B,1980,75.260791,56.238736,84.77182,53.86098,63.372006,70.505277,77.638548,84.77182,60.994249,41.972198,65.749763,84.77182
Mock+OTU5B,2040,129.949224,37.216686,46.72771,53.86098,34.83893,68.12752,91.905093,58.616493,72.883034,30.083418,60.994249,77.638548
Mock+OTU5B,2100,101.416124,58.616493,34.83893,56.238736,96.660608,72.883034,44.349954,84.77182,34.83893,46.72771,53.86098,60.994249
Mock+OTU5B,2160,65.749763,25.327906,72.883034,37.216686,63.372006,99.038366,72.883034,53.86098,53.86098,63.372006,56.238736,110.927156
Mock+OTU5B,2220,89.527335,39.594442,37.216686,94.282851,80.016306,146.593538,63.372006,77.638548,53.86098,58.616493,80.016306,80.016306
Mock+OTU5B,2280,101.416124,60.994249,37.216686,41.972198,56.238736,115.682673,56.238736,122.815948,75.260791,53.86098,99.038366,110.927156
Mock+OTU5B,2340,49.105467,46.72771,56.238736,182.259935,68.12752,118.060431,37.216686,84.77182,89.527335,120.43819,46.72771,51.483223
Mock+OTU5B,2400,91.905093,68.12752,58.616493,60.994249,44.349954,96.660608,56.238736,70.505277,91.905093,53.86098,60.994249,120.43819
Mock+OTU5B,2460,99.038366,49.105467,49.105467,51.483223,41.972198,120.43819,44.349954,129.949224,106.17164,37.216686,72.883034,58.616493
Mock+OTU5B,2520,96.660608,39.594442,46.72771,58.616493,41.972198,167.993374,41.972198,146.593538,65.749763,53.86098,46.72771,58.616493
Mock+OTU5B,2580,82.394063,34.83893,99.038366,77.638548,39.594442,113.304915,49.105467,30.083418,120.43819,44.349954,60.994249,113.304915
Mock+OTU5B,2640,82.394063,63.372006,68.12752,106.17164,60.994249,94.282851,77.638548,80.016306,51.483223,120.43819,99.038366,141.838019
Mock+OTU5B,2700,89.527335,49.105467,137.082501,148.971297,44.349954,72.883034,34.83893,70.505277,108.549398,115.682673,72.883034,25.327906
Mock+OTU5B,2760,84.77182,53.86098,91.905093,146.593538,80.016306,80.016306,46.72771,80.016306,91.905093,44.349954,125.193707,82.394063
Mock+OTU5B,2820,84.77182,65.749763,82.394063,72.883034,53.86098,77.638548,44.349954,115.682673,175.126654,68.12752,99.038366,75.260791
Mock+OTU5B,2880,108.549398,56.238736,49.105467,139.46026,56.238736,158.482335,60.994249,146.593538,132.326983,60.994249,82.394063,60.994249
Mock+OTU5B,2940,75.260791,91.905093,139.46026,53.86098,46.72771,82.394063,63.372006,120.43819,68.12752,99.038366,44.349954,151.349056
