##BLOCKS= 1          
Plate:	Plate#1	1.3	PlateFormat	Kinetic	Luminescence	Raw	FALSE	11	660	60				1	450	1	12	96	405	Automatic	435			6	Automatic			1	8	None	
Time(hh:mm:ss)	Temperature(¡C)	1	2	3	4	5	6	7	8	9	10	11	12		
0:00	24.00	3057.915508	3107.850285	3332.557167	3453.233346	3365.84713	3451.152721	3444.910845	3424.104597	3567.667822	3571.829078	3528.135893	3272.219146		
		3166.107565	3282.62225	3193.155601	3370.008376	3320.073435	3480.28148	3428.265846	3392.895234	3515.652131	3494.845864	3675.860567	3205.639314		
		3095.366588	3261.816044	3422.023972	3243.090463	3311.750948	3411.62085	3394.975858	3415.782099	3538.539031	3507.329623	3636.328585	3303.428462		
		3209.800552	3238.929223	3363.766507	3349.202147	3422.023972	3378.330869	3449.072096	3363.766507	3603.038511	3605.11914	3571.829078	3317.992813		
		3136.97892	3082.882893	3386.653363	3309.670327	3372.088999	3324.234679	3353.363392	3490.684611	3474.039602	3530.216521	3650.892997	3145.301388		
		3066.237969	3128.656452	3241.009843	3359.605261	3363.766507	3438.66897	3411.62085	3394.975858	3401.21773	3575.990335	3480.28148	3338.799034		
		3213.96179	3180.671891	3351.282769	3286.783492	3245.171083	3374.169622	3372.088999	3417.862723	3328.395923	3598.877252	3370.008376	3384.572739		
		3091.205356	3147.382006	3270.138526	3355.444015	3401.21773	3390.81461	3428.265846	3417.862723	3469.878351	3613.441658	3580.151592	3353.363392		
		
1:00	24.00	3136.97892	2953.884823	3116.172751	3114.092135	3136.97892	3155.704476	2928.917478	2947.642986	3097.447204	3209.800552	3186.913746	3297.186598		
		3107.850285	3003.819535	3007.980762	3122.414601	3080.802277	3097.447204	3007.980762	2987.174627	3039.189975	3099.52782	3057.915508	3301.347841		
		3072.479815	3103.689053	2949.723598	3022.54506	3114.092135	3066.237969	3120.333984	2976.771562	2987.174627	3186.913746	3213.96179	3272.219146		
		3018.383832	3030.867517	2964.287885	2914.353198	3193.155601	3103.689053	3218.123028	2920.595032	3093.285972	3228.526125	3070.3992	3405.378978		
		2983.013401	3130.737068	2895.627698	3072.479815	3035.028746	2881.063424	2991.335854	2978.852175	3020.464446	3112.011518	3195.23622	3301.347841		
		3010.061376	3012.14199	3114.092135	3035.028746	3041.270589	3028.786903	2978.852175	3037.10936	3005.900149	3109.930902	3166.107565	3203.558695		
		2899.78892	2989.255241	3143.220771	3139.059537	3107.850285	3028.786903	2966.368498	2983.013401	3159.865711	3089.12474	3130.737068	3290.944734		
		3018.383832	3005.900149	2999.658308	3130.737068	2974.690949	3049.593048	3089.12474	2985.094014	3105.769669	3207.719933	3301.347841	3384.572739		
		
2:00	24.20	3049.593048	3066.237969	2895.627698	2951.804211	2818.645134	3103.689053	3074.56043	3064.157354	3191.074983	3178.591273	3095.366588	3245.171083		
		2949.723598	2945.562374	2903.950142	2985.094014	2885.224645	2974.690949	2987.174627	2993.416467	3080.802277	3126.575835	3134.898303	3245.171083		
		2958.046048	2878.982813	2872.740982	2943.481762	2943.481762	2935.159314	2987.174627	2962.207273	3007.980762	3128.656452	3095.366588	3209.800552		
		3005.900149	2824.886961	2999.658308	2926.836867	3043.351204	3091.205356	3087.044124	3059.996123	3070.3992	3213.96179	3342.960279	3245.171083		
		3105.769669	2943.481762	2960.12666	2866.499152	2901.869531	3024.625674	3003.819535	3070.3992	3007.980762	3041.270589	3216.042409	3195.23622		
		3103.689053	2910.191975	2889.385866	2943.481762	3047.512434	3070.3992	3030.867517	3136.97892	3082.882893	3103.689053	3268.057905	3191.074983		
		3128.656452	2999.658308	2887.305255	2903.950142	3161.946329	3032.948131	3072.479815	3288.864113	3155.704476	3126.575835	3247.251703	3141.140154		
		2947.642986	2874.821592	2928.917478	2949.723598	3139.059537	3070.3992	3128.656452	2968.449111	3151.543241	3076.641046	3176.510655	3243.090463		
		
3:00	24.20	3005.900149	3174.430036	2937.239926	3151.543241	2991.335854	3062.076738	3043.351204	3068.318584	3099.52782	3182.752509	3191.074983	3295.105977		
		3176.510655	3197.316839	2926.836867	3149.462623	3078.721662	2987.174627	3097.447204	3028.786903	3080.802277	3153.623858	3241.009843	3222.284267		
		2947.642986	2999.658308	3070.3992	2980.932788	2980.932788	2970.529723	3003.819535	3068.318584	3078.721662	3191.074983	3182.752509	3203.558695		
		2868.579762	3035.028746	3032.948131	3118.253368	3120.333984	2985.094014	3018.383832	3084.963509	3155.704476	3164.026947	3203.558695	3216.042409		
		3007.980762	2964.287885	2983.013401	3066.237969	2910.191975	2995.497081	3097.447204	3128.656452	3136.97892	3126.575835	3328.395923	3261.816044		
		3091.205356	2870.660372	2999.658308	3030.867517	3072.479815	3037.10936	3097.447204	3012.14199	3209.800552	3141.140154	3386.653363	3159.865711		
		3014.222604	2997.577694	2983.013401	3101.608436	3062.076738	3084.963509	3039.189975	2976.771562	3087.044124	3234.767984	3415.782099	3218.123028		
		2972.610336	3030.867517	2989.255241	3010.061376	3145.301388	3118.253368	3134.898303	3103.689053	3080.802277	3345.040902	3303.428462	3365.84713		
		
4:00	24.30	3455.313972	3336.718412	3347.121524	3193.155601	3205.639314	3161.946329	3201.478076	3174.430036	3247.251703	3349.202147	3413.701474	3702.908776		
		3515.652131	3444.910845	3355.444015	3232.687364	3178.591273	3259.735424	3199.397457	3301.347841	3397.056482	3315.912192	3413.701474	3684.183092		
		3444.910845	3270.138526	3257.654803	3203.558695	3282.62225	3315.912192	3207.719933	3241.009843	3363.766507	3226.445506	3426.185221	3607.199769		
		3401.21773	3257.654803	3293.025355	3151.543241	3245.171083	3253.493563	3380.411492	3193.155601	3382.492116	3386.653363	3461.555848	3625.925436		
		3361.685884	3311.750948	3349.202147	3280.541629	3263.896664	3293.025355	3259.735424	3234.767984	3361.685884	3461.555848	3499.007117	3430.346471		
		3438.66897	3459.475222	3401.21773	3301.347841	3305.509083	3220.203648	3307.589705	3159.865711	3399.137106	3288.864113	3380.411492	3563.506565		
		3340.879657	3428.265846	3315.912192	3209.800552	3332.557167	3320.073435	3241.009843	3253.493563	3370.008376	3399.137106	3634.247955	3625.925436		
		3432.427095	3386.653363	3278.461009	3184.833128	3193.155601	3311.750948	3249.332323	3251.412943	3276.380388	3422.023972	3459.475222	3661.296151		
		
5:00	24.30	3588.474107	3415.782099	3457.394597	3628.006065	3501.087743	3652.973628	3553.103425	3761.166489	3742.440791	3759.085855	3688.344355	3438.66897		
		3526.055266	3365.84713	3494.845864	3592.635365	3469.878351	3486.523358	3603.038511	3640.489846	3813.182339	3659.21552	3844.391866	3476.120228		
		3575.990335	3326.315301	3486.523358	3613.441658	3457.394597	3609.280399	3623.844806	3715.392568	3667.538043	3725.79573	3754.924589	3526.055266		
		3511.490877	3432.427095	3594.715994	3669.618674	3438.66897	3526.055266	3592.635365	3603.038511	3594.715994	3754.924589	3719.553833	3563.506565		
		3486.523358	3476.120228	3584.31285	3650.892997	3392.895234	3632.167325	3665.457412	3675.860567	3702.908776	3800.698532	3709.150672	3596.796623		
		3519.813385	3642.570476	3563.506565	3671.699305	3499.007117	3661.296151	3480.28148	3605.11914	3630.086695	3544.780913	3707.07004	3596.796623		
		3476.120228	3482.362106	3655.054259	3519.813385	3459.475222	3721.634465	3692.505618	3725.79573	3655.054259	3682.102461	3767.408389	3488.603985		
		3494.845864	3403.298354	3501.087743	3486.523358	3613.441658	3673.779936	3738.279525	3671.699305	3619.683546	3694.586249	3719.553833	3469.878351		
		
6:00	24.40	3471.958976	3436.588345	3440.749595	3382.492116	3405.378978	3428.265846	3478.200854	3440.749595	3623.844806	3365.84713	3430.346471	3434.50772		
		3374.169622	3411.62085	3490.684611	3355.444015	3484.442732	3426.185221	3634.247955	3428.265846	3613.441658	3347.121524	3407.459602	3478.200854		
		3253.493563	3417.862723	3382.492116	3378.330869	3565.587193	3424.104597	3523.974639	3480.28148	3532.297148	3345.040902	3394.975858	3376.250246		
		3426.185221	3403.298354	3405.378978	3501.087743	3536.458403	3567.667822	3486.523358	3422.023972	3607.199769	3403.298354	3532.297148	3496.92649		
		3334.63779	3432.427095	3307.589705	3417.862723	3461.555848	3521.894012	3571.829078	3513.571504	3476.120228	3438.66897	3492.765237	3422.023972		
		3451.152721	3451.152721	3382.492116	3436.588345	3586.393479	3463.636474	3573.909707	3565.587193	3490.684611	3340.879657	3453.233346	3490.684611		
		3384.572739	3459.475222	3380.411492	3394.975858	3370.008376	3488.603985	3438.66897	3413.701474	3567.667822	3403.298354	3511.490877	3519.813385		
		3384.572739	3453.233346	3424.104597	3588.474107	3451.152721	3515.652131	3432.427095	3625.925436	3397.056482	3311.750948	3455.313972	3553.103425		
		
7:00	24.40	3280.541629	3232.687364	2970.529723	2976.771562	3070.3992	3103.689053	2976.771562	3105.769669	2985.094014	3238.929223	3213.96179	3422.023972		
		3164.026947	3213.96179	2816.564525	2918.514421	2999.658308	3126.575835	2910.191975	2928.917478	3001.738921	3116.172751	3182.752509	3440.749595		
		3078.721662	3153.623858	3039.189975	3022.54506	2912.272587	3016.303218	2983.013401	2924.756255	3122.414601	3249.332323	3247.251703	3600.957882		
		3005.900149	3080.802277	2908.111364	3003.819535	3026.706288	2980.932788	2983.013401	2947.642986	3174.430036	2972.610336	3236.848603	3569.74845		
		3230.606745	3180.671891	2887.305255	3032.948131	2935.159314	2987.174627	3024.625674	3035.028746	3057.915508	3143.220771	3224.364886	3544.780913		
		3126.575835	3118.253368	2889.385866	3062.076738	2945.562374	3005.900149	2818.645134	3178.591273	3099.52782	3047.512434	3101.608436	3686.263723		
		3224.364886	3097.447204	3001.738921	3035.028746	3047.512434	2983.013401	2983.013401	2895.627698	3057.915508	3168.188182	3213.96179	3492.765237		
		3141.140154	3059.996123	2943.481762	2922.675644	2995.497081	2955.965435	3045.431819	2976.771562	3126.575835	2941.40115	3232.687364	3376.250246		
		
8:00	24.30	3166.107565	3043.351204	3168.188182	3014.222604	3049.593048	3116.172751	3313.83157	3143.220771	3016.303218	3091.205356	3168.188182	3442.83022		
		3093.285972	3057.915508	3014.222604	3103.689053	2922.675644	3195.23622	3268.057905	3074.56043	2991.335854	3191.074983	3311.750948	3530.216521		
		3012.14199	3084.963509	2989.255241	3068.318584	3003.819535	3255.574183	3047.512434	3039.189975	3101.608436	3224.364886	3226.445506	3338.799034		
		3057.915508	3016.303218	3032.948131	2893.547087	3020.464446	3330.476545	3153.623858	3109.930902	3020.464446	3195.23622	3218.123028	3334.63779		
		3007.980762	3143.220771	3039.189975	2991.335854	3024.625674	3155.704476	3174.430036	3120.333984	2964.287885	3238.929223	3209.800552	3467.797725		
		2947.642986	3020.464446	2951.804211	3153.623858	3170.2688	3159.865711	3213.96179	3205.639314	3080.802277	3236.848603	3357.524638	3436.588345		
		3101.608436	3026.706288	3005.900149	3062.076738	3026.706288	3091.205356	3203.558695	3114.092135	3022.54506	3124.495218	3182.752509	3469.878351		
		3097.447204	3045.431819	2964.287885	2920.595032	3114.092135	3247.251703	3251.412943	3147.382006	3082.882893	3155.704476	3149.462623	3521.894012		
		
9:00	24.50	3453.233346	3401.21773	3349.202147	3270.138526	3293.025355	3530.216521	3526.055266	3355.444015	3276.380388	3449.072096	3617.602917	3372.088999		
		3332.557167	3328.395923	3290.944734	3509.41025	3415.782099	3478.200854	3397.056482	3440.749595	3388.733987	3480.28148	3644.651106	3432.427095		
		3480.28148	3340.879657	3315.912192	3355.444015	3436.588345	3426.185221	3340.879657	3307.589705	3345.040902	3440.749595	3744.521424	3465.717099		
		3405.378978	3507.329623	3474.039602	3222.284267	3415.782099	3486.523358	3370.008376	3276.380388	3388.733987	3490.684611	3709.150672	3424.104597		
		3268.057905	3263.896664	3255.574183	3317.992813	3600.957882	3426.185221	3403.298354	3295.105977	3357.524638	3394.975858	3517.732758	3436.588345		
		3243.090463	3478.200854	3270.138526	3320.073435	3459.475222	3457.394597	3432.427095	3268.057905	3422.023972	3482.362106	3584.31285	3461.555848		
		3338.799034	3442.83022	3216.042409	3265.977285	3351.282769	3413.701474	3315.912192	3411.62085	3284.702871	3509.41025	3551.022797	3459.475222		
		3486.523358	3440.749595	3428.265846	3272.219146	3336.718412	3540.619658	3361.685884	3359.605261	3257.654803	3538.539031	3617.602917	3519.813385		
		
10:00	24.50	3261.816044	3130.737068	3051.673663	3078.721662	3161.946329	3170.2688	3093.285972	3024.625674	3159.865711	3295.105977	3164.026947	3317.992813		
		3311.750948	3091.205356	3216.042409	3047.512434	2966.368498	3112.011518	3005.900149	3099.52782	3197.316839	3149.462623	3311.750948	3430.346471		
		3268.057905	3230.606745	3012.14199	3087.044124	3014.222604	2980.932788	3055.834893	3155.704476	3130.737068	3151.543241	3182.752509	3345.040902		
		3238.929223	3118.253368	2989.255241	2939.320538	2987.174627	3082.882893	3024.625674	3084.963509	3236.848603	3145.301388	3151.543241	3378.330869		
		3232.687364	3159.865711	3007.980762	3028.786903	2943.481762	3118.253368	3114.092135	3080.802277	3084.963509	3166.107565	3126.575835	3388.733987		
		3268.057905	3220.203648	2962.207273	3089.12474	3024.625674	3072.479815	3051.673663	3030.867517	3209.800552	3265.977285	3201.478076	3357.524638		
		3174.430036	3178.591273	3203.558695	3014.222604	3007.980762	3049.593048	3107.850285	3186.913746	3124.495218	3226.445506	3143.220771	3436.588345		
		3168.188182	3191.074983	3147.382006	2978.852175	3018.383832	3049.593048	3161.946329	3132.817685	3151.543241	3203.558695	3245.171083	3451.152721		
		
~End
Original Filename: otu5_antag_09-09-20-184838_m_pa205uM_pv2V5uM_potAntag5uM_ptEvade5uM_m_m_1949100nM.pda   Date Last Saved: 9/9/2020
