##BLOCKS= 1          
Plate:	Plate#1	1.3	PlateFormat	Kinetic	Luminescence	Raw	FALSE	50	3000	60				1	450	1	12	96	405	Automatic	435			6	Automatic			1	8	None	
Time(hh:mm:ss)	Temperature(¡C)	1	2	3	4	5	6	7	8	9	10	11	12		
0:00	23.90	4607.394268	4338.692943	4193.64216	4179.374884	4112.794297	4134.195194	4124.683683	4196.020039	4146.084583	4360.0939	4364.849669	4391.006404		
		4507.522874	4402.895832	4229.310361	4081.8819	4338.692943	4231.688241	4172.241247	4196.020039	4276.867987	4288.757398	4295.891045	4424.296807		
		4557.458555	4255.467052	4198.397919	4091.393405	4129.439438	4217.420959	4215.043078	4174.619126	4350.582363	4348.204479	4305.402576	4398.140061		
		4464.720886	4379.116978	4148.462462	4191.26428	4224.5546	4131.817316	4276.867987	4029.56864	4267.356459	4272.112223	4298.268928	4445.697787		
		4569.348008	4165.107611	4264.978578	4129.439438	4281.623751	4134.195194	4298.268928	4117.550051	4274.490105	4284.001633	4467.098773	4524.168097		
		4624.039512	4398.140061	4331.559292	4395.762175	4231.688241	4129.439438	4062.858893	4105.660666	4112.794297	4286.379515	4336.315059	4395.762175		
		4462.342998	4405.273718	4336.315059	4248.333408	4224.5546	4245.955527	4198.397919	4224.5546	4393.38429	4234.066122	4336.315059	4395.762175		
		4462.342998	4295.891045	4196.020039	4029.56864	4100.904912	4234.066122	4153.218218	4322.047758	4131.817316	4284.001633	4362.471785	4236.444003		
		
1:00	23.90	4176.997005	4174.619126	4200.775799	4245.955527	4169.863368	4160.351853	4055.725266	4172.241247	4150.84034	4312.536225	4326.803524	4360.0939		
		4200.775799	4236.444003	4155.596096	4110.41642	4226.93248	4241.199765	4210.287318	4048.59164	4196.020039	4155.596096	4217.420959	4324.425641		
		4341.070827	4231.688241	4134.195194	4129.439438	4317.291991	4160.351853	4065.236768	4127.061561	4176.997005	4269.734341	4262.600696	4336.315059		
		4269.734341	4103.282789	4008.167771	4179.374884	4291.13528	4184.130642	4331.559292	4100.904912	4115.172174	4348.204479	4374.361208	4191.26428		
		4341.070827	4248.333408	4371.983323	3872.629067	4222.176719	4188.886401	4222.176719	4067.614644	4017.679268	4255.467052	4134.195194	4117.550051		
		4272.112223	4050.969515	4174.619126	4222.176719	4065.236768	4048.59164	4055.725266	4146.084583	4234.066122	4362.471785	4388.628519	4322.047758		
		4141.328827	4219.798839	4226.93248	4143.706705	4184.130642	4036.702265	4188.886401	4188.886401	4174.619126	4331.559292	4222.176719	4186.508522		
		4324.425641	4062.858893	4115.172174	4110.41642	4039.08014	4193.64216	4157.973975	4153.218218	4062.858893	4200.775799	4248.333408	4317.291991		
		
2:00	24.20	3998.656276	4119.927928	4117.550051	4119.927928	4238.821884	4174.619126	4215.043078	4115.172174	4053.34739	4191.26428	4414.785262	4407.651604		
		4127.061561	4188.886401	4020.057142	4167.485489	4136.573071	4081.8819	4136.573071	4143.706705	4041.458015	4091.393405	4295.891045	4333.937175		
		4005.789897	4260.222814	4022.435017	4186.508522	4003.412023	4217.420959	4141.328827	4074.748272	3965.36605	4053.34739	4272.112223	4364.849669		
		4046.213765	4203.153679	4093.771282	4136.573071	4069.99252	4250.711289	4119.927928	4031.946515	4003.412023	4162.729732	4355.338131	4498.011319		
		4207.909438	4110.41642	4036.702265	4236.444003	4105.660666	4288.757398	4081.8819	4008.167771	3996.278402	4222.176719	4288.757398	4305.402576		
		4205.531558	4084.259776	4081.8819	4141.328827	4008.167771	4153.218218	4200.775799	4169.863368	4146.084583	4355.338131	4286.379515	4269.734341		
		4134.195194	4264.978578	4093.771282	4198.397919	4055.725266	4165.107611	3967.743923	4108.038543	4074.748272	4172.241247	4402.895832	4369.605439		
		4162.729732	4134.195194	3922.564352	4155.596096	4024.812891	4176.997005	3991.522655	4150.84034	4065.236768	4400.517946	4488.499765	4352.960247		
		
3:00	24.20	4081.8819	3898.785641	4117.550051	4236.444003	4143.706705	4400.517946	4131.817316	4274.490105	4143.706705	4490.877653	4459.965111	4400.517946		
		4155.596096	4005.789897	4084.259776	4269.734341	4072.370396	4108.038543	4181.752763	4010.545645	4105.660666	4514.65654	4436.18624	4605.016376		
		4050.969515	4093.771282	4067.614644	4060.481017	4117.550051	4020.057142	4081.8819	4089.015529	4067.614644	4174.619126	4374.361208	4317.291991		
		4084.259776	4115.172174	4196.020039	4081.8819	4008.167771	4089.015529	4224.5546	4100.904912	4322.047758	4274.490105	4410.02949	4376.739093		
		4077.126148	4165.107611	4091.393405	4115.172174	4029.56864	4153.218218	4103.282789	4212.665198	4115.172174	4272.112223	4448.075674	4402.895832		
		4184.130642	4017.679268	4043.83589	4029.56864	4131.817316	4143.706705	4058.103141	4188.886401	4288.757398	4329.181408	4229.310361	4336.315059		
		4020.057142	4162.729732	3984.389035	4053.34739	4191.26428	4134.195194	4058.103141	4253.08917	4343.448711	4345.826595	4360.0939	4424.296807		
		4105.660666	4165.107611	4048.59164	4012.92352	4141.328827	4269.734341	4022.435017	3960.610305	4324.425641	4269.734341	4383.872748	4414.785262		
		
4:00	24.30	3977.255415	4048.59164	4031.946515	4231.688241	4146.084583	4785.736354	4291.13528	4207.909438	4238.821884	4405.273718	4303.024693	4176.997005		
		4129.439438	4086.637652	4155.596096	4376.739093	4169.863368	4276.867987	4091.393405	4222.176719	4210.287318	4429.05258	4393.38429	4264.978578		
		4207.909438	4160.351853	4186.508522	4317.291991	4272.112223	4241.199765	4165.107611	4248.333408	4238.821884	4352.960247	4303.024693	4483.743989		
		4212.665198	4119.927928	4053.34739	4217.420959	4188.886401	4224.5546	4236.444003	4362.471785	4324.425641	4343.448711	4236.444003	4381.494863		
		4062.858893	4041.458015	4098.527035	4148.462462	4314.914108	4281.623751	4167.485489	4119.927928	4314.914108	4338.692943	4248.333408	4210.287318		
		4317.291991	4253.08917	4060.481017	4303.024693	4191.26428	4262.600696	4307.780459	4288.757398	4188.886401	4222.176719	4050.969515	4376.739093		
		4084.259776	4086.637652	3986.766908	4062.858893	4212.665198	4483.743989	4222.176719	4203.153679	4498.011319	4243.577646	4245.955527	4412.407376		
		4305.402576	4293.513162	4245.955527	4129.439438	4322.047758	4276.867987	4234.066122	4157.973975	4419.541034	4393.38429	4343.448711	4331.559292		
		
5:00	24.40	4210.287318	4203.153679	4274.490105	4160.351853	4329.181408	5085.351952	3996.278402	4127.061561	4188.886401	4509.900762	4388.628519	4433.808353		
		4008.167771	4110.41642	4196.020039	4333.937175	3998.656276	4060.481017	4212.665198	4003.412023	4326.803524	4248.333408	4505.144985	4550.324884		
		4060.481017	4091.393405	4031.946515	3929.697967	4215.043078	4179.374884	4217.420959	4067.614644	4203.153679	4274.490105	4509.900762	4469.476661		
		4041.458015	4050.969515	4141.328827	4065.236768	4100.904912	4160.351853	4027.190766	4531.301766	4162.729732	4350.582363	4395.762175	4531.301766		
		4165.107611	3960.610305	4086.637652	3977.255415	4122.305806	4046.213765	4198.397919	4200.775799	4338.692943	4426.674693	4467.098773	4545.569104		
		4117.550051	4091.393405	4136.573071	3982.011161	4122.305806	4103.282789	4074.748272	4245.955527	4317.291991	4193.64216	4433.808353	4495.63343		
		4093.771282	4210.287318	4105.660666	4010.545645	4039.08014	3965.36605	4310.158342	4060.481017	4234.066122	4360.0939	4457.587223	4471.854549		
		4745.312113	4245.955527	4098.527035	3936.831583	4022.435017	4050.969515	4809.515328	4141.328827	4785.736354	5546.667051	4628.795297	4676.353161		
		
6:00	24.40	4802.381635	4559.836446	4322.047758	4041.458015	4614.527944	5625.138441	4150.84034	4303.024693	4188.886401	5101.997296	4833.29431	4462.342998		
		4250.711289	4136.573071	4089.015529	4348.204479	4100.904912	4191.26428	4129.439438	4072.370396	4205.531558	4234.066122	4348.204479	4179.374884		
		4234.066122	4086.637652	4117.550051	4115.172174	4081.8819	4150.84034	4086.637652	3998.656276	4276.867987	4362.471785	4317.291991	4191.26428		
		4391.006404	4179.374884	4131.817316	4081.8819	4089.015529	4127.061561	4160.351853	5009.258996	4307.780459	4245.955527	4191.26428	4393.38429		
		4310.158342	4198.397919	4160.351853	4155.596096	3982.011161	4060.481017	4089.015529	4039.08014	4293.513162	4352.960247	4455.209336	4300.64681		
		4193.64216	4079.504024	4210.287318	4155.596096	4069.99252	4031.946515	4122.305806	3970.121796	4188.886401	4210.287318	4329.181408	4317.291991		
		4253.08917	4217.420959	4115.172174	4100.904912	4024.812891	4091.393405	4100.904912	4160.351853	4291.13528	4348.204479	4215.043078	4348.204479		
		5996.095144	4350.582363	4165.107611	4017.679268	4012.92352	4238.821884	6367.053566	4956.94513	5496.730753	7020.990869	4935.544013	4310.158342		
		
7:00	24.40	5727.389156	4702.509997	4645.440546	4093.771282	5268.450926	7211.228179	4117.550051	4450.453561	4286.379515	5318.387082	5175.712432	4754.823697		
		4127.061561	4191.26428	4243.577646	4333.937175	4119.927928	4238.821884	4250.711289	4153.218218	4288.757398	4419.541034	4338.692943	4298.268928		
		4264.978578	3998.656276	4134.195194	4146.084583	4162.729732	4281.623751	4393.38429	4074.748272	4200.775799	4236.444003	4322.047758	4421.91892		
		4276.867987	4089.015529	4345.826595	4210.287318	4298.268928	4236.444003	4391.006404	6462.171387	4241.199765	4391.006404	4231.688241	4536.057545		
		4127.061561	4084.259776	4105.660666	3948.720943	4098.527035	4257.844933	4222.176719	4210.287318	4174.619126	4314.914108	4348.204479	4436.18624		
		4048.59164	4031.946515	4050.969515	4127.061561	4086.637652	4093.771282	4034.32439	4257.844933	4096.149158	4307.780459	4462.342998	4355.338131		
		4196.020039	4129.439438	4160.351853	3982.011161	4119.927928	4098.527035	4043.83589	4219.798839	4017.679268	4157.973975	4364.849669	4493.255542		
		7196.960365	4490.877653	4452.831449	4077.126148	4317.291991	4217.420959	8395.465603	6673.808945	7123.243367	8578.572151	5698.854059	4581.237462		
		
8:00	24.50	6445.52576	5142.421717	5189.979886	4391.006404	6571.557021	8638.022418	4310.158342	4973.590447	4640.68476	6107.858077	5991.339278	5021.148515		
		4652.574225	4215.043078	4391.006404	4576.48168	4245.955527	4357.716016	4193.64216	4253.08917	4374.361208	4498.011319	4502.767096	4585.993244		
		4507.522874	4245.955527	4217.420959	4098.527035	4172.241247	4348.204479	4348.204479	4374.361208	4231.688241	4605.016376	4588.371136	4559.836446		
		4654.952119	4438.564126	4248.333408	4222.176719	4566.970117	4583.615353	4531.301766	8526.255951	4391.006404	4559.836446	4819.02692	4966.456739		
		4374.361208	4276.867987	4436.18624	4350.582363	4288.757398	4279.245869	4215.043078	4281.623751	4386.250634	4400.517946	4481.3661	4678.731054		
		4317.291991	4207.909438	4393.38429	4174.619126	4360.0939	4310.158342	4312.536225	4291.13528	4495.63343	4469.476661	4498.011319	4440.942013		
		4362.471785	4533.679655	4317.291991	4219.798839	4210.287318	4281.623751	4343.448711	4276.867987	4452.831449	4419.541034	4526.545987	4566.970117		
		9306.246467	5002.125285	5121.020551	4248.333408	4452.831449	4581.237462	11436.991017	8324.125503	9743.805451	10614.174456	6469.305228	4566.970117		
		
9:00	24.60	7263.543519	5765.435966	5651.295588	4785.736354	8485.829821	10293.135606	4341.070827	5346.922043	5011.636899	6592.958576	6438.391921	5732.145006		
		4635.928975	4236.444003	4310.158342	4536.057545	4298.268928	4267.356459	4326.803524	4241.199765	4459.965111	4643.062653	4643.062653	4752.445801		
		4664.463692	4419.541034	4303.024693	4127.061561	4405.273718	4310.158342	4471.854549	4207.909438	4410.02949	4429.05258	4619.283728	4745.312113		
		4937.921914	4531.301766	4231.688241	4253.08917	5282.718396	5118.642644	5332.654561	11441.747207	4676.353161	4707.265787	5256.561369	5579.957935		
		4322.047758	4345.826595	4324.425641	4193.64216	4200.775799	4331.559292	4364.849669	4362.471785	4647.818439	4583.615353	4543.191214	4769.091075		
		4286.379515	4362.471785	4391.006404	4255.467052	4357.716016	4471.854549	4157.973975	4217.420959	4498.011319	4538.435435	4612.150052	4559.836446		
		4310.158342	4264.978578	4264.978578	4269.734341	4314.914108	4371.983323	4186.508522	4236.444003	4300.64681	4531.301766	4612.150052	4719.155262		
		11693.825665	5356.433699	5399.236164	4224.5546	4987.857865	4861.829098	15398.994983	10224.171874	12419.150185	12849.591779	7553.656477	4887.985995		
		
10:00	24.60	8309.857491	6329.006469	6402.722736	4985.479961	10295.513667	12435.797055	4509.900762	6321.87264	5335.032475	7013.856979	7503.718925	6317.116755		
		5339.788302	4681.108948	4405.273718	4928.410308	4631.17319	4571.725898	4374.361208	4412.407376	4512.278651	4866.584897	5049.68337	4980.724155		
		5981.827546	4331.559292	4331.559292	4502.767096	4645.440546	4478.988212	4574.103789	4526.545987	4764.335282	4707.265787	4783.358456	4628.795297		
		5418.259489	4890.363896	4452.831449	4450.453561	6628.627846	6336.140298	6409.856571	14233.679337	4585.993244	5218.514801	6143.527131	6053.165558		
		4381.494863	4371.983323	4528.923876	4352.960247	4614.527944	4410.02949	4307.780459	4605.016376	4795.247943	4785.736354	4583.615353	4697.754208		
		4405.273718	4312.536225	4393.38429	4398.140061	4547.946994	4455.209336	4281.623751	4450.453561	4533.679655	4871.340696	4678.731054	4474.232436		
		4424.296807	4405.273718	4288.757398	4426.674693	4498.011319	4398.140061	4224.5546	4445.697787	4547.946994	4647.818439	4695.376314	4657.330012		
		13739.019867	6069.811104	5689.342363	4607.394268	5434.904902	5132.910087	19546.705082	12404.881443	15253.924151	14785.418507	8383.575582	4954.567228		
		
11:00	24.60	9094.601948	6780.816911	7042.392544	5218.514801	12345.428376	14055.316195	4826.160615	6847.399719	5774.947672	7551.278497	8286.077476	7346.772538		
		6359.919734	4564.592226	4566.970117	4980.724155	4754.823697	4726.288948	4467.098773	4555.080665	4576.48168	5101.997296	5258.939281	5351.677871		
		7976.937925	4364.849669	4502.767096	4545.569104	4650.196332	4802.381635	4778.602663	4624.039512	4954.567228	4971.212544	5125.776365	5037.793846		
		6557.289321	5582.335855	4600.260593	4533.679655	8673.6926	7957.913991	7567.924354	16963.874115	4968.834642	6005.606877	7551.278497	7551.278497		
		4514.65654	4386.250634	4476.610324	4464.720886	4821.404818	4547.946994	4550.324884	4871.340696	5368.32327	4966.456739	4833.29431	4845.183804		
		4395.762175	4336.315059	4295.891045	4371.983323	4438.564126	4605.016376	4433.808353	4478.988212	4707.265787	4804.759533	5033.038037	4978.346253		
		4493.255542	4445.697787	4286.379515	4410.02949	4595.50481	4562.214336	4336.315059	4593.126918	4714.399472	4942.677718	4757.201593	4878.474395		
		15646.329466	6445.52576	6504.974443	4883.230195	6174.440324	5663.185203	22467.354701	14193.250323	18136.364398	16714.157308	9553.562121	5458.68407		
		
12:00	24.60	10067.220151	7337.260646	7760.54095	5715.499531	14302.646525	15460.828532	4731.044738	7905.598198	6134.015382	7865.172381	8207.603477	7810.478661		
		7946.024035	5239.915993	4911.765	5109.131016	4904.631298	4978.346253	4426.674693	4690.620525	4838.050107	5361.189527	5213.758981	5296.985869		
		9798.500493	4847.561703	4616.905836	4709.643682	5049.68337	5140.04381	5149.555441	4467.098773	5729.767081	5304.119606	5285.096308	4697.754208		
		7342.016592	6866.423388	4778.602663	4662.085799	10809.17646	9646.305688	9410.87992	18019.828084	5082.974046	7601.216078	8445.403711	8141.019538		
		4681.108948	4671.597373	4669.219479	4811.893226	5185.224068	4574.103789	4612.150052	5132.910087	6264.802034	4669.219479	4761.957386	4878.474395		
		4662.085799	4498.011319	4593.126918	4612.150052	4414.785262	4628.795297	4576.48168	4512.278651	4514.65654	4778.602663	4583.615353	4716.777367		
		4785.736354	4721.533157	4595.50481	4531.301766	4476.610324	4478.988212	4585.993244	4436.18624	4643.062653	4538.435435	4459.965111	4683.486843		
		17320.613762	7277.811344	6611.982184	5099.61939	6757.037351	6131.637445	25138.367814	15330.02685	19741.728853	17927.074812	9991.122457	5703.609908		
		
13:00	24.60	10278.867243	7563.168395	8038.765739	5979.449614	15534.553211	16963.874115	5365.945356	7829.50256	6994.833275	8431.135677	8564.304093	8609.486284		
		9425.148128	5539.533293	5249.427636	5109.131016	5496.730753	5285.096308	4690.620525	4540.813324	5244.671815	5710.743682	5993.717211	5996.095144		
		12464.334553	4495.63343	4424.296807	4769.091075	5672.696897	5273.206749	5625.138441	4671.597373	6585.824723	5751.16841	6095.968396	5068.706612		
		8407.355626	7318.236865	4983.102058	4892.741796	13113.565394	11648.641732	11277.658826	17962.749134	5173.334524	10069.598205	10266.976942	9291.97828		
		4628.795297	4574.103789	4809.515328	4873.718596	5898.599946	4731.044738	4740.556321	5296.985869	7130.377267	5009.258996	4918.898703	5061.572896		
		4360.0939	4585.993244	4364.849669	4581.237462	4421.91892	4576.48168	4519.412319	4583.615353	4569.348008	4712.021577	4690.620525	4994.991574		
		4505.144985	4467.098773	4421.91892	4626.417405	4526.545987	4471.854549	4635.928975	4616.905836	4740.556321	4635.928975	4776.224766	4764.335282		
		18157.769045	7515.608816	7223.118026	5373.079099	7213.606148	6471.683175	27172.012815	17313.478953	22541.085834	18405.112055	11446.503397	5891.466156		
		
14:00	24.60	10980.398123	8336.015515	8519.121927	5969.937884	17358.666085	17520.388659	5254.183458	8531.011968	7087.573876	8545.28002	8671.314588	9220.637381		
		11118.326952	6060.299363	5565.690412	4890.363896	5677.452744	5546.667051	4426.674693	4438.564126	5201.869433	6507.352392	6110.236014	6214.865287		
		13617.733636	4747.690009	4514.65654	4916.520802	5741.656707	5508.620345	6079.322845	4771.468972	8171.933503	6388.455066	6357.54179	5163.82289		
		9280.088126	8424.001661	5106.753109	5270.828837	14637.970598	13037.464803	12939.961027	17353.909543	5546.667051	12509.518947	11287.171187	9998.256613		
		4433.808353	4607.394268	4819.02692	4928.410308	6017.496544	4448.075674	4740.556321	5789.215232	7648.775708	5113.88683	4802.381635	4895.119696		
		4426.674693	4438.564126	4421.91892	4431.430466	4405.273718	4424.296807	4350.582363	4467.098773	4569.348008	4673.975267	4652.574225	4509.900762		
		4391.006404	4402.895832	4348.204479	4338.692943	4341.070827	4322.047758	4412.407376	4467.098773	4414.785262	4662.085799	4735.80053	4914.142901		
		19691.783696	7891.33026	7444.2695	5491.974916	7777.18685	6611.982184	28249.508828	18371.815836	23197.53376	19154.280642	11658.154137	6276.69174		
		
15:00	24.70	10987.532367	8126.751558	8378.819574	6164.928571	17834.321648	17608.384903	5694.098211	8825.885555	7556.034456	8393.087599	8749.789042	10022.037137		
		12523.787708	6661.919179	6500.218547	5289.852132	6348.030015	6495.462651	4540.813324	4509.900762	5881.954437	6911.604621	7101.841671	6761.793262		
		15620.169052	4802.381635	4476.610324	5052.061275	6438.391921	6459.79344	6916.360542	4728.666843	10476.246496	7456.159382	7705.847301	5522.887858		
		10114.781247	9158.808653	5292.230044	6110.236014	15643.951246	15011.347283	14414.42106	15774.753442	6029.386214	14699.803559	12697.391172	10887.65301		
		4652.574225	4557.458555	4987.857865	5313.631257	6500.218547	4911.765	4911.765	6283.825565	8376.44157	5682.208591	4987.857865	4964.078837		
		4279.245869	4184.130642	4436.18624	4540.813324	4531.301766	4410.02949	4733.422634	4438.564126	4747.690009	4873.718596	4766.713179	4764.335282		
		4298.268928	4317.291991	4348.204479	4521.790208	4512.278651	4597.882701	4450.453561	4683.486843	4647.818439	4754.823697	4731.044738	4828.538513		
		19629.946878	8374.063566	7534.632644	5748.790484	8131.507551	6761.793262	29296.09721	18604.889659	24512.824247	19589.515138	12138.53205	6476.43907		
		
16:00	24.70	10985.154286	8621.376339	8844.909695	6678.564851	18088.798535	17998.423473	5801.104868	9187.344983	7693.957383	8397.843607	8756.923087	10483.380695		
		13869.818948	7177.936617	7598.838097	5717.877456	7244.519755	7465.671288	4785.736354	4498.011319	6466.927281	7544.14456	8121.995565	6906.8487		
		16783.126634	5363.567441	5078.218235	5496.730753	7532.254665	6792.706694	7479.93915	5206.625252	11560.652041	7912.732168	8626.132361	6017.496544		
		10994.666612	10143.317917	5867.68686	7068.550154	16840.204741	16488.223725	15936.472815	14340.697413	6229.132926	16038.736705	13453.640794	10775.883401		
		4961.700934	4942.677718	5316.009169	5908.111668	7097.085739	5130.53218	5030.660132	6466.927281	8861.555821	5579.957935	5109.131016	5337.410388		
		4469.476661	4545.569104	4500.389207	4595.50481	4488.499765	4583.615353	4638.306868	4631.17319	4583.615353	4493.255542	4847.561703	4802.381635		
		4481.3661	4621.66162	4490.877653	4445.697787	4457.587223	4467.098773	4735.80053	4638.306868	4609.77216	4716.777367	4790.492148	4788.114251		
		20459.991229	9096.979973	7815.234635	5848.663428	8198.091482	7061.41626	28870.324376	18469.32623	24550.87999	18207.713245	12400.125196	6771.305086		
		
17:00	24.80	10526.185902	8381.197578	8856.799785	6864.045429	17777.242831	17698.759524	5931.890976	9679.598277	7798.588727	8176.689498	8523.877943	10652.22359		
		14385.882866	7142.267102	8885.336007	5893.844086	8231.383468	8295.589481	4945.05562	4383.872748	6861.66747	7732.005128	8728.38691	7101.841671		
		16704.644302	5370.701184	5154.311257	5641.783897	7789.076781	7881.818303	8133.885548	5251.805547	13215.825677	8752.167057	9189.723011	6397.966845		
		11926.88004	10530.942038	6324.250583	7815.234635	16913.930691	17265.913579	17139.865475	13027.952234	6557.289321	17220.7265	13670.053164	11270.524556		
		5047.305465	5128.154272	5239.915993	5986.583412	7344.394565	5318.387082	5254.183458	7020.990869	9025.639248	6098.346332	5292.230044	5354.055785		
		4433.808353	4391.006404	4305.402576	4440.942013	4448.075674	4426.674693	4476.610324	4495.63343	4676.353161	4709.643682	4600.260593	4783.358456		
		4811.893226	4509.900762	4360.0939	4486.121877	4552.702775	4383.872748	4445.697787	4612.150052	4481.3661	4750.067905	4593.126918	4538.435435		
		19582.380127	8911.49422	7919.866138	5889.088226	8112.483581	6650.029416	27954.563665	17972.26229	24522.338181	18975.906533	11969.686019	7313.48092		
		
18:00	24.80	10578.503409	8828.263572	8994.724953	6994.833275	17320.613762	17356.287814	6497.840599	10055.329882	7917.488148	8283.699475	8366.929555	10963.751557		
		14497.657517	7025.746797	10105.269025	6816.486266	9603.500951	9344.29498	5679.830668	4788.114251	7815.234635	8542.902011	9896.000441	7201.716303		
		16447.793572	5810.616578	5551.422891	6027.00828	8754.545072	8638.022418	9020.883202	6138.771256	15439.424606	9960.20779	9972.098045	7299.213088		
		11563.030139	10821.066841	6692.832573	9215.881323	16171.917781	17724.920618	17313.478953	12181.338143	6859.289511	17984.153736	14338.319232	11520.224378		
		5292.230044	5701.231984	5610.87091	6790.328738	7877.062325	5494.352834	5722.633305	7189.826459	9584.476631	6466.927281	5736.900857	5579.957935		
		4509.900762	4564.592226	4531.301766	4502.767096	4476.610324	4638.306868	4771.468972	4669.219479	4766.713179	4935.544013	4952.189325	4968.834642		
		4673.975267	4486.121877	4505.144985	4635.928975	4574.103789	4754.823697	4714.399472	4614.527944	4750.067905	4878.474395	5011.636899	4802.381635		
		18802.289449	9201.613152	8276.565472	5760.680114	8136.263544	6778.438955	27359.919464	17351.531273	24450.983704	17793.890815	11922.123821	7501.340947		
		
19:00	24.80	10159.964313	8811.617453	8592.840211	7185.070522	15679.624551	15917.44699	6497.840599	10126.671525	8005.473833	8150.531526	7663.043603	10314.538156		
		14171.846736	7170.802713	10868.628385	7185.070522	10840.091455	10029.171295	6210.109408	4664.463692	8476.317793	8978.078799	9881.732149	7040.01458		
		16053.006096	6143.527131	6267.179975	6604.848331	9827.037051	9406.123851	9824.659004	6466.927281	16050.627864	10290.757546	10371.611651	7420.489742		
		11251.49984	10985.154286	7168.424745	10571.369202	15646.329466	17522.766935	17748.703438	11115.948867	6825.998096	17070.895842	14324.050148	10809.17646		
		5563.312491	6038.897951	5594.22546	7127.9993	8105.349593	5715.499531	5660.80728	7280.189316	9429.904199	6771.305086	5403.991994	5484.841162		
		4605.016376	4566.970117	4488.499765	4557.458555	4576.48168	4426.674693	4483.743989	4512.278651	4669.219479	4778.602663	4752.445801	4654.952119		
		4662.085799	4685.864737	4426.674693	4616.905836	4626.417405	4464.720886	4469.476661	4712.021577	4714.399472	4783.358456	4681.108948	4797.62584		
		18150.634162	9096.979973	7798.588727	6124.503634	7969.803949	6740.391663	25459.466221	16364.555087	22900.228779	16573.840587	11382.294856	7646.397726		
		
20:00	24.80	9610.635073	8478.6958	8252.785467	7068.550154	14302.646525	15194.468968	6952.029956	9760.451764	7658.287637	7413.355816	7391.954042	10697.40696		
		13463.153413	6628.627846	11439.369112	8026.875771	11325.220641	10747.346505	7013.856979	4386.250634	9284.844187	8768.813163	10181.366828	7196.960365		
		14737.854636	6455.037546	6564.423171	6578.690872	10083.866531	9717.646967	10364.477462	6573.934971	17225.483034	10507.161363	10623.686738	7777.18685		
		10683.138525	10792.529929	7389.576068	11560.652041	14842.49519	17265.913579	16956.739338	9955.451688	7075.68405	16959.117597	13693.834779	10989.910449		
		5434.904902	6138.771256	5563.312491	7560.790415	8207.603477	5820.128288	6100.724268	7532.254665	9215.881323	6581.068822	5637.028053	5639.405975		
		4393.38429	4402.895832	4253.08917	4467.098773	4388.628519	4303.024693	4526.545987	4379.116978	4431.430466	4657.330012	4890.363896	4757.201593		
		4438.564126	4445.697787	4557.458555	4426.674693	4374.361208	4521.790208	4493.255542	4595.50481	4457.587223	4562.214336	4702.509997	4759.579489		
		16830.691721	9289.600249	7803.3447	5710.743682	7827.124572	6535.887776	24246.434555	15004.21268	21696.749499	15969.768021	11051.740591	8119.617569		
		
21:00	24.80	9116.004177	8333.637513	8561.926083	7254.031636	12956.608005	14226.544804	7118.487434	9517.891547	7508.474881	7344.394565	7139.889135	10673.626236		
		13301.439038	6476.43907	11912.611385	9049.419482	12440.553304	10989.910449	7724.871175	4702.509997	9636.793522	9151.674572	10169.476541	7470.427242		
		14088.610618	6600.092428	7101.841671	7384.820119	10504.783296	9926.915084	10205.147406	6892.580941	16490.60197	11620.104524	11058.874842	8259.919468		
		10083.866531	10664.113948	7907.976188	12383.478334	13853.171781	16447.793572	16214.726031	9544.049966	6840.265844	15551.200728	13308.573488	10545.210446		
		5482.463244	6260.046152	5670.318973	7872.306347	8569.060112	6110.236014	6490.706755	7391.954042	9341.916947	6971.05365	5979.449614	5793.971086		
		4540.813324	4495.63343	4659.707905	4628.795297	4605.016376	4440.942013	4647.818439	4486.121877	4576.48168	4852.317501	4712.021577	4731.044738		
		4547.946994	4533.679655	4521.790208	4569.348008	4559.836446	4585.993244	4609.77216	4369.605439	4628.795297	4790.492148	4828.538513	4633.551082		
		16048.249632	8935.27442	7577.436274	5753.546336	7622.617908	6588.202674	22331.784729	13360.892814	20569.395998	14633.214218	10214.659639	8288.455477		
		
22:00	24.80	8792.593322	8014.985805	8067.30167	7342.016592	11548.76155	13127.834263	7451.403429	9662.951981	7515.608816	7204.094272	6911.604621	10041.061561		
		12585.619036	6250.534389	11836.511936	9760.451764	13574.926775	10640.333234	8614.242306	4842.805905	10749.724579	8951.920565	10378.74584	7382.442145		
		12987.52383	6835.509928	7251.653666	7334.882673	10799.664156	10526.185902	10461.9781	7615.483964	16424.011139	11360.892021	10447.709707	8835.397624		
		9915.024835	10193.257116	8145.775532	13137.346844	12851.969916	15596.386865	15734.323649	8923.384319	7089.951842	14093.366965	13023.19595	10000.634665		
		5946.158564	6614.360136	6010.362744	8297.967482	8038.765739	6818.864223	6702.344388	8079.191644	9230.149497	7582.192234	6519.242134	6214.865287		
		4500.389207	4545.569104	4645.440546	4509.900762	4583.615353	4692.998419	4681.108948	4690.620525	4838.050107	4778.602663	4721.533157	5033.038037		
		4602.638484	4547.946994	4700.132103	4455.209336	4704.887892	4752.445801	4731.044738	4740.556321	4707.265787	4871.340696	4923.654506	5123.398458		
		14580.894061	8828.263572	7551.278497	5698.854059	7399.087966	6431.258083	20733.503432	12409.63769	19101.957529	13620.111796	9855.573619	8340.771521		
		
23:00	24.80	8374.063566	7465.671288	7765.296921	7372.930248	10385.880031	12043.407482	7391.954042	9237.283585	7791.454767	6776.060999	6424.124245	9912.646786		
		11867.427329	5977.071681	11196.803806	10083.866531	13924.51681	10178.98877	9170.698789	4975.96835	10716.431545	8416.867645	9596.366831	7094.707773		
		12055.298047	6902.09278	7767.674907	7639.26378	10649.845519	10312.160095	10421.550992	7743.895053	15758.105878	11368.026298	9964.963891	8649.912477		
		9032.773317	9919.780935	8326.503505	13684.322132	12071.94484	14328.806509	14830.604211	8540.524002	6968.675688	13318.086091	12178.960026	9396.611714		
		5667.94105	6785.572824	5943.780633	8716.49684	8150.531526	6856.911553	6704.722343	7927.000109	8766.435148	7441.891524	6383.699176	6288.581449		
		4483.743989	4697.754208	4847.561703	4709.643682	4678.731054	4595.50481	4638.306868	4733.422634	4871.340696	4935.544013	4980.724155	4980.724155		
		4417.163148	4707.265787	4714.399472	4557.458555	4678.731054	4721.533157	4887.985995	4842.805905	4816.649022	4757.201593	4902.253398	4964.078837		
		13341.867601	9044.663435	7732.005128	5736.900857	6940.14015	6167.306509	18647.699211	11175.40102	17154.135062	12155.178861	9263.441913	8195.713484		
		
24:00	24.80	7720.115206	7346.772538	7332.5047	7199.338334	9327.648753	10771.127251	7670.177551	8721.252868	7092.329807	6440.769867	5996.095144	9729.537186		
		10176.610713	5637.028053	10916.189957	9879.3541	13734.26354	9843.683381	9838.927286	4857.073299	9898.37849	8069.679665	9039.907388	6949.651995		
		10706.919252	6818.864223	7798.588727	7888.952271	10514.295565	10138.561805	9912.646786	7822.368597	14844.873386	11270.524556	9929.293134	8899.604122		
		8595.218221	8866.311857	7922.244129	13406.077714	11189.669543	13460.775258	13182.531617	7965.047966	6733.257797	12671.231722	11527.35867	9042.285411		
		5689.342363	6733.257797	5734.522931	8859.177803	7632.129834	6716.612114	6757.037351	7596.460117	8288.455477	7636.885798	6633.38375	6153.038882		
		4424.296807	4412.407376	4581.237462	4521.790208	4621.66162	4790.492148	4493.255542	4547.946994	4945.05562	4902.253398	4757.201593	4926.032407		
		4616.905836	4398.140061	4650.196332	4512.278651	4771.468972	4714.399472	4585.993244	4595.50481	4790.492148	4780.980559	4797.62584	5113.88683		
		11382.294856	8167.177507	7268.29946	5425.393237	6707.100297	6138.771256	16935.335012	9622.525276	15168.308702	10911.433798	8557.170065	7967.425958		
		
25:00	24.80	7601.216078	7187.448491	7023.368833	6828.376054	8302.723486	9677.220234	7232.629905	8550.036038	6828.376054	6271.935858	5672.696897	8542.902011		
		9491.733136	5368.32327	10155.2082	9444.172411	13194.422351	9225.393439	9605.878992	4769.091075	9263.441913	7567.924354	8102.971598	6531.131878		
		10050.573774	7004.345126	7753.406993	7827.124572	10126.671525	9945.939486	9979.232199	7708.225285	13886.46612	10162.34237	9070.8217	8131.507551		
		8264.675468	8657.046513	8088.703625	12954.229865	10257.464703	11888.8303	12373.965843	7206.472241	6257.668211	11643.88553	10255.086643	8309.857491		
		6107.858077	7032.880688	5663.185203	9180.2109	7627.373871	6709.478251	6809.352393	7056.66033	7836.636523	7230.251935	6314.738812	5896.222016		
		4662.085799	4635.928975	4681.108948	4750.067905	4507.522874	4405.273718	4550.324884	4488.499765	4585.993244	4578.859571	4616.905836	4624.039512		
		4852.317501	4562.214336	4588.371136	4488.499765	4471.854549	4628.795297	4438.564126	4517.03443	4538.435435	4652.574225	4595.50481	4688.242631		
		10730.699986	8383.575582	6733.257797	5427.771153	6024.630346	5981.827546	15280.084446	8661.802538	13753.288847	9660.573939	7803.3447	7689.201416		
		
26:00	24.90	6818.864223	6359.919734	6355.163846	6631.005798	7292.079173	9189.723011	7047.148473	7774.808864	6252.91233	5705.987832	5354.055785	7896.086239		
		8561.926083	5109.131016	9013.749133	8880.579969	12335.91589	8500.097865	9617.769194	4362.471785	8290.833478	7139.889135	7529.876686	6017.496544		
		8661.802538	6450.281653	7194.582396	7591.704156	9439.41634	9282.466156	8975.700778	7577.436274	12171.825676	9401.367782	8150.531526	8183.823492		
		7306.347004	7974.559933	7513.230837	12400.125196	9643.927646	10749.724579	11227.718951	6787.950781	6138.771256	10897.165325	9593.988791	7527.498708		
		5665.563127	6842.643802	5577.580014	8766.435148	6837.887886	6685.698712	6621.493991	6966.297726	7232.629905	6738.013708	6333.762355	5953.29236		
		4262.600696	4243.577646	4317.291991	4243.577646	4319.669874	4331.559292	4371.983323	4307.780459	4457.587223	4440.942013	4514.65654	4512.278651		
		4229.310361	4269.734341	4341.070827	4457.587223	4414.785262	4305.402576	4331.559292	4481.3661	4314.914108	4490.877653	4543.191214	4505.144985		
		9051.797506	7380.06417	6176.818263	4921.276605	5632.272208	5354.055785	13705.725589	7439.513548	11572.542534	8628.510373	7177.936617	7572.680314		
		
27:00	24.90	6290.95939	6091.212524	6136.393319	6383.699176	6445.52576	7865.172381	6899.71482	7365.796326	6129.259508	5722.633305	5168.578707	7503.718925		
		7765.296921	4964.078837	8055.411698	8559.548074	11603.457824	8117.239573	9173.076817	4643.062653	7969.803949	6493.084703	7406.221891	5879.576507		
		7896.086239	6657.163274	6944.896072	7287.32323	9008.993088	9061.309602	8440.647699	7660.66562	11541.627256	8928.140359	7974.559933	7767.674907		
		7232.629905	7817.612623	7363.418353	11579.676831	8963.810671	10007.768821	10445.331641	6493.084703	6338.518242	10224.171874	9127.894307	7239.763815		
		5577.580014	6469.305228	5277.962572	8264.675468	6659.541226	6621.493991	6654.785321	6854.533594	6899.71482	6921.116463	6286.203507	6257.668211		
		4310.158342	4410.02949	4543.191214	4295.891045	4383.872748	4474.232436	4490.877653	4493.255542	4374.361208	4657.330012	4683.486843	4566.970117		
		4436.18624	4507.522874	4343.448711	4386.250634	4274.490105	4250.711289	4507.522874	4759.579489	4495.63343	4842.805905	4654.952119	4971.212544		
		8169.555505	7401.465941	6010.362744	4857.073299	5560.934571	5423.015321	12002.979575	7403.843916	10771.127251	8466.805767	6730.879842	7361.040379		
		
28:00	24.90	5832.017929	5984.205479	5851.041357	6034.142082	5962.804087	7142.267102	6650.029416	6892.580941	5739.278782	5442.038651	5097.241483	7218.362087		
		6792.706694	4788.114251	7596.460117	8017.363798	10837.713378	7177.936617	8041.143733	4383.872748	7040.01458	6200.597651	6764.171218	5708.365757		
		7325.370782	6179.196201	6764.171218	6873.557265	8319.369499	8366.929555	8271.80947	7527.498708	10350.209086	8219.493472	7396.709992	7389.576068		
		6757.037351	7513.230837	7082.817945	10623.686738	8735.520953	9265.819943	9831.793145	5986.583412	5860.553072	9769.963945	8473.939786	6887.825021		
		5456.306153	6193.463834	5344.544129	8538.145994	6564.423171	6521.620083	6267.179975	6295.715274	6657.163274	6664.297132	6264.802034	6105.480141		
		4343.448711	4272.112223	4219.798839	4388.628519	4153.218218	4352.960247	4319.669874	4379.116978	4383.872748	4547.946994	4493.255542	4336.315059		
		4322.047758	4360.0939	4326.803524	4367.227554	4226.93248	4343.448711	4212.665198	4438.564126	4291.13528	4502.767096	4452.831449	4769.091075		
		7579.814254	6776.060999	5729.767081	4723.911052	5123.398458	4937.921914	10433.441316	6340.896185	9394.23368	7299.213088	6245.778508	6785.572824		
		
29:00	24.90	5927.135114	5582.335855	5396.858248	5579.957935	5503.864508	6576.312922	6512.108288	6752.28144	5577.580014	5044.92756	5047.305465	7056.66033		
		6852.155636	4769.091075	6806.974436	7548.900518	9841.305334	6809.352393	7941.268053	4576.48168	6799.840565	5943.780633	6374.187398	5620.382597		
		6892.580941	5967.559952	6519.242134	7016.234942	7629.751853	7881.818303	7605.97204	7044.770508	9525.02566	7586.948195	7099.463705	6952.029956		
		6847.399719	7225.495996	6688.076665	10359.721336	7789.076781	8630.888384	9075.577749	5777.325598	5465.817821	9429.904199	8093.459615	6795.084651		
		5801.104868	6010.362744	5180.46825	7475.183196	5900.977877	6447.903707	6381.321232	6112.61395	6069.811104	6835.509928	6134.015382	6459.79344		
		4386.250634	4338.692943	4303.024693	4212.665198	4345.826595	4402.895832	4424.296807	4319.669874	4391.006404	4388.628519	4574.103789	4650.196332		
		4410.02949	4326.803524	4331.559292	4279.245869	4162.729732	4198.397919	4267.356459	4412.407376	4381.494863	4424.296807	4576.48168	4861.829098		
		7020.990869	6543.021624	5442.038651	4576.48168	4964.078837	4849.939602	9672.464149	5915.245459	8124.373562	6514.486237	6233.888806	6735.635752		
		
30:00	24.90	5415.881573	5513.376182	5506.242426	5722.633305	5223.270621	6333.762355	6376.565343	6198.219712	5213.758981	5087.729858	4942.677718	6321.87264		
		5965.18202	4702.509997	6738.013708	6868.801347	9327.648753	6364.675622	7372.930248	4462.342998	6279.069682	5891.466156	6093.59046	5477.707409		
		6364.675622	5910.489598	6057.921428	6378.943287	7382.442145	7546.522539	7208.85021	6757.037351	8742.654997	6897.33686	6611.982184	6864.045429		
		6436.013975	6638.139654	6666.675085	9755.695675	7603.594059	7672.555534	8229.005469	5686.964439	5698.854059	8680.826639	7506.096903	6217.243227		
		5527.643696	6162.550633	5097.241483	7130.377267	5620.382597	5886.710296	6029.386214	5846.285499	5962.804087	6543.021624	6067.433168	6198.219712		
		4467.098773	4331.559292	4269.734341	4181.752763	4245.955527	4417.163148	4200.775799	4429.05258	4481.3661	4521.790208	4545.569104	4417.163148		
		4462.342998	4402.895832	4443.3199	4326.803524	4267.356459	4212.665198	4215.043078	4314.914108	4281.623751	4400.517946	4469.476661	4486.121877		
		6436.013975	6386.077121	5125.776365	4550.324884	4871.340696	4807.137431	8571.438121	5658.429357	7263.543519	6305.227043	5801.104868	6433.636029		
		
31:00	24.90	5277.962572	5384.968673	5480.085327	5477.707409	4811.893226	5641.783897	6248.156448	5758.302188	5173.334524	4826.160615	4738.178425	6117.369823		
		5717.877456	4657.330012	6371.809454	6875.935224	8485.829821	6000.85101	6975.809575	4481.3661	5741.656707	5494.352834	5903.355807	5325.520822		
		5867.68686	5480.085327	5715.499531	6426.502191	6859.289511	7035.258652	6818.864223	6699.966434	7846.148474	6376.565343	6226.754986	6845.02176		
		5941.402701	6547.777523	6027.00828	9270.576004	7227.873965	7168.424745	7762.918935	5568.068332	5282.718396	8483.451814	7061.41626	6238.644687		
		5468.195739	6074.566974	5080.59614	6880.691143	5475.329491	5798.726941	5774.947672	5974.693749	5501.486589	6050.787624	5627.516363	5855.797214		
		4436.18624	4374.361208	4136.573071	4117.550051	4371.983323	4314.914108	4236.444003	4324.425641	4143.706705	4374.361208	4436.18624	4467.098773		
		4307.780459	4324.425641	4345.826595	4257.844933	4250.711289	4324.425641	4226.93248	4267.356459	4226.93248	4419.541034	4400.517946	4374.361208		
		5962.804087	6224.377046	5289.852132	4467.098773	4761.957386	4907.009199	8217.115473	5213.758981	6507.352392	5686.964439	5420.637405	6043.65382		
		
32:00	24.90	4880.852295	5002.125285	4757.201593	5175.712432	4666.841586	5330.276648	5767.813893	5506.242426	4947.433521	4821.404818	4555.080665	5832.017929		
		4961.700934	4414.785262	5865.308931	6329.006469	7727.249159	5658.429357	6566.801121	4833.29431	5755.924262	5387.346588	5822.506216	4983.102058		
		5389.724503	5101.997296	5463.439904	5786.837305	6343.274128	6376.565343	6545.399573	6543.021624	7615.483964	6167.306509	6091.212524	6074.566974		
		5206.625252	6176.818263	5877.198577	8728.38691	6973.431612	6809.352393	7596.460117	5373.079099	5299.363781	8022.119785	6704.722343	5815.372433		
		4992.613671	5527.643696	4949.811423	6157.794757	5040.17175	5596.603382	5570.446252	5584.713776	5520.509939	6155.416819	5629.894286	5870.064789		
		4188.886401	4129.439438	4322.047758	4153.218218	4250.711289	4264.978578	4136.573071	4319.669874	4338.692943	4424.296807	4457.587223	4431.430466		
		4367.227554	4169.863368	4238.821884	4169.863368	4262.600696	4433.808353	4398.140061	4376.739093	4431.430466	4374.361208	4398.140061	4457.587223		
		5420.637405	5867.68686	4864.206997	4429.05258	4533.679655	4709.643682	7273.055402	5282.718396	6134.015382	5449.172402	5249.427636	5903.355807		
		
33:00	24.90	4842.805905	4940.299816	5016.392707	5052.061275	4526.545987	5330.276648	5644.16182	5273.206749	4631.17319	4585.993244	4543.191214	5532.399534		
		5130.53218	4345.826595	5679.830668	5974.693749	7441.891524	5560.934571	6043.65382	4838.050107	5396.858248	5159.067073	5432.526986	4838.050107		
		5106.753109	5101.997296	5123.398458	6027.00828	6497.840599	6309.982927	6309.982927	5955.670291	6980.565499	5539.533293	5703.609908	5705.987832		
		5446.794485	5834.395857	5953.29236	8252.785467	6645.273511	6343.274128	6702.344388	4942.677718	5109.131016	7988.827885	6331.384412	5475.329491		
		5211.381071	5458.68407	4923.654506	6281.447623	5021.148515	5311.253344	5530.021615	5223.270621	5199.491523	5732.145006	5477.707409	5653.673511		
		4217.420959	4127.061561	4295.891045	4203.153679	4081.8819	4281.623751	4222.176719	4074.748272	4238.821884	4383.872748	4255.467052	4264.978578		
		4295.891045	4381.494863	4200.775799	4174.619126	4148.462462	4300.64681	4245.955527	4279.245869	4219.798839	4329.181408	4436.18624	4450.453561		
		5197.113614	5437.282818	4916.520802	4350.582363	4531.301766	4588.371136	6426.502191	4800.003738	5625.138441	5080.59614	5025.904324	5563.312491		
		
34:00	24.90	4638.306868	4628.795297	4788.114251	4933.166111	4350.582363	4916.520802	5154.311257	4978.346253	4719.155262	4659.707905	4438.564126	5268.450926		
		4647.818439	4281.623751	5406.36991	5598.981303	6778.438955	5223.270621	5751.16841	4714.399472	5189.979886	4902.253398	5282.718396	4750.067905		
		5028.282228	5021.148515	5151.933349	5582.335855	5858.175143	5931.890976	5691.720287	5625.138441	6543.021624	5503.864508	5584.713776	5551.422891		
		5014.014803	5782.081452	5689.342363	7879.440314	6202.97559	5896.222016	6100.724268	4761.957386	4954.567228	7130.377267	6124.503634	5154.311257		
		4961.700934	5437.282818	4911.765	5984.205479	4871.340696	5042.549655	5135.287994	5189.979886	4885.608095	5415.881573	5287.47422	5601.359224		
		4124.683683	4248.333408	4131.817316	4329.181408	4300.64681	4153.218218	4031.946515	4020.057142	4146.084583	4402.895832	4464.720886	4310.158342		
		4157.973975	4217.420959	4196.020039	4074.748272	4288.757398	4003.412023	4141.328827	4041.458015	4117.550051	4329.181408	4431.430466	4234.066122		
		4923.654506	5389.724503	4731.044738	4200.775799	4467.098773	4181.752763	5917.62339	4600.260593	5078.218235	4923.654506	4911.765	5549.044971		
		
35:00	24.90	4585.993244	4543.191214	4628.795297	4926.032407	4436.18624	4854.6954	5266.073015	5011.636899	4700.132103	4685.864737	4669.219479	5130.53218		
		4412.407376	4238.821884	5135.287994	5470.573656	6500.218547	4907.009199	5734.522931	5087.729858	5149.555441	5014.014803	5192.357795	4804.759533		
		4783.358456	4628.795297	4666.841586	5484.841162	5784.459378	5632.272208	5591.847539	5732.145006	6176.818263	5289.852132	5173.334524	5513.376182		
		4666.841586	5689.342363	5339.788302	7651.15369	6076.94491	5810.616578	6233.888806	4942.677718	5006.881092	6764.171218	5912.867529	5254.183458		
		4978.346253	5128.154272	4714.399472	5675.07482	4742.934217	5118.642644	5135.287994	5325.520822	5197.113614	5656.051434	5589.469618	5418.259489		
		4048.59164	4060.481017	4219.798839	4124.683683	4269.734341	4288.757398	4188.886401	4288.757398	4519.412319	4517.03443	4431.430466	4652.574225		
		4108.038543	4108.038543	4169.863368	4065.236768	4093.771282	4122.305806	4267.356459	4260.222814	4229.310361	4424.296807	4459.965111	4607.394268		
		4761.957386	5040.17175	4605.016376	4314.914108	4445.697787	4395.762175	5739.278782	4754.823697	5121.020551	5059.19499	4797.62584	5413.503657		
		
36:00	24.90	4647.818439	4797.62584	4800.003738	4930.78821	4536.057545	4826.160615	5337.410388	4892.741796	4566.970117	4795.247943	4493.255542	4740.556321		
		4676.353161	4379.116978	5337.410388	5211.381071	6531.131878	4990.235768	5589.469618	5147.177533	4709.643682	4876.096495	5156.689165	4585.993244		
		5016.392707	4838.050107	5014.014803	5349.299957	5717.877456	5541.911212	5589.469618	5691.720287	6081.700781	4899.875497	5118.642644	5370.701184		
		4947.433521	5689.342363	5396.858248	7520.364772	5905.733737	5472.951574	6072.189039	4790.492148	5054.43918	6745.147573	5463.439904	6450.281653		
		5349.299957	5275.584661	4716.777367	5613.248832	4842.805905	4937.921914	5332.654561	5415.881573	4975.96835	5287.47422	5194.735704	5444.416568		
		4376.739093	4367.227554	4286.379515	4188.886401	4322.047758	4200.775799	4352.960247	4215.043078	4381.494863	4165.107611	4414.785262	4322.047758		
		4419.541034	4386.250634	4248.333408	4084.259776	4219.798839	4274.490105	4284.001633	4234.066122	4398.140061	4388.628519	4314.914108	4210.287318		
		4928.410308	4923.654506	4809.515328	4379.116978	4341.070827	4495.63343	5465.817821	4609.77216	4928.410308	4657.330012	4723.911052	5025.904324		
		
37:00	24.90	4345.826595	4509.900762	4521.790208	4536.057545	4329.181408	4498.011319	4761.957386	4726.288948	4507.522874	4381.494863	4148.462462	4643.062653		
		4319.669874	4205.531558	4790.492148	4897.497597	5877.198577	4999.747381	5316.009169	4857.073299	4557.458555	4664.463692	4780.980559	4424.296807		
		4448.075674	4545.569104	4402.895832	4695.376314	5346.922043	5220.892711	5154.311257	5135.287994	5415.881573	4640.68476	4766.713179	5037.793846		
		4448.075674	5306.497519	5002.125285	6845.02176	5694.098211	5159.067073	5420.637405	4398.140061	4666.841586	5791.593159	4961.700934	4921.276605		
		4971.212544	4937.921914	4593.126918	5475.329491	4683.486843	4747.690009	4671.597373	4949.811423	4735.80053	4940.299816	4914.142901	5006.881092		
		4079.504024	4050.969515	4074.748272	4143.706705	4100.904912	4131.817316	4027.190766	3851.22824	4050.969515	4015.301394	4184.130642	4086.637652		
		4157.973975	4115.172174	4020.057142	4048.59164	4127.061561	4093.771282	4027.190766	4112.794297	4003.412023	4146.084583	4167.485489	4193.64216		
		4643.062653	4723.911052	4526.545987	4122.305806	4103.282789	4226.93248	5101.997296	4248.333408	4417.163148	4474.232436	4526.545987	4909.3871		
		
38:00	25.00	4108.038543	4245.955527	4286.379515	4402.895832	4077.126148	4245.955527	4845.183804	4410.02949	4388.628519	4357.716016	4267.356459	4533.679655		
		4174.619126	4074.748272	4868.962796	4816.649022	5520.509939	4666.841586	5178.090341	4873.718596	4712.021577	4557.458555	4742.934217	4317.291991		
		4243.577646	4369.605439	4429.05258	4766.713179	4947.433521	4847.561703	5028.282228	5247.049726	5113.88683	4685.864737	4838.050107	4930.78821		
		4253.08917	4845.183804	4923.654506	6331.384412	5389.724503	4885.608095	5178.090341	4317.291991	4502.767096	5684.586515	5006.881092	4602.638484		
		4631.17319	4728.666843	4322.047758	5270.828837	4424.296807	4697.754208	4700.132103	4788.114251	4602.638484	5066.328706	4911.765	4828.538513		
		3934.453711	3924.942224	3993.900529	4089.015529	4065.236768	4148.462462	4053.34739	3905.919254	4024.812891	4174.619126	4108.038543	4155.596096		
		4072.370396	3886.896288	3998.656276	3932.075839	4050.969515	4081.8819	4093.771282	4027.190766	4062.858893	4291.13528	4324.425641	4029.56864		
		4450.453561	4533.679655	4410.02949	4060.481017	4008.167771	4234.066122	4792.870045	4310.158342	4374.361208	4666.841586	4500.389207	4547.946994		
		
39:00	25.00	4317.291991	4089.015529	4191.26428	4505.144985	4029.56864	4312.536225	4455.209336	4226.93248	4236.444003	4288.757398	3979.633288	4395.762175		
		3855.983979	4031.946515	4509.900762	4728.666843	5163.82289	4607.394268	4949.811423	4816.649022	4507.522874	4448.075674	4654.952119	4160.351853		
		4181.752763	4215.043078	4293.513162	4467.098773	4645.440546	4690.620525	4790.492148	4745.312113	4975.96835	4400.517946	4605.016376	4745.312113		
		4089.015529	4678.731054	4788.114251	5896.222016	5128.154272	4733.422634	5028.282228	4488.499765	4571.725898	5316.009169	4578.859571	4517.03443		
		4519.412319	4600.260593	4505.144985	4973.590447	4421.91892	4600.260593	4638.306868	4771.468972	4471.854549	4723.911052	4685.864737	4978.346253		
		3865.495457	3877.384807	3851.22824	3884.518418	3991.522655	3962.988178	4046.213765	4148.462462	3996.278402	3996.278402	4131.817316	4236.444003		
		3851.22824	3894.0299	3946.343071	3836.961025	3889.274159	4155.596096	3974.877542	4188.886401	4165.107611	3986.766908	4134.195194	3962.988178		
		4222.176719	4279.245869	4222.176719	3825.071681	4077.126148	4426.674693	4633.551082	4115.172174	4400.517946	4191.26428	4303.024693	4505.144985		
		
40:00	25.00	3984.389035	3962.988178	4108.038543	4279.245869	3932.075839	4134.195194	4191.26428	4036.702265	4029.56864	4031.946515	4193.64216	4379.116978		
		4069.99252	3820.315944	4386.250634	4417.163148	4868.962796	4412.407376	4490.877653	4607.394268	4329.181408	4398.140061	4521.790208	4429.05258		
		4174.619126	3965.36605	4134.195194	4376.739093	4766.713179	4398.140061	4478.988212	4595.50481	4759.579489	4593.126918	4750.067905	4650.196332		
		3967.743923	4552.702775	4471.854549	5539.533293	4914.142901	4241.199765	4519.412319	4015.301394	4431.430466	5080.59614	4669.219479	4585.993244		
		4438.564126	4391.006404	4117.550051	4899.875497	4131.817316	4348.204479	4545.569104	4433.808353	4274.490105	4738.178425	4555.080665	5097.241483		
		3839.338894	3732.33486	3813.182339	3896.40777	3663.376781	3875.006937	3803.670867	3815.560208	3834.583156	4022.435017	4115.172174	4279.245869		
		3796.537263	3986.766908	3855.983979	3775.136457	3744.22419	3877.384807	3863.117588	3801.292999	3967.743923	4022.435017	4115.172174	4322.047758		
		4029.56864	4162.729732	3948.720943	3867.873327	3974.877542	3889.274159	4350.582363	3984.389035	4129.439438	4410.02949	4395.762175	4759.579489		
		
41:00	25.00	3974.877542	3986.766908	4181.752763	4162.729732	3803.670867	4086.637652	4112.794297	4188.886401	4129.439438	4048.59164	4105.660666	4333.937175		
		4029.56864	4005.789897	4654.952119	4412.407376	4854.6954	4383.872748	4571.725898	4735.80053	4521.790208	4336.315059	4531.301766	4241.199765		
		4269.734341	4196.020039	4276.867987	4417.163148	4367.227554	4652.574225	4395.762175	4614.527944	4702.509997	4276.867987	4350.582363	4493.255542		
		4200.775799	4638.306868	4714.399472	5484.841162	4697.754208	4369.605439	4483.743989	4141.328827	4288.757398	4733.422634	4493.255542	4455.209336		
		4531.301766	4633.551082	4481.3661	4854.6954	4352.960247	4429.05258	4462.342998	4826.160615	4362.471785	4476.610324	4343.448711	4616.905836		
		4008.167771	3858.361848	3853.606109	3982.011161	3965.36605	3934.453711	3813.182339	3877.384807	3924.942224	4058.103141	4203.153679	4157.973975		
		3979.633288	4034.32439	3796.537263	3920.186481	3663.376781	3939.209454	3979.633288	3951.098815	3896.40777	4053.34739	4093.771282	4307.780459		
		4122.305806	4507.522874	3998.656276	4069.99252	4065.236768	3989.144781	4148.462462	3943.965199	4039.08014	4198.397919	4269.734341	4514.65654		
		
42:00	25.00	3970.121796	3853.606109	3891.652029	3839.338894	3855.983979	4262.600696	4077.126148	3972.499669	3986.766908	4039.08014	3953.476688	4196.020039		
		3670.510373	3775.136457	4276.867987	4084.259776	4605.016376	4198.397919	4371.983323	4666.841586	4253.08917	4203.153679	4314.914108	3979.633288		
		3924.942224	3758.491389	3825.071681	4124.683683	4243.577646	4300.64681	4402.895832	4333.937175	4455.209336	4291.13528	4398.140061	4179.374884		
		3982.011161	4291.13528	4215.043078	4985.479961	4421.91892	4276.867987	4281.623751	4062.858893	4324.425641	4659.707905	4371.983323	4212.665198		
		4402.895832	4298.268928	4084.259776	4624.039512	4084.259776	4122.305806	4324.425641	4626.417405	4234.066122	4474.232436	4160.351853	4445.697787		
		3684.777558	3561.128704	3720.445532	3708.556206	3882.140548	3689.533287	3746.602057	3696.666881	3844.094632	3960.610305	3960.610305	3882.140548		
		3834.583156	3798.915131	3660.998918	3739.468458	3777.514324	3703.800476	3853.606109	3851.22824	3829.827419	4017.679268	3903.541383	3908.297125		
		3851.22824	3915.430738	3763.247122	3798.915131	3858.361848	3943.965199	4229.310361	3958.232433	4127.061561	4165.107611	4129.439438	4041.458015		
		
43:00	25.00	3860.739718	3798.915131	4119.927928	4098.527035	3829.827419	3991.522655	3965.36605	4072.370396	3948.720943	4172.241247	4024.812891	3967.743923		
		3882.140548	3789.403661	4293.513162	4262.600696	4498.011319	4303.024693	4421.91892	4666.841586	4286.379515	4272.112223	4381.494863	3908.297125		
		3922.564352	4003.412023	4072.370396	4127.061561	4257.844933	4243.577646	4205.531558	4324.425641	4348.204479	4331.559292	4348.204479	4069.99252		
		4048.59164	4188.886401	4362.471785	4878.474395	4457.587223	4222.176719	4217.420959	4153.218218	4455.209336	4643.062653	4383.872748	4119.927928		
		4303.024693	4029.56864	4236.444003	4683.486843	4043.83589	4160.351853	4417.163148	4605.016376	4226.93248	4341.070827	4455.209336	4383.872748		
		3589.663038	3632.464558	3798.915131	3668.132509	3794.159396	3770.380723	3715.689801	3934.453711	3756.113522	3982.011161	3872.629067	3696.666881		
		3632.464558	3760.869255	3722.823398	3775.136457	3851.22824	3782.270058	3982.011161	3932.075839	3806.048735	3984.389035	4031.946515	3865.495457		
		3960.610305	4036.702265	3894.0299	3803.670867	3834.583156	3958.232433	4153.218218	4065.236768	4046.213765	4069.99252	4238.821884	4043.83589		
		
44:00	25.00	3328.098691	3523.082942	3699.044746	3430.346471	3627.708833	3644.353873	3751.357789	3658.621054	3389.922914	3670.510373	3763.247122	3672.888237		
		3577.773731	3416.079331	3639.598147	3641.97601	4148.462462	3867.873327	4110.41642	4155.596096	3706.178341	3922.564352	4098.527035	3620.575245		
		3630.086695	3461.258616	3518.327223	3701.422611	3820.315944	3851.22824	4074.748272	3898.785641	3955.85456	3791.781528	4020.057142	3917.80861		
		3508.815785	3803.670867	3708.556206	4421.91892	4015.301394	3763.247122	3839.338894	3701.422611	3875.006937	4048.59164	3989.144781	3779.892191		
		4172.241247	4036.702265	3772.75859	4445.697787	3770.380723	4008.167771	3998.656276	4312.536225	3936.831583	4181.752763	3996.278402	3884.518418		
		3418.457187	3309.075863	3594.418762	3456.5029	3525.460801	3539.727961	3406.567906	3515.949363	3473.147905	3603.930209	3732.33486	3603.930209		
		3444.613613	3306.69801	3466.014331	3351.877233	3489.792914	3532.594381	3432.724328	3316.209423	3446.99147	3592.0409	3758.491389	3630.086695		
		3753.735656	3682.399694	3482.659338	3534.97224	3463.636474	3397.056482	3710.934071	3532.594381	3813.182339	3710.934071	3798.915131	3806.048735		
		
45:00	25.00	3247.251703	3242.496	3382.789348	3482.659338	3606.308071	3392.30077	3408.945762	3301.942304	3351.877233	3430.346471	3563.506565	3753.735656		
		3473.147905	3256.763109	3710.934071	3777.514324	4031.946515	3637.220284	3668.132509	4103.282789	3644.353873	3680.021829	3829.827419	3577.773731		
		3335.232253	3328.098691	3435.102185	3568.262287	3860.739718	3539.727961	3789.403661	3687.155423	3787.025793	3691.911152	3908.297125	3777.514324		
		3349.499379	3546.861541	3653.865327	4200.775799	3894.0299	3549.239402	3691.911152	3506.437926	3770.380723	3836.961025	3839.338894	3729.956995		
		3839.338894	3791.781528	3618.197382	4124.683683	3527.838661	3710.934071	3815.560208	3765.624989	3427.968614	4074.748272	3784.647926	3941.587327		
		3304.320157	3325.720838	3202.072539	3332.854399	3237.740298	3130.737068	3275.785925	3280.541629	3342.365816	3361.388652	3501.682208	3504.060067		
		3259.140961	3325.720838	3287.675187	3354.255088	3244.873851	3216.33964	3427.968614	3263.896664	3183.04974	3435.102185	3520.705082	3511.193644		
		3351.877233	3520.705082	3416.079331	3411.323618	3323.342984	3175.916192	3432.724328	3316.209423	3558.750844	3558.750844	3665.754645	3680.021829		
		
46:00	25.00	3399.434338	3499.304349	3451.747185	3553.995122	3397.056482	3454.125043	3382.789348	3466.014331	3427.968614	3475.525764	3539.727961	3632.464558		
		3682.399694	3325.720838	3530.216521	3744.22419	3775.136457	3746.602057	3613.441658	4143.706705	3525.460801	3689.533287	3858.361848	3592.0409		
		3494.548631	3430.346471	3489.792914	3480.28148	3644.353873	3768.002856	3710.934071	3846.472501	3827.44955	3620.575245	3720.445532	3834.583156		
		3701.422611	3611.063795	3710.934071	4008.167771	3770.380723	3551.617262	3577.773731	3573.018009	3691.911152	3872.629067	3815.560208	3672.888237		
		4093.771282	3694.289016	3656.24319	4020.057142	3584.907315	3680.021829	3860.739718	4024.812891	3682.399694	3974.877542	3913.052867	3727.579129		
		3337.610107	3380.411492	3463.636474	3209.206089	3368.522216	3380.411492	3254.385257	3271.03022	3446.99147	3401.812194	3603.930209	3523.082942		
		3254.385257	3347.121524	3294.808745	3375.655782	3232.984596	3287.675187	3337.610107	3316.209423	3278.163777	3492.170773	3444.613613	3787.025793		
		3456.5029	3539.727961	3508.815785	3320.96513	3323.342984	3442.235756	3525.460801	3423.2129	3599.174485	3530.216521	3608.685933	3727.579129		
		
47:00	25.00	3413.701474	3418.457187	3363.766507	3444.613613	3349.499379	3297.186598	3325.720838	3513.571504	3544.483681	3573.018009	3596.796623	3553.995122		
		3618.197382	3349.499379	3587.285177	3694.289016	3660.998918	3494.548631	3832.205287	3932.075839	3870.251197	3603.930209	3829.827419	3677.643965		
		3634.842421	3408.945762	3425.590757	3482.659338	3660.998918	3466.014331	3782.270058	3746.602057	3982.011161	3782.270058	3836.961025	3803.670867		
		3822.693813	3601.552347	3741.846324	3820.315944	3594.418762	3515.949363	3611.063795	3639.598147	3806.048735	3803.670867	3760.869255	3691.911152		
		3870.251197	3715.689801	3684.777558	3948.720943	3485.037197	3584.907315	3877.384807	3796.537263	3573.018009	3920.186481	3791.781528	4022.435017		
		3361.388652	3190.183289	3273.408072	3254.385257	3123.603525	3273.408072	3397.056482	3330.476545	3349.499379	3496.92649	3523.082942	3634.842421		
		3382.789348	3313.83157	3275.785925	3337.610107	3263.896664	3161.649098	3309.075863	3387.545059	3504.060067	3347.121524	3611.063795	3592.0409		
		3420.835044	3413.701474	3473.147905	3420.835044	3199.694689	3339.987961	3558.750844	3423.2129	3480.28148	3577.773731	3715.689801	3817.938076		
		
48:00	25.00	3401.812194	3477.903622	3649.1096	3477.903622	3399.434338	3563.506565	3534.97224	3401.812194	3411.323618	3394.678626	3520.705082	3558.750844		
		3699.044746	3504.060067	3732.33486	3546.861541	3813.182339	3601.552347	3660.998918	3794.159396	3551.617262	3608.685933	3851.22824	3475.525764		
		3573.018009	3515.949363	3584.907315	3513.571504	3622.953107	3841.716763	3680.021829	3687.155423	3903.541383	3625.33097	3753.735656	3706.178341		
		3677.643965	3627.708833	3656.24319	3653.865327	3663.376781	3611.063795	3584.907315	3446.99147	3739.468458	3801.292999	3768.002856	3694.289016		
		3993.900529	3815.560208	3810.804471	4236.444003	3534.97224	3570.640148	3741.846324	4091.393405	3656.24319	3901.163512	3794.159396	3943.965199		
		3339.987961	3285.297334	3599.174485	3408.945762	3477.903622	3461.258616	3268.652368	3273.408072	3359.010797	3394.678626	3511.193644	3463.636474		
		3501.682208	3406.567906	3501.682208	3240.118149	3399.434338	3432.724328	3261.518812	3337.610107	3444.613613	3599.174485	3451.747185	3639.598147		
		3523.082942	3477.903622	3454.125043	3342.365816	3561.128704	3325.720838	3442.235756	3577.773731	3577.773731	3720.445532	3599.174485	3701.422611		
		
49:00	25.00	3492.170773	3439.857899	3680.021829	3668.132509	3466.014331	3615.81952	3744.22419	3615.81952	3553.995122	3670.510373	3549.239402	3589.663038		
		3530.216521	3451.747185	3596.796623	3875.006937	3870.251197	3703.800476	3965.36605	3998.656276	3606.308071	3684.777558	3913.052867	3646.731737		
		3568.262287	3520.705082	3544.483681	3592.0409	3796.537263	3806.048735	3953.476688	3894.0299	3943.965199	3625.33097	3741.846324	3939.209454		
		3458.880758	3660.998918	3870.251197	3915.430738	3832.205287	3589.663038	3687.155423	3496.92649	3979.633288	3898.785641	3896.40777	3760.869255		
		3996.278402	3901.163512	3817.938076	4381.494863	3687.155423	3791.781528	3901.163512	4098.527035	3753.735656	4077.126148	3858.361848	4048.59164		
		3271.03022	3544.483681	3653.865327	3416.079331	3539.727961	3513.571504	3351.877233	3356.632942	3501.682208	3632.464558	3718.067667	3718.067667		
		3480.28148	3480.28148	3606.308071	3427.968614	3496.92649	3363.766507	3416.079331	3404.19005	3435.102185	3525.460801	3537.3501	3806.048735		
		3525.460801	3477.903622	3653.865327	3511.193644	3587.285177	3539.727961	3532.594381	3435.102185	3608.685933	3656.24319	3801.292999	3806.048735		
		
~End
Original Filename: otu_post_09-10-20-124933_pta5nMx5_Pant100nM_Pevade100nM_pta5nM.pda   Date Last Saved: 9/10/2020
