##BLOCKS= 1          
Plate:	Plate#1	1.3	PlateFormat	Kinetic	Luminescence	Raw	FALSE	50	3000	60				1	450	1	12	96	405	Automatic	435			6	Automatic			1	8	None	
Time(hh:mm:ss)	Temperature(¡C)	1	2	3	4	5	6	7	8	9	10	11	12		
0:00	23.50	905.102341	450.947303	434.302927	241.703965	232.192917	286.881458	189.393216	115.682673	213.170825	270.237115	120.43819	120.43819		
		634.035673	403.391951	536.547009	272.614878	225.059632	108.549398	182.259935	118.060431	120.43819	156.104575	151.349056	103.793882		
		750.546672	515.147074	313.03686	279.748168	203.65978	148.971297	148.971297	146.593538	108.549398	101.416124	94.282851	103.793882		
		826.63558	405.769718	248.837252	248.837252	241.703965	170.371134	137.082501	151.349056	165.615614	232.192917	77.638548	110.927156		
		581.724668	439.058463	298.770276	241.703965	239.326203	125.193707	172.748894	208.415303	139.46026	118.060431	141.838019	94.282851		
		605.502393	5530.021615	351.081096	229.815155	203.65978	201.28202	160.860094	144.215778	115.682673	113.304915	146.593538	184.637695		
		741.035564	410.525252	386.747585	274.992641	220.304109	170.371134	153.726816	129.949224	220.304109	120.43819	118.060431	101.416124		
															
		
1:00	23.50	63.372006	80.016306	165.615614	103.793882	144.215778	72.883034	94.282851	68.12752	87.149578	122.815948	103.793882	77.638548		
		113.304915	65.749763	227.437394	68.12752	51.483223	91.905093	70.505277	82.394063	89.527335	113.304915	49.105467	77.638548		
		151.349056	75.260791	89.527335	94.282851	82.394063	110.927156	80.016306	80.016306	77.638548	89.527335	70.505277	72.883034		
		65.749763	72.883034	70.505277	94.282851	87.149578	101.416124	84.77182	91.905093	77.638548	148.971297	91.905093	99.038366		
		127.571466	72.883034	75.260791	101.416124	77.638548	96.660608	127.571466	170.371134	139.46026	94.282851	80.016306	196.526498		
		68.12752	907.480123	63.372006	84.77182	80.016306	96.660608	129.949224	56.238736	127.571466	82.394063	87.149578	125.193707		
		89.527335	84.77182	141.838019	51.483223	56.238736	96.660608	134.704742	99.038366	125.193707	120.43819	127.571466	82.394063		
															
		
2:00	23.60	65.749763	72.883034	99.038366	115.682673	77.638548	151.349056	217.926348	60.994249	129.949224	362.969924	91.905093	89.527335		
		87.149578	80.016306	187.015455	75.260791	30.083418	70.505277	70.505277	72.883034	80.016306	51.483223	70.505277	87.149578		
		103.793882	58.616493	89.527335	87.149578	91.905093	56.238736	56.238736	82.394063	108.549398	58.616493	51.483223	51.483223		
		56.238736	56.238736	53.86098	103.793882	72.883034	99.038366	51.483223	75.260791	56.238736	156.104575	99.038366	134.704742		
		122.815948	91.905093	49.105467	99.038366	39.594442	96.660608	129.949224	137.082501	94.282851	84.77182	220.304109	115.682673		
		82.394063	1392.549097	70.505277	103.793882	65.749763	163.237854	99.038366	77.638548	158.482335	44.349954	115.682673	127.571466		
		56.238736	60.994249	215.548586	137.082501	53.86098	58.616493	46.72771	108.549398	87.149578	101.416124	58.616493	68.12752		
															
		
3:00	23.70	89.527335	72.883034	225.059632	120.43819	239.326203	574.591352	144.215778	179.882174	265.48159	1292.681715	255.970539	234.570679		
		118.060431	49.105467	108.549398	53.86098	77.638548	101.416124	84.77182	56.238736	134.704742	129.949224	541.302551	56.238736		
		84.77182	41.972198	82.394063	60.994249	37.216686	60.994249	58.616493	30.083418	118.060431	51.483223	34.83893	56.238736		
		49.105467	32.461174	53.86098	334.436741	53.86098	72.883034	44.349954	70.505277	91.905093	215.548586	108.549398	148.971297		
		125.193707	72.883034	60.994249	80.016306	68.12752	75.260791	77.638548	118.060431	82.394063	144.215778	301.14804	320.170153		
		53.86098	983.569179	63.372006	56.238736	113.304915	58.616493	70.505277	60.994249	89.527335	46.72771	77.638548	125.193707		
		70.505277	44.349954	175.126654	46.72771	49.105467	49.105467	41.972198	32.461174	65.749763	60.994249	51.483223	37.216686		
															
		
4:00	23.80	196.526498	101.416124	358.214393	58.616493	396.258651	1523.328001	103.793882	688.724489	748.168895	3178.294042	334.436741	691.102264		
		70.505277	82.394063	201.28202	56.238736	58.616493	96.660608	60.994249	75.260791	87.149578	360.592158	1597.03984	94.282851		
		94.282851	56.238736	56.238736	60.994249	22.950151	46.72771	41.972198	56.238736	53.86098	80.016306	84.77182	41.972198		
		65.749763	84.77182	39.594442	1119.10299	56.238736	27.705662	53.86098	65.749763	151.349056	691.102264	99.038366	274.992641		
		87.149578	41.972198	41.972198	80.016306	65.749763	58.616493	75.260791	156.104575	120.43819	89.527335	736.28001	393.880884		
		80.016306	1062.036095	77.638548	41.972198	51.483223	103.793882	80.016306	72.883034	65.749763	37.216686	63.372006	99.038366		
		91.905093	82.394063	115.682673	63.372006	32.461174	46.72771	68.12752	60.994249	139.46026	101.416124	39.594442	225.059632		
															
		
5:00	23.90	588.857985	206.037541	883.702308	206.037541	976.435827	3592.0409	215.548586	1504.305601	1913.288181	6940.14015	645.924543	1404.43808		
		139.46026	44.349954	251.215014	70.505277	44.349954	80.016306	49.105467	44.349954	56.238736	683.968938	2094.002079	65.749763		
		170.371134	37.216686	34.83893	41.972198	37.216686	56.238736	41.972198	41.972198	56.238736	72.883034	70.505277	44.349954		
		60.994249	80.016306	84.77182	2895.330468	77.638548	201.28202	68.12752	194.148737	305.903568	2455.431101	263.103827	317.792388		
		108.549398	60.994249	41.972198	65.749763	46.72771	72.883034	108.549398	631.6579	253.592776	70.505277	969.302476	158.482335		
		49.105467	562.702492	41.972198	34.83893	30.083418	108.549398	120.43819	65.749763	75.260791	44.349954	58.616493	156.104575		
		94.282851	41.972198	148.971297	65.749763	65.749763	53.86098	65.749763	63.372006	101.416124	70.505277	75.260791	49.105467		
															
		
6:00	23.90	1214.214574	343.947801	1421.082658	341.570036	1877.621012	6141.149194	557.946949	2590.967405	3359.010797	10752.102653	895.591214	2272.338564		
		77.638548	49.105467	339.192271	60.994249	51.483223	68.12752	44.349954	30.083418	60.994249	1040.636019	2881.063424	44.349954		
		203.65978	44.349954	44.349954	30.083418	46.72771	56.238736	44.349954	25.327906	137.082501	27.705662	125.193707	220.304109		
		106.17164	39.594442	27.705662	5192.357795	96.660608	707.746694	118.060431	270.237115	707.746694	6271.935858	657.813415	408.147485		
		179.882174	65.749763	87.149578	53.86098	51.483223	94.282851	113.304915	1865.731959	465.213915	108.549398	1021.613735	89.527335		
		70.505277	764.813337	60.994249	72.883034	22.950151	94.282851	146.593538	58.616493	51.483223	44.349954	72.883034	77.638548		
		65.749763	44.349954	101.416124	91.905093	46.72771	41.972198	53.86098	68.12752	63.372006	70.505277	84.77182	77.638548		
															
		
7:00	23.90	2241.426878	593.61353	2082.112995	576.969124	2776.438509	8847.287713	1437.72724	3998.656276	4127.061561	14281.242909	1399.682487	2945.265144		
		65.749763	80.016306	607.880166	58.616493	37.216686	41.972198	46.72771	60.994249	70.505277	1539.972604	3494.548631	84.77182		
		315.414624	58.616493	70.505277	44.349954	32.461174	80.016306	44.349954	18.19464	127.571466	122.815948	156.104575	68.12752		
		87.149578	39.594442	46.72771	7988.827885	301.14804	1977.489124	260.726064	439.058463	1333.104212	12055.298047	1996.511636	722.013351		
		77.638548	32.461174	63.372006	58.616493	37.216686	215.548586	127.571466	5539.533293	1052.524949	108.549398	1463.883018	144.215778		
		68.12752	1254.637031	46.72771	39.594442	39.594442	53.86098	148.971297	84.77182	103.793882	108.549398	63.372006	296.392512		
		60.994249	44.349954	77.638548	56.238736	60.994249	63.372006	46.72771	53.86098	80.016306	80.016306	53.86098	63.372006		
															
		
8:00	24.00	3435.102185	814.746683	2785.949859	909.857905	4467.098773	11551.139648	2493.476356	5789.215232	5793.971086	15793.779233	2051.201382	3927.320096		
		158.482335	56.238736	955.035775	80.016306	37.216686	80.016306	87.149578	53.86098	127.571466	1882.376634	3796.537263	56.238736		
		496.124914	96.660608	70.505277	75.260791	77.638548	65.749763	30.083418	101.416124	165.615614	132.326983	179.882174	75.260791		
		196.526498	75.260791	37.216686	10259.842762	686.346713	3858.361848	527.035926	900.346778	1806.286723	17931.831387	4217.420959	976.435827		
		113.304915	44.349954	106.17164	187.015455	39.594442	415.280787	217.926348	11938.770587	2003.645079	222.68187	1482.905408	315.414624		
		25.327906	246.459489	37.216686	49.105467	34.83893	49.105467	134.704742	198.904259	134.704742	41.972198	41.972198	206.037541		
		56.238736	60.994249	101.416124	41.972198	41.972198	68.12752	110.927156	118.060431	82.394063	82.394063	77.638548	94.282851		
															
		
9:00	24.00	5033.038037	1180.925507	3444.613613	1347.37098	5722.633305	13865.062614	4305.402576	7663.043603	6721.368023	16157.64837	2574.322583	4540.813324		
		125.193707	56.238736	2034.556673	58.616493	49.105467	70.505277	46.72771	37.216686	125.193707	2191.492642	4079.504024	37.216686		
		439.058463	115.682673	99.038366	51.483223	51.483223	77.638548	44.349954	82.394063	417.658554	191.770977	187.015455	72.883034		
		315.414624	91.905093	63.372006	12328.781526	1630.32908	6329.006469	1245.125863	1100.080687	2707.481253	20942.800357	8483.451814	1532.839202		
		132.326983	134.704742	151.349056	360.592158	58.616493	493.747145	512.769304	19701.297057	3423.2129	313.03686	1551.861608	560.324721		
		56.238736	182.259935	37.216686	70.505277	53.86098	89.527335	103.793882	391.503118	122.815948	51.483223	80.016306	84.77182		
		39.594442	32.461174	75.260791	41.972198	68.12752	56.238736	63.372006	25.327906	65.749763	51.483223	68.12752	72.883034		
															
		
10:00	24.10	6645.273511	1513.8168	4476.610324	1851.465099	7596.460117	15451.315675	6312.36087	9570.208394	7615.483964	15332.40506	3049.890279	5399.236164		
		132.326983	34.83893	2797.839048	84.77182	51.483223	77.638548	30.083418	70.505277	391.503118	2907.219674	4110.41642	46.72771		
		795.724452	165.615614	215.548586	77.638548	96.660608	75.260791	63.372006	172.748894	555.569178	322.547917	446.191767	122.815948		
		412.903019	156.104575	65.749763	13301.439038	2873.929902	9089.845898	2129.669344	1751.597144	3777.514324	21741.939106	13572.548617	1939.444115		
		346.325566	170.371134	160.860094	1109.591838	118.060431	943.146859	1047.769377	26739.115632	4538.435435	289.259221	1987.00038	643.546769		
		46.72771	160.860094	30.083418	49.105467	49.105467	113.304915	77.638548	84.77182	118.060431	70.505277	58.616493	110.927156		
		53.86098	51.483223	89.527335	46.72771	37.216686	44.349954	46.72771	118.060431	80.016306	68.12752	101.416124	122.815948		
															
		
11:00	24.20	8055.411698	1894.265689	5280.340484	2288.983322	9142.162465	16459.684792	8440.647699	11750.900143	8369.307559	13886.46612	3801.292999	5862.931001		
		163.237854	70.505277	3841.716763	108.549398	75.260791	267.859352	77.638548	41.972198	398.636418	3211.58394	4169.863368	63.372006		
		750.546672	443.813999	429.547391	139.46026	110.927156	99.038366	110.927156	241.703965	807.613346	605.502393	1043.013805	255.970539		
		779.080004	320.170153	113.304915	14014.887271	4631.17319	11327.598732	3102.202898	2538.65512	4826.160615	19660.865281	18112.581463	2198.626102		
		270.237115	576.969124	267.859352	2170.092264	84.77182	1494.794403	1765.863987	32069.622611	5820.128288	441.436231	2590.967405	857.546719		
		44.349954	222.68187	49.105467	41.972198	30.083418	84.77182	132.326983	167.993374	84.77182	77.638548	53.86098	96.660608		
		60.994249	51.483223	101.416124	27.705662	49.105467	49.105467	41.972198	120.43819	94.282851	46.72771	122.815948	110.927156		
															
		
12:00	24.10	9681.976319	2229.537771	5782.081452	2728.881774	10590.393756	17256.400508	10873.384541	13170.640885	8911.49422	12243.169206	4597.882701	5748.790484		
		156.104575	58.616493	4681.108948	213.170825	110.927156	362.969924	60.994249	32.461174	519.902614	3765.624989	3703.800476	20.572395		
		1050.147163	707.746694	745.791118	329.681211	144.215778	175.126654	144.215778	417.658554	1176.169927	667.324513	1687.396381	531.791467		
		1202.32562	446.191767	146.593538	13498.825746	6514.486237	12255.0598	4362.471785	3768.002856	5539.533293	17215.969967	20229.290359	2241.426878		
		334.436741	1423.460455	322.547917	3798.915131	203.65978	2134.424981	2964.287885	33884.597348	7158.912874	508.013763	3271.03022	743.413341		
		68.12752	431.925159	37.216686	60.994249	51.483223	75.260791	144.215778	248.837252	106.17164	25.327906	80.016306	137.082501		
		56.238736	46.72771	99.038366	49.105467	53.86098	65.749763	44.349954	99.038366	139.46026	110.927156	113.304915	53.86098		
															
		
13:00	24.20	11505.955795	2755.037975	6704.722343	3404.19005	11964.929798	17613.141459	13534.498094	14252.704762	8787.837289	10345.452961	5513.376182	6502.596495		
		362.969924	27.705662	5220.892711	434.302927	129.949224	664.946738	58.616493	44.349954	177.504414	4124.683683	3708.556206	70.505277		
		1292.681715	1033.502662	1088.19175	565.080264	246.459489	101.416124	301.14804	629.280126	1737.330303	710.12447	2317.517203	674.457838		
		1432.971645	779.080004	177.504414	12200.36308	8607.108274	12728.306897	6098.346332	5123.398458	5858.175143	14673.643454	20141.291234	2253.315986		
		524.658155	3187.80544	381.992052	5375.457014	370.103221	3259.140961	4119.927928	32321.76605	8471.56178	672.080063	4157.973975	1114.347414		
		49.105467	629.280126	53.86098	60.994249	49.105467	103.793882	372.480987	75.260791	68.12752	46.72771	75.260791	127.571466		
		94.282851	49.105467	141.838019	56.238736	75.260791	41.972198	39.594442	134.704742	175.126654	89.527335	99.038366	63.372006		
															
		
14:00	24.20	12806.785329	2871.552062	7028.12476	3758.491389	12918.557775	16975.765411	16091.057816	15475.097819	8507.231887	8804.483403	6260.046152	6766.549174		
		365.34769	58.616493	5323.142908	503.258224	141.838019	959.791341	72.883034	49.105467	191.770977	4740.556321	3827.44955	46.72771		
		1599.417643	1456.749623	1608.928853	769.568892	386.747585	106.17164	458.080609	809.991125	2417.385864	952.657991	3173.538343	836.146698		
		1899.021311	950.280208	305.903568	10880.518775	9924.537034	11641.507429	6671.430991	6255.29027	5817.750361	12138.53205	18861.747312	2467.320241		
		848.035598	5575.202093	643.546769	7696.335366	546.058093	4153.218218	5679.830668	30283.232884	9593.988791	974.058043	4968.834642	1485.283207		
		46.72771	148.971297	39.594442	32.461174	39.594442	94.282851	75.260791	68.12752	94.282851	46.72771	91.905093	153.726816		
		46.72771	68.12752	122.815948	25.327906	51.483223	46.72771	58.616493	65.749763	277.370404	134.704742	51.483223	91.905093		
															
		
15:00	24.20	14343.075594	3290.05304	7617.861945	4250.711289	13639.137075	16148.13543	18269.548965	15651.085906	8069.679665	7318.236865	6490.706755	6462.171387		
		550.813635	80.016306	5349.299957	657.813415	206.037541	1292.681715	158.482335	44.349954	253.592776	5453.928236	4150.84034	72.883034		
		1687.396381	1739.70811	2022.667597	926.50238	498.502684	94.282851	655.43564	1121.480779	4134.195194	1190.436667	3361.388652	1009.724809		
		2695.592077	1138.125298	474.72499	9510.757434	10725.943839	10461.9781	7475.183196	7292.079173	6317.116755	9786.610263	16179.052488	2174.847903		
		1444.860633	8362.173549	819.502241	10014.902979	1040.636019	5399.236164	7273.055402	27899.856214	10357.343273	1188.058877	5577.580014	1739.70811		
		51.483223	239.326203	27.705662	56.238736	34.83893	77.638548	113.304915	137.082501	96.660608	49.105467	70.505277	227.437394		
		94.282851	44.349954	110.927156	41.972198	53.86098	46.72771	65.749763	94.282851	263.103827	75.260791	51.483223	94.282851		
															
		
16:00	24.30	14692.668984	3599.174485	7601.216078	4474.232436	13648.649717	15370.456438	18966.393258	15867.504219	7313.48092	6264.802034	6997.211237	6414.612462		
		978.813611	108.549398	5480.085327	1000.21367	348.703331	1371.148933	322.547917	106.17164	370.103221	6326.628526	5061.572896	94.282851		
		1910.910369	2997.577694	2719.370431	1126.236355	710.12447	158.482335	807.613346	1544.728205	5656.051434	1704.041018	3920.186481	1366.393342		
		2843.017984	1480.527609	548.435864	8264.675468	10875.762619	9130.272333	8190.957487	8012.607812	6355.163846	7962.669974	14093.366965	2353.184567		
		1806.286723	11410.831979	1188.058877	12571.350263	1723.063465	6288.581449	9092.223923	24156.052539	10255.086643	1394.926894	5767.813893	2353.184567		
		41.972198	125.193707	37.216686	53.86098	75.260791	89.527335	101.416124	51.483223	127.571466	44.349954	70.505277	160.860094		
		75.260791	46.72771	89.527335	44.349954	30.083418	49.105467	58.616493	65.749763	163.237854	141.838019	144.215778	80.016306		
															
		
17:00	24.30	15356.187169	3499.304349	7976.937925	4469.476661	13551.145196	14331.18469	19427.788382	15063.667721	6631.005798	5218.514801	7177.936617	6034.142082		
		1411.57147	122.815948	5465.817821	1221.347947	662.568964	1758.730565	527.035926	132.326983	567.458036	7001.967163	6114.991887	125.193707		
		1941.821927	3366.144362	2964.287885	1297.437302	912.235687	177.504414	1161.903189	1887.132256	6091.212524	2184.359182	3927.320096	1627.951277		
		3592.0409	1635.084687	886.080089	7349.150512	10678.38238	7277.811344	8492.963842	8935.27442	5924.757183	6883.069102	12806.785329	2317.517203		
		2246.182521	14207.519385	1487.661006	14592.785003	2667.058062	7180.314586	10588.015687	20100.859236	10174.232656	1632.706884	5413.503657	2498.232014		
		32.461174	488.991606	41.972198	56.238736	46.72771	77.638548	115.682673	63.372006	179.882174	60.994249	68.12752	167.993374		
		91.905093	30.083418	72.883034	32.461174	30.083418	37.216686	72.883034	70.505277	203.65978	103.793882	106.17164	99.038366		
															
		
18:00	24.30	15311.001168	3527.838661	7815.234635	4457.587223	12647.450411	13120.699828	19375.46509	14490.52296	5689.342363	4659.707905	7308.724976	5560.934571		
		1444.860633	291.636985	4980.724155	1744.463723	774.324448	1860.976339	985.946963	284.503694	760.057782	7498.96297	7296.835116	194.148737		
		2036.934488	4355.338131	3306.69801	1425.838252	1176.169927	213.170825	1406.815876	2284.227677	6735.635752	2315.139379	3808.426603	1953.710991		
		3741.846324	1979.866938	897.968996	5984.205479	9377.587443	5824.884144	8381.197578	9418.014024	6053.165558	5772.569745	10904.299561	1958.466617		
		2667.058062	16290.829644	1887.132256	16029.22378	3732.33486	8393.087599	11508.333892	17315.857223	10164.720427	1896.6435	5018.770611	3016.600448		
		32.461174	339.192271	32.461174	60.994249	27.705662	144.215778	165.615614	127.571466	118.060431	44.349954	106.17164	184.637695		
		72.883034	30.083418	134.704742	41.972198	34.83893	49.105467	49.105467	82.394063	167.993374	103.793882	146.593538	115.682673		
															
		
19:00	24.30	13979.214708	3568.262287	7674.933517	4291.13528	12321.647162	12112.372783	18138.742692	13372.783575	4975.96835	3939.209454	7489.451059	5306.497519		
		1708.79663	251.215014	4935.544013	2376.962819	1202.32562	2317.517203	1411.57147	412.903019	1050.147163	8350.283532	7660.66562	167.993374		
		2167.714445	5458.68407	3768.002856	1485.283207	1233.236904	255.970539	1792.019872	2626.634892	6959.163841	2415.008037	3725.201263	2291.361145		
		4238.821884	2334.161971	1306.948476	5218.514801	8003.095841	5090.107764	8079.191644	9753.31763	5755.924262	5144.799625	9869.841907	1860.976339		
		3047.512434	18217.22643	2574.322583	16902.039404	4726.288948	8607.108274	12074.322954	13800.852133	9827.037051	1839.57605	4062.858893	3147.382006		
		44.349954	298.770276	34.83893	39.594442	41.972198	108.549398	167.993374	77.638548	118.060431	77.638548	53.86098	286.881458		
		87.149578	44.349954	75.260791	39.594442	80.016306	65.749763	49.105467	53.86098	156.104575	106.17164	137.082501	72.883034		
															
		
20:00	24.30	14162.334032	3361.388652	7265.921489	4200.775799	11560.652041	10290.757546	17841.456503	12309.756558	4526.545987	3670.510373	6645.273511	4697.754208		
		1987.00038	353.458862	4469.476661	2933.375932	1582.773027	2448.297618	2001.267265	743.413341	1192.814458	8307.479489	7677.3115	277.370404		
		2143.936255	6188.707956	3886.896288	1604.173248	1501.927802	272.614878	2236.671235	2771.682834	7346.772538	2186.737002	3558.750844	2498.232014		
		4224.5546	2838.262305	1421.082658	4797.62584	6704.722343	3884.518418	7377.686196	10281.245303	5258.939281	4733.422634	8100.593602	2141.558436		
		3891.652029	20386.262013	3192.561139	17598.871791	5872.442719	8155.28752	12214.631786	12271.706636	9199.235123	2265.205097	3244.873851	3425.590757		
		89.527335	220.304109	30.083418	56.238736	44.349954	60.994249	65.749763	34.83893	106.17164	77.638548	60.994249	91.905093		
		70.505277	32.461174	89.527335	60.994249	37.216686	77.638548	60.994249	72.883034	194.148737	99.038366	158.482335	65.749763		
															
		
21:00	24.30	12302.622196	3594.418762	7139.889135	4307.780459	10963.751557	9080.333798	16921.065464	11268.146466	4081.8819	3092.69151	5444.416568	4226.93248		
		1872.865391	462.836146	3913.052867	4167.485489	1910.910369	2545.788611	2174.847903	993.080316	1625.573474	8588.08419	7860.416404	315.414624		
		1918.043804	6671.430991	3746.602057	1751.597144	1582.773027	408.147485	2393.6076	2961.910042	7622.617908	2393.6076	3232.984596	2545.788611		
		4440.942013	3166.404796	1796.775489	3986.766908	5121.020551	3542.105821	6871.179306	9862.707763	4926.032407	4150.84034	7161.290842	1675.507357		
		4096.149158	21199.665513	3729.956995	17603.628347	6545.399573	7736.761098	12231.278613	10076.732368	8450.159723	2334.161971	2835.884466	3798.915131		
		25.327906	405.769718	65.749763	44.349954	39.594442	146.593538	189.393216	63.372006	229.815155	44.349954	72.883034	151.349056		
		91.905093	34.83893	75.260791	70.505277	37.216686	255.970539	51.483223	151.349056	125.193707	56.238736	187.015455	60.994249		
															
		
22:00	24.30	11648.641732	3225.851043	6821.242181	3680.021829	9988.744405	8141.019538	15039.8857	9976.854148	3489.792914	2747.904465	5206.625252	3699.044746		
		2303.250261	610.257939	3656.24319	4614.527944	2184.359182	2593.345237	3140.248461	1649.351509	1841.953859	7641.641762	7201.716303	515.147074		
		2103.513349	7451.403429	3580.151592	1711.174435	1566.128415	503.258224	2655.168892	3261.518812	7777.18685	1910.910369	2831.128788	2588.589573		
		4609.77216	3423.2129	1996.511636	3435.102185	4060.481017	2823.995271	6474.061123	9425.148128	4364.849669	3929.697967	5934.268907	1570.884018		
		4119.927928	21133.070764	3689.533287	17237.374369	7437.135572	7672.555534	11577.298732	8371.685563	7192.204428	2336.539795	2431.652826	3606.308071		
		46.72771	282.125931	41.972198	84.77182	39.594442	44.349954	75.260791	82.394063	305.903568	51.483223	99.038366	99.038366		
		58.616493	58.616493	122.815948	46.72771	34.83893	53.86098	80.016306	72.883034	122.815948	63.372006	96.660608	87.149578		
															
		
23:00	24.30	10236.062168	3385.167203	5520.509939	3632.464558	9106.492074	6916.360542	13972.080198	9139.784439	3292.430892	2431.652826	4262.600696	3368.522216		
		2505.365502	741.035564	2952.398671	6143.527131	2510.121161	2736.015283	3556.372983	2122.53589	2305.628085	6697.58848	5936.646839	764.813337		
		2010.778523	7320.614837	3437.480042	1544.728205	1732.57469	462.836146	2526.765969	3109.33644	7263.543519	1711.174435	2434.030653	2614.745728		
		4381.494863	3256.763109	2096.379897	2683.702903	3147.382006	2569.566921	5881.954437	9187.344983	3813.182339	3513.571504	5242.293904	1440.105037		
		4326.803524	20802.476221	4039.08014	16312.233798	7230.251935	7451.403429	11344.245375	7242.141785	6602.470379	2155.825349	2124.913708	3468.392189		
		22.950151	298.770276	60.994249	51.483223	46.72771	141.838019	51.483223	70.505277	260.726064	75.260791	80.016306	298.770276		
		91.905093	34.83893	120.43819	75.260791	56.238736	80.016306	63.372006	49.105467	141.838019	80.016306	137.082501	139.46026		
															
		
24:00	24.40	9020.883202	3154.515551	5292.230044	3078.424431	8062.545681	5979.449614	12423.906433	7315.858892	2690.836407	2022.667597	3406.567906	2683.702903		
		2745.526628	1081.058389	2579.078246	6374.187398	2479.209383	2581.456078	3613.441658	3385.167203	2531.521629	5770.191819	5052.061275	981.191395		
		1958.466617	7149.401004	3106.958593	1608.928853	1772.997409	450.947303	3092.69151	3316.209423	6956.785879	1585.150829	2246.182521	2476.831555		
		4381.494863	3694.289016	2405.496731	2493.476356	2940.509459	2098.757714	5503.864508	8297.967482	3299.564451	3254.385257	4295.891045	1180.925507		
		4055.725266	20300.641073	4165.107611	14433.446528	7988.827885	6302.8491	10262.220822	6271.935858	5915.245459	2348.428918	1601.795445	3244.873851		
		70.505277	246.459489	49.105467	44.349954	46.72771	63.372006	70.505277	75.260791	298.770276	75.260791	77.638548	134.704742		
		82.394063	32.461174	103.793882	68.12752	72.883034	115.682673	39.594442	82.394063	274.992641	87.149578	87.149578	51.483223		
															
		
25:00	24.40	7639.26378	2878.685583	4809.515328	2643.279724	7427.623669	4778.602663	11111.192697	6357.54179	2210.515204	1734.952497	3114.092135	2443.541962		
		2543.410781	962.169125	2139.180618	6545.399573	2393.6076	2424.519345	4281.623751	4319.669874	2738.393119	4952.189325	3867.873327	1249.881447		
		1977.489124	6861.66747	2800.216886	1523.328001	1820.553575	503.258224	3168.782645	2897.708309	6388.455066	1216.592365	1998.88945	2265.205097		
		4098.527035	3454.125043	2412.630211	2284.227677	2341.295444	1713.552241	4978.346253	7848.526462	3054.64597	2793.083372	3839.338894	1133.369721		
		3951.098815	19396.870069	4343.448711	13582.061251	7632.129834	5335.032475	8963.810671	4830.916412	5163.82289	2393.6076	1504.305601	2771.682834		
		141.838019	41.972198	89.527335	56.238736	51.483223	187.015455	49.105467	91.905093	184.637695	65.749763	70.505277	146.593538		
		82.394063	27.705662	80.016306	84.77182	94.282851	65.749763	41.972198	68.12752	260.726064	58.616493	179.882174	65.749763		
															
		
26:00	24.40	6740.391663	2607.61223	4105.660666	2319.895027	6604.848331	3920.186481	9253.929792	5587.091697	1934.68849	1399.682487	2374.584994	2120.158072		
		2790.705534	1126.236355	1730.196884	6436.013975	2422.141518	2239.049056	3951.098815	5560.934571	2609.990062	4165.107611	3102.202898	1271.281578		
		1761.108372	6590.580625	2550.544273	1428.21605	1794.397681	636.413447	3054.64597	3244.873851	5537.155373	890.835651	1713.552241	1882.376634		
		3855.983979	3682.399694	2308.005908	2186.737002	1723.063465	1568.506217	4536.057545	7277.811344	2524.388139	2322.27285	3180.671891	952.657991		
		3813.182339	18219.604726	4012.92352	11974.442241	6987.699387	4528.923876	7427.623669	4419.541034	4350.582363	2395.985426	1183.303297	2600.478733		
		68.12752	72.883034	56.238736	53.86098	58.616493	80.016306	56.238736	146.593538	229.815155	84.77182	72.883034	160.860094		
		68.12752	46.72771	94.282851	72.883034	60.994249	63.372006	51.483223	53.86098	248.837252	89.527335	99.038366	167.993374		
															
		
27:00	24.40	5546.667051	2526.765969	3827.44955	2020.289782	5651.295588	3175.916192	8364.551552	4153.218218	1511.439	1485.283207	2070.223912	1578.017423		
		2695.592077	1299.815095	1430.593847	5974.693749	2113.024619	2034.556673	3939.209454	6626.249894	2790.705534	3444.613613	2327.028498	1635.084687		
		1487.661006	5960.426155	2015.534152	1185.681087	1692.151992	531.791467	3038.001052	2726.503938	5097.241483	781.457782	1335.482007	1772.997409		
		3713.311936	3168.782645	2191.492642	1608.928853	1475.772011	1266.525993	4020.057142	6131.637445	2239.049056	2015.534152	2467.320241	940.769076		
		3570.640148	16469.197768	4012.92352	10766.371101	6340.896185	3882.140548	6766.549174	3411.323618	4086.637652	2129.669344	1004.969239	2308.005908		
		44.349954	34.83893	34.83893	32.461174	30.083418	99.038366	49.105467	101.416124	191.770977	94.282851	122.815948	129.949224		
		41.972198	37.216686	99.038366	82.394063	127.571466	80.016306	58.616493	34.83893	191.770977	46.72771	139.46026	106.17164		
															
		
28:00	24.40	4809.515328	2236.671235	3247.251703	1704.041018	5066.328706	2445.91979	6885.447062	3689.533287	1290.303922	1028.747091	1537.594803	1366.393342		
		2714.61476	1344.993185	1178.547717	5596.603382	2170.092264	1879.998823	3620.575245	7225.495996	2510.121161	2724.126103	1991.756008	1768.241794		
		1413.949267	5625.138441	1830.064812	1154.769821	1792.019872	529.413696	2840.640145	2441.164135	4478.988212	569.835808	1245.125863	1492.416604		
		3375.655782	3280.541629	2141.558436	1361.637751	1271.281578	966.924692	3808.426603	5579.957935	1984.622566	1570.884018	2070.223912	755.302227		
		3183.04974	14989.943476	3967.743923	9206.369209	6500.218547	3237.740298	5696.476135	3268.652368	3689.533287	2303.250261	919.369033	2096.379897		
		44.349954	32.461174	75.260791	46.72771	75.260791	113.304915	99.038366	106.17164	115.682673	122.815948	68.12752	182.259935		
		58.616493	34.83893	125.193707	49.105467	72.883034	58.616493	51.483223	49.105467	108.549398	89.527335	77.638548	129.949224		
															
		
29:00	24.40	3815.560208	2172.470084	2950.020829	1471.016414	4550.324884	2198.626102	5874.820648	3130.737068	1047.769377	1050.147163	1302.192889	1007.347024		
		2612.367895	1442.482835	1090.569537	5002.125285	1551.861608	1665.996139	3489.792914	7249.275695	2412.630211	2372.207168	1547.106006	1599.417643		
		1183.303297	4322.047758	1432.971645	1159.525399	1511.439	576.969124	2771.682834	2288.983322	4096.149158	593.61353	1057.280522	1188.058877		
		3033.245362	3099.825051	2094.002079	1237.992487	969.302476	840.902258	3366.144362	5068.706612	1637.462491	1530.461401	1706.418824	691.102264		
		2988.066319	13998.240073	3825.071681	8067.30167	5694.098211	2667.058062	5113.88683	2593.345237	3294.808745	1841.953859	817.124462	2053.579198		
		34.83893	53.86098	51.483223	34.83893	32.461174	70.505277	60.994249	101.416124	82.394063	139.46026	65.749763	225.059632		
		70.505277	37.216686	137.082501	175.126654	72.883034	58.616493	20.572395	63.372006	198.904259	75.260791	77.638548	101.416124		
															
		
30:00	24.40	3016.600448	1794.397681	2543.410781	1306.948476	3722.823398	1606.55105	4871.340696	2450.675445	857.546719	931.257945	1164.280978	902.724559		
		2415.008037	1528.083601	940.769076	4643.062653	1654.107117	1504.305601	2985.688475	7810.478661	2010.778523	2117.780254	1259.392615	1713.552241		
		1166.658768	3946.343071	1209.458992	985.946963	1492.416604	591.235757	2410.252384	2067.846095	3190.183289	379.614286	874.191183	1062.036095		
		2816.861755	2809.72824	1775.375217	964.546908	921.746815	771.94667	2961.910042	4412.407376	1423.460455	1240.370279	1409.193673	612.635712		
		2700.347747	11646.263631	3708.556206	6985.321424	4652.574225	2120.158072	4031.946515	2343.673269	2640.901891	1860.976339	786.213339	1649.351509		
		46.72771	51.483223	56.238736	65.749763	49.105467	63.372006	51.483223	72.883034	132.326983	191.770977	80.016306	210.793064		
		80.016306	39.594442	91.905093	82.394063	146.593538	51.483223	80.016306	51.483223	118.060431	82.394063	91.905093	101.416124		
															
		
31:00	24.40	2491.098527	1570.884018	2077.357361	1092.947325	3416.079331	1432.971645	4005.789897	2051.201382	817.124462	712.502246	907.480123	705.368918		
		2262.827274	1387.793505	802.857788	3886.896288	1138.125298	1342.615391	2695.592077	7420.489742	1768.241794	1680.262966	1192.814458	1582.773027		
		1064.413881	3242.496	1092.947325	819.502241	1447.238431	553.191406	2129.669344	1544.728205	3197.316839	355.836627	864.68006	924.124598		
		2624.257059	2740.770955	1723.063465	836.146698	653.057866	653.057866	2781.194184	3896.40777	1342.615391	1007.347024	1121.480779	579.346896		
		2291.361145	10483.380695	3280.541629	6157.794757	4186.508522	2065.468279	3603.930209	1780.130832	2462.564585	1644.595902	576.969124	1547.106006		
		56.238736	49.105467	46.72771	58.616493	68.12752	72.883034	106.17164	96.660608	144.215778	72.883034	75.260791	225.059632		
		72.883034	46.72771	77.638548	53.86098	72.883034	49.105467	49.105467	106.17164	127.571466	49.105467	72.883034	56.238736		
															
		
32:00	24.40	1910.910369	1416.327064	1901.399123	909.857905	2614.745728	1102.458475	3342.365816	1822.931384	612.635712	676.835613	788.591117	546.058093		
		2120.158072	1364.015547	660.191189	3076.046584	1202.32562	1140.503087	2143.936255	7132.755234	1582.773027	1570.884018	829.013359	1428.21605		
		876.568964	2800.216886	874.191183	814.746683	1264.1482	529.413696	2151.069711	1454.371825	2588.589573	296.392512	719.635574	876.568964		
		2279.472031	2636.146224	1646.973706	848.035598	631.6579	541.302551	2460.186757	3249.629554	1054.902735	850.413378	902.724559	607.880166		
		2248.560343	9377.587443	3040.378898	5258.939281	3753.735656	1730.196884	3140.248461	1425.838252	2303.250261	1447.238431	555.569178	1556.61721		
		22.950151	22.950151	41.972198	53.86098	60.994249	68.12752	70.505277	70.505277	172.748894	132.326983	87.149578	120.43819		
		53.86098	51.483223	80.016306	96.660608	99.038366	41.972198	56.238736	25.327906	115.682673	75.260791	89.527335	60.994249		
															
		
33:00	24.40	1375.904525	1226.10353	1599.417643	938.391293	2315.139379	881.324526	2486.342869	1475.772011	572.21358	631.6579	557.946949	436.680695		
		1920.421616	1295.059508	676.835613	2778.816346	993.080316	1109.591838	1932.310677	6483.572912	1333.104212	1328.348623	712.502246	1568.506217		
		921.746815	2462.564585	719.635574	722.013351	1069.169454	541.302551	1913.288181	1161.903189	2136.802799	322.547917	617.391259	776.702226		
		2094.002079	2272.338564	1425.838252	686.346713	422.414089	503.258224	2291.361145	2964.287885	993.080316	736.28001	831.391139	574.591352		
		1991.756008	8091.08162	2843.017984	4514.65654	3083.180124	1506.683401	2716.992595	1330.726417	2001.267265	1314.081858	534.169238	1302.192889		
		49.105467	32.461174	22.950151	25.327906	49.105467	89.527335	120.43819	27.705662	99.038366	184.637695	49.105467	177.504414		
		82.394063	44.349954	77.638548	60.994249	46.72771	32.461174	32.461174	51.483223	158.482335	68.12752	68.12752	141.838019		
															
		
34:00	24.40	1295.059508	924.124598	1221.347947	710.12447	1987.00038	805.235567	2434.030653	1180.925507	448.569535	546.058093	415.280787	351.081096		
		1865.731959	1133.369721	529.413696	2493.476356	966.924692	1004.969239	1780.130832	5734.522931	1230.859112	1211.836783	688.724489	1190.436667		
		874.191183	2186.737002	681.591163	667.324513	974.058043	474.72499	1535.217002	1033.502662	2074.979545	277.370404	572.21358	691.102264		
		1725.441271	2067.846095	1223.725738	605.502393	479.480528	462.836146	1906.154746	2697.969912	750.546672	603.124621	588.857985	610.257939		
		1371.148933	7106.597603	2417.385864	4055.725266	2873.929902	1344.993185	2443.541962	1111.969626	1685.018576	1064.413881	458.080609	1073.925028		
		39.594442	53.86098	56.238736	34.83893	77.638548	89.527335	63.372006	101.416124	125.193707	32.461174	80.016306	160.860094		
		101.416124	70.505277	75.260791	70.505277	72.883034	220.304109	46.72771	68.12752	129.949224	80.016306	103.793882	84.77182		
															
		
35:00	24.40	1016.858164	798.102231	1183.303297	600.746848	1708.79663	588.857985	1820.553575	1078.680602	289.259221	422.414089	446.191767	431.925159		
		1792.019872	1040.636019	508.013763	2193.870462	833.768918	819.502241	1516.1946	5004.503188	978.813611	1064.413881	455.70284	988.324748		
		702.991142	1796.775489	562.702492	569.835808	876.568964	436.680695	1530.461401	919.369033	1932.310677	244.081727	515.147074	541.302551		
		1687.396381	1887.132256	1016.858164	453.325072	441.436231	386.747585	1613.684458	2246.182521	707.746694	546.058093	481.858298	422.414089		
		1390.171301	6271.935858	2308.005908	3349.499379	2493.476356	1033.502662	2108.268984	876.568964	1556.61721	1012.102594	458.080609	1221.347947		
		37.216686	30.083418	27.705662	39.594442	32.461174	51.483223	56.238736	41.972198	94.282851	80.016306	44.349954	251.215014		
		58.616493	49.105467	120.43819	129.949224	80.016306	68.12752	56.238736	68.12752	65.749763	91.905093	68.12752	101.416124		
															
		
36:00	24.40	838.524478	774.324448	981.191395	510.391533	1387.793505	588.857985	1492.416604	931.257945	365.34769	351.081096	403.391951	279.748168		
		1561.372812	855.168938	455.70284	1765.863987	657.813415	722.013351	1180.925507	3877.384807	1188.058877	1000.21367	429.547391	790.968895		
		757.680004	1578.017423	455.70284	607.880166	843.280038	472.347221	1183.303297	686.346713	1727.819078	203.65978	496.124914	420.036321		
		1461.50522	1796.775489	919.369033	391.503118	251.215014	365.34769	1449.616229	2272.338564	519.902614	481.858298	455.70284	339.192271		
		1130.991932	5061.572896	2046.445751	2919.108881	2265.205097	795.724452	1772.997409	738.657787	1304.570683	978.813611	308.281332	907.480123		
		27.705662	46.72771	65.749763	68.12752	56.238736	99.038366	77.638548	70.505277	137.082501	234.570679	30.083418	255.970539		
		44.349954	101.416124	120.43819	72.883034	84.77182	80.016306	68.12752	30.083418	129.949224	106.17164	70.505277	110.927156		
															
		
37:00	24.40	550.813635	705.368918	752.92445	403.391951	1192.814458	429.547391	1249.881447	714.880022	343.947801	408.147485	241.703965	194.148737		
		1366.393342	874.191183	434.302927	1706.418824	465.213915	553.191406	1242.748071	3408.945762	836.146698	1092.947325	358.214393	641.168995		
		769.568892	1428.21605	343.947801	553.191406	655.43564	479.480528	1209.458992	636.413447	1625.573474	156.104575	420.036321	505.635993		
		1416.327064	1689.774186	876.568964	386.747585	213.170825	343.947801	1366.393342	1799.153297	567.458036	472.347221	429.547391	422.414089		
		1066.791668	4707.265787	1680.262966	2643.279724	1922.799428	710.12447	1402.060283	619.769032	1043.013805	869.435622	365.34769	1002.591455		
		39.594442	22.950151	22.950151	44.349954	60.994249	65.749763	118.060431	49.105467	201.28202	77.638548	58.616493	189.393216		
		63.372006	34.83893	146.593538	70.505277	58.616493	53.86098	53.86098	80.016306	108.549398	87.149578	56.238736	106.17164		
															
		
38:00	24.40	496.124914	515.147074	674.457838	443.813999	966.924692	443.813999	985.946963	576.969124	332.058976	324.925682	270.237115	208.415303		
		1318.837446	733.902234	374.858753	1304.570683	484.236067	538.92478	914.613469	2774.060671	686.346713	952.657991	303.525804	624.524579		
		705.368918	1249.881447	403.391951	491.369375	650.680091	429.547391	883.702308	574.591352	1696.907602	129.949224	484.236067	391.503118		
		1280.792749	1549.483807	798.102231	365.34769	253.592776	246.459489	1050.147163	1466.260816	460.458377	381.992052	277.370404	396.258651		
		883.702308	3770.380723	1637.462491	2536.27729	1656.484922	610.257939	1328.348623	562.702492	867.057841	733.902234	272.614878	679.213388		
		60.994249	37.216686	53.86098	51.483223	46.72771	30.083418	41.972198	44.349954	82.394063	77.638548	56.238736	134.704742		
		137.082501	34.83893	72.883034	113.304915	68.12752	75.260791	184.637695	46.72771	148.971297	84.77182	96.660608	101.416124		
															
		
39:00	24.50	294.014748	472.347221	569.835808	422.414089	859.924499	308.281332	950.280208	588.857985	258.348301	267.859352	196.526498	132.326983		
		1199.947829	664.946738	422.414089	1119.10299	496.124914	522.280385	809.991125	2419.763691	724.391127	955.035775	279.748168	469.969452		
		672.080063	1019.235949	310.659096	443.813999	541.302551	453.325072	833.768918	481.858298	1387.793505	134.704742	488.991606	372.480987		
		1104.836263	1394.926894	738.657787	317.792388	137.082501	255.970539	867.057841	1397.30469	329.681211	346.325566	217.926348	327.303446		
		691.102264	3116.469982	1487.661006	2139.180618	1418.704861	553.191406	1197.570038	484.236067	710.12447	672.080063	322.547917	669.702288		
		34.83893	34.83893	25.327906	60.994249	37.216686	51.483223	77.638548	41.972198	94.282851	177.504414	37.216686	87.149578		
		51.483223	32.461174	82.394063	77.638548	63.372006	44.349954	56.238736	108.549398	82.394063	94.282851	70.505277	65.749763		
															
		
40:00	24.40	296.392512	510.391533	481.858298	255.970539	664.946738	320.170153	783.83556	522.280385	227.437394	272.614878	134.704742	141.838019		
		1121.480779	624.524579	374.858753	1085.813963	396.258651	410.525252	821.880021	2155.825349	448.569535	952.657991	236.948441	484.236067		
		643.546769	886.080089	260.726064	367.725456	529.413696	348.703331	750.546672	512.769304	1337.859801	156.104575	491.369375	386.747585		
		1040.636019	1114.347414	595.991302	213.170825	108.549398	234.570679	826.63558	1204.70341	303.525804	317.792388	220.304109	403.391951		
		638.791221	2486.342869	1226.10353	1820.553575	1261.770408	374.858753	1092.947325	431.925159	717.257798	645.924543	225.059632	572.21358		
		46.72771	30.083418	39.594442	37.216686	39.594442	115.682673	53.86098	44.349954	103.793882	139.46026	44.349954	213.170825		
		125.193707	70.505277	84.77182	84.77182	51.483223	60.994249	37.216686	37.216686	51.483223	99.038366	101.416124	87.149578		
															
		
41:00	24.40	253.592776	372.480987	391.503118	341.570036	550.813635	336.814506	648.302317	429.547391	258.348301	222.68187	232.192917	146.593538		
		1045.391591	576.969124	370.103221	833.768918	381.992052	360.592158	743.413341	1723.063465	436.680695	867.057841	244.081727	393.880884		
		591.235757	1000.21367	279.748168	277.370404	420.036321	462.836146	698.235591	443.813999	1316.459652	122.815948	415.280787	286.881458		
		829.013359	1033.502662	576.969124	236.948441	103.793882	170.371134	693.480039	926.50238	270.237115	291.636985	227.437394	313.03686		
		629.280126	2208.137384	1202.32562	1820.553575	916.991251	324.925682	938.391293	398.636418	541.302551	498.502684	289.259221	626.902352		
		65.749763	25.327906	51.483223	27.705662	60.994249	60.994249	106.17164	106.17164	82.394063	63.372006	53.86098	96.660608		
		113.304915	80.016306	122.815948	68.12752	53.86098	89.527335	39.594442	27.705662	108.549398	72.883034	58.616493	58.616493		
															
		
42:00	24.50	236.948441	291.636985	286.881458	294.014748	498.502684	213.170825	569.835808	450.947303	222.68187	175.126654	141.838019	103.793882		
		962.169125	546.058093	296.392512	838.524478	303.525804	360.592158	579.346896	1473.394212	360.592158	776.702226	213.170825	391.503118		
		543.680322	926.50238	222.68187	389.125351	446.191767	358.214393	643.546769	393.880884	1271.281578	141.838019	320.170153	272.614878		
		717.257798	938.391293	496.124914	220.304109	132.326983	189.393216	745.791118	888.45787	244.081727	244.081727	177.504414	167.993374		
		536.547009	1865.731959	1121.480779	1763.486179	817.124462	289.259221	755.302227	272.614878	541.302551	512.769304	248.837252	555.569178		
		39.594442	46.72771	49.105467	51.483223	53.86098	53.86098	68.12752	156.104575	96.660608	60.994249	53.86098	151.349056		
		32.461174	56.238736	106.17164	39.594442	60.994249	82.394063	39.594442	49.105467	56.238736	120.43819	70.505277	44.349954		
															
		
43:00	24.50	203.65978	339.192271	296.392512	234.570679	484.236067	182.259935	522.280385	341.570036	172.748894	244.081727	141.838019	113.304915		
		719.635574	517.524844	263.103827	726.768904	253.592776	313.03686	531.791467	1228.481321	622.146805	805.235567	189.393216	408.147485		
		565.080264	867.057841	248.837252	320.170153	415.280787	305.903568	607.880166	424.791856	1164.280978	134.704742	348.703331	322.547917		
		674.457838	848.035598	429.547391	198.904259	84.77182	108.549398	515.147074	653.057866	215.548586	298.770276	151.349056	291.636985		
		408.147485	1608.928853	1057.280522	1276.037164	798.102231	260.726064	826.63558	286.881458	469.969452	462.836146	222.68187	484.236067		
		72.883034	27.705662	25.327906	56.238736	49.105467	70.505277	99.038366	148.971297	103.793882	115.682673	60.994249	56.238736		
		56.238736	58.616493	91.905093	58.616493	51.483223	208.415303	56.238736	41.972198	63.372006	80.016306	53.86098	99.038366		
															
		
44:00	24.50	141.838019	315.414624	213.170825	203.65978	405.769718	232.192917	427.169624	329.681211	118.060431	158.482335	151.349056	127.571466		
		676.835613	555.569178	305.903568	710.12447	267.859352	236.948441	519.902614	1109.591838	434.302927	653.057866	167.993374	336.814506		
		510.391533	779.080004	248.837252	334.436741	398.636418	343.947801	512.769304	289.259221	1142.880876	110.927156	296.392512	241.703965		
		569.835808	936.013511	377.23652	141.838019	120.43819	170.371134	479.480528	622.146805	156.104575	198.904259	132.326983	251.215014		
		450.947303	1558.995011	867.057841	1180.925507	719.635574	206.037541	603.124621	222.68187	443.813999	424.791856	163.237854	396.258651		
		60.994249	22.950151	34.83893	51.483223	39.594442	91.905093	201.28202	65.749763	122.815948	53.86098	89.527335	118.060431		
		65.749763	84.77182	110.927156	70.505277	80.016306	46.72771	34.83893	120.43819	72.883034	53.86098	51.483223	77.638548		
															
		
45:00	24.50	115.682673	236.948441	289.259221	151.349056	384.369818	213.170825	415.280787	234.570679	220.304109	241.703965	89.527335	120.43819		
		733.902234	560.324721	225.059632	634.035673	267.859352	201.28202	481.858298	976.435827	239.326203	574.591352	189.393216	305.903568		
		572.21358	733.902234	351.081096	251.215014	346.325566	370.103221	550.813635	296.392512	952.657991	115.682673	341.570036	203.65978		
		488.991606	693.480039	334.436741	137.082501	84.77182	87.149578	360.592158	458.080609	206.037541	253.592776	134.704742	255.970539		
		377.23652	1249.881447	733.902234	990.702532	629.280126	184.637695	560.324721	210.793064	386.747585	431.925159	160.860094	405.769718		
		56.238736	46.72771	41.972198	39.594442	49.105467	75.260791	110.927156	51.483223	70.505277	87.149578	56.238736	148.971297		
		49.105467	58.616493	84.77182	53.86098	91.905093	46.72771	41.972198	63.372006	77.638548	72.883034	89.527335	99.038366		
															
		
46:00	24.40	167.993374	367.725456	234.570679	129.949224	374.858753	184.637695	401.014184	239.326203	165.615614	106.17164	96.660608	122.815948		
		664.946738	517.524844	244.081727	491.369375	277.370404	251.215014	510.391533	812.368904	298.770276	619.769032	234.570679	267.859352		
		462.836146	757.680004	222.68187	255.970539	298.770276	241.703965	448.569535	341.570036	916.991251	115.682673	410.525252	260.726064		
		469.969452	679.213388	401.014184	146.593538	46.72771	113.304915	315.414624	412.903019	144.215778	163.237854	137.082501	336.814506		
		332.058976	1154.769821	645.924543	852.791158	657.813415	134.704742	510.391533	172.748894	327.303446	415.280787	139.46026	496.124914		
		44.349954	32.461174	30.083418	34.83893	60.994249	89.527335	108.549398	75.260791	84.77182	58.616493	60.994249	215.548586		
		44.349954	51.483223	118.060431	53.86098	82.394063	70.505277	70.505277	77.638548	70.505277	80.016306	103.793882	101.416124		
															
		
47:00	24.50	110.927156	179.882174	222.68187	129.949224	289.259221	139.46026	327.303446	208.415303	146.593538	127.571466	41.972198	110.927156		
		519.902614	420.036321	217.926348	429.547391	210.793064	184.637695	512.769304	805.235567	329.681211	557.946949	167.993374	251.215014		
		517.524844	676.835613	220.304109	294.014748	315.414624	329.681211	448.569535	305.903568	848.035598	101.416124	298.770276	198.904259		
		458.080609	517.524844	313.03686	75.260791	51.483223	122.815948	303.525804	450.947303	189.393216	172.748894	115.682673	258.348301		
		303.525804	1054.902735	624.524579	776.702226	536.547009	165.615614	515.147074	196.526498	282.125931	291.636985	139.46026	408.147485		
		53.86098	27.705662	44.349954	34.83893	39.594442	68.12752	122.815948	70.505277	179.882174	44.349954	44.349954	137.082501		
		49.105467	49.105467	94.282851	94.282851	94.282851	122.815948	58.616493	56.238736	87.149578	77.638548	87.149578	84.77182		
															
		
48:00	24.40	120.43819	201.28202	210.793064	113.304915	274.992641	139.46026	291.636985	198.904259	134.704742	153.726816	82.394063	58.616493		
		517.524844	450.947303	225.059632	417.658554	232.192917	163.237854	462.836146	643.546769	263.103827	584.10244	198.904259	260.726064		
		467.591683	572.21358	160.860094	217.926348	334.436741	255.970539	401.014184	282.125931	1012.102594	87.149578	348.703331	253.592776		
		379.614286	503.258224	313.03686	113.304915	34.83893	99.038366	232.192917	386.747585	151.349056	248.837252	91.905093	272.614878		
		296.392512	1145.258664	557.946949	584.10244	453.325072	146.593538	486.613836	144.215778	222.68187	341.570036	177.504414	320.170153		
		39.594442	27.705662	56.238736	37.216686	39.594442	63.372006	110.927156	75.260791	68.12752	63.372006	75.260791	122.815948		
		58.616493	80.016306	113.304915	72.883034	108.549398	51.483223	46.72771	94.282851	134.704742	65.749763	60.994249	177.504414		
															
		
49:00	24.50	99.038366	137.082501	153.726816	94.282851	253.592776	144.215778	327.303446	194.148737	120.43819	151.349056	84.77182	84.77182		
		496.124914	398.636418	263.103827	403.391951	258.348301	175.126654	358.214393	650.680091	591.235757	586.480212	141.838019	239.326203		
		436.680695	738.657787	191.770977	179.882174	408.147485	265.48159	372.480987	336.814506	912.235687	87.149578	367.725456	194.148737		
		367.725456	481.858298	251.215014	80.016306	80.016306	99.038366	225.059632	291.636985	148.971297	229.815155	53.86098	320.170153		
		201.28202	962.169125	493.747145	496.124914	398.636418	122.815948	370.103221	158.482335	258.348301	346.325566	125.193707	496.124914		
		27.705662	49.105467	37.216686	53.86098	75.260791	75.260791	332.058976	51.483223	84.77182	56.238736	44.349954	144.215778		
		56.238736	41.972198	94.282851	82.394063	72.883034	27.705662	63.372006	106.17164	106.17164	60.994249	82.394063	127.571466		
															
		
~End
Original Filename: post_otu5_09-19-20-192310_ptax5_pe_a.pda   Date Last Saved: 9/19/2020
