##BLOCKS= 1          
Plate:	Plate#1	1.3	PlateFormat	Kinetic	Luminescence	Raw	FALSE	50	3000	60				1	450	1	12	96	405	Automatic	435			6	Automatic			1	8	None	
Time(hh:mm:ss)	Temperature(¡C)	1	2	3	4	5	6	7	8	9	10	11	12		
0:00	23.00	1290.303922	795.724452	389.125351	336.814506	289.259221	222.68187	167.993374	125.193707	89.527335	120.43819	113.304915	101.416124		
		1100.080687	738.657787	553.191406	315.414624	267.859352	172.748894	137.082501	163.237854	87.149578	132.326983	91.905093	70.505277		
		1185.681087	607.880166	327.303446	222.68187	301.14804	203.65978	122.815948	148.971297	129.949224	125.193707	91.905093	82.394063		
		1023.99152	610.257939	339.192271	286.881458	222.68187	201.28202	129.949224	156.104575	101.416124	120.43819	72.883034	103.793882		
		985.946963	700.613366	379.614286	305.903568	187.015455	141.838019	253.592776	220.304109	132.326983	89.527335	129.949224	72.883034		
		988.324748	586.480212	351.081096	227.437394	182.259935	172.748894	170.371134	127.571466	118.060431	101.416124	89.527335	137.082501		
		900.346778	543.680322	241.703965	248.837252	153.726816	144.215778	122.815948	153.726816	118.060431	158.482335	103.793882	108.549398		
															
		
1:00	23.20	75.260791	53.86098	72.883034	56.238736	53.86098	70.505277	58.616493	68.12752	46.72771	80.016306	82.394063	58.616493		
		72.883034	77.638548	270.237115	68.12752	70.505277	49.105467	58.616493	56.238736	44.349954	82.394063	51.483223	41.972198		
		56.238736	56.238736	63.372006	44.349954	56.238736	51.483223	32.461174	39.594442	60.994249	72.883034	101.416124	94.282851		
		39.594442	103.793882	77.638548	72.883034	68.12752	56.238736	72.883034	75.260791	84.77182	41.972198	77.638548	44.349954		
		99.038366	87.149578	75.260791	84.77182	44.349954	30.083418	94.282851	184.637695	39.594442	53.86098	56.238736	46.72771		
		63.372006	80.016306	46.72771	51.483223	70.505277	60.994249	51.483223	41.972198	39.594442	34.83893	51.483223	34.83893		
		89.527335	46.72771	51.483223	68.12752	49.105467	46.72771	46.72771	49.105467	75.260791	118.060431	108.549398	53.86098		
															
		
2:00	23.40	87.149578	49.105467	60.994249	37.216686	70.505277	56.238736	44.349954	27.705662	46.72771	39.594442	60.994249	60.994249		
		49.105467	63.372006	289.259221	51.483223	32.461174	87.149578	46.72771	41.972198	37.216686	46.72771	37.216686	41.972198		
		82.394063	49.105467	27.705662	58.616493	84.77182	63.372006	37.216686	34.83893	44.349954	53.86098	39.594442	39.594442		
		56.238736	32.461174	60.994249	51.483223	46.72771	65.749763	51.483223	51.483223	37.216686	53.86098	56.238736	49.105467		
		68.12752	53.86098	77.638548	39.594442	77.638548	51.483223	87.149578	179.882174	60.994249	46.72771	53.86098	37.216686		
		41.972198	44.349954	46.72771	34.83893	34.83893	58.616493	41.972198	46.72771	34.83893	32.461174	87.149578	70.505277		
		87.149578	84.77182	56.238736	46.72771	39.594442	27.705662	60.994249	53.86098	49.105467	91.905093	34.83893	68.12752		
															
		
3:00	23.50	39.594442	84.77182	53.86098	70.505277	41.972198	39.594442	77.638548	53.86098	65.749763	56.238736	101.416124	72.883034		
		60.994249	53.86098	196.526498	56.238736	41.972198	77.638548	41.972198	49.105467	49.105467	51.483223	37.216686	32.461174		
		37.216686	75.260791	53.86098	53.86098	51.483223	39.594442	46.72771	34.83893	68.12752	49.105467	56.238736	41.972198		
		53.86098	58.616493	37.216686	46.72771	49.105467	49.105467	37.216686	37.216686	37.216686	53.86098	63.372006	56.238736		
		77.638548	82.394063	41.972198	51.483223	60.994249	68.12752	63.372006	125.193707	65.749763	44.349954	56.238736	75.260791		
		34.83893	41.972198	39.594442	60.994249	46.72771	49.105467	39.594442	20.572395	72.883034	32.461174	77.638548	58.616493		
		63.372006	34.83893	82.394063	41.972198	49.105467	37.216686	39.594442	39.594442	70.505277	58.616493	39.594442	41.972198		
															
		
4:00	23.50	46.72771	46.72771	49.105467	30.083418	82.394063	87.149578	65.749763	44.349954	39.594442	70.505277	49.105467	65.749763		
		87.149578	53.86098	222.68187	58.616493	53.86098	46.72771	91.905093	32.461174	41.972198	37.216686	113.304915	44.349954		
		70.505277	58.616493	70.505277	27.705662	44.349954	53.86098	44.349954	37.216686	65.749763	58.616493	32.461174	65.749763		
		56.238736	46.72771	44.349954	46.72771	30.083418	41.972198	58.616493	41.972198	53.86098	77.638548	53.86098	32.461174		
		60.994249	58.616493	39.594442	34.83893	58.616493	56.238736	70.505277	120.43819	39.594442	37.216686	46.72771	34.83893		
		44.349954	41.972198	51.483223	80.016306	25.327906	34.83893	34.83893	44.349954	39.594442	65.749763	56.238736	34.83893		
		75.260791	58.616493	53.86098	27.705662	41.972198	41.972198	25.327906	44.349954	56.238736	72.883034	44.349954	49.105467		
															
		
5:00	23.60	30.083418	65.749763	72.883034	41.972198	115.682673	60.994249	44.349954	37.216686	58.616493	87.149578	87.149578	56.238736		
		46.72771	34.83893	132.326983	30.083418	39.594442	53.86098	46.72771	41.972198	51.483223	65.749763	34.83893	60.994249		
		89.527335	72.883034	49.105467	56.238736	63.372006	53.86098	46.72771	44.349954	96.660608	56.238736	53.86098	44.349954		
		63.372006	51.483223	58.616493	30.083418	56.238736	46.72771	56.238736	39.594442	60.994249	53.86098	49.105467	51.483223		
		49.105467	51.483223	30.083418	39.594442	58.616493	56.238736	70.505277	118.060431	51.483223	51.483223	84.77182	89.527335		
		51.483223	37.216686	70.505277	44.349954	56.238736	56.238736	49.105467	80.016306	34.83893	37.216686	58.616493	49.105467		
		46.72771	58.616493	63.372006	34.83893	44.349954	27.705662	46.72771	75.260791	87.149578	58.616493	37.216686	34.83893		
															
		
6:00	23.60	30.083418	30.083418	49.105467	32.461174	39.594442	46.72771	22.950151	60.994249	75.260791	122.815948	82.394063	53.86098		
		41.972198	63.372006	103.793882	41.972198	51.483223	30.083418	18.19464	46.72771	53.86098	132.326983	27.705662	51.483223		
		101.416124	39.594442	63.372006	37.216686	37.216686	37.216686	32.461174	32.461174	65.749763	63.372006	87.149578	58.616493		
		32.461174	30.083418	60.994249	34.83893	51.483223	63.372006	32.461174	37.216686	27.705662	27.705662	37.216686	46.72771		
		87.149578	49.105467	56.238736	65.749763	49.105467	34.83893	58.616493	80.016306	34.83893	30.083418	63.372006	65.749763		
		39.594442	63.372006	39.594442	75.260791	41.972198	77.638548	56.238736	65.749763	34.83893	44.349954	37.216686	56.238736		
		101.416124	39.594442	115.682673	44.349954	46.72771	72.883034	51.483223	39.594442	56.238736	63.372006	51.483223	44.349954		
															
		
7:00	23.70	39.594442	60.994249	27.705662	41.972198	37.216686	27.705662	53.86098	58.616493	49.105467	63.372006	44.349954	68.12752		
		65.749763	39.594442	68.12752	46.72771	46.72771	41.972198	37.216686	56.238736	63.372006	30.083418	51.483223	58.616493		
		70.505277	44.349954	68.12752	32.461174	32.461174	53.86098	32.461174	49.105467	72.883034	89.527335	46.72771	39.594442		
		56.238736	32.461174	37.216686	30.083418	58.616493	63.372006	32.461174	41.972198	32.461174	51.483223	37.216686	46.72771		
		60.994249	46.72771	37.216686	37.216686	30.083418	56.238736	58.616493	82.394063	37.216686	70.505277	58.616493	58.616493		
		34.83893	30.083418	32.461174	32.461174	37.216686	60.994249	41.972198	60.994249	58.616493	106.17164	39.594442	68.12752		
		91.905093	80.016306	46.72771	30.083418	58.616493	56.238736	41.972198	51.483223	75.260791	53.86098	51.483223	60.994249		
															
		
8:00	23.80	58.616493	32.461174	44.349954	51.483223	58.616493	46.72771	60.994249	37.216686	51.483223	65.749763	30.083418	82.394063		
		77.638548	30.083418	82.394063	34.83893	41.972198	56.238736	53.86098	34.83893	77.638548	51.483223	34.83893	32.461174		
		41.972198	89.527335	32.461174	34.83893	68.12752	44.349954	37.216686	37.216686	75.260791	51.483223	72.883034	77.638548		
		72.883034	32.461174	41.972198	22.950151	30.083418	46.72771	34.83893	51.483223	32.461174	49.105467	41.972198	27.705662		
		53.86098	51.483223	63.372006	34.83893	41.972198	46.72771	41.972198	77.638548	70.505277	68.12752	39.594442	294.014748		
		39.594442	53.86098	37.216686	41.972198	46.72771	39.594442	58.616493	65.749763	75.260791	68.12752	32.461174	58.616493		
		44.349954	44.349954	182.259935	34.83893	70.505277	56.238736	37.216686	65.749763	65.749763	63.372006	60.994249	49.105467		
															
		
9:00	23.80	65.749763	20.572395	77.638548	63.372006	39.594442	46.72771	44.349954	65.749763	182.259935	46.72771	80.016306	46.72771		
		94.282851	51.483223	63.372006	41.972198	41.972198	44.349954	37.216686	51.483223	56.238736	75.260791	148.971297	34.83893		
		41.972198	49.105467	41.972198	63.372006	34.83893	32.461174	58.616493	37.216686	148.971297	49.105467	34.83893	65.749763		
		34.83893	34.83893	37.216686	49.105467	53.86098	39.594442	41.972198	27.705662	39.594442	51.483223	63.372006	51.483223		
		84.77182	30.083418	101.416124	63.372006	41.972198	39.594442	41.972198	77.638548	63.372006	56.238736	41.972198	75.260791		
		44.349954	51.483223	44.349954	34.83893	34.83893	82.394063	25.327906	44.349954	72.883034	68.12752	51.483223	84.77182		
		70.505277	37.216686	144.215778	60.994249	41.972198	39.594442	37.216686	80.016306	46.72771	58.616493	37.216686	51.483223		
															
		
10:00	23.90	51.483223	80.016306	101.416124	44.349954	63.372006	25.327906	96.660608	51.483223	63.372006	51.483223	41.972198	46.72771		
		101.416124	34.83893	89.527335	39.594442	58.616493	27.705662	58.616493	27.705662	65.749763	94.282851	58.616493	34.83893		
		132.326983	41.972198	65.749763	49.105467	37.216686	41.972198	46.72771	32.461174	49.105467	51.483223	39.594442	44.349954		
		39.594442	56.238736	39.594442	58.616493	51.483223	27.705662	49.105467	65.749763	37.216686	63.372006	63.372006	58.616493		
		44.349954	32.461174	75.260791	37.216686	44.349954	30.083418	49.105467	56.238736	30.083418	51.483223	49.105467	103.793882		
		32.461174	53.86098	34.83893	39.594442	39.594442	51.483223	60.994249	68.12752	53.86098	56.238736	44.349954	53.86098		
		58.616493	63.372006	203.65978	46.72771	60.994249	70.505277	44.349954	34.83893	49.105467	46.72771	41.972198	56.238736		
															
		
11:00	23.90	51.483223	46.72771	68.12752	53.86098	60.994249	53.86098	49.105467	32.461174	99.038366	163.237854	49.105467	41.972198		
		32.461174	27.705662	91.905093	53.86098	39.594442	32.461174	70.505277	51.483223	51.483223	41.972198	58.616493	37.216686		
		68.12752	198.904259	65.749763	27.705662	27.705662	27.705662	46.72771	49.105467	99.038366	122.815948	25.327906	32.461174		
		37.216686	32.461174	39.594442	37.216686	39.594442	49.105467	37.216686	25.327906	41.972198	77.638548	49.105467	41.972198		
		60.994249	46.72771	44.349954	65.749763	37.216686	49.105467	51.483223	89.527335	46.72771	89.527335	60.994249	68.12752		
		22.950151	41.972198	37.216686	41.972198	65.749763	63.372006	94.282851	27.705662	80.016306	44.349954	51.483223	60.994249		
		44.349954	32.461174	75.260791	18.19464	41.972198	22.950151	27.705662	68.12752	60.994249	80.016306	99.038366	120.43819		
															
		
12:00	23.90	65.749763	68.12752	44.349954	44.349954	49.105467	63.372006	63.372006	75.260791	77.638548	106.17164	63.372006	53.86098		
		70.505277	118.060431	108.549398	34.83893	32.461174	44.349954	34.83893	58.616493	65.749763	70.505277	75.260791	46.72771		
		53.86098	34.83893	34.83893	41.972198	56.238736	70.505277	27.705662	44.349954	60.994249	49.105467	37.216686	44.349954		
		39.594442	41.972198	37.216686	56.238736	49.105467	60.994249	68.12752	30.083418	46.72771	129.949224	39.594442	44.349954		
		39.594442	53.86098	49.105467	70.505277	58.616493	75.260791	53.86098	99.038366	37.216686	75.260791	70.505277	89.527335		
		37.216686	49.105467	46.72771	91.905093	60.994249	53.86098	75.260791	103.793882	101.416124	41.972198	70.505277	60.994249		
		63.372006	46.72771	172.748894	53.86098	41.972198	68.12752	49.105467	37.216686	153.726816	72.883034	68.12752	58.616493		
															
		
13:00	23.90	63.372006	46.72771	56.238736	41.972198	53.86098	25.327906	70.505277	68.12752	49.105467	80.016306	53.86098	77.638548		
		115.682673	27.705662	75.260791	41.972198	27.705662	60.994249	94.282851	82.394063	187.015455	53.86098	163.237854	49.105467		
		49.105467	49.105467	56.238736	39.594442	32.461174	39.594442	27.705662	51.483223	87.149578	44.349954	34.83893	72.883034		
		49.105467	44.349954	65.749763	37.216686	39.594442	53.86098	46.72771	34.83893	44.349954	87.149578	80.016306	63.372006		
		56.238736	37.216686	41.972198	27.705662	44.349954	60.994249	75.260791	75.260791	80.016306	44.349954	94.282851	163.237854		
		27.705662	53.86098	32.461174	41.972198	65.749763	60.994249	77.638548	58.616493	56.238736	46.72771	63.372006	58.616493		
		65.749763	46.72771	63.372006	44.349954	70.505277	44.349954	37.216686	65.749763	163.237854	51.483223	80.016306	139.46026		
															
		
14:00	24.00	27.705662	80.016306	39.594442	58.616493	91.905093	58.616493	58.616493	37.216686	134.704742	129.949224	46.72771	46.72771		
		72.883034	68.12752	96.660608	65.749763	41.972198	82.394063	44.349954	30.083418	25.327906	56.238736	72.883034	56.238736		
		68.12752	58.616493	68.12752	53.86098	32.461174	32.461174	34.83893	53.86098	72.883034	60.994249	60.994249	53.86098		
		65.749763	41.972198	41.972198	49.105467	80.016306	46.72771	30.083418	44.349954	37.216686	82.394063	44.349954	49.105467		
		84.77182	96.660608	41.972198	80.016306	46.72771	129.949224	56.238736	106.17164	60.994249	80.016306	68.12752	39.594442		
		32.461174	30.083418	44.349954	46.72771	37.216686	46.72771	89.527335	41.972198	70.505277	27.705662	51.483223	60.994249		
		99.038366	96.660608	84.77182	30.083418	39.594442	91.905093	30.083418	70.505277	208.415303	75.260791	94.282851	46.72771		
															
		
15:00	0.00														
															
															
															
															
															
															
															
		
16:00	0.00														
															
															
															
															
															
															
															
		
17:00	0.00														
															
															
															
															
															
															
															
		
18:00	0.00														
															
															
															
															
															
															
															
		
19:00	0.00														
															
															
															
															
															
															
															
		
20:00	0.00														
															
															
															
															
															
															
															
		
21:00	0.00														
															
															
															
															
															
															
															
		
22:00	0.00														
															
															
															
															
															
															
															
		
23:00	0.00														
															
															
															
															
															
															
															
		
24:00	0.00														
															
															
															
															
															
															
															
		
25:00	0.00														
															
															
															
															
															
															
															
		
26:00	0.00														
															
															
															
															
															
															
															
		
27:00	0.00														
															
															
															
															
															
															
															
		
28:00	0.00														
															
															
															
															
															
															
															
		
29:00	0.00														
															
															
															
															
															
															
															
		
30:00	0.00														
															
															
															
															
															
															
															
		
31:00	0.00														
															
															
															
															
															
															
															
		
32:00	0.00														
															
															
															
															
															
															
															
		
33:00	0.00														
															
															
															
															
															
															
															
		
34:00	0.00														
															
															
															
															
															
															
															
		
35:00	0.00														
															
															
															
															
															
															
															
		
36:00	0.00														
															
															
															
															
															
															
															
		
37:00	0.00														
															
															
															
															
															
															
															
		
38:00	0.00														
															
															
															
															
															
															
															
		
39:00	0.00														
															
															
															
															
															
															
															
		
40:00	0.00														
															
															
															
															
															
															
															
		
41:00	0.00														
															
															
															
															
															
															
															
		
42:00	0.00														
															
															
															
															
															
															
															
		
43:00	0.00														
															
															
															
															
															
															
															
		
44:00	0.00														
															
															
															
															
															
															
															
		
45:00	0.00														
															
															
															
															
															
															
															
		
46:00	0.00														
															
															
															
															
															
															
															
		
47:00	0.00														
															
															
															
															
															
															
															
		
48:00	0.00														
															
															
															
															
															
															
															
		
49:00	0.00														
															
															
															
															
															
															
															
		
~End
Original Filename: pre_otu5_09-19-20-181725_m_20_e_a_aV_m_m.pda   Date Last Saved: 9/19/2020
