##BLOCKS= 1          
Plate:	Plate#1	1.3	PlateFormat	Kinetic	Luminescence	Raw	FALSE	50	3000	60				1	450	1	12	96	405	Automatic	435			6	Automatic			1	8	None	
Time(hh:mm:ss)	Temperature(¡C)	1	2	3	4	5	6	7	8	9	10	11	12		
0:00	23.50	1423.460455	869.435622	598.369075	429.547391	348.703331	265.48159	258.348301	208.415303						
		1254.637031	750.546672	412.903019	427.169624	398.636418	289.259221	289.259221	194.148737						
		1173.792137	610.257939	555.569178	360.592158	294.014748	253.592776	222.68187	156.104575						
		767.191115	693.480039	429.547391	379.614286	251.215014	236.948441	132.326983	146.593538						
		981.191395	643.546769	515.147074	370.103221	324.925682	239.326203	156.104575	170.371134						
		995.458101	624.524579	398.636418	353.458862	274.992641	215.548586	217.926348	160.860094						
		1007.347024	574.591352	453.325072	260.726064	251.215014	239.326203	167.993374	191.770977						
															
		
1:00	23.50	122.815948	106.17164	70.505277	101.416124	89.527335	99.038366	82.394063	96.660608						
		87.149578	84.77182	72.883034	53.86098	108.549398	84.77182	82.394063	70.505277						
		101.416124	72.883034	120.43819	80.016306	77.638548	96.660608	60.994249	53.86098						
		68.12752	106.17164	68.12752	58.616493	96.660608	99.038366	84.77182	46.72771						
		63.372006	60.994249	91.905093	127.571466	122.815948	91.905093	80.016306	82.394063						
		134.704742	72.883034	68.12752	75.260791	108.549398	106.17164	82.394063	68.12752						
		122.815948	84.77182	65.749763	89.527335	75.260791	101.416124	77.638548	65.749763						
															
		
2:00	23.50	65.749763	84.77182	60.994249	89.527335	27.705662	63.372006	99.038366	146.593538						
		56.238736	70.505277	87.149578	63.372006	68.12752	75.260791	60.994249	115.682673						
		63.372006	60.994249	77.638548	84.77182	77.638548	84.77182	49.105467	44.349954						
		75.260791	75.260791	53.86098	58.616493	56.238736	103.793882	58.616493	51.483223						
		49.105467	89.527335	70.505277	110.927156	65.749763	60.994249	39.594442	63.372006						
		60.994249	84.77182	58.616493	60.994249	58.616493	53.86098	72.883034	72.883034						
		65.749763	94.282851	65.749763	99.038366	99.038366	46.72771	91.905093	108.549398						
															
		
3:00	23.50	68.12752	53.86098	65.749763	51.483223	89.527335	89.527335	63.372006	44.349954						
		127.571466	84.77182	153.726816	201.28202	305.903568	253.592776	206.037541	978.813611						
		63.372006	53.86098	103.793882	63.372006	96.660608	68.12752	65.749763	53.86098						
		82.394063	72.883034	72.883034	60.994249	49.105467	39.594442	53.86098	53.86098						
		63.372006	49.105467	63.372006	56.238736	68.12752	63.372006	49.105467	94.282851						
		141.838019	80.016306	89.527335	65.749763	68.12752	99.038366	91.905093	87.149578						
		87.149578	172.748894	96.660608	217.926348	258.348301	58.616493	96.660608	722.013351						
															
		
4:00	23.60	56.238736	80.016306	70.505277	60.994249	77.638548	63.372006	94.282851	75.260791						
		840.902258	163.237854	788.591117	748.168895	2455.431101	1718.307853	1530.461401	5287.47422						
		77.638548	58.616493	120.43819	91.905093	108.549398	94.282851	72.883034	101.416124						
		80.016306	56.238736	58.616493	51.483223	84.77182	58.616493	56.238736	46.72771						
		44.349954	72.883034	77.638548	37.216686	84.77182	44.349954	53.86098	72.883034						
		439.058463	158.482335	417.658554	529.413696	141.838019	253.592776	115.682673	481.858298						
		374.858753	498.502684	260.726064	591.235757	1604.173248	270.237115	771.94667	2567.189089						
															
		
5:00	23.60	77.638548	63.372006	49.105467	58.616493	68.12752	113.304915	53.86098	72.883034						
		2854.907182	548.435864	2146.314074	1604.173248	7049.526437	4819.02692	4193.64216	10274.111122						
		177.504414	103.793882	840.902258	244.081727	505.635993	322.547917	263.103827	429.547391						
		58.616493	82.394063	70.505277	77.638548	75.260791	68.12752	70.505277	68.12752						
		77.638548	49.105467	51.483223	37.216686	63.372006	49.105467	53.86098	60.994249						
		1459.127421	453.325072	1230.859112	1987.00038	733.902234	705.368918	365.34769	1687.396381						
		1009.724809	1218.970156	926.50238	1651.729313	3344.74367	1043.013805	2574.322583	5969.937884						
															
		
6:00	23.70	60.994249	44.349954	72.883034	89.527335	32.461174	51.483223	51.483223	84.77182						
		4992.613671	1218.970156	3817.938076	3187.80544	11579.676831	7858.038415	6509.73034	14331.18469						
		722.013351	191.770977	2755.037975	1052.524949	1547.106006	1444.860633	1342.615391	745.791118						
		80.016306	77.638548	80.016306	72.883034	53.86098	77.638548	65.749763	182.259935						
		58.616493	72.883034	39.594442	58.616493	65.749763	58.616493	72.883034	58.616493						
		3142.626309	1004.969239	2560.055596	4300.64681	1528.083601	1758.730565	783.83556	3670.510373						
		2201.003922	2424.519345	1894.265689	2403.118905	5123.398458	2122.53589	4811.893226	9596.366831						
															
		
7:00	23.70	68.12752	70.505277	68.12752	39.594442	68.12752	77.638548	63.372006	44.349954						
		6887.825021	2353.184567	5113.88683	4897.497597	14566.624933	10552.344651	8897.226102	16402.606955						
		1749.219337	313.03686	4707.265787	2966.665728	2457.808929	3273.408072	2933.375932	1651.729313						
		91.905093	156.104575	134.704742	132.326983	63.372006	208.415303	77.638548	396.258651						
		70.505277	170.371134	70.505277	60.994249	82.394063	63.372006	51.483223	60.994249						
		5228.026441	1494.794403	4188.886401	6695.210527	2491.098527	2745.526628	1352.12657	5725.01123						
		3625.33097	3817.938076	2662.302394	3228.228894	6119.74776	3387.545059	6875.935224	12561.83775						
															
		
8:00	23.80	46.72771	99.038366	53.86098	51.483223	44.349954	75.260791	60.994249	41.972198						
		8557.170065	3259.140961	6726.123933	6352.785902	17166.026386	13218.203825	10840.091455	18124.472929						
		3451.747185	631.6579	6600.092428	5251.805547	4041.458015	5097.241483	4445.697787	3078.424431						
		129.949224	453.325072	184.637695	229.815155	89.527335	522.280385	255.970539	724.391127						
		70.505277	353.458862	77.638548	80.016306	77.638548	60.994249	49.105467	51.483223						
		8064.923675	2160.580987	5225.648531	9758.073719	3732.33486	3601.552347	1920.421616	8726.008896						
		4500.389207	4517.03443	3090.313664	4609.77216	7180.314586	4702.509997	8961.432649	14942.379484						
															
		
9:00	23.80	77.638548	68.12752	65.749763	46.72771	46.72771	72.883034	56.238736	99.038366						
		9693.866533	4459.965111	7158.912874	7636.885798	18262.414071	14143.308629	11505.955795	17415.744603						
		4899.875497	1028.747091	8112.483581	7154.156939	4866.584897	6657.163274	5434.904902	3777.514324						
		179.882174	990.702532	384.369818	329.681211	118.060431	1009.724809	519.902614	1078.680602						
		60.994249	415.280787	165.615614	144.215778	118.060431	110.927156	72.883034	75.260791						
		9903.134589	2567.189089	6355.163846	11848.40247	4987.857865	4383.872748	2500.609843	10428.685186						
		5965.18202	5634.65013	3261.518812	5296.985869	7539.388602	5344.544129	10278.867243	16309.855558						
															
		
10:00	23.80	53.86098	53.86098	65.749763	51.483223	49.105467	41.972198	60.994249	56.238736						
		10121.915413	5515.754101	8143.397535	8083.947634	18614.402891	15579.739338	13149.237571	17781.999397						
		6600.092428	1257.014823	9116.004177	8566.682102	5589.469618	7943.646044	6053.165558	4769.091075						
		460.458377	1509.061201	774.324448	581.724668	172.748894	1677.885162	1166.658768	2008.400708						
		37.216686	672.080063	277.370404	170.371134	258.348301	241.703965	118.060431	51.483223						
		11836.511936	3014.222604	7147.023037	13472.666034	5834.395857	5484.841162	3106.958593	12842.457369						
		7532.254665	6388.455066	3603.930209	5299.363781	7777.18685	6405.100681	11807.974662	17858.1045						
															
		
11:00	23.90	49.105467	56.238736	80.016306	32.461174	44.349954	60.994249	56.238736	91.905093						
		10975.641961	6186.330017	8866.311857	8764.057132	19570.488444	15551.200728	13016.061525	17912.805087						
		7361.040379	1509.061201	10098.13486	9941.183385	6445.52576	8790.215305	6183.952078	5270.828837						
		833.768918	1996.511636	1164.280978	943.146859	351.081096	2269.960741	1711.174435	3033.245362						
		72.883034	1145.258664	384.369818	303.525804	550.813635	343.947801	229.815155	53.86098						
		12956.608005	3399.434338	7979.315917	14890.059124	6583.446773	5953.29236	3608.685933	14157.577681						
		8511.987903	7282.567287	3875.006937	5767.813893	7774.808864	7044.770508	12412.015814	17855.726215						
															
		
12:00	23.90	56.238736	82.394063	53.86098	44.349954	39.594442	58.616493	94.282851	41.972198						
		10992.28853	7054.282366	9192.101039	8806.86142	19382.600083	16374.068052	13429.85925	16830.691721						
		8107.727589	1364.015547	10440.575511	10178.98877	6849.777677	8989.968909	6566.801121	5639.405975						
		1226.10353	2774.060671	1846.709479	1264.1482	617.391259	2695.592077	2538.65512	4405.273718						
		80.016306	1473.394212	572.21358	294.014748	926.50238	584.10244	450.947303	65.749763						
		13608.220999	3649.1096	8262.297468	16053.006096	6545.399573	6295.715274	3791.781528	15282.462655						
		9315.758594	7919.866138	3806.048735	5720.255381	7660.66562	7475.183196	12985.145689	18376.572438						
															
		
13:00	24.00	34.83893	58.616493	75.260791	58.616493	32.461174	30.083418	49.105467	70.505277						
		11211.072333	7384.820119	9303.868436	8716.49684	18940.231759	16626.162047	13403.699561	15755.727655						
		8611.864295	1637.462491	10459.600034	10533.320106	7356.284432	9489.355099	6098.346332	5361.189527						
		1673.129552	3430.346471	2322.27285	1523.328001	976.435827	2745.526628	3249.629554	5247.049726						
		296.392512	2139.180618	786.213339	334.436741	1021.613735	1007.347024	605.502393	106.17164						
		13893.600623	3982.011161	8557.170065	16607.136058	7449.025452	6545.399573	4027.190766	14668.887073						
		9819.90291	8041.143733	3734.712726	5596.603382	7577.436274	8055.411698	13520.229153	17732.055463						
															
		
14:00	24.00	56.238736	77.638548	51.483223	56.238736	63.372006	80.016306	63.372006	63.372006						
		11156.376326	7223.118026	9006.615065	8885.336007	18464.569623	16045.8714	13384.674337	14759.258375						
		8909.1162	1406.815876	10340.696836	10464.356166	7330.126727	9070.8217	6093.59046	5147.177533						
		2032.178858	3822.693813	2453.053273	1872.865391	1330.726417	2961.910042	3806.048735	5891.466156						
		353.458862	3194.938989	1245.125863	508.013763	1240.370279	1230.859112	731.524457	148.971297						
		12973.254986	4155.596096	9099.357998	15855.613088	7361.040379	6683.320758	4281.623751	14181.359441						
		10354.965211	8495.34185	3625.33097	5292.230044	7206.472241	8262.297468	13042.221088	16899.661147						
															
		
15:00	24.10	106.17164	51.483223	46.72771	68.12752	72.883034	72.883034	70.505277	58.616493						
		10963.751557	7472.805219	8668.936575	8673.6926	17451.418698	15786.644561	13672.431325	13363.270966						
		8742.654997	1416.327064	9998.256613	10095.756805	7330.126727	8871.067894	5720.255381	4816.649022						
		2258.07163	4027.190766	2453.053273	2158.203168	1637.462491	3299.564451	4333.937175	6067.433168						
		334.436741	3508.815785	1444.860633	493.747145	1654.107117	1278.414956	776.702226	194.148737						
		12262.194158	4314.914108	8657.046513	15950.742187	6997.211237	6509.73034	4179.374884	13315.70794						
		10169.476541	8794.971338	3430.346471	4766.713179	6759.415307	8286.077476	12602.26594	16100.570749						
															
		
16:00	24.20	39.594442	75.260791	53.86098	27.705662	60.994249	46.72771	60.994249	44.349954						
		10495.271028	7256.409607	8369.307559	7907.976188	16628.540296	14818.713234	12835.32296	12530.922089						
		8973.322756	1245.125863	9182.588927	9563.074277	6992.455312	8652.290489	5078.218235	4735.80053						
		2659.92456	3801.292999	2764.549322	2398.363252	1763.486179	2840.640145	4664.463692	6003.228943						
		434.302927	3539.727961	1656.484922	669.702288	1687.396381	1492.416604	976.435827	255.970539						
		11087.411849	4433.808353	8583.32817	14794.931285	6409.856571	6243.400567	4067.614644	12882.885701						
		10395.392285	8783.081257	3485.037197	4426.674693	6027.00828	7948.402026	12319.269041	15056.533114						
															
		
17:00	24.20	39.594442	60.994249	56.238736	39.594442	91.905093	46.72771	53.86098	41.972198						
		9701.000663	6875.935224	7805.722687	7477.561173	14742.611022	13898.356958	12378.722088	10768.749176						
		8661.802538	1154.769821	8507.231887	8970.944735	6883.069102	7891.33026	4305.402576	4293.513162						
		2405.496731	3779.892191	2700.347747	2512.49899	1832.442621	3057.023816	4081.8819	5413.503657						
		600.746848	3634.842421	1887.132256	717.257798	1863.354149	1737.330303	1176.169927	236.948441						
		10190.879058	4419.541034	8383.575582	14802.065869	5922.379252	6393.210955	4072.370396	11365.648206						
		10148.07403	8961.432649	3135.492765	3860.739718	5753.546336	8190.957487	10925.702274	13520.229153						
															
		
18:00	24.30	68.12752	37.216686	49.105467	89.527335	41.972198	91.905093	72.883034	68.12752						
		8695.094717	6433.636029	7570.302334	7284.945258	13962.567518	13180.15347	11610.592124	9146.918519						
		8340.771521	936.013511	7777.18685	8095.837611	6212.487348	7672.555534	3646.731737	4010.545645						
		2436.40848	3199.694689	2828.750949	2526.765969	1865.731959	2638.524057	4072.370396	4983.102058						
		588.857985	3744.22419	2277.094209	798.102231	1987.00038	1646.973706	1207.081201	270.237115						
		9028.017271	4272.112223	7734.383113	13612.977317	5499.108671	5755.924262	3898.785641	10609.418315						
		9796.122447	8226.627469	2904.841832	3506.437926	4909.3871	7470.427242	10678.38238	12014.870133						
															
		
19:00	24.30	46.72771	39.594442	53.86098	41.972198	53.86098	82.394063	46.72771	75.260791						
		8226.627469	5939.02477	6904.47074	6302.8491	12400.125196	11960.173577	10388.258094	8048.277715						
		7953.158009	771.94667	6792.706694	7824.746585	6119.74776	7287.32323	3553.995122	3611.063795						
		2464.942413	3076.046584	2721.748267	2343.673269	1818.175766	2457.808929	3627.708833	4253.08917						
		538.92478	3563.506565	2329.406323	793.346674	2017.911967	1732.57469	1164.280978	232.192917						
		7960.291983	4212.665198	7204.094272	12321.647162	4885.608095	4961.700934	3696.666881	9237.283585						
		8987.590887	7541.766581	2762.171485	2821.617432	4488.499765	6949.651995	9796.122447	10338.318774						
															
		
20:00	24.30	46.72771	82.394063	49.105467	56.238736	75.260791	63.372006	39.594442	58.616493						
		7622.617908	5563.312491	6443.147814	5736.900857	11434.612922	10706.919252	9703.378706	6714.23416						
		7584.570214	795.724452	5841.529642	6718.990069	5256.561369	6317.116755	2823.995271	3256.763109						
		2246.182521	2246.182521	2179.603542	2262.827274	1744.463723	2281.849854	3325.720838	3751.357789						
		469.969452	3456.5029	2502.987673	743.413341	2108.268984	1713.552241	1052.524949	222.68187						
		6566.801121	3932.075839	6585.824723	11120.705037	4207.909438	4704.887892	3361.388652	7805.722687						
		8633.266395	7363.418353	2500.609843	2412.630211	4184.130642	6523.998031	8721.252868	8944.786503						
															
		
21:00	24.40	32.461174	51.483223	46.72771	60.994249	44.349954	51.483223	39.594442	51.483223						
		6476.43907	4754.823697	5510.998263	5178.090341	9593.988791	9384.721544	8878.20195	5577.580014						
		6940.14015	662.568964	4959.323032	5908.111668	4536.057545	5560.934571	2255.693808	3030.867517						
		2086.868628	2084.490811	1927.555053	1953.710991	1611.306656	1967.97787	2614.745728	2864.418542						
		439.058463	3218.717491	2543.410781	674.457838	1998.88945	1542.350404	981.191395	163.237854						
		5135.287994	3675.266101	5682.208591	9898.37849	3677.643965	4314.914108	3228.228894	6226.754986						
		7815.234635	6438.391921	2355.562392	2017.911967	3446.99147	5993.717211	7993.58387	7460.915335						
															
		
22:00	24.40	70.505277	60.994249	41.972198	80.016306	53.86098	63.372006	70.505277	87.149578						
		5924.757183	4452.831449	4942.677718	4352.960247	8179.067496	8155.28752	7437.135572	4519.412319						
		6333.762355	579.346896	4288.757398	4902.253398	4281.623751	4761.957386	1958.466617	2457.808929						
		1849.087289	1585.150829	1768.241794	1668.373943	1501.927802	1756.352758	2526.765969	2500.609843						
		341.570036	3047.512434	2205.759563	579.346896	1846.709479	1442.482835	1081.058389	198.904259						
		4191.26428	3287.675187	5080.59614	8286.077476	3023.733982	3706.178341	2514.87682	4833.29431						
		7246.897725	6105.480141	2058.33483	1485.283207	3318.587277	5028.282228	6640.517606	5789.215232						
															
		
23:00	24.40	46.72771	56.238736	53.86098	41.972198	63.372006	34.83893	65.749763	34.83893						
		4778.602663	3875.006937	4234.066122	3768.002856	6728.501888	6514.486237	6414.612462	3254.385257						
		5499.108671	398.636418	3744.22419	4141.328827	3530.216521	4241.199765	1513.8168	2239.049056						
		1618.440064	1259.392615	1516.1946	1513.8168	1442.482835	1532.839202	2298.494615	2029.801042						
		351.081096	2590.967405	2143.936255	610.257939	1578.017423	1237.992487	710.12447	153.726816						
		3294.808745	3137.870613	4331.559292	7149.401004	2555.299934	3154.515551	2231.915592	3627.708833						
		6238.644687	5425.393237	1730.196884	1264.1482	2778.816346	4552.702775	5430.149069	4191.26428						
															
		
24:00	24.50	60.994249	63.372006	58.616493	58.616493	65.749763	32.461174	75.260791	49.105467						
		3946.343071	3164.026947	3682.399694	3370.900072	5323.142908	5420.637405	5092.485671	2476.831555						
		4612.150052	324.925682	2583.83391	3380.411492	2843.017984	3589.663038	1104.836263	1851.465099						
		1375.904525	928.880163	1366.393342	1245.125863	1166.658768	1421.082658	1837.19824	1492.416604						
		289.259221	2258.07163	2120.158072	631.6579	1278.414956	1083.436176	667.324513	165.615614						
		2552.922103	2933.375932	3701.422611	5841.529642	2029.801042	2736.015283	1872.865391	2876.307743						
		5401.614079	4726.288948	1342.615391	1152.392032	2212.893025	4034.32439	4210.287318	3130.737068						
															
		
25:00	24.50	53.86098	60.994249	44.349954	46.72771	53.86098	49.105467	44.349954	27.705662						
		3328.098691	2650.413225	3080.802277	2778.816346	3806.048735	4467.098773	3920.186481	2155.825349						
		4141.328827	251.215014	2208.137384	2690.836407	2417.385864	2966.665728	850.413378	1687.396381						
		1138.125298	752.92445	1116.725202	995.458101	997.835885	1045.391591	1547.106006	1140.503087						
		177.504414	2036.934488	1811.04234	565.080264	1197.570038	978.813611	491.369375	134.704742						
		2108.268984	2281.849854	2833.506627	4990.235768	1478.14981	2317.517203	1532.839202	2006.022894						
		4424.296807	4058.103141	1147.636453	824.2578	1882.376634	3473.147905	3618.197382	2327.028498						
															
		
26:00	24.60	37.216686	51.483223	80.016306	60.994249	32.461174	72.883034	44.349954	46.72771						
		2338.91762	2094.002079	2548.166442	2288.983322	2881.063424	3637.220284	3180.671891	1466.260816						
		3244.873851	253.592776	1725.441271	1927.555053	2048.823566	2353.184567	710.12447	1233.236904						
		893.213433	534.169238	838.524478	893.213433	874.191183	1059.658308	1259.392615	943.146859						
		213.170825	1711.174435	1656.484922	486.613836	1035.880448	786.213339	465.213915	118.060431						
		1589.906433	1972.733497	2229.537771	3844.094632	1242.748071	1680.262966	1271.281578	1518.5724						
		3634.842421	3470.770047	878.946745	624.524579	1601.795445	2659.92456	2671.813731	1699.285408						
															
		
27:00	24.60	25.327906	68.12752	58.616493	41.972198	65.749763	39.594442	75.260791	34.83893						
		2003.645079	1761.108372	2281.849854	1587.528631	2239.049056	2902.463991	2334.161971	1183.303297						
		2802.594725	225.059632	1511.439	1511.439	1734.952497	2203.381743	686.346713	1185.681087						
		702.991142	477.102759	581.724668	631.6579	710.12447	924.124598	1171.414347	757.680004						
		184.637695	1451.994027	1214.214574	450.947303	845.657818	607.880166	341.570036	120.43819						
		1180.925507	1632.706884	1896.6435	2999.955538	902.724559	1411.57147	900.346778	1085.813963						
		3102.202898	2833.506627	722.013351	448.569535	1247.503655	2143.936255	2134.424981	1104.836263						
															
		
28:00	24.70	60.994249	49.105467	37.216686	44.349954	84.77182	32.461174	34.83893	37.216686						
		1432.971645	1295.059508	1844.331669	1478.14981	1575.639622	2127.291526	1682.640771	774.324448						
		2091.624262	234.570679	1183.303297	1147.636453	1295.059508	1466.260816	531.791467	1076.302815						
		527.035926	420.036321	534.169238	550.813635	586.480212	695.857815	833.768918	612.635712						
		87.149578	1204.70341	997.835885	324.925682	793.346674	450.947303	358.214393	84.77182						
		959.791341	1378.282321	1649.351509	2460.186757	565.080264	1211.836783	719.635574	862.30228						
		2626.634892	2450.675445	638.791221	410.525252	938.391293	1606.55105	1558.995011	757.680004						
															
		
29:00	24.60	53.86098	70.505277	108.549398	84.77182	44.349954	53.86098	34.83893	37.216686						
		1211.836783	1019.235949	1406.815876	976.435827	1145.258664	1749.219337	1287.926129	581.724668						
		1704.041018	182.259935	1085.813963	988.324748	1190.436667	1171.414347	439.058463	859.924499						
		412.903019	391.503118	469.969452	488.991606	403.391951	586.480212	660.191189	415.280787						
		108.549398	829.013359	947.902425	225.059632	645.924543	431.925159	284.503694	94.282851						
		593.61353	1069.169454	1171.414347	1706.418824	512.769304	888.45787	600.746848	574.591352						
		1975.111311	2017.911967	467.591683	339.192271	776.702226	1278.414956	1169.036558	527.035926						
															
		
30:00	24.70	34.83893	56.238736	51.483223	46.72771	46.72771	56.238736	41.972198	51.483223						
		947.902425	819.502241	1059.658308	771.94667	947.902425	1321.21524	874.191183	429.547391						
		1166.658768	127.571466	802.857788	688.724489	916.991251	969.302476	305.903568	693.480039						
		332.058976	348.703331	379.614286	491.369375	431.925159	496.124914	567.458036	486.613836						
		103.793882	743.413341	857.546719	229.815155	420.036321	336.814506	253.592776	110.927156						
		567.458036	902.724559	886.080089	1133.369721	415.280787	691.102264	439.058463	450.947303						
		1680.262966	1594.662038	251.215014	310.659096	624.524579	997.835885	812.368904	322.547917						
															
		
31:00	24.70	56.238736	60.994249	39.594442	51.483223	49.105467	37.216686	56.238736	39.594442						
		695.857815	705.368918	919.369033	698.235591	615.013486	919.369033	695.857815	396.258651						
		874.191183	115.682673	695.857815	531.791467	750.546672	743.413341	260.726064	612.635712						
		248.837252	225.059632	346.325566	367.725456	332.058976	481.858298	377.23652	286.881458						
		77.638548	745.791118	581.724668	175.126654	389.125351	274.992641	172.748894	32.461174						
		420.036321	809.991125	631.6579	888.45787	329.681211	541.302551	377.23652	348.703331						
		1399.682487	1311.704064	334.436741	255.970539	431.925159	779.080004	626.902352	291.636985						
															
		
32:00	24.70	60.994249	25.327906	51.483223	41.972198	65.749763	56.238736	39.594442	37.216686						
		588.857985	460.458377	691.102264	560.324721	436.680695	726.768904	467.591683	329.681211						
		705.368918	137.082501	508.013763	351.081096	534.169238	527.035926	310.659096	484.236067						
		267.859352	182.259935	274.992641	225.059632	274.992641	415.280787	351.081096	294.014748						
		91.905093	536.547009	448.569535	158.482335	305.903568	265.48159	127.571466	68.12752						
		351.081096	598.369075	612.635712	662.568964	241.703965	415.280787	270.237115	294.014748						
		950.280208	1088.19175	241.703965	229.815155	384.369818	698.235591	460.458377	303.525804						
															
		
33:00	24.70	75.260791	53.86098	37.216686	51.483223	56.238736	39.594442	68.12752	39.594442						
		353.458862	401.014184	527.035926	500.880454	355.836627	702.991142	355.836627	263.103827						
		565.080264	96.660608	488.991606	343.947801	503.258224	474.72499	175.126654	424.791856						
		158.482335	225.059632	203.65978	291.636985	220.304109	267.859352	320.170153	194.148737						
		41.972198	467.591683	517.524844	87.149578	310.659096	172.748894	122.815948	80.016306						
		267.859352	427.169624	398.636418	493.747145	156.104575	339.192271	236.948441	274.992641						
		817.124462	783.83556	184.637695	141.838019	327.303446	503.258224	286.881458	210.793064						
															
		
34:00	24.80	44.349954	75.260791	58.616493	39.594442	39.594442	84.77182	46.72771	56.238736						
		353.458862	329.681211	531.791467	358.214393	265.48159	455.70284	336.814506	274.992641						
		455.70284	99.038366	431.925159	343.947801	412.903019	329.681211	118.060431	360.592158						
		156.104575	184.637695	203.65978	220.304109	177.504414	324.925682	196.526498	191.770977						
		41.972198	431.925159	386.747585	103.793882	270.237115	179.882174	120.43819	37.216686						
		246.459489	386.747585	294.014748	381.992052	210.793064	322.547917	251.215014	210.793064						
		534.169238	653.057866	203.65978	115.682673	296.392512	512.769304	239.326203	163.237854						
															
		
35:00	24.90	84.77182	77.638548	46.72771	51.483223	63.372006	49.105467	51.483223	65.749763						
		329.681211	291.636985	372.480987	301.14804	220.304109	355.836627	201.28202	227.437394						
		341.570036	82.394063	372.480987	263.103827	322.547917	251.215014	158.482335	386.747585						
		89.527335	170.371134	179.882174	156.104575	156.104575	198.904259	191.770977	201.28202						
		49.105467	431.925159	420.036321	110.927156	215.548586	91.905093	118.060431	63.372006						
		201.28202	317.792388	282.125931	260.726064	120.43819	236.948441	220.304109	158.482335						
		505.635993	576.969124	141.838019	125.193707	213.170825	315.414624	172.748894	201.28202						
															
		
36:00	24.90	53.86098	82.394063	63.372006	25.327906	41.972198	34.83893	46.72771	46.72771						
		239.326203	191.770977	317.792388	313.03686	206.037541	234.570679	286.881458	215.548586						
		274.992641	49.105467	346.325566	246.459489	210.793064	263.103827	144.215778	317.792388						
		65.749763	122.815948	163.237854	151.349056	191.770977	158.482335	151.349056	177.504414						
		37.216686	398.636418	317.792388	101.416124	213.170825	108.549398	118.060431	56.238736						
		113.304915	274.992641	191.770977	208.415303	101.416124	167.993374	132.326983	172.748894						
		415.280787	431.925159	184.637695	82.394063	222.68187	282.125931	156.104575	208.415303						
															
		
37:00	24.90	60.994249	58.616493	68.12752	41.972198	60.994249	44.349954	53.86098	30.083418						
		201.28202	165.615614	236.948441	239.326203	182.259935	208.415303	258.348301	191.770977						
		286.881458	56.238736	282.125931	241.703965	263.103827	236.948441	113.304915	324.925682						
		53.86098	122.815948	110.927156	189.393216	108.549398	201.28202	115.682673	134.704742						
		41.972198	279.748168	255.970539	110.927156	167.993374	122.815948	99.038366	41.972198						
		129.949224	260.726064	160.860094	167.993374	94.282851	158.482335	96.660608	137.082501						
		291.636985	327.303446	120.43819	70.505277	182.259935	236.948441	110.927156	156.104575						
															
		
38:00	24.90	37.216686	122.815948	53.86098	89.527335	41.972198	68.12752	44.349954	63.372006						
		255.970539	134.704742	194.148737	189.393216	163.237854	203.65978	201.28202	194.148737						
		194.148737	89.527335	277.370404	208.415303	179.882174	177.504414	106.17164	248.837252						
		70.505277	127.571466	179.882174	101.416124	129.949224	222.68187	110.927156	96.660608						
		56.238736	291.636985	215.548586	115.682673	146.593538	106.17164	106.17164	58.616493						
		113.304915	167.993374	144.215778	156.104575	120.43819	77.638548	91.905093	129.949224						
		203.65978	308.281332	103.793882	63.372006	201.28202	175.126654	110.927156	127.571466						
															
		
39:00	25.00	49.105467	63.372006	65.749763	34.83893	37.216686	53.86098	51.483223	41.972198						
		141.838019	167.993374	179.882174	229.815155	158.482335	172.748894	215.548586	167.993374						
		184.637695	103.793882	222.68187	631.6579	187.015455	189.393216	148.971297	289.259221						
		91.905093	77.638548	127.571466	156.104575	46.72771	172.748894	132.326983	118.060431						
		56.238736	246.459489	206.037541	127.571466	139.46026	53.86098	68.12752	56.238736						
		129.949224	144.215778	110.927156	244.081727	122.815948	125.193707	84.77182	113.304915						
		191.770977	310.659096	77.638548	127.571466	203.65978	172.748894	99.038366	148.971297						
															
		
40:00	24.90	27.705662	60.994249	63.372006	37.216686	72.883034	82.394063	41.972198	68.12752						
		210.793064	87.149578	167.993374	156.104575	103.793882	296.392512	191.770977	156.104575						
		156.104575	39.594442	210.793064	381.992052	189.393216	222.68187	108.549398	239.326203						
		70.505277	89.527335	56.238736	106.17164	82.394063	120.43819	101.416124	125.193707						
		51.483223	296.392512	201.28202	75.260791	106.17164	56.238736	72.883034	46.72771						
		75.260791	153.726816	101.416124	77.638548	87.149578	122.815948	89.527335	87.149578						
		184.637695	241.703965	91.905093	70.505277	217.926348	236.948441	72.883034	120.43819						
															
		
41:00	25.00	49.105467	39.594442	44.349954	65.749763	68.12752	49.105467	32.461174	60.994249						
		163.237854	103.793882	206.037541	144.215778	127.571466	198.904259	182.259935	203.65978						
		137.082501	60.994249	201.28202	301.14804	165.615614	201.28202	94.282851	172.748894						
		96.660608	108.549398	115.682673	122.815948	108.549398	108.549398	101.416124	113.304915						
		44.349954	236.948441	196.526498	101.416124	129.949224	80.016306	110.927156	70.505277						
		103.793882	151.349056	87.149578	84.77182	58.616493	77.638548	60.994249	113.304915						
		129.949224	191.770977	106.17164	80.016306	182.259935	156.104575	89.527335	125.193707						
															
		
42:00	25.10	44.349954	41.972198	32.461174	37.216686	58.616493	56.238736	46.72771	41.972198						
		184.637695	106.17164	163.237854	160.860094	137.082501	310.659096	146.593538	106.17164						
		122.815948	63.372006	217.926348	151.349056	137.082501	272.614878	94.282851	148.971297						
		84.77182	60.994249	68.12752	115.682673	87.149578	127.571466	108.549398	84.77182						
		44.349954	227.437394	265.48159	84.77182	120.43819	115.682673	65.749763	39.594442						
		108.549398	120.43819	108.549398	103.793882	56.238736	56.238736	77.638548	99.038366						
		156.104575	210.793064	80.016306	58.616493	156.104575	198.904259	68.12752	94.282851						
															
		
43:00	25.10	34.83893	60.994249	82.394063	49.105467	56.238736	53.86098	37.216686	53.86098						
		189.393216	91.905093	141.838019	80.016306	91.905093	317.792388	151.349056	151.349056						
		132.326983	60.994249	158.482335	203.65978	125.193707	282.125931	122.815948	225.059632						
		68.12752	70.505277	68.12752	139.46026	60.994249	129.949224	91.905093	110.927156						
		51.483223	198.904259	251.215014	87.149578	96.660608	80.016306	68.12752	58.616493						
		96.660608	141.838019	87.149578	53.86098	60.994249	82.394063	89.527335	84.77182						
		153.726816	165.615614	60.994249	72.883034	172.748894	129.949224	91.905093	146.593538						
															
		
44:00	25.10	58.616493	51.483223	30.083418	27.705662	44.349954	70.505277	30.083418	70.505277						
		134.704742	94.282851	72.883034	110.927156	129.949224	308.281332	210.793064	120.43819						
		139.46026	58.616493	217.926348	125.193707	108.549398	241.703965	103.793882	118.060431						
		44.349954	84.77182	63.372006	75.260791	84.77182	122.815948	82.394063	108.549398						
		49.105467	158.482335	206.037541	65.749763	118.060431	58.616493	58.616493	37.216686						
		110.927156	82.394063	56.238736	53.86098	103.793882	89.527335	87.149578	77.638548						
		82.394063	144.215778	51.483223	53.86098	139.46026	129.949224	72.883034	103.793882						
															
		
45:00	25.20	49.105467	53.86098	39.594442	72.883034	91.905093	63.372006	84.77182	65.749763						
		146.593538	80.016306	175.126654	80.016306	127.571466	213.170825	182.259935	84.77182						
		141.838019	70.505277	146.593538	89.527335	127.571466	296.392512	77.638548	115.682673						
		77.638548	91.905093	110.927156	106.17164	80.016306	94.282851	77.638548	99.038366						
		70.505277	196.526498	127.571466	72.883034	108.549398	110.927156	101.416124	30.083418						
		101.416124	91.905093	82.394063	82.394063	65.749763	103.793882	60.994249	77.638548						
		108.549398	134.704742	91.905093	75.260791	99.038366	89.527335	68.12752	87.149578						
															
		
46:00	25.20	56.238736	63.372006	34.83893	49.105467	51.483223	72.883034	41.972198	30.083418						
		91.905093	96.660608	94.282851	108.549398	101.416124	234.570679	158.482335	120.43819						
		125.193707	58.616493	144.215778	160.860094	151.349056	339.192271	103.793882	99.038366						
		75.260791	27.705662	99.038366	68.12752	56.238736	77.638548	91.905093	87.149578						
		51.483223	170.371134	153.726816	70.505277	129.949224	44.349954	80.016306	30.083418						
		89.527335	99.038366	51.483223	103.793882	75.260791	68.12752	60.994249	37.216686						
		115.682673	106.17164	51.483223	46.72771	118.060431	137.082501	77.638548	94.282851						
															
		
47:00	25.20	60.994249	32.461174	46.72771	41.972198	49.105467	44.349954	51.483223	46.72771						
		158.482335	75.260791	84.77182	72.883034	132.326983	187.015455	139.46026	108.549398						
		89.527335	72.883034	165.615614	99.038366	127.571466	225.059632	206.037541	127.571466						
		80.016306	72.883034	77.638548	101.416124	82.394063	65.749763	72.883034	80.016306						
		53.86098	122.815948	167.993374	53.86098	99.038366	70.505277	63.372006	41.972198						
		65.749763	82.394063	108.549398	77.638548	75.260791	63.372006	60.994249	70.505277						
		99.038366	106.17164	60.994249	58.616493	139.46026	122.815948	144.215778	77.638548						
															
		
48:00	25.30	46.72771	49.105467	56.238736	44.349954	53.86098	51.483223	37.216686	68.12752						
		87.149578	53.86098	125.193707	101.416124	75.260791	139.46026	137.082501	110.927156						
		132.326983	44.349954	146.593538	125.193707	110.927156	179.882174	72.883034	94.282851						
		56.238736	60.994249	89.527335	75.260791	75.260791	72.883034	96.660608	120.43819						
		60.994249	129.949224	144.215778	72.883034	115.682673	63.372006	82.394063	30.083418						
		53.86098	63.372006	60.994249	56.238736	80.016306	51.483223	60.994249	94.282851						
		115.682673	94.282851	70.505277	58.616493	129.949224	118.060431	60.994249	110.927156						
															
		
49:00	25.20	27.705662	103.793882	75.260791	46.72771	75.260791	84.77182	82.394063	65.749763						
		106.17164	63.372006	91.905093	75.260791	75.260791	101.416124	122.815948	77.638548						
		165.615614	75.260791	172.748894	99.038366	156.104575	182.259935	60.994249	113.304915						
		51.483223	53.86098	53.86098	94.282851	65.749763	63.372006	91.905093	70.505277						
		46.72771	134.704742	198.904259	63.372006	80.016306	75.260791	115.682673	22.950151						
		65.749763	91.905093	63.372006	106.17164	63.372006	77.638548	80.016306	72.883034						
		113.304915	120.43819	96.660608	34.83893	56.238736	91.905093	87.149578	65.749763						
															
		
~End
Original Filename: antagonist_03-20-19-132356_0-0_10-0_10-10_10-50_10-100_3-30bad_3-0.pda   Date Last Saved: 3/20/2019
