##BLOCKS= 1          
Plate:	Plate#1	1.3	PlateFormat	Kinetic	Luminescence	Raw	FALSE	50	3000	60				1	450	1	12	96	405	Automatic	435			6	Automatic			1	8	None	
Time(hh:mm:ss)	Temperature(¡C)	1	2	3	4	5	6	7	8	9	10	11	12		
0:00	23.50	1054.851655	592.698233	393.132917	365.824023	216.675633	164.158669	155.755959	147.353249	147.353249	258.689232	105.339716	111.641745		
		1101.067163	630.510672	365.824023	254.487871	241.88379	204.071558	225.078351	176.762737	138.950541	136.849864	75.930258	82.232284		
		859.486431	617.906524	359.521972	246.08515	237.68243	168.360025	174.662059	136.849864	178.863415	159.957314	80.131608	82.232284		
		914.104611	582.194782	296.501493	283.897404	187.266129	191.467486	191.467486	201.970879	117.943773	136.849864	117.943773	122.145126		
		771.257152	489.764474	281.796722	252.387191	277.59536	201.970879	170.460703	113.742421	143.151895	109.541068	105.339716	107.440392		
		693.531449	592.698233	325.911043	275.494679	260.789913	136.849864	176.762737	134.749187	124.245803	126.34648	113.742421	90.634986		
		922.507412	544.382368	388.931548	302.803538	222.977671	138.950541	82.232284	170.460703	130.547833	120.04445	120.04445	101.138364		
		897.299013	485.563099	304.90422	250.28651	239.783109	164.158669	153.655281	153.655281	153.655281	124.245803	136.849864	113.742421		
		
1:00	23.50	69.628233	73.829583	61.225534	80.131608	99.037688	94.836337	84.332959	65.426883	82.232284	80.131608	71.728908	92.735661		
		109.541068	113.742421	75.930258	63.326208	109.541068	84.332959	73.829583	75.930258	71.728908	73.829583	54.92351	50.722161		
		52.822835	65.426883	86.433635	84.332959	111.641745	99.037688	107.440392	71.728908	71.728908	75.930258	84.332959	82.232284		
		46.520812	78.030933	90.634986	82.232284	86.433635	94.836337	71.728908	57.024184	71.728908	65.426883	80.131608	63.326208		
		75.930258	107.440392	69.628233	71.728908	75.930258	78.030933	80.131608	80.131608	82.232284	54.92351	94.836337	33.916768		
		78.030933	82.232284	103.23904	86.433635	82.232284	88.53431	103.23904	67.527558	78.030933	90.634986	75.930258	86.433635		
		92.735661	117.943773	103.23904	90.634986	78.030933	103.23904	65.426883	99.037688	73.829583	78.030933	73.829583	65.426883		
		86.433635	57.024184	96.937013	136.849864	80.131608	73.829583	86.433635	84.332959	73.829583	73.829583	59.124859	73.829583		
		
2:00	23.50	67.527558	57.024184	48.621486	44.420138	61.225534	63.326208	67.527558	65.426883	96.937013	59.124859	57.024184	50.722161		
		57.024184	94.836337	54.92351	52.822835	63.326208	52.822835	61.225534	80.131608	69.628233	63.326208	59.124859	46.520812		
		80.131608	73.829583	73.829583	69.628233	63.326208	73.829583	96.937013	69.628233	78.030933	52.822835	61.225534	71.728908		
		59.124859	80.131608	67.527558	101.138364	48.621486	84.332959	94.836337	99.037688	178.863415	78.030933	48.621486	69.628233		
		73.829583	157.856636	71.728908	107.440392	69.628233	63.326208	187.266129	168.360025	122.145126	164.158669	73.829583	75.930258		
		73.829583	241.88379	128.447156	323.81036	86.433635	246.08515	386.830864	111.641745	99.037688	193.568164	54.92351	136.849864		
		138.950541	388.931548	204.071558	84.332959	120.04445	483.462411	323.81036	92.735661	69.628233	107.440392	138.950541	178.863415		
		204.071558	363.723339	201.970879	584.295472	201.970879	519.174104	370.025391	176.762737	359.521972	267.091955	216.675633	141.051218		
		
3:00	23.50	54.92351	59.124859	78.030933	69.628233	61.225534	67.527558	54.92351	96.937013	46.520812	59.124859	67.527558	48.621486		
		65.426883	50.722161	65.426883	88.53431	61.225534	50.722161	52.822835	57.024184	54.92351	69.628233	63.326208	71.728908		
		122.145126	65.426883	113.742421	107.440392	84.332959	153.655281	332.213091	315.407631	340.615822	147.353249	57.024184	113.742421		
		52.822835	216.675633	94.836337	586.396162	201.970879	460.354855	145.252572	166.259347	737.646027	204.071558	86.433635	208.272916		
		80.131608	716.639082	180.964093	464.556229	340.615822	258.689232	1966.563172	489.764474	397.334286	756.552282	344.817188	372.126074		
		153.655281	2498.050196	252.387191	865.788526	657.819669	3044.246557	1851.023043	496.066536	901.500412	737.646027	279.696041	1256.519549		
		672.524517	1708.173691	1164.088359	300.702856	1038.046023	3082.060307	1580.029664	540.18099	519.174104	701.934224	817.472474	2010.678544		
		811.170383	1321.641596	1195.598979	1844.72086	1332.145158	3273.230133	1355.252999	1239.713869	3161.889403	2210.248426	1605.238307	538.080301		
		
4:00	23.50	36.017441	59.124859	73.829583	42.319464	75.930258	82.232284	48.621486	52.822835	59.124859	59.124859	50.722161	59.124859		
		57.024184	44.420138	46.520812	61.225534	59.124859	50.722161	78.030933	54.92351	69.628233	54.92351	78.030933	67.527558		
		313.306948	277.59536	363.723339	319.608995	88.53431	817.472474	1178.793313	1204.001813	985.528449	567.489952	107.440392	447.750737		
		172.561381	521.274792	243.98447	2077.90202	806.968989	1962.36171	502.368599	659.920361	2056.894677	731.343942	468.757602	1428.777998		
		250.28651	2109.413047	506.569975	1517.008097	1094.765046	861.587129	6397.14437	1191.397562	1496.000921	2065.297613	1800.605592	1561.123188		
		580.094091	7023.204311	689.330062	2094.707899	2149.327034	8180.799543	4842.522856	1779.598331	2943.409988	2285.875055	1508.605226	4371.941462		
		1901.440531	4346.731833	2995.929016	1052.75095	3361.462535	6798.410339	4199.675842	2514.856175	2224.953598	1876.231783	1813.209951	5840.417872		
		2149.327034	2651.404902	2689.218442	3657.672117	3201.803984	7084.129904	2888.79024	3577.842462	6750.090233	6065.208798	3899.262411	1874.131054		
		
5:00	23.60	80.131608	38.118115	40.21879	36.017441	65.426883	73.829583	61.225534	92.735661	40.21879	54.92351	57.024184	46.520812		
		69.628233	82.232284	122.145126	59.124859	50.722161	50.722161	75.930258	82.232284	69.628233	96.937013	61.225534	63.326208		
		582.194782	844.781543	1012.837582	764.955064	328.011725	2531.662158	3203.904752	2323.6884	2239.658772	2040.088807	481.361724	1214.505357		
		485.563099	1325.843021	712.437693	5084.117199	1989.67122	4096.73683	1445.583722	1643.051288	4115.643984	1956.059516	1569.526066	4579.921245		
		796.465506	4084.132063	1390.965132	3825.734843	2092.607164	2277.472092	11920.528903	2271.169871	2928.704667	4199.675842	3281.633214	3350.958672		
		1189.296854	11622.183682	1264.92239	3605.152597	3850.944286	13842.994852	7899.277361	3384.571039	5712.266355	4531.602655	3199.703216	8489.634867		
		3344.656354	7153.45909	5558.90501	2260.66617	6155.54554	10334.271224	7109.340509	5132.436167	4838.321222	3787.920695	3212.307825	10115.769644		
		3844.641924	4054.72095	4193.373449	5399.241496	5348.821514	9796.422395	4682.86096	5636.636061	9323.707077	8573.671923	5659.745309	3928.67346		
		
6:00	23.60	67.527558	59.124859	69.628233	50.722161	61.225534	82.232284	38.118115	65.426883	69.628233	67.527558	73.829583	59.124859		
		94.836337	86.433635	216.675633	92.735661	124.245803	65.426883	94.836337	145.252572	128.447156	86.433635	101.138364	103.23904		
		1227.109612	1834.217222	1993.872685	1239.713869	601.100996	4302.615003	6027.393452	4636.64311	3922.371091	3735.401078	1105.268574	2058.995411		
		1092.664341	2588.38238	1435.080144	9021.170931	2941.309228	7035.809602	2285.875055	3237.517049	6729.081501	3388.772586	3455.997373	8306.854614		
		1479.195184	5783.695041	2462.337504	6321.513344	3189.199377	4023.209056	17080.839813	3697.586978	3792.122266	6617.735328	5208.065922	5951.762821		
		1859.425956	14914.555938	2077.90202	5579.913393	6220.6721	17553.606999	10128.375486	4983.277721	8033.735577	6991.691095	5298.401568	13170.651089		
		4504.292162	10374.189855	7966.506437	3483.307461	8512.745048	13437.486755	9222.861551	7359.346164	7380.355083	5103.024617	4649.247976	14006.879613		
		5208.065922	5018.991686	5086.218023	6275.294422	7205.981246	11893.215556	6283.69786	7411.868473	10634.712	10468.734071	6901.353284	5729.073098		
		
7:00	23.60	65.426883	111.641745	59.124859	67.527558	54.92351	61.225534	54.92351	48.621486	96.937013	46.520812	105.339716	54.92351		
		185.16545	199.8702	512.872039	149.453926	128.447156	111.641745	241.88379	351.119238	252.387191	258.689232	117.943773	132.64851		
		2058.995411	2983.324446	3298.439379	2176.636617	1237.613159	6231.17639	9126.218057	6447.5651	6166.04982	6323.614204	2080.002755	2886.689481		
		1674.562121	3951.78215	2329.990626	12256.694041	4260.599001	9855.249412	3752.207351	4871.934297	8216.515123	5348.821514	5829.913641	12227.279527		
		2325.789142	7695.489616	3766.912843	8670.314662	4317.32061	6035.796861	21188.76696	5142.940295	5239.578343	9508.590914	6871.940999	8012.726463		
		2361.501765	17217.416676	3124.075609	6808.914714	8428.708064	20783.216731	11985.660773	6355.127123	10323.766325	9008.565287	6558.911005	16400.060619		
		5430.754003	12790.35948	10204.010585	4640.844732	10283.847723	15544.893575	10748.165492	9441.360372	9428.754652	6586.222292	5844.619565	16515.624527		
		6388.740919	5960.16622	6044.20027	7357.245273	8308.955534	13250.491577	7199.678585	8477.029317	11802.871482	11575.961295	7903.479176	7016.901667		
		
8:00	23.70	84.332959	65.426883	48.621486	57.024184	48.621486	94.836337	86.433635	84.332959	147.353249	48.621486	109.541068	42.319464		
		393.132917	351.119238	893.097614	212.474275	296.501493	204.071558	584.295472	815.371777	527.576858	262.890593	214.574954	370.025391		
		2991.727493	4260.599001	5050.504024	3323.648635	1506.504508	8004.32282	12447.888676	7424.473833	8407.698833	8201.808706	3128.277141	3634.563523		
		2491.747955	5302.603229	2905.596312	16015.549342	5651.341945	12750.439485	4588.324482	6021.090897	9899.369706	7258.503441	8550.561723	15500.769757		
		3231.214742	9321.606127	4703.869084	11220.890335	5781.594196	7487.500667	23548.5691	6226.974674	6590.424029	11708.325482	7617.7563	10567.480386		
		2806.860697	18528.567977	4189.171854	8470.726543	10063.245326	22546.221437	12592.860777	7449.68456	11832.285819	10529.662632	8107.267521	19190.456475		
		6182.856671	15687.770887	12279.805453	5699.661301	11561.254179	17145.976438	12172.652606	10798.589324	11674.709157	7916.084624	6672.357957	19148.431624		
		7016.901667	6508.490196	6680.761442	7846.75469	9519.095692	14467.019627	8140.88215	9027.473755	12521.425212	12920.624884	9319.505177	8403.496988		
		
9:00	23.70	73.829583	94.836337	84.332959	57.024184	94.836337	86.433635	126.34648	151.554604	292.300129	111.641745	138.950541	65.426883		
		796.465506	645.215515	1229.210321	361.622655	470.858289	264.991274	1254.418839	1596.835425	815.371777	510.771351	332.213091	561.187883		
		4193.373449	5552.602496	6781.603342	4680.760148	2258.56543	10611.601125	15502.870891	8840.49024	10914.144076	10176.697901	4794.204086	4619.836627		
		3357.260989	6529.498862	3756.40892	19337.543649	6773.199845	15683.568609	6145.041262	7636.664396	11353.253857	8953.940853	11517.132847	18799.626327		
		4216.482225	11231.395367	6476.977209	13624.482428	6939.169098	9164.035061	25687.798848	7214.384794	7176.568834	13284.108651	8733.342606	12443.68659		
		3439.19117	19497.238642	5092.520495	9372.028942	11735.638758	24773.679985	13971.161107	8287.946339	13508.923246	11920.528903	8903.518336	21812.856571		
		6932.866461	16755.157591	14034.193777	6535.801463	12683.20586	19123.216726	12830.279498	12021.378276	13101.316003	8893.013649	7577.839226	20281.010086		
		7691.287813	7201.779472	6909.756797	8487.533942	10647.317934	15431.432385	8787.96687	9401.442268	12615.972299	13372.353547	10214.515467	9384.634651		
		
10:00	23.70	191.467486	109.541068	107.440392	59.124859	113.742421	174.662059	178.863415	141.051218	317.508313	145.252572	214.574954	147.353249		
		1250.217419	1054.851655	1718.67731	533.878924	701.934224	357.421288	2084.204224	2453.93452	1176.692605	523.375481	514.972727	809.069686		
		5063.108962	7428.67562	8775.361267	6502.187598	2470.740488	12681.10481	18194.474231	9573.720563	14311.538191	12832.380552	6000.082382	4997.983469		
		4065.224918	7588.343717	4590.425291	22210.007373	7993.818267	17860.382064	7063.121073	8399.295143	11473.011543	10836.407222	14347.256869	20865.167108		
		5031.596619	12342.836615	7630.361697	15828.547345	8189.203207	10567.480386	27474.042227	8350.973942	8311.056454	14527.951634	9178.741679	14275.819531		
		3729.098726	19316.531177	5976.973022	9880.461005	13105.518127	26662.871993	13840.893767	8703.929558	14179.16913	13172.752154	10212.41449	24059.204505		
		8044.240135	17805.750791	15166.690318	7161.862632	14137.147258	19684.250342	13197.96493	13765.254777	14668.725782	9348.918481	8386.689609	21844.376394		
		8392.992376	7271.108773	7672.379702	8682.920246	11149.456156	16234.069156	9058.987879	9691.374274	12653.791169	14630.905834	11099.032073	10107.365751		
		
11:00	23.80	279.696041	227.179031	120.04445	96.937013	157.856636	285.998085	294.400811	304.90422	447.750737	264.991274	275.494679	145.252572		
		1905.64199	1384.662989	1949.757323	743.948111	989.729853	632.611364	3008.533589	3613.555717	1519.108815	609.503759	651.517592	1254.418839		
		6418.153003	9063.189763	10067.44727	7722.801341	3338.354038	14309.437093	20860.964522	10596.894209	16601.77229	13874.511122	7413.969366	5930.754327		
		5090.419671	8729.140741	5319.409875	24557.23518	9500.187093	20136.02222	7594.646412	8993.858704	11987.761803	12202.067097	17391.815207	22798.383033		
		6006.384935	13361.848196	8867.802408	17385.511638	8811.077148	11485.617627	28659.29215	9008.565287	9006.464346	15652.051532	9157.732226	15857.963357		
		4273.203799	19877.566327	6607.230981	10493.945883	13716.929909	27305.923279	14280.021726	9699.778118	15738.198243	13359.747126	10153.587177	25765.552032		
		8750.150067	19108.508039	16479.904753	7874.066474	14639.310266	21100.512308	13481.609285	14628.804727	15437.73578	10063.245326	8813.178082	22974.896686		
		8672.415592	7737.507659	8340.469338	9128.319001	12292.411681	16937.959686	9882.561972	10330.069264	12494.111632	14876.735858	11624.2847	10754.468469		
		
12:00	23.80	357.421288	334.313773	201.970879	130.547833	239.783109	296.501493	428.844564	538.080301	582.194782	391.032233	304.90422	288.098766		
		2922.402388	2071.599816	2468.639742	916.205311	1411.972277	777.559239	3878.254527	4485.384904	1823.713586	706.135611	884.694816	1655.655619		
		7437.079195	10271.241853	12277.704415	9227.063445	3802.626194	15519.679961	24092.826718	11080.123051	18600.009612	16219.36107	8485.433017	6365.631433		
		5567.308362	9794.321431	5678.652881	25797.073617	10680.933771	21293.832165	8680.819315	10189.303754	12657.993267	13168.550025	18625.224324	23891.093676		
		6455.968558	14240.10089	9731.292542	18877.371937	9422.451793	12252.491967	28650.886052	9735.494466	9754.403128	16278.193431	9796.422395	17040.917396		
		4535.80427	19976.325785	7292.117666	11157.860173	14611.995868	28745.45471	14794.792422	10334.271224	15933.604586	14786.387972	11298.627611	28655.089101		
		9025.372813	19045.470846	18032.680972	8609.387703	15612.129921	21630.041872	14263.21295	15404.117682	16091.190739	10416.209491	10086.356021	22920.26146		
		9382.5337	8002.221909	8872.004281	9327.908977	12828.178443	17946.531466	10388.896725	10628.409033	12828.178443	15088.948788	12229.380564	11531.839955		
		
13:00	23.80	458.254169	514.972727	365.824023	189.366807	367.924707	264.991274	662.021054	746.048806	647.316207	674.62521	430.94525	363.723339		
		3800.525408	2510.65468	2718.628988	1073.757995	1890.936885	1061.153768	4861.430209	5437.056506	2191.341781	979.226343	966.622132	1960.260978		
		8558.965431	12326.028299	13435.385683	10710.347641	4239.591009	16664.807305	25217.078693	11321.73871	20942.914989	16519.826854	9487.581363	6281.597001		
		6298.403879	10683.034761	6166.04982	26658.669063	11180.971226	21659.460297	9067.391648	10376.290836	12437.383463	13870.308952	19982.629585	24107.536442		
		7361.447056	15418.825598	10695.640704	20121.313323	9998.115227	13490.013579	29216.198354	10086.356021	10468.734071	16385.352499	9840.542653	17910.81097		
		4611.433387	20148.629849	7897.176453	11777.659203	15040.623016	28797.992908	14664.523565	10947.76004	16547.141989	14609.894761	11645.294886	29792.022965		
		9577.922477	20037.26254	18877.371937	9029.574696	17110.256346	21741.41169	14353.560167	15788.625634	16295.002686	10912.043079	10498.147852	23250.174809		
		9523.297604	8483.332092	8636.699781	9304.79853	13349.241778	17786.839975	10386.795743	10710.347641	13492.114653	15750.805087	12826.077389	12021.378276		
		
14:00	23.90	693.531449	571.691331	451.95211	340.615822	531.778235	414.139766	840.580147	922.507412	760.753673	750.250197	519.174104	493.965849		
		4607.231767	3002.231303	3067.354958	1225.008903	2191.341781	1351.051573	5374.031501	6418.153003	2426.62483	975.024939	1187.196145	2203.946211		
		9430.855605	12849.188987	14950.27492	11754.547955	4747.986164	17351.892613	26772.14827	11588.567398	21533.381418	17559.910583	10246.03012	6176.554101		
		6815.21734	11414.183181	6901.353284	26959.179212	12071.803017	22560.930838	10176.697901	10743.963507	12246.188856	15381.005249	20791.621894	24643.392742		
		7407.666687	16114.303405	11298.627611	20526.859755	10760.771446	13765.254777	29199.386027	10655.721892	10330.069264	17293.059359	10195.606682	18791.221402		
		4953.866233	19579.187529	8600.983988	12164.248468	15591.118556	28550.012957	14500.637279	11288.122569	17280.45224	14920.859286	12105.419531	30733.527322		
		9964.499715	19768.300706	19738.883067	9796.422395	16813.990398	23058.950961	15030.117417	16234.069156	17448.547351	10804.892306	11178.87022	22928.666877		
		9640.951231	8911.922086	9359.423235	9687.172352	13821.984012	18597.908386	10941.457045	10872.124145	12353.341814	15805.434773	13912.330666	12975.252383		
		
15:00	23.90	758.652978	802.767596	489.764474	319.608995	571.691331	483.462411	1168.289774	1004.434771	1042.24743	1023.341098	609.503759	523.375481		
		5082.016375	3563.137009	3290.036296	1708.173691	2607.28913	1390.965132	6426.556458	6453.867694	2584.18088	1052.75095	1128.376341	2479.143474		
		9424.552746	14326.24588	15261.240943	12752.540537	5029.495797	18114.628161	27410.997575	11443.597356	23119.890373	17801.548387	11092.729065	6470.674613		
		7336.236361	12382.756379	6903.454162	27511.869045	12445.787633	22449.55973	10390.997706	11164.163186	11813.376601	16131.112621	20919.800745	25097.297725		
		7724.902244	16736.247056	12405.867833	21136.234416	11634.789792	14151.854911	29010.247624	10863.720161	10712.448632	17536.797445	10006.519107	19184.152746		
		5214.368405	19621.212635	9037.978461	11985.660773	16292.901529	28869.444919	13939.644793	11647.395905	17297.261733	15477.657292	12668.498513	31237.909813		
		10813.296282	19862.857484	19976.325785	9594.73014	18125.134218	22665.998083	14712.849081	16330.722366	17488.469999	11082.224053	11601.173502	22998.011601		
		10378.391818	8850.994919	9580.023435	9846.845549	13758.951532	18528.567977	10918.346071	10680.933771	12582.355542	15910.491979	13515.226469	12784.056321		
		
16:00	24.00	855.285034	884.694816	535.979612	409.938396	685.128676	464.556229	1342.648721	1279.627365	1140.980581	1115.772104	741.847416	683.027983		
		5787.89673	3718.594809	3544.230002	1769.094703	2813.162966	1706.072967	6939.169098	6808.914714	2850.976593	1170.390482	1189.296854	2724.931249		
		10189.303754	14784.28686	16225.664535	12981.555558	5670.249515	18110.425739	27850.20982	11767.15409	23517.048517	18749.196788	10811.195288	6359.328847		
		7598.84821	12395.362626	7449.68456	28009.92404	12729.42897	22159.575402	10884.730122	11779.760226	11536.041986	16324.418891	21327.453064	24485.787526		
		7890.873731	16830.79978	12752.540537	21153.044826	11668.406098	14143.450537	29090.105999	11309.132655	10773.377403	17574.618948	10147.284253	19429.998601		
		4945.462953	18448.72153	8844.692111	11811.275577	16433.679191	28310.439932	14137.147258	11548.648081	17839.370031	15061.634217	12569.749263	31345.091556		
		10409.906544	19961.616921	20993.346093	10052.740468	18190.271804	22197.399377	14597.28812	16921.150278	17980.150773	10981.376019	11981.458715	22642.883276		
		10479.238991	8968.647427	9668.263708	9575.82152	13998.475257	18644.135364	11233.496374	11145.254147	12475.202237	16011.347044	13351.342847	13462.699626		
		
17:00	24.00	890.996914	1012.837582	704.034918	462.455542	872.090622	510.771351	1422.475852	1428.777998	1220.807484	1229.210321	739.746721	737.646027		
		6638.744026	4069.426505	3413.981874	1846.821588	3071.556486	1968.663903	7016.901667	6617.735328	2607.28913	1073.757995	1117.87281	2779.55087		
		10227.121326	15458.7471	17080.839813	13786.2656	5575.711716	18047.389435	28306.236904	11470.910529	23481.325206	19114.811762	11256.607451	6216.470385		
		7548.426659	12700.01426	7344.639925	27547.594392	13120.225565	21760.323563	11151.55716	11670.507118	11113.739093	16963.173805	20329.339441	24065.508669		
		7682.884207	17213.214307	12779.854216	22050.306253	11214.587316	14553.164894	28787.485265	11601.173502	11286.021561	17814.155599	9687.172352	19020.255984		
		5306.80489	18114.628161	9813.230109	11741.941823	17005.197357	28526.896226	13666.503995	11638.99183	17335.083107	15395.71316	12794.561586	31595.182921		
		10823.801254	19419.492351	20991.244796	10046.437553	18370.976391	21781.336762	14801.09576	16162.629911	17543.101027	11090.628062	12187.35985	22207.906041		
		10401.502615	8462.322845	10662.024861	9930.884219	13903.926321	18665.147636	11498.223713	10815.397276	12634.881731	16028.156236	14305.234897	13605.57273		
		
18:00	24.10	861.587129	1038.046023	674.62521	571.691331	912.003911	601.100996	1571.626786	1517.008097	1260.72097	1462.389451	851.083637	748.149501		
		6976.984932	4203.877437	3748.005782	2075.801286	3056.851138	2086.304959	6825.721718	6657.65186	2754.341809	1130.477048	1010.736879	2777.450115		
		10351.079066	15893.682816	17812.054397	13727.435312	5794.199265	18013.770096	27722.018404	11443.597356	24323.97987	19058.07828	11567.557228	5918.149233		
		7750.113077	12727.327919	7462.289926	27078.963334	13330.332154	21333.756984	10727.155572	11538.143002	10445.623251	17072.435092	20514.252059	23662.043316		
		8132.478491	17251.035636	13052.991588	21340.060905	11500.324728	14418.694279	27043.238224	11325.940729	11008.689014	17505.279542	9827.936862	19211.46891		
		5422.350667	17047.220934	9678.76851	11979.357687	16479.904753	27759.845355	13506.822171	11615.880627	17517.886701	14876.735858	12931.130169	31525.829764		
		10758.670454	19791.414573	21184.564355	10122.072565	18209.182728	21150.943524	14366.166765	17078.738633	17986.454395	10989.780016	12431.080336	21445.126336		
		10157.789126	8911.922086	10117.870618	9853.148446	14090.923227	18413.00078	11046.507025	10407.805562	11859.599143	16124.809164	14555.265999	13866.106782		
		
19:00	24.20	874.191321	1048.549542	756.552282	617.906524	951.917222	540.18099	1834.217222	1481.295901	1281.728076	1603.137587	869.989924	834.278054		
		7061.02019	4058.922537	3546.330781	1907.742719	3254.323204	2189.241043	6970.682291	6584.121423	2594.684629	1147.282702	1033.844615	2813.162966		
		10542.268548	16297.103843	18249.105805	14166.562566	5806.804337	17896.102535	27827.093318	10832.205233	23760.808059	18744.994328	10930.952056	6010.586638		
		7569.435634	12492.010588	7462.289926	25881.131247	13483.710358	20236.883313	10939.356047	11401.577109	9830.037827	16641.694459	20163.338752	23109.383574		
		7928.690074	17398.118776	13210.571322	21579.610314	11363.758909	14643.512482	26576.711971	11138.951135	10693.539713	16996.792645	9304.79853	19030.762175		
		5271.090779	16639.593292	9670.364668	11508.728787	17339.285483	27024.324938	13290.411854	11059.113032	17444.344969	14284.22392	12931.130169	31477.492756		
		10802.791312	18591.60471	21300.136083	10313.261428	18154.551185	20701.266449	14590.9848	16614.379288	17933.92423	10941.457045	12552.940893	20991.244796		
		10510.753763	8021.130108	9626.244517	9630.446435	13824.085096	17967.543531	11519.233862	10979.27502	11557.052146	15593.219692	14288.426115	13660.200758		
		
20:00	24.20	895.198313	1073.757995	912.003911	643.114823	1006.535474	632.611364	1928.750018	1432.979428	1321.641596	1498.101638	1031.743912	790.163416		
		6951.774373	3911.867145	3495.91212	1993.872685	3281.633214	2147.226297	6657.65186	6252.184973	2342.59508	1012.837582	857.385732	2685.016937		
		10519.157704	16259.283024	18024.276138	13710.626668	5661.84615	17822.560409	26845.699705	10603.197173	23309.01302	17900.304945	11002.386014	5493.779059		
		7771.122112	12372.251176	7220.687456	25177.151681	12597.062871	19642.225198	10657.822881	11399.476098	9924.581315	16238.271466	19150.532866	22277.250058		
		7865.662847	17456.952118	13206.369191	21323.250451	11103.234078	14156.057098	26053.449702	11124.24411	10643.115956	16738.348227	9298.495682	17971.745945		
		5140.839469	15534.387901	9105.20862	11523.435893	16225.664535	26963.382161	13086.608569	11405.779133	16402.16178	14435.503092	13363.949266	30063.124497		
		10878.427133	18543.276543	21226.590416	9731.292542	18402.49468	19539.2637	14183.371319	15935.705732	17973.847152	10611.601125	12775.652111	20524.758473		
		10281.746744	8229.120627	9966.600684	9432.956558	13824.085096	17152.279985	11372.162952	10010.721048	11302.829629	15366.29734	14280.021726	13401.768537		
		
21:00	24.20	951.917222	977.125641	930.910213	678.826596	1002.334068	540.18099	1804.807045	1483.396618	1246.015999	1496.000921	1044.348134	884.694816		
		7130.349353	4090.434446	3477.005132	2042.18954	3109.370251	2019.081475	6140.839551	5943.359422	2537.964402	920.406711	895.198313	2643.001896		
		10285.948701	15942.009172	18083.11	13523.630767	5779.493351	17049.322113	25815.986575	10306.95849	22487.38386	17486.368807	11094.830067	5340.418187		
		7252.200775	11886.912477	7145.055548	24983.821206	12197.865026	19032.863414	10687.236742	11092.729065	8943.436159	15988.234412	18249.105805	21319.047838		
		8031.634665	16967.376159	13086.608569	19951.110591	10641.014967	13260.996911	24677.015233	10960.36603	10645.216945	16353.835109	9025.372813	17725.90516		
		5191.259302	15378.904119	9659.859868	11525.536908	16389.554819	25744.537649	12769.348953	10725.05458	16685.818989	14191.775697	12931.130169	29241.416852		
		10573.783347	18064.199111	20604.607265	9788.01854	17482.166422	18921.497862	13819.882929	15420.926729	17143.875256	10334.271224	12603.366013	19581.288783		
		10147.284253	7974.910076	9781.715649	9092.60296	12968.949208	17106.053984	10632.611011	9792.220468	10260.736963	15271.746575	13889.21872	13174.853218		
		
22:00	24.30	848.982939	1117.87281	903.601111	651.517592	941.413717	573.792021	1657.756341	1519.108815	1218.706775	1521.209533	983.427747	876.29202		
		6987.489333	4115.643984	3487.509014	2174.535879	3166.090936	2151.427771	5609.325141	5315.208213	2187.140306	813.27108	634.712056	2418.22185		
		10401.502615	15891.581671	18005.365264	12704.216361	5689.15709	16129.011468	25078.38496	9966.600684	21617.433979	16582.861796	9897.268739	4989.580184		
		7245.89811	11449.900395	7451.785454	24191.592064	11943.640205	17423.333059	10033.831726	11363.758909	8130.377577	15614.231058	17188.000098	19182.051503		
		7397.162223	16782.472817	13034.082044	19617.010124	10554.874466	13212.672387	22197.399377	10361.583969	10174.596926	15664.658361	8235.423379	17013.60207		
		4733.280467	13805.175345	8951.839914	11214.587316	15444.039175	24903.967469	12147.440196	10323.766325	15557.500385	13090.810692	12760.944745	27694.698952		
		10365.785931	17217.416676	19740.984327	9208.154924	17311.970043	18209.182728	13296.715058	15189.802681	16887.531475	10267.039897	12752.540537	18270.11796		
		9998.115227	7502.206936	9640.951231	8697.626764	12130.631927	16496.714056	10779.680383	9806.927216	9535.90334	14918.75817	13805.175345	13229.480913		
		
23:00	24.30	823.774566	882.594117	777.559239	678.826596	861.587129	599.000305	1811.109225	1483.396618	1128.376341	1638.849845	991.830556	844.781543		
		6535.801463	3962.286102	3441.291945	1914.044908	2876.185689	1916.145638	5025.294152	4762.691863	1691.367904	844.781543	706.135611	2336.292853		
		9691.374274	14630.905834	17641.857224	12103.318498	5357.224842	15490.264091	23676.752949	9613.638764	20785.318022	16416.869903	9722.888694	4741.683722		
		7019.002548	10655.721892	6892.949773	22901.349277	11031.800018	15782.322208	9519.095692	10657.822881	7239.595446	14788.489085	15483.960691	17879.2929		
		7197.577698	15677.265193	12397.463667	18354.166643	9958.196808	12399.564708	21001.75128	9718.68677	9323.707077	14916.657054	7269.007884	16055.47118		
		4785.800825	12765.146849	9117.814282	10556.975453	15950.413759	23683.057079	11424.688242	9836.340723	14809.500211	12410.069916	12336.533496	27013.817559		
		9752.302165	16009.245896	18488.644742	8930.830528	16971.578514	16647.997962	13181.156412	14263.21295	16177.337985	9966.600684	12605.467061	16753.05642		
		9514.89378	6909.756797	9752.302165	8201.808706	11886.912477	15570.107197	10430.916369	8693.424902	8970.748366	14532.153843	13706.424507	12359.644934		
		
24:00	24.30	691.430756	779.659935	815.371777	592.698233	691.430756	489.764474	1605.238307	1309.037324	1077.959405	1359.454425	945.615119	764.955064		
		6315.210762	3716.494025	3119.874078	1752.288901	2489.647208	1830.015768	4533.703463	4170.26468	1682.965012	607.403068	596.899614	2054.793943		
		9075.795417	14397.683269	16795.079847	12029.782397	4922.353939	14521.64832	22399.127587	8548.460796	19980.528318	15534.387901	8926.628651	4521.098618		
		6710.173648	9909.874542	6439.161643	21686.777418	11002.386014	14280.021726	9134.621834	9987.610378	6663.954473	14576.277056	14225.393219	16769.865788		
		6758.493727	15244.431934	11931.034039	17797.345983	9325.808027	11422.58723	19396.378605	9752.302165	8987.555884	14567.872633	7050.515777	14536.356053		
		4708.070709	12113.823662	8290.047258	9943.490028	15238.128556	22170.08206	10899.437097	9550.610035	13714.828829	11945.741233	11830.184794	25303.237059		
		9512.792825	14922.960403	17131.268163	8407.698833	16028.156236	16011.347044	12422.676167	13838.792683	15610.028784	9344.716579	12225.178491	16248.777244		
		8846.793047	6302.605599	8964.445548	8075.753821	11155.759168	14985.993921	9838.441688	8168.194048	8294.249097	14013.18288	13059.294771	11481.415599		
		
25:00	24.40	615.805833	838.479449	790.163416	626.309289	754.451587	409.938396	1584.231104	1235.51245	947.71582	1327.943733	939.313016	777.559239		
		5792.09842	3157.687869	2819.465236	1827.91504	2519.05767	1750.188176	3769.013628	3527.423779	1386.763703	651.517592	433.045935	1724.979482		
		8586.277491	13647.594287	16072.280382	10991.881016	4821.514691	13074.002199	20770.608989	7991.717357	18347.862988	14244.303082	8119.873005	3878.254527		
		6048.401975	9554.811949	6016.889193	19722.072993	9699.778118	12916.42277	8735.443538	9769.109869	5716.468041	14187.573508	12859.694262	15072.13982		
		6145.041262	14187.573508	10996.083015	16700.527172	8798.471541	11248.203422	17211.113122	8819.480887	8235.423379	13275.704381	6703.871031	13914.431752		
		4640.844732	10094.759912	7924.488257	9605.23493	14292.62831	20491.137955	10208.212538	8685.021177	13647.594287	10590.591246	11298.627611	23498.136174		
		9155.631281	14630.905834	16204.652987	7937.093708	15605.826511	15109.960004	11708.325482	13088.709631	14525.850529	8907.720211	11851.195042	14666.624674		
		8495.937643	6039.998565	8416.102525	7384.556868	10193.505706	14019.486149	9002.262465	7571.536532	7388.758653	13342.938569	12496.212677	10672.52981		
		
26:00	24.40	573.792021	659.920361	739.746721	540.18099	594.798924	491.865161	1472.893034	1098.966457	792.264113	1241.814579	836.378752	722.941164		
		5470.669865	2909.79783	2615.692132	1449.785154	2111.513782	1678.763566	3035.843504	3208.106288	1191.397562	575.892711	403.636341	1573.727505		
		7848.855596	12655.892218	15257.03869	9783.816613	4403.453511	11775.55818	19165.241562	7409.76758	16549.243154	13103.417065	7718.599537	3668.176025		
		5775.291662	8260.634395	5603.022623	18423.506881	8754.351933	11592.769432	7642.967096	8783.765002	5000.08429	12744.13633	11559.153162	12742.035278		
		5594.619266	13418.577108	10357.382008	15292.757846	8617.791418	9985.509408	16009.245896	8189.203207	7567.334736	12353.341814	5922.350931	12771.450006		
		4071.527299	9472.87468	7151.358204	8893.013649	13080.305384	19249.291308	9672.465628	7779.525728	12267.199227	9233.366287	10838.508217	21665.764247		
		8315.258294	13349.241778	14382.975565	7577.839226	14462.817421	13454.295334	11292.324586	12052.893735	14002.677435	8355.175784	10708.246649	13847.19702		
		7550.527556	5378.233166	7880.369195	7027.406075	9554.811949	13502.620023	8390.891453	7203.880359	6573.617081	12571.850309	12094.914369	10195.606682		
		
27:00	24.50	527.576858	502.368599	710.336999	451.95211	567.489952	346.917872	1439.281575	1000.233366	754.451587	1063.254472	771.257152	609.503759		
		4525.300233	2514.856175	2382.509199	1313.238748	1907.742719	1500.202356	2508.553932	2537.964402	909.903211	475.059663	332.213091	1374.15942		
		7453.886348	11407.880145	13742.14288	8968.647427	3934.975829	11014.992014	17303.565294	6537.90233	15101.555517	12437.383463	6691.2658	3233.315511		
		5088.318847	7460.189032	5124.032866	17225.821414	7825.745633	9880.461005	7395.06133	8197.606872	4035.813812	11702.02242	9609.436847	10993.982015		
		5140.839469	12945.83757	9590.528224	14446.008602	7804.736581	9355.221333	13611.875962	7630.361697	6554.70927	11428.890267	5025.294152	11378.465985		
		3901.3632	7977.010986	6783.704216	7882.470102	12088.611272	17085.042175	9124.117113	7155.559975	11244.001408	8609.387703	10111.567697	20041.465077		
		7773.223016	11846.992992	13258.895844	7155.559975	13439.587827	13002.566148	10256.535008	11145.254147	12550.839848	7697.590517	10426.714404	12410.069916		
		6720.67801	4684.961772	7226.990119	6619.836197	8947.638036	12307.118949	8054.744696	6659.752731	6229.075532	11762.952045	11021.295015	9485.480408		
		
28:00	24.50	441.448679	422.542507	643.114823	433.045935	424.643193	315.407631	1258.620259	830.076659	565.389262	1027.542505	670.423825	575.892711		
		3930.774249	2080.002755	2216.550642	1191.397562	1605.238307	1252.318129	2199.744734	2166.13293	779.659935	380.528811	315.407631	987.629151		
		6695.467543	10214.515467	12964.747091	8046.341047	3527.423779	9741.797353	15164.589195	5970.670471	14420.795381	10563.278413	5890.838204	3004.332065		
		4609.332577	6575.71795	4861.430209	14967.08386	7092.533438	8754.351933	6447.5651	7237.494558	3886.65768	11212.48631	8329.964735	9636.749312		
		4424.461551	11767.15409	8445.515452	13469.002845	7124.046699	8554.763577	12441.585548	7115.643162	5964.367921	10449.825217	4567.316392	9960.297777		
		3596.749477	7464.390821	5987.477276	7321.530126	11422.58723	15755.007369	8506.44227	6443.363371	10027.528813	7939.194617	9338.413728	17828.864017		
		7121.945815	10823.801254	12267.199227	6420.253867	12695.81216	11994.06489	9622.042599	10035.932697	11878.508373	7002.195499	9445.562279	10756.569461		
		6178.654958	4365.639054	6575.71795	5947.561122	7684.985108	11405.779133	7224.889231	5645.039423	5264.788291	10491.844898	10351.079066	8811.077148		
		
29:00	24.50	361.622655	430.94525	638.913439	437.247307	359.521972	304.90422	1048.549542	823.774566	580.094091	884.694816	573.792021	430.94525		
		3592.547918	1895.138343	1788.001235	1019.139692	1388.864417	1227.109612	1727.080206	1724.979482	670.423825	416.240451	222.977671	916.205311		
		6166.04982	8724.938877	12067.600954	7235.39367	3092.564131	8552.66265	14364.065665	5298.401568	12296.613757	9710.282924	5056.806493	2575.777882		
		3871.952162	5762.686596	4575.719627	13456.396407	6378.236606	7275.310551	5754.28322	6588.32316	2911.89859	9836.340723	7145.055548	7621.958099		
		3842.541137	10928.851058	7773.223016	11914.225822	6321.513344	7504.307832	10769.175417	6130.335275	5187.057648	8964.445548	4004.301927	8850.994919		
		3338.354038	5943.359422	5311.006551	6504.288464	10281.746744	14114.035239	7355.144381	6084.116479	9397.240363	6964.379651	8855.19679	16269.788805		
		6544.204932	9758.605054	10296.453595	5750.081533	11878.508373	10710.347641	8664.011871	8939.234281	10668.32783	6653.450119	8842.591175	9695.576196		
		5613.526821	4138.752735	6235.378106	5380.333999	7046.314013	10258.635985	6712.27452	4976.975258	4708.070709	9804.826252	9622.042599	7941.295526		
		
30:00	24.50	336.414456	328.011725	670.423825	372.126074	325.911043	264.991274	943.514418	628.409981	433.045935	641.014131	586.396162	498.167224		
		2970.719878	1695.56935	1714.475862	951.917222	1204.001813	1000.233366	1372.058706	1420.375137	517.073416	342.716505	233.48107	781.760631		
		5546.299982	7819.442916	10582.187296	6416.05214	2634.59889	7348.841707	12588.658683	4825.716323	11376.364974	8136.680321	4504.292162	2227.054337		
		3294.237838	5218.570061	3850.944286	12025.580337	5231.17503	6264.790126	4991.681005	6199.663526	2474.941981	8687.122108	5989.578127	6756.392853		
		3390.87336	9685.071391	7086.230787	11267.112489	5552.602496	6758.493727	9258.577658	5598.820944	4680.760148	8119.873005	3441.291945	7615.655401		
		3027.440452	5268.98995	4865.631844	5920.250082	8905.619273	12578.153449	7021.10343	5195.460957	8460.221921	6258.48755	7840.451972	14559.46821		
		5848.821258	9069.49259	9185.044516	5979.073873	10836.407222	9863.653275	7693.388714	8193.40504	9893.066805	5787.89673	8088.3593	8460.221921		
		4937.059674	3231.214742	5163.948555	4850.926123	6012.68749	9804.826252	6090.41904	4663.953654	3987.495594	9216.55871	8945.537097	7193.375925		
		
31:00	24.60	294.400811	256.588552	506.569975	285.998085	258.689232	204.071558	840.580147	561.187883	420.441822	577.993401	418.341136	397.334286		
		2582.080131	1357.353712	1456.087302	762.854369	960.320027	846.882241	1096.865752	1065.355177	420.441822	248.18583	183.064772	575.892711		
		4876.135932	6785.805091	9235.467234	5413.947331	2527.460662	6573.617081	10718.751606	3733.300294	9424.552746	7218.586569	3701.788544	1825.814313		
		2979.122923	4376.143067	3439.19117	10596.894209	4808.909795	5203.864266	4210.179831	5210.166749	2012.779276	7584.14192	5000.08429	5464.367359		
		2813.162966	8643.00257	6413.951276	9393.038459	5298.401568	6094.620748	7619.8572	4724.877214	4046.317777	7195.476811	2821.565993	6596.726636		
		2647.203399	4441.267988	4239.591009	5241.679172	8140.88215	11096.93107	6153.444684	4991.681005	7094.634321	4991.681005	6863.537491	12492.010588		
		5342.519019	7409.76758	7907.680992	4684.961772	10010.721048	8926.628651	7067.322838	7369.850623	8876.206154	4993.781826	7247.998999	7483.298876		
		4411.856726	2932.906187	4441.267988	4590.425291	5531.59412	8829.985563	5395.03983	4380.344673	3212.307825	8363.57947	8084.157473	6527.397995		
		
32:00	24.60	246.08515	216.675633	580.094091	277.59536	178.863415	128.447156	662.021054	430.94525	323.81036	525.476169	487.663786	334.313773		
		2016.980742	1197.699687	1254.418839	657.819669	861.587129	895.198313	830.076659	857.385732	437.247307	283.897404	172.561381	569.590641		
		4327.824617	5764.787441	8195.505956	4571.51801	2153.528507	5565.207524	9661.960828	3573.640904	8537.956162	6109.326728	3208.106288	1605.238307		
		2468.639742	3745.904998	2991.727493	9481.278498	3821.53327	4260.599001	3544.230002	4523.199425	1783.799783	6943.370856	4346.731833	4327.824617		
		2600.98688	7472.7944	5729.073098	8502.240419	4558.913158	5277.393268	6344.622815	3991.697177	3519.020668	5922.350931	2369.904738	6067.309652		
		2588.38238	3779.517553	3615.656498	4737.482094	6703.871031	9544.307165	5699.661301	4212.280629	6008.485787	4203.877437	5884.535661	10729.256564		
		4546.308309	6579.919686	7119.84493	4197.575044	8897.215523	8090.460213	6050.502828	7027.406075	8035.836488	4548.409117	6535.801463	6147.142117		
		4124.047165	2739.636527	4277.405399	3800.525408	4726.978027	8187.102291	4964.370334	3976.991638	2592.583879	7529.518587	7281.613219	5827.812794		
		
33:00	24.60	206.172237	147.353249	462.455542	258.689232	180.964093	153.655281	710.336999	523.375481	277.59536	388.931548	599.000305	279.696041		
		1750.188176	945.615119	1136.779167	470.858289	729.243248	758.652978	683.027983	743.948111	294.400811	206.172237	145.252572	412.039081		
		3808.928552	4960.168694	7231.191894	3897.161622	1672.461398	4647.147165	8071.551996	2941.309228	7111.441393	5308.905721	2489.647208	1296.433055		
		1945.555862	3197.602448	2626.195886	8111.469349	3439.19117	3531.625334	3113.571782	4069.426505	1460.288735	6082.015625	3647.16821	3617.757278		
		2128.319669	6741.686739	4676.558524	7596.747311	3850.944286	4302.615003	5325.712368	3636.664304	3168.191703	5470.669865	2056.894677	4813.111427		
		2117.815989	3399.276455	3401.377229	3911.867145	6132.43613	8285.84542	5130.335341	3588.346359	5424.451501	3819.432483	5441.258175	9420.35084		
		4107.240804	5657.644468	6205.966097	3974.890847	8065.249258	7617.7563	5491.678223	6212.26867	7155.559975	4050.519363	6023.191748	5487.476551		
		3422.384971	2342.59508	3674.478371	3256.423974	3901.3632	7500.10604	4388.747886	3214.408593	2414.020361	6552.608402	6766.897222	5418.148999		
		
34:00	24.60	197.769522	138.950541	349.018555	241.88379	166.259347	113.742421	584.295472	403.636341	250.28651	388.931548	370.025391	273.393998		
		1416.173707	762.854369	962.420729	403.636341	603.201687	569.590641	573.792021	617.906524	214.574954	220.876992	138.950541	380.528811		
		3327.850178	3985.394803	6283.69786	3229.113974	1451.88587	3960.185311	6531.599729	2653.505654	6033.696009	4344.63103	2264.86765	1195.598979		
		1819.512132	2657.707157	2485.445714	6815.21734	2865.681898	2966.518356	2647.203399	3519.020668	1206.102522	5224.872545	3103.067955	2727.032003		
		1884.634698	5726.972255	3983.294011	6462.271153	3346.757127	4147.155919	4258.498201	3132.478673	2390.912174	4466.477651	1577.928945	4208.079033		
		1798.504866	2685.016937	2638.800393	3613.555717	5491.678223	7300.521225	4426.562356	3000.13054	4605.130957	3105.16872	4962.269514	8132.478491		
		3527.423779	4916.051482	5094.62132	3489.60979	7399.263116	6785.805091	4890.841658	5504.283241	6184.957528	3474.904356	5674.451198	4378.24387		
		2970.719878	2115.715254	3407.679551	3086.261837	3479.105908	6397.14437	3834.13799	2834.170534	1874.131054	5947.561122	5823.611102	4720.675587		
		
35:00	24.70	143.151895	101.138364	384.730179	197.769522	185.16545	132.64851	517.073416	439.347993	170.460703	323.81036	325.911043	256.588552		
		1130.477048	725.041859	788.06272	357.421288	506.569975	523.375481	388.931548	496.066536	195.668843	220.876992	143.151895	323.81036		
		3002.231303	3409.780325	5201.763439	2836.271291	1157.786237	3241.718588	6056.805386	2185.039568	5061.008139	3907.665567	1819.512132	895.198313		
		1317.440172	2220.75212	2117.815989	5970.670471	2296.37876	2308.983208	2237.558033	2897.193275	880.493418	4716.473961	2519.05767	2193.442519		
		1502.303073	4825.716323	3672.377589	5853.022952	2899.294034	3458.098148	3787.920695	2645.102647	1985.469757	3720.695592	1439.281575	3453.896597		
		1880.43324	2258.56543	2521.158418	3048.448084	4714.373148	6119.831001	4098.837625	2748.039545	3775.315983	2846.775078	4002.201135	7054.717542		
		3203.904752	4254.296603	4197.575044	3130.377907	6840.42785	6306.80732	4266.9014	4598.828528	5651.341945	2987.525969	4808.909795	3779.517553		
		2561.072637	1720.778034	3044.246557	2426.62483	3161.889403	5626.13186	3432.888845	2714.42748	1752.288901	5170.251034	5567.308362	4218.583023		
		
36:00	24.70	138.950541	94.836337	328.011725	208.272916	130.547833	126.34648	309.105584	229.27971	187.266129	264.991274	281.796722	199.8702		
		846.882241	584.295472	641.014131	290.199448	418.341136	426.743878	363.723339	376.327442	149.453926	189.366807	120.04445	275.494679		
		2552.669642	3073.65725	4710.171522	2409.818872	1031.743912	2682.916184	5094.62132	1785.900509	4273.203799	3235.41628	1496.000921	827.975961		
		1214.505357	1926.649288	1745.986727	5054.70567	2046.391008	1878.332511	1874.131054	2590.483129	762.854369	3733.300294	2021.182208	1771.195429		
		1382.562275	4260.599001	3187.098609	4962.269514	2687.117689	3042.145794	2869.883414	2376.206968	1645.15201	3048.448084	1086.362225	2861.480382		
		1422.475852	1937.15294	2168.233667	2785.853137	4189.171854	5113.528741	3506.416005	2483.344967	3451.795822	2466.538996	3502.214451	5735.375628		
		2836.271291	3434.98962	3491.710567	2556.87114	5905.544142	5210.166749	3745.904998	4428.66316	4655.550409	2514.856175	3974.890847	2827.868263		
		2275.371352	1750.188176	2466.538996	2292.177278	2672.412422	4991.681005	2832.069777	2283.774314	1365.756565	4571.51801	4531.602655	3777.416768		
		
37:00	24.70	105.339716	109.541068	254.487871	185.16545	124.245803	107.440392	325.911043	344.817188	225.078351	183.064772	250.28651	145.252572		
		672.524517	483.462411	548.583746	233.48107	336.414456	357.421288	216.675633	319.608995	130.547833	180.964093	92.735661	216.675633		
		2159.830718	2407.718127	3949.681359	1995.973417	962.420729	2264.86765	4273.203799	1479.195184	3498.012897	2508.553932	1237.613159	647.316207		
		865.788526	1531.713125	1477.094467	4136.651939	1510.705944	1554.821031	1552.720312	2107.312311	708.236305	3506.416005	1806.907771	1567.425347		
		1172.49119	3550.532337	2689.218442	4313.119008	2359.401022	2178.737355	2399.31515	2069.499082	1338.447295	2603.08763	905.701811	2407.718127		
		1262.82168	1521.209533	1756.490351	2474.941981	3561.03623	4382.445476	3107.269486	2166.13293	2859.379624	1884.634698	3115.672547	4968.571975		
		2617.792883	3151.385569	3069.455722	2443.430792	5195.460957	4785.800825	3327.850178	3666.075244	4386.647083	2332.091368	3714.393242	2823.666749		
		2008.577811	1479.195184	2439.229301	2084.204224	2203.946211	4495.888936	2418.22185	2082.10349	1233.41174	3997.999552	4153.458308	3477.005132		
		
38:00	24.80	117.943773	122.145126	159.957314	193.568164	86.433635	117.943773	254.487871	229.27971	132.64851	155.755959	193.568164	199.8702		
		550.684436	416.240451	563.288572	231.38039	361.622655	264.991274	189.366807	229.27971	96.937013	132.64851	168.360025	214.574954		
		2037.988073	2016.980742	3277.431674	1659.857064	722.941164	1750.188176	3355.160217	1168.289774	3182.897074	1998.074149	1035.945319	590.597543		
		792.264113	1292.231632	1246.015999	3399.276455	1317.440172	1250.217419	1332.145158	1624.144795	542.281679	2859.379624	1420.375137	1124.174928		
		907.802511	3000.13054	1979.167561	3850.944286	2101.010105	2340.494337	2090.506429	1788.001235	1092.664341	2185.039568	649.4169	1909.843449		
		1130.477048	1138.879874	1483.396618	1962.36171	2916.100109	3796.323837	2861.480382	1800.605592	2380.408455	1651.454175	2661.908661	3966.487683		
		2151.427771	2586.28163	2594.684629	2170.334405	4682.86096	4241.691808	2710.225973	3233.315511	3787.920695	1851.023043	3048.448084	2069.499082		
		1779.598331	1222.908193	1911.944179	1619.943353	1983.369025	4290.0102	2306.882466	1853.123771	1075.8587	3498.012897	3529.524557	2949.712269		
		
39:00	24.80	138.950541	54.92351	168.360025	128.447156	90.634986	94.836337	233.48107	204.071558	141.051218	132.64851	155.755959	147.353249		
		412.039081	401.535656	393.132917	239.783109	227.179031	290.199448	183.064772	159.957314	105.339716	136.849864	78.030933	132.64851		
		1806.907771	1561.123188	2775.34936	1399.367989	653.618284	1474.99375	2951.81303	1073.757995	2447.632283	1701.87152	884.694816	401.535656		
		678.826596	1136.779167	1090.563636	2691.319195	1069.556586	901.500412	1082.160815	1538.01528	460.354855	2498.050196	1304.835901	1002.334068		
		832.177356	2664.009413	1798.504866	3308.943235	1653.554897	1943.455131	1605.238307	1386.763703	819.573172	1911.944179	626.309289	1540.115999		
		1004.434771	993.931258	1336.346583	1920.347098	2500.150943	3168.191703	2491.747955	1521.209533	2075.801286	1449.785154	2264.86765	3384.571039		
		1895.138343	2216.550642	2161.931455	2040.088807	4250.095004	4109.341599	2519.05767	2762.744828	3042.145794	1643.051288	2792.155404	1748.087452		
		1514.907379	1180.894021	1687.166458	1615.741911	1628.346237	3836.238776	1846.821588	1655.655619	815.371777	3063.15343	3092.564131	2764.845583		
		
40:00	24.80	90.634986	42.319464	187.266129	111.641745	78.030933	84.332959	187.266129	195.668843	103.23904	134.749187	210.373595	132.64851		
		344.817188	323.81036	342.716505	172.561381	273.393998	283.897404	170.460703	168.360025	92.735661	136.849864	94.836337	151.554604		
		1445.583722	1498.101638	2233.356554	1197.699687	475.059663	1294.332343	2212.349165	830.076659	1947.656593	1441.382291	779.659935	391.032233		
		508.670663	1017.038989	964.52143	2435.02781	853.184336	731.343942	935.111615	1117.87281	338.515139	2111.513782	970.823535	813.27108		
		704.034918	2195.543258	1512.806661	2773.248604	1472.893034	1592.633985	1260.72097	1233.41174	649.4169	1458.188019	498.167224	1225.008903		
		951.917222	851.083637	1216.606066	1664.058508	2216.550642	2670.31167	2126.218933	1445.583722	1741.785277	1124.174928	1924.548558	2724.931249		
		1632.54768	1785.900509	2042.18954	1649.353453	3913.967934	3624.059619	2029.58514	2313.184691	2645.102647	1435.080144	2630.397388	1559.022469		
		1359.454425	1044.348134	1403.569418	1550.619593	1437.18086	3290.036296	1697.670074	1430.878713	666.222439	2790.054649	2928.704667	2298.479501		
		
41:00	24.80	80.131608	59.124859	166.259347	134.749187	145.252572	157.856636	141.051218	168.360025	155.755959	103.23904	155.755959	103.23904		
		313.306948	285.998085	357.421288	195.668843	162.057992	277.59536	145.252572	199.8702	92.735661	128.447156	88.53431	132.64851		
		1248.116709	1155.68553	1924.548558	1054.851655	433.045935	1046.448838	1890.936885	712.437693	1414.072992	1136.779167	615.805833	330.112408		
		493.965849	794.364809	773.357847	2054.793943	796.465506	493.965849	796.465506	1065.355177	281.796722	1813.209951	876.29202	722.941164		
		636.812748	1806.907771	1321.641596	2598.886129	1193.49827	1409.871562	1075.8587	1042.24743	573.792021	1246.015999	475.059663	836.378752		
		834.278054	622.107906	1012.837582	1493.900203	1809.008498	2451.833774	1775.39688	1233.41174	1464.490168	1080.06011	1525.41097	2563.173386		
		1397.267274	1571.626786	1685.065735	1460.288735	3443.39272	3031.641978	1672.461398	2101.010105	2130.420406	1227.109612	2294.278019	1357.353712		
		1033.844615	848.982939	1315.33946	1262.82168	1250.217419	2926.603907	1561.123188	1273.325233	653.618284	2382.509199	2603.08763	2035.88734		
		
42:00	24.90	105.339716	69.628233	124.245803	124.245803	88.53431	90.634986	126.34648	189.366807	78.030933	143.151895	149.453926	96.937013		
		231.38039	252.387191	309.105584	157.856636	157.856636	239.783109	124.245803	130.547833	75.930258	166.259347	99.037688	120.04445		
		1077.959405	1065.355177	1657.756341	903.601111	397.334286	743.948111	1548.518874	615.805833	1409.871562	939.313016	472.958976	319.608995		
		428.844564	687.229369	741.847416	1735.483104	611.60445	523.375481	620.007215	848.982939	239.783109	1542.216717	716.639082	617.906524		
		491.865161	1573.727505	1014.938285	1993.872685	1094.765046	1155.68553	859.486431	893.097614	544.382368	1138.879874	311.206266	790.163416		
		689.330062	546.483057	979.226343	1229.210321	1594.734705	1880.43324	1521.209533	1042.24743	1042.24743	1027.542505	1443.483007	1855.224499		
		1189.296854	1395.16656	1290.130921	1246.015999	2972.820639	2853.077351	1435.080144	1958.160247	1983.369025	1117.87281	2069.499082	1145.181995		
		798.566202	773.357847	951.917222	1080.06011	1050.650246	2561.072637	1357.353712	1052.75095	567.489952	2088.405694	2056.894677	1956.059516		
		
43:00	24.90	80.131608	96.937013	132.64851	90.634986	78.030933	46.520812	136.849864	122.145126	107.440392	99.037688	183.064772	101.138364		
		231.38039	193.568164	294.400811	136.849864	134.749187	243.98447	88.53431	82.232284	101.138364	136.849864	71.728908	94.836337		
		1002.334068	712.437693	1487.598052	628.409981	296.501493	743.948111	1227.109612	462.455542	1077.959405	767.05576	531.778235	258.689232		
		439.347993	678.826596	582.194782	1430.878713	407.837711	370.025391	609.503759	830.076659	243.98447	1309.037324	542.281679	523.375481		
		454.052796	1237.613159	899.399712	1806.907771	933.010914	1014.938285	647.316207	737.646027	449.851423	794.364809	307.004902	699.83353		
		695.632143	489.764474	754.451587	1017.038989	1353.152286	1548.518874	1395.16656	815.371777	956.118625	798.566202	1321.641596	1552.720312		
		1056.952359	1105.268574	1082.160815	1090.563636	2598.886129	2325.789142	1193.49827	1647.252731	1733.382379	788.06272	1626.245516	1052.75095		
		706.135611	699.83353	905.701811	895.198313	857.385732	2187.140306	1145.181995	1038.046023	470.858289	1851.023043	2019.081475	1689.267181		
		
44:00	24.90	57.024184	90.634986	88.53431	90.634986	71.728908	59.124859	117.943773	134.749187	103.23904	105.339716	145.252572	88.53431		
		157.856636	183.064772	241.88379	88.53431	109.541068	168.360025	105.339716	103.23904	63.326208	103.23904	143.151895	96.937013		
		937.212315	636.812748	1235.51245	670.423825	349.018555	575.892711	1002.334068	464.556229	869.989924	687.229369	403.636341	225.078351		
		374.226758	641.014131	546.483057	1353.152286	420.441822	344.817188	491.865161	689.330062	187.266129	1157.786237	542.281679	466.656915		
		359.521972	1138.879874	752.350892	1716.576586	802.767596	775.458543	685.128676	571.691331	437.247307	756.552282	273.393998	531.778235		
		620.007215	378.428127	678.826596	922.507412	1101.067163	1351.051573	1218.706775	790.163416	882.594117	788.06272	1210.303939	1439.281575		
		939.313016	937.212315	874.191321	1000.233366	2218.651381	2376.206968	1008.636177	1571.626786	1561.123188	731.343942	1397.267274	748.149501		
		620.007215	525.476169	827.975961	1027.542505	739.746721	1960.260978	1002.334068	781.760631	422.542507	1647.252731	1815.310678	1399.367989		
		
45:00	24.90	84.332959	84.332959	128.447156	86.433635	92.735661	54.92351	99.037688	96.937013	73.829583	107.440392	115.843097	141.051218		
		151.554604	155.755959	189.366807	115.843097	153.655281	147.353249	65.426883	141.051218	57.024184	94.836337	52.822835	122.145126		
		767.05576	601.100996	1035.945319	605.302377	237.68243	512.872039	823.774566	414.139766	733.444637	565.389262	353.219921	248.18583		
		307.004902	472.958976	523.375481	1044.348134	298.602174	237.68243	384.730179	569.590641	166.259347	1059.053063	477.16035	393.132917		
		323.81036	930.910213	603.201687	1380.461561	670.423825	779.659935	470.858289	634.712056	399.434971	647.316207	199.8702	451.95211		
		573.792021	269.192636	603.201687	861.587129	987.629151	1336.346583	937.212315	680.927289	722.941164	647.316207	951.917222	1140.980581		
		680.927289	819.573172	689.330062	939.313016	2040.088807	2014.880009	912.003911	1225.008903	1054.851655	651.517592	1340.548008	796.465506		
		468.757602	533.878924	611.60445	764.955064	718.739776	1706.072967	781.760631	743.948111	336.414456	1380.461561	1527.511688	1317.440172		
		
46:00	24.90	71.728908	69.628233	61.225534	113.742421	54.92351	48.621486	82.232284	88.53431	75.930258	111.641745	138.950541	63.326208		
		111.641745	134.749187	206.172237	96.937013	145.252572	96.937013	84.332959	42.319464	48.621486	124.245803	59.124859	63.326208		
		641.014131	460.354855	951.917222	416.240451	176.762737	483.462411	685.128676	355.320605	571.691331	489.764474	302.803538	178.863415		
		279.696041	397.334286	483.462411	895.198313	302.803538	246.08515	328.011725	517.073416	149.453926	848.982939	401.535656	361.622655		
		311.206266	748.149501	470.858289	1149.383409	662.021054	760.753673	405.737026	466.656915	384.730179	519.174104	189.366807	378.428127		
		470.858289	258.689232	552.785125	722.941164	874.191321	1275.425944	901.500412	611.60445	701.934224	651.517592	777.559239	987.629151		
		775.458543	788.06272	693.531449	827.975961	1842.620132	1897.239072	926.708812	1088.46293	1124.174928	479.261037	1149.383409	758.652978		
		500.267912	451.95211	556.986504	722.941164	550.684436	1611.540469	886.795516	695.632143	277.59536	1342.648721	1355.252999	1145.181995		
		
47:00	24.90	96.937013	88.53431	168.360025	57.024184	88.53431	82.232284	92.735661	117.943773	88.53431	54.92351	75.930258	96.937013		
		78.030933	134.749187	159.957314	96.937013	92.735661	92.735661	67.527558	90.634986	71.728908	107.440392	57.024184	71.728908		
		634.712056	460.354855	792.264113	447.750737	178.863415	344.817188	599.000305	313.306948	571.691331	502.368599	269.192636	180.964093		
		222.977671	367.924707	338.515139	699.83353	222.977671	216.675633	353.219921	309.105584	191.467486	733.444637	330.112408	346.917872		
		271.293317	685.128676	481.361724	991.830556	535.979612	691.430756	325.911043	386.830864	359.521972	475.059663	191.467486	342.716505		
		433.045935	258.689232	586.396162	575.892711	739.746721	954.017923	764.955064	617.906524	580.094091	399.434971	710.336999	920.406711		
		554.885814	596.899614	571.691331	788.06272	1540.115999	1500.202356	764.955064	901.500412	954.017923	399.434971	914.104611	615.805833		
		401.535656	466.656915	506.569975	655.718976	527.576858	1386.763703	655.718976	756.552282	323.81036	1191.397562	1248.116709	1008.636177		
		
48:00	25.00	61.225534	40.21879	78.030933	86.433635	84.332959	44.420138	73.829583	82.232284	96.937013	69.628233	103.23904	88.53431		
		88.53431	117.943773	153.655281	99.037688	130.547833	120.04445	75.930258	54.92351	63.326208	90.634986	84.332959	88.53431		
		506.569975	372.126074	670.423825	443.549365	191.467486	315.407631	523.375481	304.90422	433.045935	405.737026	262.890593	174.662059		
		206.172237	330.112408	317.508313	611.60445	258.689232	212.474275	252.387191	363.723339	159.957314	718.739776	277.59536	334.313773		
		243.98447	521.274792	472.958976	830.076659	422.542507	533.878924	328.011725	374.226758	279.696041	430.94525	178.863415	334.313773		
		374.226758	189.366807	460.354855	620.007215	624.208598	794.364809	716.639082	498.167224	508.670663	437.247307	649.4169	901.500412		
		521.274792	510.771351	424.643193	674.62521	1525.41097	1351.051573	651.517592	851.083637	746.048806	393.132917	869.989924	493.965849		
		433.045935	382.629495	376.327442	559.087193	472.958976	1267.023101	592.698233	565.389262	243.98447	1115.772104	1191.397562	939.313016		
		
49:00	25.00	42.319464	59.124859	157.856636	69.628233	61.225534	57.024184	67.527558	73.829583	113.742421	84.332959	80.131608	46.520812		
		90.634986	111.641745	176.762737	75.930258	107.440392	73.829583	80.131608	84.332959	50.722161	82.232284	54.92351	86.433635		
		426.743878	233.48107	559.087193	357.421288	172.561381	340.615822	414.139766	254.487871	376.327442	361.622655	218.776312	174.662059		
		193.568164	338.515139	241.88379	496.066536	246.08515	193.568164	323.81036	294.400811	145.252572	599.000305	279.696041	258.689232		
		172.561381	500.267912	340.615822	775.458543	393.132917	577.993401	246.08515	328.011725	254.487871	405.737026	149.453926	288.098766		
		323.81036	164.158669	376.327442	477.16035	584.295472	674.62521	609.503759	414.139766	464.556229	367.924707	657.819669	727.142553		
		449.851423	483.462411	393.132917	605.302377	1309.037324	1201.901104	565.389262	729.243248	563.288572	403.636341	737.646027	533.878924		
		365.824023	313.306948	462.455542	454.052796	386.830864	1212.404648	577.993401	611.60445	208.272916	901.500412	970.823535	872.090622		
		
~End
Original Filename: data_ladder_09-11-18-122236_1_3_10_20_33_81_100_300.pda   Date Last Saved: 9/11/2018
