Name,Time,A1,A2,A3,A4,A5,A6,A7,A8,A9,A10,A11,A12
Pta,0,2483.965041,2334.161971,2522.010309,2569.566921,2398.363252,2450.675445,2419.763691,2493.476356,2624.257059,2483.965041,2488.720698
Pta,60,2595.723069,2500.609843,2783.572021,2721.748267,2626.634892,2793.083372,2681.325068,2676.569399,2769.304997,2843.017984,2850.151503
Pta,120,2586.211741,2545.788611,2579.078246,2724.126103,2574.322583,2624.257059,2636.146224,2712.236924,2662.302394,2712.236924,2700.347747
Pta,180,2785.949859,2790.705534,2881.063424,2778.816346,2755.037975,2624.257059,2778.816346,2819.239594,2714.61476,2747.904465,2831.128788
Pta,240,3042.756743,2738.393119,2978.554945,2657.546726,2697.969912,2674.191565,2724.126103,2795.46121,2862.040702,3206.828239,2876.307743
Pta,300,3577.773731,2933.375932,4001.03415,3040.378898,3273.408072,3064.157354,3042.756743,2995.19985,2980.932788,3061.779508,3282.919482
Pta,360,4300.64681,2845.395824,5380.212843,2985.688475,3846.472501,3011.844759,2707.481253,2757.415812,3104.580745,3468.392189,3858.361848
Pta,420,5187.601977,2866.796382,7118.487434,3261.518812,4745.312113,2890.574786,2662.302394,2950.020829,3297.186598,3485.037197,4307.780459
Pta,480,5993.717211,3435.102185,9182.588927,3758.491389,5931.890976,3596.796623,2999.955538,3427.968614,3634.842421,3653.865327,4914.142901
Pta,540,7030.502724,4169.863368,11475.040543,4557.458555,6554.911371,4157.973975,3463.636474,3851.22824,4117.550051,3791.781528,5772.569745
Pta,600,7663.043603,4721.533157,12716.416232,5161.444981,6849.777677,4455.209336,3487.415055,4169.863368,4405.273718,3582.529454,5646.539743
Pta,660,8081.569639,5101.997296,13332.354996,5717.877456,6942.518111,4700.132103,3894.0299,4933.166111,4769.091075,3099.825051,5556.178731
Pta,720,8141.019538,5515.754101,12690.256776,6388.455066,6231.510866,4533.679655,4336.315059,5242.293904,5168.578707,2930.99809,4968.834642
Pta,780,8445.403711,6267.179975,12811.5416,7068.550154,6010.362744,4626.417405,4322.047758,5363.567441,5458.68407,2724.126103,4507.522874
Pta,840,7834.258535,6421.746299,11934.014368,7957.913991,5396.858248,4459.965111,5125.776365,5958.048223,5698.854059,2569.566921,4184.130642
Pta,900,7703.469317,6956.785879,11008.935103,8464.42776,5094.863577,4253.08917,5135.287994,6348.030015,5779.703525,2441.164135,3820.315944
Pta,960,7515.608816,6890.202981,10369.233588,8768.813163,4343.448711,3953.476688,5608.492989,6262.424093,5805.860723,2331.784147,3406.567906
Pta,1020,7101.841671,7686.823432,8711.740812,9139.784439,3858.361848,3561.128704,5560.934571,6792.706694,5979.449614,2415.008037,3306.69801
Pta,1080,6585.824723,8214.737473,8307.479489,9815.146817,3829.827419,3722.823398,5967.559952,6899.71482,5948.536496,2476.831555,3125.981373
Pta,1140,6136.393319,8309.857491,7087.573876,9135.028386,3580.151592,3480.28148,6084.078717,6963.919765,5534.777454,2505.365502,2819.239594
Pta,1200,5472.951574,8143.397535,6038.897951,8985.212865,3014.222604,3304.320157,6027.00828,6949.651995,5337.410388,2241.426878,2569.566921
Pta,1260,5021.148515,7903.220208,5080.59614,8345.527526,2845.395824,3004.711227,5537.155373,6733.257797,4861.829098,2058.33483,2569.566921
Pta,1320,4902.253398,7753.406993,4723.911052,8207.603477,2567.189089,2878.685583,5853.419285,6386.077121,4583.615353,2212.893025,2524.388139
Pta,1380,4243.577646,7251.653666,3996.278402,7955.536,2571.944752,2569.566921,5420.637405,5991.339278,4212.665198,2058.33483,2329.406323
Pta,1440,3839.338894,6935.384227,3672.888237,7040.01458,2467.320241,2384.096296,5135.287994,5337.410388,3882.140548,2029.801042,2162.958806
Pta,1500,3573.018009,6445.52576,3401.812194,6902.09278,2502.987673,2550.544273,4975.96835,5085.351952,3794.159396,2132.047163,2357.940217
Pta,1560,3458.880758,5941.402701,3504.060067,6329.006469,2381.718471,2505.365502,4581.237462,4804.759533,3558.750844,2027.423227,2196.248282
Pta,1620,3213.96179,5608.492989,3263.896664,6233.888806,2267.582919,2434.030653,4329.181408,4295.891045,3354.255088,2222.404308,2260.449452
Pta,1680,3109.33644,5356.433699,2812.106078,5606.115067,2300.872438,2322.27285,4300.64681,3803.670867,2976.177101,2091.624262,2025.045412
Pta,1740,2978.554945,4795.247943,2686.080738,5085.351952,2281.849854,2360.318042,4084.259776,3727.579129,2835.884466,2127.291526,2246.182521
Pta,1800,2529.143799,4093.771282,2567.189089,4457.587223,2146.314074,2191.492642,3423.2129,3439.857899,2455.431101,2003.645079,2117.780254
Pta,1860,2624.257059,3958.232433,2460.186757,4055.725266,2103.513349,2101.135531,3399.434338,3033.245362,2693.214242,2153.44753,2072.601728
Pta,1920,2467.320241,3653.865327,2445.91979,3929.697967,2246.182521,2315.139379,3435.102185,3230.606745,2950.020829,2500.609843,2483.965041
Pta,1980,2336.539795,3275.785925,2398.363252,3454.125043,2067.846095,2143.936255,2809.72824,2538.65512,2498.232014,2248.560343,2395.985426
Pta,2040,2334.161971,3047.512434,2322.27285,3330.476545,2027.423227,2136.802799,2726.503938,2662.302394,2305.628085,2217.648666,2174.847903
Pta,2100,2120.158072,3149.759854,2253.315986,3099.825051,2193.870462,1970.355684,2728.881774,2536.27729,2388.851948,2117.780254,2255.693808
Pta,2160,2046.445751,2736.015283,2074.979545,2550.544273,1879.998823,1915.665993,2384.096296,2250.938165,2277.094209,1913.288181,1920.421616
Pta,2220,2091.624262,2298.494615,2203.381743,2600.478733,1939.444115,2089.246445,2281.849854,2165.336625,1984.622566,2060.712646,2036.934488
Pta,2280,2022.667597,2579.078246,2170.092264,2678.947234,2039.312304,2096.379897,2241.426878,2269.960741,2141.558436,2086.868628,2065.468279
Pta,2340,1982.244752,2179.603542,1868.10977,2267.582919,1837.19824,1799.153297,2101.135531,1975.111311,1822.931384,1913.288181,1806.286723
Pta,2400,2029.801042,2293.738968,2022.667597,2212.893025,1965.600057,1920.421616,2198.626102,2077.357361,2215.270845,2191.492642,2094.002079
Pta,2460,2041.690119,2036.934488,1998.88945,2179.603542,1894.265689,1863.354149,2034.556673,1891.887878,2103.513349,1918.043804,2082.112995
Pta,2520,2065.468279,2122.53589,2048.823566,2231.915592,2089.246445,1967.97787,2158.203168,2015.534152,2167.714445,2017.911967,2191.492642
Pta,2580,2296.116792,2160.580987,2089.246445,2441.164135,2058.33483,2117.780254,2177.225723,2184.359182,2034.556673,2151.069711,2236.671235
Pta,2640,1889.510067,2086.868628,1972.733497,2186.737002,1789.642064,1894.265689,2094.002079,1937.066302,1956.088804,1915.665993,1982.244752
Pta,2700,1860.976339,1908.532557,1941.821927,1972.733497,1927.555053,1920.421616,2074.979545,1937.066302,1927.555053,2034.556673,1982.244752
Pta,2760,1946.577552,2051.201382,1896.6435,1910.910369,1768.241794,1870.48758,1899.021311,1834.820431,1963.222244,1979.866938,1939.444115
Pta,2820,1915.665993,2001.267265,2003.645079,2006.022894,1967.97787,2072.601728,2065.468279,1948.955365,1987.00038,2098.757714,2205.759563
Pta,2880,1982.244752,1872.865391,1839.57605,2010.778523,1958.466617,1913.288181,1946.577552,1806.286723,2010.778523,2032.178858,1963.222244
Pta,2940,1758.730565,1820.553575,1863.354149,1937.066302,1784.886448,1941.821927,2074.979545,1982.244752,1984.622566,1953.710991,2017.911967
Pta+Pa20,0,2567.189089,2543.410781,2476.831555,2467.320241,2495.854185,2483.965041,2457.808929,2443.541962,2360.318042,2555.299934,2602.856565
Pta+Pa20,60,2609.990062,2581.456078,2674.191565,2809.72824,2683.702903,2617.12356,2681.325068,2502.987673,2838.262305,2911.975356,3014.222604
Pta+Pa20,120,2581.456078,2529.143799,2636.146224,2743.148792,2510.121161,2664.680228,2650.413225,2638.524057,2531.521629,2804.972563,2835.884466
Pta+Pa20,180,2797.839048,2862.040702,2700.347747,2864.418542,2752.660138,2712.236924,2854.907182,2776.438509,2686.080738,2807.350401,2919.108881
Pta+Pa20,240,2700.347747,2667.058062,2726.503938,2678.947234,2686.080738,2617.12356,2702.725583,2743.148792,2733.637447,2959.532199,2862.040702
Pta+Pa20,300,2838.262305,2900.08615,2847.773663,3040.378898,2938.131617,2783.572021,2959.532199,2878.685583,2866.796382,2888.196945,2921.486723
Pta+Pa20,360,2823.995271,2638.524057,2907.219674,2714.61476,2731.259611,2705.103418,2617.12356,2745.526628,2693.214242,2845.395824,2800.216886
Pta+Pa20,420,2426.897172,2460.186757,2633.768391,2705.103418,2581.456078,2545.788611,2595.723069,2707.481253,2645.657558,2702.725583,2690.836407
Pta+Pa20,480,2776.438509,2640.901891,2973.799258,2757.415812,2621.879226,2495.854185,2593.345237,2790.705534,2804.972563,2695.592077,2745.526628
Pta+Pa20,540,2999.955538,2671.813731,3601.552347,3009.466915,2859.662862,2745.526628,2766.92716,2835.884466,2916.731039,2866.796382,2726.503938
Pta+Pa20,600,3537.3501,2690.836407,3772.75859,2857.285022,2593.345237,2752.660138,2583.83391,2598.100901,2847.773663,2602.856565,2809.72824
Pta+Pa20,660,4379.116978,2536.27729,4662.085799,3209.206089,2464.942413,3016.600448,2372.207168,2517.25465,2954.776514,2512.49899,2531.521629
Pta+Pa20,720,5396.858248,2132.047163,5480.085327,3408.945762,2405.496731,2862.040702,2196.248282,2453.053273,3187.80544,2403.118905,2369.829343
Pta+Pa20,780,6419.368353,2260.449452,6069.811104,3986.766908,2560.055596,3442.235756,2108.268984,2469.69807,3768.002856,2453.053273,2384.096296
Pta+Pa20,840,6909.226661,2220.026487,6526.37598,4942.677718,3309.075863,3989.144781,2136.802799,2736.015283,4231.688241,2272.338564,2472.075898
Pta+Pa20,900,8190.957487,2044.067935,7508.474881,6314.738812,4295.891045,4186.508522,2103.513349,2919.108881,4678.731054,2391.229774,2481.587212
Pta+Pa20,960,8133.885548,2146.314074,7408.599866,7741.517068,5270.828837,5211.381071,2220.026487,3323.342984,4638.306868,2212.893025,2840.640145
Pta+Pa20,1020,7819.99061,2265.205097,7156.534906,9251.551763,6134.015382,6103.102204,2398.363252,3432.724328,5021.148515,2481.587212,3187.80544
Pta+Pa20,1080,7403.843916,2681.325068,6685.698712,10901.921482,7299.213088,6811.730351,2667.058062,3787.025793,5052.061275,2850.151503,3993.900529
Pta+Pa20,1140,7035.258652,3076.046584,5739.278782,12098.104095,8267.053469,8176.689498,3125.981373,4288.757398,5028.282228,3192.561139,4307.780459
Pta+Pa20,1200,6129.259508,3392.30077,5451.550319,12136.153935,8959.054628,8395.465603,3071.290892,4110.41642,4990.235768,3261.518812,4757.201593
Pta+Pa20,1260,5575.202093,4017.679268,4619.283728,12633.181628,9646.305688,9253.929792,3397.056482,4605.016376,4514.65654,3991.522655,5270.828837
Pta+Pa20,1320,4795.247943,4890.363896,4402.895832,11912.611385,9734.293274,10136.183749,3577.773731,5125.776365,4355.338131,4402.895832,5387.346588
Pta+Pa20,1380,4262.600696,5449.172402,3680.021829,10994.666612,10409.66067,10683.138525,4046.213765,5332.654561,4181.752763,4780.980559,5470.573656
Pta+Pa20,1440,3729.956995,6390.833011,3644.353873,10568.991133,10412.038734,10214.659639,3946.343071,5230.404351,3941.587327,5125.776365,5308.875431
Pta+Pa20,1500,3328.098691,7446.647476,3311.453717,9491.733136,10628.442879,11180.157194,4217.420959,5273.206749,3639.598147,5741.656707,5311.253344
Pta+Pa20,1560,3285.297334,8326.503505,3247.251703,8837.775642,10202.769348,10381.123904,4436.18624,5320.764995,3561.128704,5582.335855,4783.358456
Pta+Pa20,1620,3116.469982,8754.545072,2969.043571,7644.019744,9360.94121,10031.549348,4376.739093,5603.737146,3173.538343,5739.278782,4861.829098
Pta+Pa20,1680,2857.285022,9116.004177,2821.617432,7189.826459,8835.397624,9734.293274,4566.970117,4712.021577,2907.219674,5853.419285,4300.64681
Pta+Pa20,1740,2733.637447,9132.650359,2854.907182,6355.163846,8416.867645,9503.623322,4253.08917,4326.803524,2814.483916,5777.325598,3798.915131
Pta+Pa20,1800,2381.718471,8906.73818,2633.768391,5501.486589,7403.843916,8745.033012,3958.232433,4186.508522,2483.965041,5682.208591,3656.24319
Pta+Pa20,1860,2533.89946,8828.263572,2450.675445,5140.04381,7063.794225,7793.832754,3915.430738,3744.22419,2455.431101,5627.516363,3499.304349
Pta+Pa20,1920,2379.340645,8212.359474,2638.524057,4935.544013,6545.399573,7541.766581,3905.919254,3760.869255,2614.745728,5503.864508,3501.682208
Pta+Pa20,1980,2331.784147,7767.674907,2434.030653,4298.268928,5746.412559,6621.493991,3418.457187,3444.613613,2296.116792,5247.049726,3328.098691
Pta+Pa20,2040,2272.338564,7023.368833,2507.743331,4312.536225,5228.026441,5955.670291,3349.499379,3230.606745,2498.232014,5016.392707,3320.96513
Pta+Pa20,2100,2284.227677,6160.172695,2505.365502,3922.564352,4695.376314,5344.544129,3130.737068,3049.890279,2291.361145,4471.854549,2928.620248
Pta+Pa20,2160,2117.780254,5539.533293,2063.090463,3556.372983,4386.250634,4578.859571,2621.879226,2764.549322,2136.802799,4250.711289,2750.282301
Pta+Pa20,2220,2236.671235,4714.399472,2032.178858,3285.297334,4117.550051,4219.798839,2640.901891,2633.768391,2084.490811,4003.412023,2892.952627
Pta+Pa20,2280,2186.737002,4759.579489,2155.825349,3173.538343,3751.357789,4072.370396,2633.768391,2602.856565,2074.979545,3708.556206,2631.390558
Pta+Pa20,2340,1934.68849,3825.071681,1979.866938,2895.330468,3228.228894,3397.056482,2229.537771,2376.962819,1939.444115,3385.167203,2505.365502
Pta+Pa20,2400,2015.534152,3687.155423,2129.669344,2921.486723,3399.434338,3351.877233,2512.49899,2655.168892,2115.402437,3549.239402,2645.657558
Pta+Pa20,2460,2065.468279,3240.118149,2101.135531,2621.879226,2935.753774,2933.375932,2288.983322,2239.049056,1896.6435,3114.092135,2412.630211
Pta+Pa20,2520,2003.645079,2992.822006,2063.090463,2586.211741,2957.154357,2997.577694,2350.806743,2331.784147,1996.511636,3254.385257,2343.673269
Pta+Pa20,2580,2250.938165,2961.910042,2158.203168,2728.881774,3038.001052,2907.219674,2303.250261,2376.962819,2162.958806,3218.717491,2415.008037
Pta+Pa20,2640,1922.799428,2900.08615,2269.960741,2541.03295,2766.92716,2495.854185,2020.289782,2139.180618,2032.178858,3018.978293,2122.53589
Pta+Pa20,2700,1996.511636,2564.811258,1965.600057,2341.295444,2598.100901,2472.075898,2124.913708,2324.650674,2029.801042,2921.486723,2265.205097
Pta+Pa20,2760,1937.066302,2500.609843,2006.022894,2160.580987,2367.451518,2338.91762,1948.955365,2096.379897,1953.710991,2793.083372,2436.40848
Pta+Pa20,2820,2029.801042,2457.808929,2217.648666,2324.650674,2424.519345,2362.695867,2129.669344,2179.603542,2046.445751,2821.617432,2341.295444
Pta+Pa20,2880,1970.355684,2429.274999,2082.112995,2141.558436,2374.584994,2196.248282,1975.111311,2117.780254,1951.333178,2629.012725,1994.133822
Pta+Pa20,2940,1820.553575,2220.026487,1929.932865,2010.778523,2101.135531,2153.44753,1989.378194,2025.045412,2060.712646,2688.458573,2132.047163
Pta+1410,0,2531.521629,2602.856565,2431.652826,2410.252384,2353.184567,2598.100901,2455.431101,2493.476356,2436.40848,2393.6076,2631.390558
Pta+1410,60,2700.347747,2517.25465,2683.702903,2678.947234,2626.634892,2633.768391,2697.969912,2721.748267,2790.705534,2743.148792,2978.554945
Pta+1410,120,2514.87682,2612.367895,2488.720698,2621.879226,2697.969912,2683.702903,2633.768391,2600.478733,2686.080738,2769.304997,2809.72824
Pta+1410,180,2731.259611,2776.438509,2726.503938,2793.083372,2719.370431,2667.058062,2850.151503,2762.171485,2807.350401,2795.46121,2883.441264
Pta+1410,240,2714.61476,2636.146224,2781.194184,2764.549322,2650.413225,2562.433427,2733.637447,2693.214242,2769.304997,2892.952627,2942.887301
Pta+1410,300,2759.793649,2781.194184,2797.839048,2959.532199,3021.356138,3071.290892,2843.017984,2812.106078,2895.330468,2747.904465,2852.529342
Pta+1410,360,2778.816346,2678.947234,2769.304997,2678.947234,2688.458573,2700.347747,2667.058062,2795.46121,2690.836407,2678.947234,2790.705534
Pta+1410,420,2560.055596,2493.476356,2555.299934,2655.168892,2669.435896,2460.186757,2548.166442,2450.675445,2638.524057,2605.234398,2629.012725
Pta+1410,480,2593.345237,2488.720698,2586.211741,2557.677765,2633.768391,2564.811258,2626.634892,2728.881774,2716.992595,2769.304997,2719.370431
Pta+1410,540,2676.569399,2821.617432,2709.859089,2816.861755,2757.415812,2814.483916,2719.370431,2686.080738,2769.304997,2869.174222,2726.503938
Pta+1410,600,2662.302394,2740.770955,2678.947234,2586.211741,2422.141518,2564.811258,2552.922103,2617.12356,2702.725583,2612.367895,2845.395824
Pta+1410,660,2434.030653,2550.544273,2512.49899,2479.209383,2586.211741,2403.118905,2479.209383,2488.720698,2288.983322,2491.098527,2569.566921
Pta+1410,720,2248.560343,2193.870462,2386.474122,2215.270845,2184.359182,2174.847903,2177.225723,2158.203168,2277.094209,2303.250261,2422.141518
Pta+1410,780,2286.6055,2220.026487,2281.849854,2189.114822,2072.601728,2215.270845,2177.225723,2198.626102,2224.782129,2269.960741,2315.139379
Pta+1410,840,2017.911967,2298.494615,2231.915592,2034.556673,2146.314074,2077.357361,2091.624262,2001.267265,2201.003922,2236.671235,2410.252384
Pta+1410,900,2022.667597,2108.268984,2248.560343,2101.135531,2015.534152,2108.268984,2079.735178,2139.180618,2165.336625,2303.250261,2139.180618
Pta+1410,960,2124.913708,2025.045412,2020.289782,2115.402437,2013.156337,2115.402437,2051.201382,2022.667597,2122.53589,2212.893025,2227.15995
Pta+1410,1020,1998.88945,2101.135531,2070.223912,2077.357361,2296.116792,2201.003922,2253.315986,2053.579198,2250.938165,2136.802799,2303.250261
Pta+1410,1080,2189.114822,2136.802799,2220.026487,2291.361145,2395.985426,2329.406323,2248.560343,2217.648666,2457.808929,2217.648666,2386.474122
Pta+1410,1140,2445.91979,2438.786308,2336.539795,2422.141518,2365.073693,2286.6055,2305.628085,2329.406323,2431.652826,2495.854185,2453.053273
Pta+1410,1200,2132.047163,2015.534152,2151.069711,2141.558436,2236.671235,2079.735178,2034.556673,2124.913708,2117.780254,2177.225723,2274.716386
Pta+1410,1260,2215.270845,2058.33483,2124.913708,2055.957014,2115.402437,1989.378194,2041.690119,2025.045412,2094.002079,2165.336625,2046.445751
Pta+1410,1320,1939.444115,2008.400708,2032.178858,2153.44753,2189.114822,2134.424981,2010.778523,2089.246445,2113.024619,2070.223912,2115.402437
Pta+1410,1380,1948.955365,2020.289782,1830.064812,2010.778523,2181.981362,2127.291526,2179.603542,1998.88945,2013.156337,2139.180618,2267.582919
Pta+1410,1440,1910.910369,1965.600057,1965.600057,2124.913708,2074.979545,1877.621012,2117.780254,1956.088804,2096.379897,2089.246445,2220.026487
Pta+1410,1500,2008.400708,2022.667597,1948.955365,2198.626102,2198.626102,2070.223912,2117.780254,2044.067935,2113.024619,2210.515204,2445.91979
Pta+1410,1560,2089.246445,2091.624262,2058.33483,2319.895027,2208.137384,2034.556673,2189.114822,2094.002079,2227.15995,2265.205097,2498.232014
Pta+1410,1620,2098.757714,2208.137384,2158.203168,2355.562392,2260.449452,2063.090463,2201.003922,2141.558436,2243.804699,2177.225723,2571.944752
Pta+1410,1680,2260.449452,2196.248282,2250.938165,2434.030653,2329.406323,2227.15995,2224.782129,2017.911967,2243.804699,2174.847903,2441.164135
Pta+1410,1740,2141.558436,2198.626102,2077.357361,2652.791058,2296.116792,2222.404308,2101.135531,2134.424981,2441.164135,2319.895027,2697.969912
Pta+1410,1800,2181.981362,2041.690119,2134.424981,2388.851948,2376.962819,2191.492642,1970.355684,1958.466617,2236.671235,2105.891166,2764.549322
Pta+1410,1860,2220.026487,2067.846095,2143.936255,2562.433427,2488.720698,2141.558436,2234.293414,2041.690119,2262.827274,2393.6076,2667.058062
Pta+1410,1920,2248.560343,2224.782129,2265.205097,2576.700415,2398.363252,2336.539795,2405.496731,2419.763691,2514.87682,2436.40848,2971.421415
Pta+1410,1980,2105.891166,2239.049056,2044.067935,2407.874558,2277.094209,2236.671235,2248.560343,2170.092264,2362.695867,2357.940217,2969.043571
Pta+1410,2040,2398.363252,2379.340645,2455.431101,2569.566921,2243.804699,2229.537771,2286.6055,2124.913708,2398.363252,2400.741078,2766.92716
Pta+1410,2100,2327.028498,2291.361145,2229.537771,2505.365502,2357.940217,2241.426878,2148.691892,2170.092264,2443.541962,2341.295444,2783.572021
Pta+1410,2160,2191.492642,2141.558436,1996.511636,2343.673269,1953.710991,2013.156337,1932.310677,1918.043804,2367.451518,2348.428918,2650.413225
Pta+1410,2220,2315.139379,2191.492642,2039.312304,2469.69807,2143.936255,2189.114822,2103.513349,2148.691892,2315.139379,2198.626102,2659.92456
Pta+1410,2280,2426.897172,2205.759563,2089.246445,2365.073693,2072.601728,2293.738968,2089.246445,2034.556673,2193.870462,2334.161971,2724.126103
Pta+1410,2340,2348.428918,2027.423227,2146.314074,2210.515204,2072.601728,2041.690119,1849.087289,1937.066302,2053.579198,2120.158072,2403.118905
Pta+1410,2400,2334.161971,2072.601728,2079.735178,2262.827274,2155.825349,2172.470084,2220.026487,2127.291526,2193.870462,2284.227677,2598.100901
Pta+1410,2460,2621.879226,1991.756008,2279.472031,2229.537771,1877.621012,2179.603542,2060.712646,1803.908914,2172.470084,2110.646801,2667.058062
Pta+1410,2520,2538.65512,2170.092264,2203.381743,2405.496731,2239.049056,2436.40848,2170.092264,2036.934488,2155.825349,2281.849854,2593.345237
Pta+1410,2580,2709.859089,2217.648666,2507.743331,2393.6076,2174.847903,2476.831555,2186.737002,2155.825349,2241.426878,2410.252384,2564.811258
Pta+1410,2640,2369.829343,2160.580987,2215.270845,2215.270845,2025.045412,2274.716386,1989.378194,1963.222244,2172.470084,2224.782129,2388.851948
Pta+1410,2700,2400.741078,2172.470084,2217.648666,2120.158072,1989.378194,2386.474122,2148.691892,2115.402437,2343.673269,2322.27285,2303.250261
Pta+1410,2760,2379.340645,2160.580987,2191.492642,2155.825349,2070.223912,2177.225723,2039.312304,1937.066302,1948.955365,2098.757714,2415.008037
Pta+1410,2820,2469.69807,2143.936255,2308.005908,2212.893025,2089.246445,2193.870462,2134.424981,2041.690119,2298.494615,2422.141518,2431.652826
Pta+1410,2880,2360.318042,2008.400708,2193.870462,2170.092264,1884.754445,2146.314074,1932.310677,1908.532557,2086.868628,2165.336625,2250.938165
Pta+1410,2940,2186.737002,2041.690119,2193.870462,2051.201382,1872.865391,2296.116792,1994.133822,1989.378194,2086.868628,2051.201382,2177.225723
Pta+1186,0,2552.922103,2395.985426,2379.340645,2564.811258,2564.811258,2531.521629,2384.096296,2455.431101,2481.587212,2524.388139,2529.143799
Pta+1186,60,2624.257059,2583.83391,2629.012725,2716.992595,2598.100901,2669.435896,2750.282301,2716.992595,2762.171485,2966.665728,2854.907182
Pta+1186,120,2529.143799,2671.813731,2650.413225,2626.634892,2533.89946,2659.92456,2843.017984,2645.657558,2790.705534,2700.347747,2847.773663
Pta+1186,180,2712.236924,2788.327697,2738.393119,2733.637447,2676.569399,2655.168892,2921.486723,2690.836407,2721.748267,2750.282301,2826.37311
Pta+1186,240,2716.992595,2705.103418,2626.634892,2605.234398,2709.859089,2662.302394,2712.236924,2657.546726,2838.262305,2788.327697,2852.529342
Pta+1186,300,2847.773663,2831.128788,2888.196945,2952.398671,3016.600448,3014.222604,2983.310632,2930.99809,2916.731039,2959.532199,2838.262305
Pta+1186,360,2755.037975,2892.952627,2800.216886,2726.503938,2776.438509,2847.773663,2726.503938,2643.279724,2826.37311,2714.61476,2876.307743
Pta+1186,420,2595.723069,2417.385864,2514.87682,2607.61223,2517.25465,2526.765969,2555.299934,2514.87682,2590.967405,2519.63248,2804.972563
Pta+1186,480,2533.89946,2609.990062,2579.078246,2659.92456,2586.211741,2595.723069,2617.12356,2674.191565,2764.549322,2721.748267,2752.660138
Pta+1186,540,2669.435896,2707.481253,2809.72824,2859.662862,2755.037975,2819.239594,2590.967405,2690.836407,2738.393119,3042.756743,2845.395824
Pta+1186,600,2600.478733,2655.168892,2590.967405,2498.232014,2564.811258,2543.410781,2581.456078,2498.232014,2700.347747,2774.060671,2745.526628
Pta+1186,660,2526.765969,2560.055596,2505.365502,2403.118905,2579.078246,2733.637447,2595.723069,2360.318042,2548.166442,2583.83391,2590.967405
Pta+1186,720,2077.357361,2201.003922,2174.847903,2124.913708,2174.847903,2312.761555,2096.379897,2239.049056,2255.693808,2395.985426,2438.786308
Pta+1186,780,2243.804699,2186.737002,2220.026487,2196.248282,2127.291526,2395.985426,2239.049056,2122.53589,2300.872438,2379.340645,2291.361145
Pta+1186,840,2129.669344,2134.424981,2089.246445,2201.003922,2305.628085,2303.250261,2172.470084,2094.002079,2255.693808,2341.295444,2269.960741
Pta+1186,900,2008.400708,2136.802799,2224.782129,2036.934488,2132.047163,2191.492642,2006.022894,2181.981362,2248.560343,2298.494615,2222.404308
Pta+1186,960,2127.291526,2089.246445,2053.579198,2013.156337,2070.223912,2241.426878,2198.626102,2101.135531,2336.539795,2162.958806,2184.359182
Pta+1186,1020,2027.423227,2070.223912,2065.468279,2046.445751,2155.825349,2181.981362,2241.426878,2217.648666,2239.049056,2255.693808,2415.008037
Pta+1186,1080,2231.915592,2141.558436,2231.915592,2146.314074,2353.184567,2341.295444,2329.406323,2134.424981,2234.293414,2229.537771,2391.229774
Pta+1186,1140,2310.383732,2298.494615,2376.962819,2334.161971,2253.315986,2407.874558,2431.652826,2277.094209,2398.363252,2393.6076,2246.182521
Pta+1186,1200,1994.133822,1989.378194,2079.735178,2089.246445,2148.691892,2110.646801,1987.00038,2101.135531,2105.891166,2174.847903,2291.361145
Pta+1186,1260,2008.400708,2010.778523,1951.333178,2155.825349,2055.957014,1987.00038,2070.223912,1879.998823,1991.756008,2177.225723,2051.201382
Pta+1186,1320,1970.355684,1975.111311,1868.10977,1965.600057,2051.201382,2151.069711,1934.68849,2041.690119,2034.556673,2067.846095,2141.558436
Pta+1186,1380,2044.067935,2046.445751,1894.265689,1953.710991,2070.223912,2155.825349,1972.733497,1951.333178,2132.047163,2122.53589,2191.492642
Pta+1186,1440,1882.376634,1927.555053,1706.418824,1887.132256,1903.776934,2013.156337,1903.776934,1922.799428,2117.780254,2070.223912,2148.691892
Pta+1186,1500,1870.48758,1956.088804,1960.84443,1998.88945,1994.133822,2110.646801,1946.577552,2034.556673,2158.203168,2117.780254,2210.515204
Pta+1186,1560,1960.84443,1901.399123,1915.665993,2032.178858,1925.17724,2279.472031,2058.33483,2122.53589,2136.802799,2179.603542,2350.806743
Pta+1186,1620,1932.310677,2046.445751,2212.893025,2094.002079,2141.558436,2110.646801,2041.690119,1979.866938,1948.955365,2086.868628,2419.763691
Pta+1186,1680,2208.137384,2067.846095,2179.603542,2191.492642,2124.913708,2124.913708,2120.158072,1996.511636,2103.513349,2029.801042,2253.315986
Pta+1186,1740,2239.049056,2174.847903,2034.556673,2248.560343,2110.646801,2089.246445,2077.357361,2065.468279,2165.336625,2044.067935,2324.650674
Pta+1186,1800,2051.201382,2013.156337,2084.490811,2020.289782,2041.690119,2034.556673,2082.112995,1996.511636,1984.622566,1932.310677,2246.182521
Pta+1186,1860,2153.44753,2029.801042,1899.021311,1972.733497,2055.957014,1941.821927,1994.133822,1903.776934,2189.114822,2044.067935,2162.958806
Pta+1186,1920,2151.069711,2179.603542,2117.780254,2105.891166,2319.895027,2312.761555,2146.314074,2308.005908,2286.6055,2400.741078,2455.431101
Pta+1186,1980,2015.534152,2189.114822,1941.821927,2082.112995,2141.558436,1860.976339,2189.114822,1982.244752,2053.579198,2017.911967,2431.652826
Pta+1186,2040,2177.225723,2151.069711,2134.424981,2153.44753,2258.07163,2105.891166,2117.780254,2203.381743,2334.161971,2296.116792,2227.15995
Pta+1186,2100,2096.379897,2165.336625,2036.934488,2098.757714,2065.468279,2129.669344,2096.379897,2010.778523,2250.938165,2324.650674,2191.492642
Pta+1186,2160,1953.710991,1875.243201,1837.19824,2027.423227,1822.931384,1894.265689,1832.442621,2048.823566,2336.539795,1948.955365,2055.957014
Pta+1186,2220,2013.156337,2098.757714,1915.665993,1789.642064,2025.045412,2029.801042,2032.178858,1944.19974,2070.223912,2094.002079,2184.359182
Pta+1186,2280,2155.825349,2222.404308,2136.802799,2048.823566,2210.515204,2246.182521,2029.801042,2074.979545,2027.423227,2096.379897,2141.558436
Pta+1186,2340,1853.842909,1996.511636,1792.019872,1763.486179,1803.908914,1856.220719,1837.19824,2008.400708,2013.156337,1849.087289,2174.847903
Pta+1186,2400,1903.776934,2044.067935,1922.799428,1913.288181,2074.979545,2015.534152,2032.178858,2139.180618,2103.513349,2134.424981,2198.626102
Pta+1186,2460,1903.776934,1967.97787,1951.333178,1875.243201,2022.667597,1846.709479,1967.97787,2065.468279,1998.88945,1989.378194,2124.913708
Pta+1186,2520,1915.665993,2070.223912,1830.064812,2010.778523,2134.424981,2124.913708,2067.846095,2139.180618,2032.178858,2127.291526,2234.293414
Pta+1186,2580,2286.6055,2241.426878,2160.580987,2134.424981,2193.870462,2222.404308,2224.782129,2146.314074,2186.737002,2181.981362,2343.673269
Pta+1186,2640,2006.022894,2065.468279,1987.00038,1929.932865,1941.821927,1925.17724,2065.468279,1970.355684,2015.534152,1996.511636,2132.047163
Pta+1186,2700,1868.10977,1925.17724,1925.17724,1972.733497,2048.823566,2027.423227,2094.002079,2098.757714,2146.314074,2208.137384,2191.492642
Pta+1186,2760,1868.10977,1960.84443,1975.111311,2027.423227,2098.757714,1925.17724,1987.00038,2105.891166,1818.175766,2013.156337,2127.291526
Pta+1186,2820,1970.355684,2082.112995,1915.665993,2025.045412,2051.201382,2110.646801,2129.669344,2177.225723,2191.492642,2165.336625,2205.759563
Pta+1186,2880,2046.445751,1996.511636,1815.797958,1899.021311,1975.111311,2010.778523,2010.778523,1922.799428,1882.376634,1982.244752,2070.223912
Pta+1186,2940,1813.420149,1991.756008,1856.220719,1944.19974,1860.976339,2036.934488,1972.733497,2022.667597,1932.310677,1965.600057,2105.891166
Pta+2009,0,2510.121161,2483.965041,2327.028498,2481.587212,2548.166442,2455.431101,2486.342869,2455.431101,2469.69807,2512.49899,2712.236924
Pta+2009,60,2571.944752,2667.058062,2726.503938,2785.949859,2633.768391,2736.015283,2705.103418,2595.723069,2771.682834,2973.799258,2980.932788
Pta+2009,120,2605.234398,2650.413225,2714.61476,2681.325068,2724.126103,2774.060671,2688.458573,2709.859089,2778.816346,2648.035391,2873.929902
Pta+2009,180,2869.174222,2750.282301,2764.549322,2752.660138,2643.279724,2716.992595,3023.733982,2631.390558,2757.415812,2869.174222,2935.753774
Pta+2009,240,2795.46121,2510.121161,2519.63248,2662.302394,2640.901891,2702.725583,2676.569399,2762.171485,2845.395824,2862.040702,2850.151503
Pta+2009,300,2624.257059,2871.552062,2935.753774,2978.554945,3004.711227,3030.867517,3026.111827,2978.554945,2826.37311,2916.731039,2843.017984
Pta+2009,360,2790.705534,2812.106078,2831.128788,2900.08615,2793.083372,2897.708309,2724.126103,2721.748267,2828.750949,2697.969912,2707.481253
Pta+2009,420,2643.279724,2395.985426,2524.388139,2638.524057,2493.476356,2579.078246,2776.438509,2945.265144,2693.214242,2629.012725,2567.189089
Pta+2009,480,2721.748267,2686.080738,2548.166442,2712.236924,2759.793649,2564.811258,2588.589573,3030.867517,2709.859089,2873.929902,2795.46121
Pta+2009,540,3175.916192,2845.395824,2733.637447,2926.242406,2795.46121,2876.307743,2700.347747,3649.1096,2928.620248,2930.99809,2892.952627
Pta+2009,600,3587.285177,3166.404796,2650.413225,2707.481253,2712.236924,2985.688475,2719.370431,4826.160615,3061.779508,2952.398671,2781.194184
Pta+2009,660,4108.038543,3779.892191,2645.657558,3040.378898,2738.393119,3487.415055,2638.524057,6645.273511,3095.069357,3166.404796,2866.796382
Pta+2009,720,4243.577646,4723.911052,2541.03295,3480.28148,2819.239594,3962.988178,2191.492642,8488.207828,3309.075863,3511.193644,3009.466915
Pta+2009,780,4999.747381,6141.149194,2771.682834,4367.227554,3232.984596,5194.735704,2324.650674,9948.317536,3908.297125,4647.818439,3406.567906
Pta+2009,840,5506.242426,6797.462608,2812.106078,4987.857865,4096.149158,6509.73034,2517.25465,11322.84255,4814.271124,5482.463244,3886.896288
Pta+2009,900,5851.041357,7696.335366,3204.450389,5218.514801,4616.905836,7420.489742,2469.69807,12119.507127,5275.584661,6295.715274,4635.928975
Pta+2009,960,5701.231984,7869.928358,4012.92352,5197.113614,6065.055233,8359.795545,2588.589573,11425.100544,5853.419285,5969.937884,5349.299957
Pta+2009,1020,5482.463244,8269.43147,4248.333408,5163.82289,6749.903484,8947.164523,2757.415812,10861.494152,6095.968396,5934.268907,6150.660944
Pta+2009,1080,5137.665902,7955.536,5073.462423,5135.287994,7743.895053,8890.092045,3247.251703,10236.062168,6666.675085,5644.16182,7339.638619
Pta+2009,1140,5147.177533,7663.043603,5884.332366,4436.18624,7995.961863,8840.15366,3485.037197,9753.31763,6034.142082,5325.520822,7415.733792
Pta+2009,1200,4585.993244,6721.368023,5874.820648,3915.430738,8086.325629,7460.915335,3644.353873,8790.215305,5587.091697,4800.003738,7268.29946
Pta+2009,1260,3996.278402,6768.92713,5941.402701,3775.136457,7998.339855,6961.541803,3584.907315,8229.005469,5675.07482,4141.328827,7142.267102
Pta+2009,1320,3632.464558,6050.787624,5575.202093,3520.705082,7498.96297,6626.249894,3789.403661,7463.293311,5092.485671,3734.712726,7087.573876
Pta+2009,1380,3508.815785,5415.881573,5470.573656,3078.424431,6973.431612,5767.813893,3670.510373,6616.738087,4930.78821,3477.903622,6592.958576
Pta+2009,1440,3192.561139,5563.312491,4987.857865,2997.577694,6202.97559,5159.067073,3715.689801,6350.407959,4681.108948,3454.125043,6155.416819
Pta+2009,1500,3183.04974,4968.834642,4833.29431,2952.398671,5962.804087,5187.601977,3798.915131,5896.222016,4486.121877,3092.69151,5725.01123
Pta+2009,1560,2980.932788,4918.898703,4495.63343,2838.262305,5237.538083,4371.983323,3720.445532,5510.998263,4326.803524,3085.55797,5344.544129
Pta+2009,1620,2950.020829,4647.818439,4188.886401,2833.506627,5121.020551,4483.743989,3475.525764,5199.491523,4241.199765,3052.268125,5047.305465
Pta+2009,1680,2895.330468,4514.65654,3901.163512,2662.302394,4593.126918,4091.393405,3466.014331,4547.946994,4212.665198,2888.196945,4571.725898
Pta+2009,1740,2745.526628,4034.32439,3722.823398,2693.214242,4055.725266,3796.537263,3416.079331,4298.268928,4029.56864,2755.037975,4391.006404
Pta+2009,1800,2519.63248,3558.750844,3530.216521,2502.987673,3744.22419,3504.060067,3099.825051,4027.190766,3634.842421,2586.211741,3943.965199
Pta+2009,1860,2650.413225,3482.659338,3249.629554,2502.987673,3320.96513,3349.499379,3097.447204,3834.583156,3330.476545,2493.476356,4027.190766
Pta+2009,1920,2562.433427,3515.949363,3237.740298,2476.831555,3294.808745,3501.682208,3213.96179,3970.121796,3506.437926,2888.196945,4234.066122
Pta+2009,1980,2379.340645,3154.515551,3106.958593,2310.383732,3049.890279,2940.509459,2971.421415,3584.907315,3477.903622,2514.87682,3511.193644
Pta+2009,2040,2588.589573,3337.610107,3140.248461,2474.453726,3152.137703,2957.154357,2802.594725,3301.942304,3175.916192,2395.985426,3370.900072
Pta+2009,2100,2357.940217,2900.08615,2909.597515,2419.763691,2716.992595,2881.063424,2807.350401,2973.799258,3142.626309,2372.207168,3268.652368
Pta+2009,2160,2103.513349,2702.725583,2548.166442,1934.68849,2460.186757,2662.302394,2367.451518,2766.92716,2980.932788,2227.15995,2807.350401
Pta+2009,2220,2293.738968,2650.413225,2617.12356,2193.870462,2538.65512,2605.234398,2581.456078,2633.768391,2769.304997,2365.073693,2719.370431
Pta+2009,2280,2388.851948,2759.793649,2764.549322,2077.357361,2450.675445,2579.078246,2607.61223,2624.257059,2816.861755,2227.15995,2774.060671
Pta+2009,2340,1972.733497,2455.431101,2469.69807,1991.756008,2141.558436,2298.494615,2353.184567,2467.320241,2479.209383,1994.133822,2600.478733
Pta+2009,2400,2115.402437,2365.073693,2436.40848,2139.180618,2355.562392,2424.519345,2467.320241,2512.49899,2693.214242,2136.802799,2441.164135
Pta+2009,2460,1991.756008,2281.849854,2248.560343,2222.404308,2179.603542,2303.250261,2312.761555,2274.716386,2422.141518,2139.180618,2407.874558
Pta+2009,2520,1989.378194,2177.225723,2360.318042,2151.069711,2322.27285,2464.942413,2374.584994,2462.564585,2472.075898,2393.6076,2510.121161
Pta+2009,2580,2296.116792,2434.030653,2512.49899,2265.205097,2367.451518,2514.87682,2234.293414,2512.49899,2500.609843,2262.827274,2543.410781
Pta+2009,2640,1979.866938,2141.558436,2234.293414,2070.223912,2101.135531,2181.981362,2103.513349,2253.315986,2272.338564,2372.207168,2431.652826
Pta+2009,2700,1920.421616,2186.737002,2193.870462,2006.022894,2160.580987,2136.802799,2208.137384,2362.695867,2391.229774,2181.981362,2191.492642
Pta+2009,2760,2051.201382,2246.182521,2110.646801,2120.158072,2094.002079,2067.846095,2353.184567,2174.847903,2205.759563,2089.246445,2324.650674
Pta+2009,2820,2055.957014,2317.517203,2286.6055,2151.069711,2224.782129,2193.870462,2134.424981,2319.895027,2303.250261,2105.891166,2343.673269
Pta+2009,2880,1910.910369,2046.445751,2139.180618,2074.979545,2105.891166,2006.022894,2041.690119,2277.094209,2234.293414,2124.913708,2001.267265
Pta+2009,2940,1939.444115,2025.045412,2153.44753,1996.511636,2058.33483,2041.690119,2170.092264,2172.470084,2255.693808,2210.515204,2151.069711
Pta+2004,0,2529.143799,2460.186757,2455.431101,2450.675445,2531.521629,2388.851948,2464.942413,2346.051093,2353.184567,2531.521629,2643.279724
Pta+2004,60,2571.944752,2752.660138,2669.435896,2583.83391,2674.191565,2740.770955,2707.481253,2752.660138,2807.350401,2942.887301,2976.177101
Pta+2004,120,2564.811258,2736.015283,2629.012725,2669.435896,2719.370431,2740.770955,2707.481253,2612.367895,2629.012725,2600.478733,2766.92716
Pta+2004,180,2942.887301,3128.359221,2785.949859,2783.572021,2683.702903,2854.907182,3059.401662,3002.333382,2897.708309,2807.350401,2999.955538
Pta+2004,240,3839.338894,3615.81952,3133.114916,2892.952627,3066.5352,3156.8934,2969.043571,4060.481017,2897.708309,3332.854399,3751.357789
Pta+2004,300,5744.034633,5546.667051,4600.260593,3563.506565,4179.374884,4329.181408,3378.033637,5998.473077,3708.556206,4124.683683,4498.011319
Pta+2004,360,8813.99547,6060.299363,6523.998031,3741.846324,5361.189527,5463.439904,3266.274516,8490.585835,4945.05562,5156.689165,5791.593159
Pta+2004,420,11589.189227,7135.133201,8642.778442,4117.550051,6754.659395,6699.966434,3454.125043,10488.136828,6110.236014,6493.084703,6383.699176
Pta+2004,480,14193.250323,9089.845898,10557.100789,4747.690009,8219.493472,8205.225478,4371.983323,14031.534472,7325.370782,8026.875771,7589.326175
Pta+2004,540,15727.188982,10509.53943,11524.980572,5689.342363,9446.550446,9277.710095,4854.6954,17201.700369,7884.196292,9379.965476,7506.096903
Pta+2004,600,16944.848045,11979.198462,11310.952093,6100.724268,10010.146874,10863.872229,4819.02692,19722.702123,8357.417542,9953.073637,7781.942822
Pta+2004,660,16012.576163,12333.537769,11037.472093,6188.707956,10347.831023,11329.976824,5178.090341,21430.36918,8248.029467,10530.942038,7185.070522
Pta+2004,720,14963.783277,11962.551688,10307.403972,6100.724268,9893.622392,11232.475128,5075.840329,23104.774487,7708.225285,10856.737996,6833.13197
Pta+2004,780,13389.430643,12385.856457,9287.222218,6474.061123,9265.819943,12376.343965,4983.102058,22954.932812,7696.335366,11546.383451,6295.715274
Pta+2004,840,11938.770587,12100.482209,7770.052892,6195.841773,9042.285411,11712.850486,4971.212544,22498.2742,7158.912874,10766.371101,5751.16841
Pta+2004,900,11030.337844,11772.303083,7451.403429,6267.179975,8271.80947,11722.362899,4400.517946,21577.829604,6947.274033,10343.074898,5042.549655
Pta+2004,960,9220.637381,11165.888672,6640.517606,6048.409689,7453.781405,10221.793815,4605.016376,19644.216908,6072.189039,10183.744885,4833.29431
Pta+2004,1020,8064.923675,10687.89467,6105.480141,6024.630346,6928.250345,9772.34199,4198.397919,18466.947927,5893.844086,9058.931578,4600.260593
Pta+2004,1080,6992.455312,10414.416798,5606.115067,5563.312491,6312.36087,9365.697276,4138.950949,17104.191519,5384.968673,8538.145994,4295.891045
Pta+2004,1140,6348.030015,9370.453342,5106.753109,5125.776365,6169.684448,8970.944735,4260.222814,16048.249632,4975.96835,7705.847301,3718.067667
Pta+2004,1200,5237.538083,8492.963842,4721.533157,4621.66162,5273.206749,7777.18685,3879.762677,13660.54052,4712.021577,6837.887886,3461.258616
Pta+2004,1260,5016.392707,7572.680314,4131.817316,4162.729732,4802.381635,6830.754012,3565.884426,12571.350263,4174.619126,6343.274128,3161.649098
Pta+2004,1320,4319.669874,7013.856979,3729.956995,3891.652029,4395.762175,6179.196201,3492.170773,10849.603764,3644.353873,5549.044971,2983.310632
Pta+2004,1380,3737.090592,6155.416819,3611.063795,3646.731737,4157.973975,5851.041357,3437.480042,9525.02566,3527.838661,4871.340696,2966.665728
Pta+2004,1440,3351.877233,5758.302188,3202.072539,2997.577694,3706.178341,4904.631298,3216.33964,8179.067496,3209.206089,4272.112223,2854.907182
Pta+2004,1500,3185.42759,4911.765,3004.711227,3071.290892,3454.125043,4681.108948,3052.268125,7665.421585,3156.8934,3787.025793,2750.282301
Pta+2004,1560,3018.978293,4961.700934,2869.174222,2914.353198,3375.655782,4319.669874,2866.796382,6609.604233,2992.822006,3734.712726,2595.723069
Pta+2004,1620,2983.310632,4436.18624,2923.864564,2769.304997,3116.469982,4162.729732,2959.532199,5537.155373,2757.415812,3311.453717,2522.010309
Pta+2004,1680,2676.569399,4329.181408,2659.92456,2541.03295,2940.509459,3839.338894,2759.793649,4740.556321,2671.813731,3028.489672,2315.139379
Pta+2004,1740,2624.257059,3796.537263,2479.209383,2709.859089,2802.594725,3506.437926,2612.367895,4272.112223,2674.191565,3011.844759,2460.186757
Pta+2004,1800,2505.365502,3606.308071,2445.91979,2564.811258,2441.164135,3159.271249,2502.987673,3977.255415,2386.474122,2624.257059,2272.338564
Pta+2004,1860,2376.962819,3218.717491,2288.983322,2403.118905,2493.476356,2755.037975,2581.456078,3282.919482,2353.184567,2398.363252,2189.114822
Pta+2004,1920,2398.363252,3230.606745,2655.168892,2483.965041,2543.410781,2930.99809,2652.791058,3301.942304,2728.881774,2631.390558,2502.987673
Pta+2004,1980,2334.161971,3045.134588,2379.340645,2160.580987,2277.094209,2774.060671,2486.342869,2878.685583,2517.25465,2472.075898,2467.320241
Pta+2004,2040,2262.827274,2909.597515,2476.831555,2274.716386,2248.560343,2476.831555,2384.096296,2707.481253,2317.517203,2400.741078,2193.870462
Pta+2004,2100,2319.895027,2828.750949,2367.451518,2234.293414,2384.096296,2317.517203,2350.806743,2360.318042,2324.650674,2648.035391,2369.829343
Pta+2004,2160,2224.782129,2522.010309,2265.205097,2060.712646,2086.868628,2162.958806,2231.915592,2258.07163,2272.338564,2113.024619,2036.934488
Pta+2004,2220,2231.915592,2510.121161,2117.780254,2134.424981,2327.028498,2260.449452,2272.338564,2329.406323,2203.381743,2288.983322,2172.470084
Pta+2004,2280,2181.981362,2407.874558,2272.338564,2212.893025,2048.823566,2184.359182,2281.849854,2360.318042,2234.293414,2322.27285,2146.314074
Pta+2004,2340,2003.645079,2324.650674,1960.84443,1868.10977,2060.712646,2084.490811,2210.515204,2122.53589,2089.246445,2108.268984,2051.201382
Pta+2004,2400,2036.934488,2170.092264,2094.002079,2165.336625,2034.556673,2015.534152,2151.069711,2293.738968,2058.33483,2210.515204,2212.893025
Pta+2004,2460,1979.866938,2160.580987,2046.445751,1944.19974,2086.868628,2089.246445,2020.289782,2096.379897,2084.490811,2210.515204,2222.404308
Pta+2004,2520,2025.045412,2177.225723,1891.887878,2143.936255,2110.646801,2177.225723,2239.049056,2393.6076,1998.88945,2298.494615,2260.449452
Pta+2004,2580,2231.915592,2274.716386,2115.402437,2143.936255,2193.870462,2231.915592,2243.804699,2386.474122,2115.402437,2253.315986,2241.426878
Pta+2004,2640,2160.580987,2220.026487,2115.402437,2006.022894,1929.932865,2248.560343,1979.866938,2015.534152,2034.556673,2212.893025,2041.690119
Pta+2004,2700,1963.222244,2015.534152,2010.778523,1920.421616,2072.601728,2132.047163,2127.291526,2153.44753,2105.891166,2155.825349,2001.267265
Pta+2004,2760,2006.022894,1994.133822,2017.911967,1934.68849,1960.84443,2008.400708,2036.934488,2208.137384,2253.315986,2055.957014,2072.601728
Pta+2004,2820,2167.714445,2067.846095,2186.737002,2094.002079,2044.067935,2229.537771,2103.513349,2260.449452,2217.648666,2210.515204,2155.825349
Pta+2004,2880,1927.555053,2041.690119,1994.133822,2051.201382,1891.887878,2079.735178,2084.490811,1977.489124,2017.911967,2029.801042,2039.312304
Pta+2004,2940,1925.17724,2094.002079,2036.934488,1865.731959,1918.043804,2010.778523,1901.399123,1937.066302,2063.090463,2053.579198,1944.19974
Pta+1949,0,2415.008037,2415.008037,2391.229774,2579.078246,2550.544273,2353.184567,2469.69807,2348.428918,2460.186757,2529.143799,5106.753109
Pta+1949,60,2733.637447,2595.723069,2609.990062,2602.856565,2845.395824,2888.196945,2650.413225,2645.657558,2957.154357,2926.242406,3779.892191
Pta+1949,120,2609.990062,2583.83391,2728.881774,2645.657558,2716.992595,2650.413225,2690.836407,2674.191565,2686.080738,2828.750949,3171.160494
Pta+1949,180,3014.222604,2933.375932,2702.725583,2845.395824,2740.770955,2778.816346,2826.37311,2719.370431,2695.592077,2919.108881,3387.545059
Pta+1949,240,3656.24319,3689.533287,3204.450389,2966.665728,2797.839048,2793.083372,2816.861755,2700.347747,2890.574786,3910.674996,4391.006404
Pta+1949,300,5318.387082,6780.816911,7061.41626,4412.407376,3682.399694,3475.525764,3801.292999,2919.108881,3290.05304,6319.494698,6210.109408
Pta+1949,360,7427.623669,12752.088232,15874.638899,6053.165558,4728.666843,4657.330012,4333.937175,3018.978293,4647.818439,10464.356166,8179.067496
Pta+1949,420,8623.75435,19717.945441,23364.025032,8288.455477,6795.084651,5927.135114,5468.195739,3570.640148,6483.572912,15299.11012,10759.236877
Pta+1949,480,10628.442879,26957.942487,28106.793291,11070.76526,9346.673012,8464.42776,7418.111767,4226.93248,8787.837289,19434.923379,13225.338268
Pta+1949,540,11922.123821,32778.480716,30166.678882,12835.32296,12024.382582,11886.452191,9610.635073,5121.020551,10452.465837,22379.353114,14569.003121
Pta+1949,600,12390.612703,35785.250658,29928.814097,13881.709785,14002.996415,14000.618244,11018.447432,6022.252412,11194.425718,23792.147035,16271.803734
Pta+1949,660,12652.206673,35345.17047,27019.784967,13900.735126,15936.472815,16680.861792,13213.447529,6478.817017,11339.489191,24103.726156,15648.707686
Pta+1949,720,11565.408238,33249.470445,24393.900168,13653.406038,16347.9074,17173.161182,14174.224912,7242.141785,11056.496758,22826.497314,14840.116994
Pta+1949,780,11104.058442,31341.741291,21259.125157,13358.514662,16542.923376,17912.805087,15736.701872,7810.478661,9589.232711,21470.80185,13969.702028
Pta+1949,840,10003.012717,27072.113257,16951.98282,11903.09895,15965.011562,18019.828084,16640.431542,8331.25951,8878.20195,19192.333837,12980.389408
Pta+1949,900,9049.419482,24436.712816,14664.130691,11310.952093,14994.699877,17427.635966,16019.710855,8749.789042,8264.675468,17410.988058,11815.108979
Pta+1949,960,8293.21148,21163.989747,12744.953831,9565.452316,13912.625967,16871.122067,15146.904854,8638.022418,7263.543519,15280.084446,10590.393756
Pta+1949,1020,7287.32323,19301.736873,11085.033765,8816.373487,12431.040806,16136.244257,15232.52028,8982.834843,6683.320758,13425.102942,10102.89097
Pta+1949,1080,6735.635752,16438.280598,9498.867247,7494.207014,10783.017627,14928.110291,13662.918681,9246.795703,6200.597651,12036.273144,9239.661614
Pta+1949,1140,6293.337332,14813.956844,8171.933503,7004.345126,10238.440227,13648.649717,13030.330377,9170.698789,5551.422891,10626.064808,8490.585835
Pta+1949,1200,5318.387082,13077.893233,7085.195911,5832.017929,9063.687627,12331.159647,11629.616926,8690.338691,4802.381635,8911.49422,7249.275695
Pta+1949,1260,5173.334524,11565.408238,6290.95939,5247.049726,7810.478661,10920.946115,10588.015687,8112.483581,4243.577646,8007.851826,6845.02176
Pta+1949,1320,4647.818439,10055.329882,5487.21908,5014.014803,7028.12476,9846.061428,9089.845898,7498.96297,3951.098815,7006.723089,5958.048223
Pta+1949,1380,4226.93248,8989.968909,4890.363896,4362.471785,5924.757183,8638.022418,7865.172381,6987.699387,3537.3501,6134.015382,5608.492989
Pta+1949,1440,3708.556206,7705.847301,4284.001633,3989.144781,5218.514801,7553.656477,7313.48092,6364.675622,3221.095341,5311.253344,4952.189325
Pta+1949,1500,3689.533287,7099.463705,4055.725266,3651.487463,4776.224766,6787.950781,6573.934971,6005.606877,3066.5352,4961.700934,4536.057545
Pta+1949,1560,3275.785925,6438.391921,3741.846324,3285.297334,4198.397919,5758.302188,5774.947672,5568.068332,2864.418542,4350.582363,3924.942224
Pta+1949,1620,3197.316839,5929.513045,3565.884426,3194.938989,4074.748272,5546.667051,4928.410308,5121.020551,2643.279724,4248.333408,3836.961025
Pta+1949,1680,3178.294042,5123.398458,3194.938989,3023.733982,3551.617262,4933.166111,4559.836446,4578.859571,2533.89946,3542.105821,3556.372983
Pta+1949,1740,2969.043571,4652.574225,3076.046584,2750.282301,3237.740298,4231.688241,4060.481017,4274.490105,2574.322583,3347.121524,3213.96179
Pta+1949,1800,2797.839048,4436.18624,3045.134588,2576.700415,3002.333382,3853.606109,3539.727961,3905.919254,2379.340645,3202.072539,3009.466915
Pta+1949,1860,2633.768391,3889.274159,2683.702903,2505.365502,2904.841832,3653.865327,3178.294042,3506.437926,2229.537771,3047.512434,2814.483916
Pta+1949,1920,2683.702903,3872.629067,2857.285022,2716.992595,2957.154357,3354.255088,3249.629554,3525.460801,2536.27729,3145.004157,3183.04974
Pta+1949,1980,2493.476356,3328.098691,2624.257059,2303.250261,2531.521629,3145.004157,2762.171485,3166.404796,2265.205097,2790.705534,2940.509459
Pta+1949,2040,2405.496731,3325.720838,2776.438509,2277.094209,2531.521629,2997.577694,2621.879226,2959.532199,2124.913708,2629.012725,2676.569399
Pta+1949,2100,2246.182521,3068.913046,2548.166442,2457.808929,2341.295444,2914.353198,2652.791058,2957.154357,2365.073693,2590.967405,2541.03295
Pta+1949,2160,2174.847903,2933.375932,2386.474122,1913.288181,2098.757714,2529.143799,2324.650674,2319.895027,2196.248282,2500.609843,2303.250261
Pta+1949,2220,2274.716386,2769.304997,2291.361145,2170.092264,2139.180618,2522.010309,2170.092264,2362.695867,2162.958806,2502.987673,2369.829343
Pta+1949,2280,2260.449452,2807.350401,2693.214242,2120.158072,2115.402437,2500.609843,2229.537771,2493.476356,2436.40848,2488.720698,2386.474122
Pta+1949,2340,1982.244752,2395.985426,2210.515204,1887.132256,1953.710991,2334.161971,2094.002079,2122.53589,2198.626102,2343.673269,2300.872438
Pta+1949,2400,2015.534152,2479.209383,2217.648666,2094.002079,2015.534152,2357.940217,2174.847903,2331.784147,2084.490811,2393.6076,2303.250261
Pta+1949,2460,2110.646801,2426.897172,2074.979545,1948.955365,2055.957014,2336.539795,2158.203168,2141.558436,1934.68849,2457.808929,2220.026487
Pta+1949,2520,2141.558436,2398.363252,2236.671235,2089.246445,2201.003922,2288.983322,2013.156337,2357.940217,2139.180618,2410.252384,2319.895027
Pta+1949,2580,2243.804699,2426.897172,2455.431101,2098.757714,2334.161971,2310.383732,2234.293414,2229.537771,2167.714445,2524.388139,2450.675445
Pta+1949,2640,2174.847903,2519.63248,2246.182521,1922.799428,1994.133822,2105.891166,1937.066302,2094.002079,1972.733497,2203.381743,2072.601728
Pta+1949,2700,1939.444115,2129.669344,2094.002079,1979.866938,2193.870462,2277.094209,2060.712646,2315.139379,2079.735178,2298.494615,2165.336625
Pta+1949,2760,2027.423227,2181.981362,2053.579198,1868.10977,1877.621012,2101.135531,1984.622566,2203.381743,1967.97787,2186.737002,2151.069711
Pta+1949,2820,2032.178858,2193.870462,2246.182521,2146.314074,2089.246445,2141.558436,2124.913708,2303.250261,2105.891166,2336.539795,2248.560343
Pta+1949,2880,1941.821927,2239.049056,2110.646801,1989.378194,2015.534152,2001.267265,1984.622566,1953.710991,1975.111311,2165.336625,2060.712646
Pta+1949,2940,1870.48758,2288.983322,1948.955365,1987.00038,2082.112995,2013.156337,1956.088804,2053.579198,1939.444115,2117.780254,2108.268984
Pta+5014,0,2555.299934,2450.675445,2648.035391,2479.209383,2541.03295,3703.800476,2619.501393,2522.010309,2346.051093,2633.768391,2712.236924
Pta+5014,60,2667.058062,2636.146224,2736.015283,2669.435896,2643.279724,3708.556206,2821.617432,2621.879226,2838.262305,2888.196945,3026.111827
Pta+5014,120,2598.100901,2728.881774,2719.370431,2648.035391,2771.682834,3140.248461,2629.012725,2541.03295,2688.458573,2764.549322,2702.725583
Pta+5014,180,2797.839048,2676.569399,2721.748267,2795.46121,2790.705534,3190.183289,2859.662862,2812.106078,2878.685583,2890.574786,3038.001052
Pta+5014,240,2804.972563,2669.435896,2676.569399,2807.350401,2828.750949,3420.835044,2736.015283,2683.702903,2828.750949,2888.196945,2971.421415
Pta+5014,300,3244.873851,3501.682208,2840.640145,3228.228894,3071.290892,3454.125043,3166.404796,2919.108881,2942.887301,2995.19985,3185.42759
Pta+5014,360,3658.621054,4583.615353,2926.242406,3290.05304,3118.84783,2902.463991,3192.561139,3359.010797,2921.486723,3199.694689,3385.167203
Pta+5014,420,3946.343071,6386.077121,2745.526628,3720.445532,3894.0299,3278.163777,3373.277927,3618.197382,3178.294042,3280.541629,4255.467052
Pta+5014,480,4700.132103,8849.665731,2954.776514,4307.780459,4697.754208,3932.075839,4191.26428,4412.407376,4262.600696,3775.136457,5530.021615
Pta+5014,540,5518.13202,11101.680357,3539.727961,4783.358456,5791.593159,4628.795297,5634.65013,5313.631257,4826.160615,3965.36605,5808.23865
Pta+5014,600,5456.306153,12362.075231,3568.262287,5392.102418,6488.328808,4721.533157,7092.329807,5622.760519,5541.911212,3732.33486,6000.85101
Pta+5014,660,5458.68407,13061.24623,3917.80861,5618.004675,6214.865287,4635.928975,7477.561173,5893.844086,5665.563127,3603.930209,5717.877456
Pta+5014,720,4880.852295,11584.433029,3936.831583,5380.212843,5834.395857,4443.3199,6975.809575,6036.520017,5499.108671,3230.606745,5135.287994
Pta+5014,780,4735.80053,10849.603764,3979.633288,5403.991994,5382.590758,4186.508522,6673.808945,5791.593159,5270.828837,3002.333382,4949.811423
Pta+5014,840,4512.278651,9491.733136,4017.679268,5094.863577,4716.777367,4117.550051,5927.135114,5311.253344,4662.085799,2816.861755,4198.397919
Pta+5014,900,3948.720943,8121.995565,3741.846324,5044.92756,4157.973975,3542.105821,5273.206749,5063.950801,4312.536225,2664.680228,3844.094632
Pta+5014,960,3753.735656,6830.754012,3625.33097,4576.48168,3794.159396,3213.96179,4585.993244,4345.826595,3720.445532,2576.700415,3418.457187
Pta+5014,1020,3553.995122,6034.142082,3603.930209,4155.596096,3266.274516,3252.007406,4129.439438,4005.789897,3886.896288,2664.680228,3194.938989
Pta+5014,1080,3444.613613,4926.032407,3506.437926,4131.817316,3137.870613,3204.450389,3922.564352,3939.209454,3656.24319,2576.700415,3273.408072
Pta+5014,1140,3463.636474,4483.743989,3401.812194,3722.823398,3121.225677,3102.202898,3542.105821,3732.33486,3380.411492,2476.831555,2833.506627
Pta+5014,1200,2973.799258,3962.988178,3045.134588,3154.515551,2640.901891,2619.501393,3159.271249,3366.144362,3206.828239,2310.383732,2664.680228
Pta+5014,1260,2812.106078,3620.575245,2840.640145,3018.978293,2498.232014,2609.990062,2988.066319,2933.375932,3026.111827,2250.938165,2602.856565
Pta+5014,1320,2602.856565,3311.453717,2607.61223,2873.929902,2502.987673,2854.907182,2876.307743,2950.020829,2740.770955,2472.075898,2495.854185
Pta+5014,1380,2455.431101,3099.825051,2474.453726,2833.506627,2386.474122,2755.037975,2541.03295,2907.219674,2752.660138,2229.537771,2398.363252
Pta+5014,1440,2436.40848,2947.642986,2372.207168,2531.521629,2179.603542,2759.793649,2695.592077,2871.552062,2709.859089,2041.690119,2331.784147
Pta+5014,1500,2407.874558,2736.015283,2445.91979,2384.096296,2255.693808,2743.148792,2562.433427,2850.151503,2602.856565,2303.250261,2372.207168
Pta+5014,1560,2436.40848,2676.569399,2267.582919,2567.189089,2220.026487,2659.92456,2526.765969,2671.813731,2755.037975,2184.359182,2415.008037
Pta+5014,1620,2343.673269,2852.529342,2398.363252,2334.161971,2127.291526,2498.232014,2588.589573,2488.720698,2595.723069,2179.603542,2453.053273
Pta+5014,1680,2538.65512,2764.549322,2212.893025,2476.831555,2324.650674,2614.745728,2486.342869,2374.584994,2472.075898,2108.268984,2372.207168
Pta+5014,1740,2469.69807,2531.521629,2305.628085,2426.897172,2220.026487,2407.874558,2374.584994,2500.609843,2474.453726,2269.960741,2334.161971
Pta+5014,1800,2303.250261,2552.922103,2151.069711,2153.44753,2060.712646,2412.630211,2483.965041,2331.784147,2374.584994,2177.225723,2331.784147
Pta+5014,1860,2483.965041,2403.118905,2384.096296,2198.626102,2079.735178,2341.295444,2376.962819,2319.895027,2586.211741,2148.691892,2281.849854
Pta+5014,1920,2395.985426,2581.456078,2217.648666,2429.274999,2201.003922,2586.211741,2617.12356,2431.652826,2771.682834,2419.763691,2379.340645
Pta+5014,1980,2431.652826,2260.449452,1987.00038,2186.737002,2122.53589,2448.297618,2536.27729,2191.492642,2467.320241,2203.381743,2155.825349
Pta+5014,2040,2334.161971,2598.100901,2255.693808,2174.847903,2162.958806,2476.831555,2341.295444,2201.003922,2372.207168,2172.470084,2346.051093
Pta+5014,2100,2258.07163,2443.541962,2379.340645,2129.669344,2082.112995,2279.472031,2272.338564,2317.517203,2429.274999,2243.804699,2284.227677
Pta+5014,2160,2201.003922,2079.735178,1994.133822,1870.48758,1932.310677,1989.378194,2058.33483,1967.97787,2279.472031,2091.624262,2082.112995
Pta+5014,2220,2108.268984,2082.112995,2077.357361,2036.934488,2122.53589,2113.024619,2108.268984,2189.114822,2160.580987,2122.53589,2051.201382
Pta+5014,2280,2217.648666,2117.780254,2072.601728,2208.137384,2084.490811,2317.517203,2193.870462,2274.716386,2331.784147,2053.579198,2074.979545
Pta+5014,2340,2082.112995,2065.468279,1998.88945,1837.19824,1830.064812,2141.558436,1941.821927,1946.577552,2048.823566,1891.887878,2020.289782
Pta+5014,2400,2041.690119,2167.714445,2055.957014,1958.466617,1830.064812,2162.958806,2089.246445,2224.782129,2362.695867,2179.603542,2201.003922
Pta+5014,2460,2046.445751,2141.558436,1872.865391,1960.84443,1967.97787,2277.094209,2034.556673,1975.111311,2246.182521,2060.712646,2136.802799
Pta+5014,2520,2184.359182,2170.092264,2015.534152,1984.622566,2077.357361,2348.428918,2186.737002,2205.759563,2220.026487,2184.359182,2086.868628
Pta+5014,2580,2113.024619,2167.714445,2179.603542,2067.846095,2117.780254,3473.147905,2222.404308,2098.757714,2422.141518,2193.870462,2319.895027
Pta+5014,2640,2053.579198,2277.094209,2058.33483,2051.201382,1870.48758,2053.579198,2044.067935,2086.868628,2025.045412,2122.53589,2044.067935
Pta+5014,2700,2065.468279,1932.310677,1858.598529,1925.17724,2032.178858,2424.519345,2205.759563,2001.267265,2269.960741,2053.579198,2041.690119
Pta+5014,2760,2146.314074,2044.067935,1901.399123,1960.84443,2022.667597,2167.714445,1951.333178,2198.626102,2120.158072,2022.667597,2029.801042
Pta+5014,2820,2151.069711,2220.026487,2051.201382,2036.934488,2034.556673,2491.098527,2010.778523,2165.336625,2388.851948,2079.735178,2234.293414
Pta+5014,2880,2017.911967,2006.022894,1830.064812,1991.756008,1896.6435,2098.757714,1906.154746,2151.069711,2055.957014,2082.112995,1975.111311
Pta+5014,2940,2070.223912,2117.780254,1865.731959,2027.423227,2077.357361,2262.827274,2136.802799,2110.646801,2186.737002,2098.757714,2051.201382
