##BLOCKS= 1          
Plate:	Plate#1	1.3	PlateFormat	Kinetic	Luminescence	Raw	FALSE	14	840	60				1	450	1	12	96	405	Automatic	435			6	Automatic			1	8	None	
Time(hh:mm:ss)	Temperature(¡C)	1	2	3	4	5	6	7	8	9	10	11	12		
0:00	23.60	4108.038543	3470.770047	3142.626309	3183.04974	3213.96179	3152.137703	3066.5352	3030.867517	3071.290892	3178.294042	3187.80544			
		4124.683683	3534.97224	3147.382006	3259.140961	3090.313664	3221.095341	3142.626309	3104.580745	3068.913046	3133.114916	3042.756743			
		3758.491389	3259.140961	3145.004157	3149.759854	3109.33644	3066.5352	3023.733982	3078.424431	3178.294042	3149.759854	3185.42759			
		3530.216521	3532.594381	3268.652368	3135.492765	3175.916192	3104.580745	3083.180124	3294.808745	2969.043571	3111.714287	3123.603525			
		3506.437926	3397.056482	3206.828239	3102.202898	3002.333382	3118.84783	2971.421415	3183.04974	3026.111827	3123.603525	3125.981373			
		3746.602057	3301.942304	3242.496	3145.004157	3018.978293	3007.089071	3054.64597	3090.313664	3049.890279	3164.026947	3235.362447			
		3656.24319	3206.828239	3354.255088	3204.450389	3021.356138	3106.958593	3128.359221	3254.385257	3073.668738	3161.649098	3254.385257			
		3397.056482	3213.96179	3218.717491	3268.652368	3244.873851	3171.160494	3225.851043	2971.421415	3038.001052	3254.385257	3142.626309			
		
1:00	23.90	2847.773663	3192.561139	3252.007406	3059.401662	2923.864564	3071.290892	3183.04974	3042.756743	3145.004157	3240.118149	3235.362447			
		2909.597515	2969.043571	3011.844759	3042.756743	2914.353198	3137.870613	3249.629554	3228.228894	3199.694689	3164.026947	3473.147905			
		3002.333382	3083.180124	3106.958593	3085.55797	3059.401662	3087.935817	3071.290892	2990.444163	3192.561139	3285.297334	3492.170773			
		3004.711227	3009.466915	3154.515551	3054.64597	3097.447204	3190.183289	3042.756743	3306.69801	3140.248461	3171.160494	3275.785925			
		3007.089071	3071.290892	3173.538343	3038.001052	3004.711227	3178.294042	3095.069357	3130.737068	3237.740298	3149.759854	3380.411492			
		3014.222604	3059.401662	3118.84783	2988.066319	3040.378898	3087.935817	3106.958593	3140.248461	3225.851043	3145.004157	3416.079331			
		2828.750949	3071.290892	3137.870613	2933.375932	2976.177101	3159.271249	3018.978293	3261.518812	3130.737068	3280.541629	3413.701474			
		2957.154357	3087.935817	3035.623207	3076.046584	3168.782645	3054.64597	3021.356138	3071.290892	3033.245362	3347.121524	3413.701474			
		
2:00	24.20	2921.486723	3007.089071	3028.489672	3104.580745	2904.841832	3149.759854	3128.359221	3271.03022	3092.69151	3192.561139	3266.274516			
		2964.287885	2983.310632	3097.447204	3042.756743	3038.001052	3180.671891	3085.55797	3237.740298	3152.137703	3206.828239	3282.919482			
		3164.026947	2938.131617	3097.447204	2988.066319	2971.421415	3173.538343	2985.688475	3166.404796	3204.450389	3230.606745	3280.541629			
		2933.375932	2971.421415	2990.444163	3047.512434	2983.310632	3168.782645	3040.378898	3309.075863	3244.873851	3125.981373	3244.873851			
		2954.776514	3030.867517	3121.225677	3061.779508	2976.177101	3180.671891	3259.140961	3273.408072	3164.026947	3140.248461	3332.854399			
		3004.711227	2995.19985	2919.108881	3145.004157	3111.714287	3002.333382	3033.245362	3111.714287	3137.870613	3256.763109	3268.652368			
		2954.776514	3135.492765	3066.5352	3035.623207	2988.066319	3123.603525	3223.473192	3218.717491	3052.268125	3066.5352	3263.896664			
		3076.046584	3073.668738	3011.844759	3018.978293	3026.111827	2945.265144	3068.913046	3099.825051	3080.802277	3332.854399	3187.80544			
		
3:00	24.30	3106.958593	3142.626309	3106.958593	3235.362447	3135.492765	3202.072539	3164.026947	3206.828239	3335.232253	3389.922914	3466.014331			
		3030.867517	3211.58394	3268.652368	3149.759854	3202.072539	3175.916192	3313.83157	3361.388652	3254.385257	3275.785925	3570.640148			
		3121.225677	3206.828239	3187.80544	3216.33964	3225.851043	3199.694689	3161.649098	3187.80544	3240.118149	3240.118149	3475.525764			
		3068.913046	3244.873851	3178.294042	3221.095341	3130.737068	3152.137703	3213.96179	3316.209423	3159.271249	3259.140961	3394.678626			
		3040.378898	3114.092135	3161.649098	3273.408072	3128.359221	3256.763109	3335.232253	3323.342984	3506.437926	3387.545059	3344.74367			
		3218.717491	3078.424431	3168.782645	3256.763109	3154.515551	3259.140961	3252.007406	3323.342984	3347.121524	3297.186598	3380.411492			
		3057.023816	3125.981373	3192.561139	3237.740298	3197.316839	3187.80544	3159.271249	3385.167203	3313.83157	3211.58394	3323.342984			
		3137.870613	3068.913046	3287.675187	3294.808745	3187.80544	3190.183289	3261.518812	3273.408072	3290.05304	3532.594381	3359.010797			
		
4:00	24.40	3061.779508	3456.5029	3211.58394	3263.896664	3247.251703	3301.942304	3216.33964	3249.629554	3416.079331	3354.255088	3439.857899			
		2997.577694	3209.206089	3328.098691	3337.610107	3242.496	3304.320157	3235.362447	3266.274516	3456.5029	3373.277927	3363.766507			
		3097.447204	3216.33964	3249.629554	3130.737068	3232.984596	3240.118149	3301.942304	3320.96513	3356.632942	3394.678626	3382.789348			
		3052.268125	3125.981373	3225.851043	3137.870613	3216.33964	3223.473192	3161.649098	3194.938989	3282.919482	3304.320157	3356.632942			
		3092.69151	3192.561139	3123.603525	3230.606745	3232.984596	3266.274516	3114.092135	3206.828239	3546.861541	3294.808745	3399.434338			
		2997.577694	3206.828239	3242.496	3335.232253	3216.33964	3228.228894	3280.541629	3194.938989	3335.232253	3375.655782	3359.010797			
		3068.913046	3275.785925	3323.342984	3242.496	3192.561139	3049.890279	3313.83157	3204.450389	3232.984596	3290.05304	3349.499379			
		3209.206089	3290.05304	3244.873851	3202.072539	3118.84783	3325.720838	3359.010797	3218.717491	3325.720838	3539.727961	3480.28148			
		
5:00	24.50	3256.763109	3339.987961	3133.114916	3299.564451	3382.789348	3259.140961	3299.564451	3537.3501	3423.2129	3392.30077	3587.285177			
		3190.183289	3266.274516	3247.251703	3285.297334	3349.499379	3232.984596	3339.987961	3442.235756	3430.346471	3456.5029	3511.193644			
		3166.404796	3230.606745	3252.007406	3259.140961	3183.04974	3399.434338	3444.613613	3411.323618	3368.522216	3473.147905	3444.613613			
		3173.538343	3133.114916	3228.228894	3387.545059	3259.140961	3290.05304	3328.098691	3470.770047	3366.144362	3496.92649	3416.079331			
		3204.450389	3187.80544	3287.675187	3299.564451	3259.140961	3399.434338	3375.655782	3401.812194	3473.147905	3515.949363	3339.987961			
		3061.779508	3149.759854	3149.759854	3266.274516	3304.320157	3389.922914	3380.411492	3392.30077	3449.369328	3506.437926	3539.727961			
		3242.496	3180.671891	3244.873851	3316.209423	3232.984596	3335.232253	3413.701474	3356.632942	3482.659338	3408.945762	3561.128704			
		3202.072539	3206.828239	3461.258616	3035.623207	3273.408072	3332.854399	3380.411492	3261.518812	3380.411492	3582.529454	3546.861541			
		
6:00	24.50	3152.137703	3213.96179	3328.098691	3408.945762	3273.408072	3232.984596	3247.251703	3318.587277	3416.079331	3520.705082	3494.548631			
		3142.626309	3304.320157	3375.655782	3480.28148	3228.228894	3156.8934	3228.228894	3477.903622	3359.010797	3584.907315	3558.750844			
		3209.206089	3211.58394	3382.789348	3363.766507	3204.450389	3266.274516	3339.987961	3330.476545	3361.388652	3606.308071	3608.685933			
		3325.720838	3320.96513	3444.613613	3361.388652	3254.385257	3259.140961	3425.590757	3399.434338	3437.480042	3618.197382	3622.953107			
		3187.80544	3218.717491	3387.545059	3232.984596	3271.03022	3090.313664	3397.056482	3344.74367	3542.105821	3508.815785	3701.422611			
		3323.342984	3356.632942	3320.96513	3330.476545	3254.385257	3316.209423	3351.877233	3330.476545	3306.69801	3542.105821	3699.044746			
		3392.30077	3280.541629	3397.056482	3335.232253	3232.984596	3399.434338	3278.163777	3504.060067	3532.594381	3722.823398	3639.598147			
		3432.724328	3527.838661	3451.747185	3261.518812	3040.378898	3320.96513	3325.720838	3382.789348	3587.285177	3744.22419	3589.663038			
		
7:00	24.70	3209.206089	3244.873851	3316.209423	3230.606745	3380.411492	3242.496	3266.274516	3323.342984	3399.434338	3615.81952	3582.529454			
		3128.359221	3221.095341	3266.274516	3347.121524	3301.942304	3373.277927	3323.342984	3261.518812	3427.968614	3416.079331	3446.99147			
		3273.408072	3249.629554	3237.740298	3259.140961	3320.96513	3285.297334	3292.430892	3316.209423	3553.995122	3515.949363	3487.415055			
		3232.984596	3292.430892	3420.835044	3354.255088	3285.297334	3361.388652	3411.323618	3380.411492	3325.720838	3432.724328	3442.235756			
		3187.80544	3216.33964	3228.228894	3437.480042	3359.010797	3342.365816	3370.900072	3473.147905	3442.235756	3561.128704	3444.613613			
		3137.870613	3335.232253	3209.206089	3311.453717	3351.877233	3285.297334	3430.346471	3292.430892	3463.636474	3611.063795	3511.193644			
		3164.026947	3354.255088	3320.96513	3290.05304	3216.33964	3325.720838	3323.342984	3451.747185	3330.476545	3408.945762	3454.125043			
		3261.518812	3477.903622	3399.434338	3563.506565	3342.365816	3359.010797	3394.678626	3263.896664	3672.888237	3549.239402	3641.97601			
		
8:00	24.70	3475.525764	3328.098691	3406.567906	3292.430892	3375.655782	3539.727961	3482.659338	3466.014331	3615.81952	3601.552347	3561.128704			
		3228.228894	3282.919482	3347.121524	3470.770047	3404.19005	3537.3501	3387.545059	3527.838661	3727.579129	3573.018009	3734.712726			
		3342.365816	3256.763109	3330.476545	3282.919482	3232.984596	3466.014331	3401.812194	3504.060067	3370.900072	3442.235756	3855.983979			
		3394.678626	3466.014331	3506.437926	3466.014331	3287.675187	3487.415055	3366.144362	3337.610107	3477.903622	3485.037197	3580.151592			
		3199.694689	3397.056482	3275.785925	3337.610107	3320.96513	3653.865327	3370.900072	3378.033637	3639.598147	3539.727961	3639.598147			
		3273.408072	3328.098691	3416.079331	3411.323618	3399.434338	3651.487463	3523.082942	3480.28148	3496.92649	3527.838661	3589.663038			
		3382.789348	3416.079331	3432.724328	3408.945762	3570.640148	3439.857899	3487.415055	3494.548631	3473.147905	3580.151592	3558.750844			
		3506.437926	3798.915131	3732.33486	3508.815785	3592.0409	3646.731737	3437.480042	3589.663038	3653.865327	3820.315944	3466.014331			
		
9:00	24.80	3294.808745	3382.789348	3273.408072	3454.125043	3456.5029	3492.170773	3385.167203	3413.701474	3401.812194	3558.750844	3537.3501			
		3178.294042	3254.385257	3290.05304	3225.851043	3406.567906	3408.945762	3544.483681	3356.632942	3375.655782	3634.842421	3553.995122			
		3287.675187	3292.430892	3368.522216	3408.945762	3553.995122	3430.346471	3463.636474	3532.594381	3494.548631	3699.044746	3744.22419			
		3375.655782	3620.575245	3951.098815	3477.903622	3575.39587	3347.121524	3558.750844	3489.792914	3485.037197	3530.216521	3727.579129			
		3382.789348	3282.919482	3389.922914	3449.369328	3513.571504	3549.239402	3363.766507	3456.5029	3558.750844	3613.441658	3729.956995			
		3273.408072	3325.720838	3328.098691	3423.2129	3475.525764	3363.766507	3527.838661	3420.835044	3473.147905	3580.151592	3713.311936			
		3292.430892	3304.320157	3408.945762	3525.460801	3416.079331	3518.327223	3378.033637	3368.522216	3551.617262	3641.97601	3677.643965			
		3218.717491	3715.689801	3570.640148	3708.556206	3534.97224	3670.510373	3537.3501	3534.97224	3784.647926	3706.178341	3796.537263			
		
10:00	24.80	3278.163777	3313.83157	3437.480042	3513.571504	3430.346471	3506.437926	3475.525764	3411.323618	3461.258616	3577.773731	3744.22419			
		3232.984596	3468.392189	3359.010797	3263.896664	3366.144362	3456.5029	3356.632942	3530.216521	3299.564451	3556.372983	3760.869255			
		3439.857899	3430.346471	3466.014331	3392.30077	3575.39587	3508.815785	3494.548631	3344.74367	3506.437926	3601.552347	3715.689801			
		3449.369328	4100.904912	4583.615353	3718.067667	3615.81952	3501.682208	3677.643965	3468.392189	3558.750844	3513.571504	3641.97601			
		3316.209423	3425.590757	3463.636474	3380.411492	3442.235756	3456.5029	3508.815785	3485.037197	3518.327223	3442.235756	3696.666881			
		3354.255088	3439.857899	3423.2129	3320.96513	3435.102185	3515.949363	3568.262287	3575.39587	3525.460801	3646.731737	3729.956995			
		3325.720838	3485.037197	3370.900072	3370.900072	3454.125043	3475.525764	3527.838661	3492.170773	3363.766507	3523.082942	3706.178341			
		3691.911152	3910.674996	3608.685933	3846.472501	3658.621054	3770.380723	3520.705082	3325.720838	3848.850371	3734.712726	3779.892191			
		
11:00	24.90	3292.430892	3442.235756	3330.476545	3427.968614	3309.075863	3456.5029	3570.640148	3418.457187	3501.682208	3575.39587	3763.247122			
		3309.075863	3413.701474	3387.545059	3344.74367	3370.900072	3361.388652	3427.968614	3306.69801	4074.748272	3789.403661	3699.044746			
		3323.342984	3351.877233	3328.098691	3463.636474	3530.216521	3359.010797	3299.564451	3418.457187	3456.5029	3660.998918	3644.353873			
		3290.05304	4509.900762	5368.32327	3896.40777	3568.262287	3596.796623	3853.606109	3499.304349	3290.05304	3584.907315	3687.155423			
		3361.388652	3273.408072	3532.594381	3320.96513	3487.415055	3263.896664	3470.770047	3480.28148	3432.724328	3782.270058	3639.598147			
		3385.167203	3363.766507	3332.854399	3480.28148	3435.102185	3363.766507	3266.274516	3492.170773	3551.617262	3656.24319	3589.663038			
		3399.434338	3282.919482	3299.564451	3335.232253	3446.99147	3344.74367	3587.285177	3515.949363	3482.659338	3680.021829	3708.556206			
		3644.353873	3675.266101	3525.460801	3763.247122	3672.888237	3637.220284	3430.346471	3558.750844	3917.80861	3846.472501	3741.846324			
		
12:00	24.90	3325.720838	3290.05304	3611.063795	3463.636474	3570.640148	3401.812194	3523.082942	3527.838661	3494.548631	3639.598147	3539.727961			
		3385.167203	3363.766507	3630.086695	3506.437926	3487.415055	3477.903622	3537.3501	3489.792914	3589.663038	3570.640148	3611.063795			
		3413.701474	3477.903622	3375.655782	3435.102185	3430.346471	3373.277927	3442.235756	3544.483681	3356.632942	3622.953107	3720.445532			
		3299.564451	4921.276605	6588.202674	4017.679268	3649.1096	3658.621054	4034.32439	3656.24319	3468.392189	3718.067667	3846.472501			
		3342.365816	3342.365816	3456.5029	3499.304349	3487.415055	3389.922914	3511.193644	3397.056482	3527.838661	3646.731737	3663.376781			
		3444.613613	3382.789348	3468.392189	3565.884426	3515.949363	3375.655782	3511.193644	3475.525764	3413.701474	3639.598147	3908.297125			
		3271.03022	3551.617262	3527.838661	3328.098691	3430.346471	3577.773731	3294.808745	3551.617262	3437.480042	3787.025793	3718.067667			
		3729.956995	3943.965199	3618.197382	3691.911152	3691.911152	3875.006937	3556.372983	3473.147905	4003.412023	3934.453711	3884.518418			
		
13:00	24.90	3553.995122	3432.724328	3508.815785	3611.063795	3399.434338	3513.571504	3304.320157	3477.903622	3515.949363	3710.934071	3803.670867			
		3430.346471	3397.056482	3454.125043	3644.353873	3592.0409	3487.415055	3532.594381	3499.304349	3627.708833	3580.151592	3658.621054			
		3527.838661	3468.392189	3508.815785	3639.598147	3630.086695	3454.125043	3351.877233	3397.056482	3618.197382	3394.678626	3732.33486			
		3466.014331	5767.813893	7489.451059	4150.84034	3832.205287	3832.205287	3846.472501	3475.525764	3525.460801	3798.915131	3630.086695			
		3392.30077	3492.170773	3534.97224	3706.178341	3582.529454	3411.323618	3485.037197	3599.174485	3691.911152	3703.800476	3684.777558			
		3458.880758	3632.464558	3651.487463	4020.057142	3532.594381	3394.678626	3482.659338	3539.727961	3722.823398	3737.090592	3715.689801			
		3382.789348	3553.995122	3563.506565	3620.575245	3523.082942	3413.701474	3489.792914	3420.835044	3573.018009	3720.445532	3644.353873			
		3672.888237	3732.33486	3691.911152	3924.942224	4048.59164	3779.892191	3663.376781	3515.949363	3910.674996	3787.025793	3729.956995			
		
~End
Original Filename: antag_pta_14min_12-11-19-161257.pda   Date Last Saved: 12/11/2019
