##BLOCKS= 1          
Plate:	Plate#1	1.3	PlateFormat	Kinetic	Luminescence	Raw	FALSE	50	3000	60				1	450	1	12	96	405	Automatic	435			6	Automatic			1	8	None	
Time(hh:mm:ss)	Temperature(¡C)	1	2	3	4	5	6	7	8	9	10	11	12		
0:00	24.40	4517.03443	4110.41642	3920.186481	3832.205287	3853.606109	3829.827419	3770.380723	3844.094632	3913.052867	3718.067667	4167.485489			
		4552.702775	4055.725266	3965.36605	3879.762677	4276.867987	3808.426603	3784.647926	3794.159396	4336.315059	4105.660666	4115.172174			
		4536.057545	3946.343071	3796.537263	3841.716763	3924.942224	3798.915131	3691.911152	3691.911152	3763.247122	3991.522655	4058.103141			
		4550.324884	9025.639248	7211.228179	4645.440546	5299.363781	4329.181408	4624.039512	4015.301394	3943.965199	4990.235768	4279.245869			
		4222.176719	4129.439438	3882.140548	4029.56864	3996.278402	3962.988178	3737.090592	3879.762677	3891.652029	4350.582363	4053.34739			
		4381.494863	3962.988178	3896.40777	4469.476661	3996.278402	3858.361848	3680.021829	3758.491389	3894.0299	4072.370396	4291.13528			
		4291.13528	3960.610305	3817.938076	3763.247122	3910.674996	3936.831583	3739.468458	3982.011161	3756.113522	4008.167771	3891.652029			
		4495.63343	4091.393405	3889.274159	4105.660666	5075.840329	4060.481017	4400.517946	3867.873327	3815.560208	4314.914108	3979.633288			
		
1:00	24.50	3496.92649	3684.777558	3618.197382	3542.105821	3710.934071	3834.583156	3863.117588	3653.865327	3848.850371	3953.476688	4062.858893			
		3449.369328	3594.418762	3706.178341	3827.44955	4077.126148	3708.556206	3927.320096	3787.025793	3886.896288	3746.602057	4010.545645			
		3663.376781	3627.708833	3910.674996	3592.0409	3791.781528	3782.270058	3756.113522	3668.132509	3765.624989	3936.831583	3974.877542			
		3584.907315	8024.497778	6911.604621	4509.900762	5408.747826	4291.13528	4559.836446	3898.785641	4010.545645	5199.491523	4419.541034			
		3748.979923	3684.777558	3825.071681	4203.153679	3753.735656	3768.002856	3863.117588	3708.556206	3753.735656	4300.64681	3896.40777			
		3615.81952	3627.708833	3844.094632	4452.831449	3855.983979	3775.136457	3886.896288	3708.556206	3967.743923	3962.988178	4058.103141			
		3553.995122	3846.472501	3801.292999	3801.292999	3715.689801	3746.602057	3872.629067	4141.328827	3810.804471	3825.071681	3982.011161			
		3710.934071	3737.090592	3744.22419	3701.422611	4645.440546	4129.439438	4455.209336	3741.846324	3810.804471	4003.412023	4053.34739			
		
2:00	24.60	3794.159396	4193.64216	4298.268928	4034.32439	4907.009199	4319.669874	4433.808353	4336.315059	4348.204479	4371.983323	4298.268928			
		3729.956995	4174.619126	4281.623751	4495.63343	4576.48168	4305.402576	4445.697787	4293.513162	4267.356459	4538.435435	4585.993244			
		3896.40777	4253.08917	4260.222814	4072.370396	4234.066122	4253.08917	4286.379515	4303.024693	4212.665198	4517.03443	4203.153679			
		3832.205287	9063.687627	6875.935224	5163.82289	5525.265777	4828.538513	5339.788302	4547.946994	4547.946994	5570.446252	4821.404818			
		3905.919254	4253.08917	4303.024693	4823.782717	4162.729732	4360.0939	4417.163148	4459.965111	4386.250634	4578.859571	4395.762175			
		3829.827419	4374.361208	4750.067905	4964.078837	4326.803524	4291.13528	4250.711289	4229.310361	4531.301766	4388.628519	4605.016376			
		3977.255415	4402.895832	4284.001633	4300.64681	4179.374884	4219.798839	4333.937175	4638.306868	4191.26428	4234.066122	4391.006404			
		4048.59164	4205.531558	4300.64681	4410.02949	5049.68337	4452.831449	4723.911052	4417.163148	4153.218218	4507.522874	4379.116978			
		
3:00	24.70	4027.190766	4438.564126	4581.237462	4360.0939	5373.079099	4445.697787	4431.430466	4317.291991	4811.893226	4702.509997	4845.183804			
		4103.282789	4234.066122	4317.291991	4857.073299	4512.278651	4526.545987	4457.587223	4419.541034	4628.795297	4849.939602	5049.68337			
		4053.34739	4229.310361	4250.711289	4391.006404	4314.914108	4521.790208	4457.587223	4433.808353	4528.923876	4685.864737	4773.846869			
		4172.241247	9237.283585	6730.879842	5572.824173	5579.957935	5082.974046	5568.068332	4712.021577	4811.893226	5596.603382	5166.200798			
		4196.020039	4421.91892	4269.734341	4892.741796	4379.116978	4433.808353	4574.103789	4443.3199	4452.831449	4911.765	4685.864737			
		4241.199765	4702.509997	5275.584661	5679.830668	4997.369478	4771.468972	4557.458555	4474.232436	4757.201593	4614.527944	4940.299816			
		4262.600696	6355.163846	5109.131016	4942.677718	4595.50481	4528.923876	4476.610324	4666.841586	4769.091075	4602.638484	4664.463692			
		4203.153679	4336.315059	4329.181408	4498.011319	4719.155262	4638.306868	4742.934217	4631.17319	4431.430466	4690.620525	4576.48168			
		
4:00	24.80	4391.006404	4840.428006	4923.654506	4562.214336	5641.783897	4521.790208	4486.121877	4474.232436	5063.950801	4431.430466	4731.044738			
		4386.250634	4336.315059	4329.181408	5101.997296	4733.422634	4433.808353	4398.140061	4517.03443	4431.430466	4379.116978	4683.486843			
		4376.739093	4517.03443	4483.743989	4509.900762	4533.679655	4317.291991	4395.762175	4421.91892	4481.3661	4398.140061	4868.962796			
		4526.545987	9075.577749	6378.943287	5335.032475	5522.887858	4990.235768	5575.202093	4685.864737	4809.515328	5223.270621	4880.852295			
		4536.057545	4407.651604	4643.062653	4866.584897	4619.283728	4376.739093	4412.407376	4457.587223	4500.389207	4585.993244	4552.702775			
		4954.567228	5710.743682	6231.510866	6985.321424	5418.259489	5111.508923	4671.597373	4597.882701	4761.957386	4585.993244	6162.550633			
		4923.654506	10126.671525	6835.509928	6476.43907	4652.574225	4590.749027	4352.960247	4524.168097	5037.793846	4866.584897	4721.533157			
		4467.098773	4398.140061	4533.679655	4531.301766	4740.556321	4557.458555	4469.476661	4305.402576	4412.407376	4669.219479	4664.463692			
		
5:00	24.80	4498.011319	5824.884144	5403.991994	4788.114251	5753.546336	4671.597373	4476.610324	4566.970117	5748.790484	4700.132103	4861.829098			
		4495.63343	4379.116978	4412.407376	5092.485671	4657.330012	4576.48168	4536.057545	4486.121877	4700.132103	4752.445801	4916.520802			
		4419.541034	4371.983323	4424.296807	4341.070827	4635.928975	4381.494863	4338.692943	4369.605439	4704.887892	4700.132103	4807.137431			
		4469.476661	8885.336007	6000.85101	5501.486589	5163.82289	5092.485671	5223.270621	4564.592226	4854.6954	5330.276648	5144.799625			
		4333.937175	4336.315059	4386.250634	4719.155262	4593.126918	4547.946994	4505.144985	4571.725898	4631.17319	4811.893226	4712.021577			
		5979.449614	6814.108308	7848.526462	8966.188692	6252.91233	5834.395857	5508.620345	4571.725898	5370.701184	4928.410308	10483.380695			
		5651.295588	14718.829095	8747.411027	10124.293469	5080.59614	4676.353161	4419.541034	5204.247342	6317.116755	6046.031754	4975.96835			
		4455.209336	4626.417405	4393.38429	4547.946994	4759.579489	4902.253398	4576.48168	4502.767096	4742.934217	4690.620525	4761.957386			
		
6:00	24.90	4605.016376	6754.659395	5784.459378	5587.091697	6157.794757	4928.410308	4785.736354	5142.421717	6535.887776	4735.80053	4745.312113			
		4505.144985	4788.114251	4809.515328	5470.573656	4804.759533	4645.440546	4588.371136	4640.68476	4935.544013	4733.422634	4914.142901			
		4609.77216	4616.905836	4590.749027	4557.458555	4692.998419	4436.18624	4647.818439	4476.610324	4614.527944	4823.782717	4914.142901			
		4647.818439	8595.218221	5696.476135	5496.730753	5285.096308	5033.038037	5163.82289	4692.998419	4778.602663	5273.206749	5149.555441			
		4429.05258	4726.288948	4683.486843	4835.672209	4643.062653	4780.980559	4633.551082	4562.214336	4664.463692	4833.29431	4842.805905			
		6994.833275	8402.599617	10347.831023	11415.588167	6305.227043	6321.87264	6847.399719	4652.574225	6452.6596	5173.334524	15211.116415			
		8381.197578	18940.231759	11536.87106	14871.033547	6614.360136	4809.515328	5130.53218	6483.572912	9135.028386	8278.943473	6412.234517			
		4388.628519	4878.474395	4643.062653	4728.666843	4826.160615	5142.421717	4702.509997	4635.928975	4926.032407	4921.276605	4852.317501			
		
7:00	25.00	4892.741796	8107.727589	6162.550633	6721.368023	6783.194868	4949.811423	4742.934217	5349.299957	7144.645069	4678.731054	4740.556321			
		4747.690009	4569.348008	4714.399472	5401.614079	4985.479961	4840.428006	4647.818439	4657.330012	4864.206997	4816.649022	4800.003738			
		4633.551082	4566.970117	4678.731054	4519.412319	4581.237462	4659.707905	4421.91892	4678.731054	4750.067905	4669.219479	4895.119696			
		4899.875497	8540.524002	5518.13202	5415.881573	5052.061275	5021.148515	5132.910087	4745.312113	4742.934217	4942.677718	4956.94513			
		4509.900762	4509.900762	4633.551082	4750.067905	4681.108948	4890.363896	4624.039512	4600.260593	4719.155262	4821.404818	4871.340696			
		8314.613495	9679.598277	12055.298047	13472.666034	7011.479016	6688.076665	7936.512072	4723.911052	7912.732168	5591.847539	17332.505111			
		12507.14082	21668.208708	14307.402885	19922.483016	8297.967482	5161.444981	7534.632644	7703.469317	13886.46612	11983.954684	9125.516281			
		4488.499765	5327.898735	4887.985995	4819.02692	4790.492148	4973.590447	4645.440546	4733.422634	4999.747381	4971.212544	4964.078837			
		
8:00	25.00	4997.369478	9044.663435	6319.494698	7182.692554	6766.549174	5201.869433	4759.579489	5194.735704	7708.225285	4945.05562	4887.985995			
		5002.125285	4609.77216	4550.324884	5817.750361	5154.311257	4621.66162	4521.790208	4517.03443	5206.625252	4914.142901	4797.62584			
		4562.214336	4502.767096	4481.3661	4669.219479	4650.196332	4690.620525	4528.923876	4707.265787	4845.183804	4766.713179	4704.887892			
		4797.62584	7938.890063	5304.119606	5520.509939	4861.829098	4926.032407	5101.997296	4835.672209	4750.067905	4828.538513	4916.520802			
		4557.458555	4476.610324	4564.592226	4785.736354	4471.854549	5049.68337	4605.016376	4628.795297	4916.520802	4740.556321	4795.247943			
		9270.576004	10702.163106	13893.600623	13855.549947	7458.537358	6573.934971	8992.346931	4876.096495	9196.857095	6103.102204	17727.2989			
		17346.774732	22947.797501	15515.527481	24688.832209	10557.100789	5170.956615	10321.672341	7917.488148	17831.943363	14255.082941	12771.113305			
		4495.63343	5354.055785	4638.306868	4983.102058	4526.545987	5130.53218	4692.998419	4849.939602	5237.538083	5513.376182	4926.032407			
		
9:00	25.10	5558.556651	10019.659084	6552.533422	8355.039539	7494.207014	5392.102418	5247.049726	5729.767081	8000.717848	5175.712432	5078.218235			
		5820.128288	5209.003161	5056.817085	6607.226282	5696.476135	5125.776365	4849.939602	4849.939602	5739.278782	5173.334524	5170.956615			
		4975.96835	4952.189325	4826.160615	4897.497597	4859.451198	4926.032407	4899.875497	4776.224766	4935.544013	4921.276605	5044.92756			
		5118.642644	8424.001661	5480.085327	5827.262072	5216.136891	5156.689165	5266.073015	5002.125285	4968.834642	5116.264737	5384.968673			
		4907.009199	4819.02692	4887.985995	5356.433699	4928.410308	5577.580014	5054.43918	4854.6954	5539.533293	5237.538083	5384.968673			
		10388.258094	11458.393873	14656.996119	13463.153413	7610.728002	6436.013975	9888.866295	4952.189325	9724.781098	6350.407959	15884.151806			
		22017.834098	23328.348301	15332.40506	28061.60009	13006.548959	5406.36991	13582.061251	8400.221612	18973.528214	16181.430724	15717.676094			
		4945.05562	5803.482795	5121.020551	5760.680114	4852.317501	5280.340484	5109.131016	4928.410308	5639.405975	6007.98481	5166.200798			
		
10:00	25.20	5803.482795	10112.403191	6802.218522	9099.357998	7529.876686	5232.782262	5082.974046	5534.777454	7850.904451	5189.979886	5047.305465			
		6324.250583	5346.922043	4911.765	7430.001645	5760.680114	5296.985869	4909.3871	5025.904324	6229.132926	5258.939281	5166.200798			
		4918.898703	5149.555441	4673.975267	4788.114251	4752.445801	4819.02692	5030.660132	4895.119696	4964.078837	4968.834642	5175.712432			
		4778.602663	7767.674907	5413.503657	5774.947672	5149.555441	5166.200798	5285.096308	4994.991574	4902.253398	5178.090341	5318.387082			
		4871.340696	4926.032407	5194.735704	5670.318973	5228.026441	5927.135114	5318.387082	5075.840329	6326.628526	5546.667051	5218.514801			
		10583.259548	11349.001559	14388.261049	12221.76614	8024.497778	6091.212524	9922.158984	5187.601977	9760.451764	6704.722343	14775.905731			
		24964.737361	21625.397541	14000.618244	30414.059008	13551.145196	5503.864508	15394.238558	8276.565472	17872.374215	15470.34139	16198.078376			
		4828.538513	5665.563127	5087.729858	5915.245459	4878.474395	5344.544129	5116.264737	5230.404351	5946.158564	6557.289321	5216.136891			
		
11:00	25.20	5634.65013	10117.159302	6428.880137	9006.615065	7318.236865	5249.427636	5185.224068	5618.004675	7177.936617	5228.026441	5313.631257			
		6978.187537	5449.172402	4987.857865	9475.086879	5741.656707	5308.875431	4854.6954	5035.415941	7016.234942	5418.259489	5292.230044			
		4890.363896	5247.049726	4757.201593	4916.520802	4690.620525	4828.538513	4752.445801	4952.189325	5118.642644	5220.892711	5166.200798			
		5059.19499	7451.403429	5213.758981	5922.379252	4971.212544	5306.497519	4971.212544	4918.898703	4978.346253	5023.526419	5097.241483			
		4992.613671	4956.94513	5370.701184	6145.905069	5142.421717	6595.336526	5596.603382	5287.47422	7049.526437	5984.205479	5713.121606			
		10640.333234	11432.234828	14350.210138	10578.503409	7898.464229	6065.055233	10121.915413	5163.82289	9227.771468	6554.911371	12554.703366			
		23195.155316	20719.233207	13410.834021	30887.413496	13073.136946	5682.208591	15558.33538	7720.115206	15665.355227	14093.366965	15282.462655			
		4890.363896	5684.586515	5002.125285	6262.424093	4809.515328	5358.811613	5465.817821	5147.177533	6110.236014	6248.156448	5211.381071			
		
12:00	25.20	5518.13202	9998.256613	6416.990408	9230.149497	6842.643802	5242.293904	5358.811613	5639.405975	6880.691143	5082.974046	5308.875431			
		7204.094272	5784.459378	5182.846159	10866.250307	6231.510866	5886.710296	5118.642644	5356.433699	7846.148474	5627.516363	5242.293904			
		4819.02692	5140.04381	4983.102058	4795.247943	4852.317501	4809.515328	4814.271124	5044.92756	4975.96835	5237.538083	5244.671815			
		4987.857865	7717.737222	5242.293904	5549.044971	4916.520802	5277.962572	5218.514801	5197.113614	5135.287994	5282.718396	5401.614079			
		5123.398458	5137.665902	5622.760519	6849.777677	5722.633305	6921.116463	5922.379252	5316.009169	8552.414047	6286.203507	6604.848331			
		10069.598205	11446.503397	13344.245752	9272.954034	7591.704156	5936.646839	10057.707935	5097.241483	8538.145994	6457.415493	10198.013232			
		20402.91054	18642.942593	11693.825665	30090.562073	12409.63769	5244.671815	14916.219299	7166.046777	13555.901511	13054.111801	13023.19595			
		4780.980559	5532.399534	5399.236164	6433.636029	4804.759533	5425.393237	5344.544129	5239.915993	5896.222016	6428.880137	5401.614079			
		
13:00	25.20	5472.951574	9203.99118	5677.452744	8578.572151	6034.142082	4876.096495	4809.515328	5439.660735	5929.513045	4914.142901	4937.921914			
		7339.638619	6069.811104	5061.572896	11620.104524	6355.163846	5722.633305	4866.584897	5337.410388	8911.49422	5682.208591	4907.009199			
		4616.905836	4975.96835	4507.522874	4657.330012	4714.399472	4614.527944	4645.440546	4538.435435	4761.957386	4742.934217	5016.392707			
		4654.952119	7151.778971	4890.363896	5277.962572	4842.805905	5135.287994	4930.78821	4947.433521	4757.201593	4716.777367	5061.572896			
		5194.735704	4757.201593	5936.646839	7494.207014	5891.466156	7006.723089	5927.135114	5377.834928	8830.64159	6167.306509	7232.629905			
		9303.868436	9983.988302	12269.328516	7919.866138	7137.511168	5294.607956	9739.049363	4811.893226	7199.338334	6286.203507	8252.785467			
		16718.913811	16833.069976	10188.501	27968.83518	10939.970753	5170.956615	13520.229153	6283.825565	11168.266759	11196.803806	10711.675398			
		4514.65654	4966.456739	4952.189325	6188.707956	4478.988212	5014.014803	4895.119696	4723.911052	5653.673511	5958.048223	4871.340696			
		
14:00	25.30	5451.550319	8554.792056	5465.817821	7955.536	5705.987832	4778.602663	4828.538513	4968.834642	5708.365757	5016.392707	5130.53218			
		7382.442145	6022.252412	5080.59614	11734.253416	6547.777523	6110.236014	4704.887892	5415.881573	9769.963945	6428.880137	5078.218235			
		4754.823697	4828.538513	4635.928975	4657.330012	4440.942013	4593.126918	4500.389207	4652.574225	4861.829098	4959.323032	5268.450926			
		4714.399472	6393.210955	4921.276605	5232.782262	4830.916412	5121.020551	4804.759533	4975.96835	4757.201593	4933.166111	5142.421717			
		5132.910087	4745.312113	6114.991887	8114.861577	6348.030015	6619.116039	6317.116755	5603.737146	9299.112373	6007.98481	8464.42776			
		8585.70618	9425.148128	11137.351637	6940.14015	6412.234517	5206.625252	9173.076817	4726.288948	6925.872384	6036.520017	7565.546374			
		13436.993713	14597.54138	8404.977621	26263.407142	9874.598003	5059.19499	11750.900143	6400.34479	10019.659084	10316.916218	9275.332064			
		4588.371136	4780.980559	4678.731054	6217.243227	4595.50481	4683.486843	4826.160615	5035.415941	5622.760519	6067.433168	5147.177533			
		
15:00	25.30	5812.994505	8186.20149	5446.794485	7515.608816	5701.231984	4942.677718	4685.864737	5059.19499	5211.381071	4866.584897	5097.241483			
		8202.847479	6231.510866	5330.276648	11379.916763	6714.23416	6512.108288	4785.736354	5934.268907	10162.34237	6412.234517	4918.898703			
		4923.654506	5510.998263	4664.463692	4714.399472	4621.66162	4757.201593	4707.265787	4735.80053	4652.574225	4842.805905	5113.88683			
		4754.823697	6773.683043	4945.05562	5201.869433	5078.218235	5135.287994	4916.520802	4928.410308	4590.749027	4947.433521	5006.881092			
		5218.514801	5277.962572	6283.825565	8150.531526	6497.840599	6321.87264	6179.196201	6091.212524	8483.451814	5934.268907	8443.025705			
		8119.617569	9258.685852	10176.610713	6707.100297	6376.565343	5059.19499	9180.2109	4771.468972	6114.991887	5900.977877	6814.108308			
		11803.21845	13838.902783	7753.406993	24346.330585	9037.529364	4933.166111	10331.184588	5753.546336	8840.15366	9334.78285	7815.234635			
		4721.533157	4923.654506	4861.829098	6134.015382	4652.574225	4731.044738	4823.782717	4697.754208	5501.486589	5832.017929	4790.492148			
		
16:00	25.30	5677.452744	7451.403429	5066.328706	6861.66747	5189.979886	4688.242631	4531.301766	5052.061275	5078.218235	4555.080665	4861.829098			
		7948.402026	6117.369823	5040.17175	10312.160095	6010.362744	6314.738812	4866.584897	6043.65382	9926.915084	5950.914428	5040.17175			
		4695.376314	5199.491523	4555.080665	4507.522874	4533.679655	4521.790208	4664.463692	4731.044738	4800.003738	4683.486843	5285.096308			
		4564.592226	6236.266746	4752.445801	5052.061275	4847.561703	4721.533157	4849.939602	4930.78821	4695.376314	4688.242631	4985.479961			
		5101.997296	5123.398458	6414.612462	7924.622119	6512.108288	5522.887858	6198.219712	6048.409689	7960.291983	5449.172402	8388.33159			
		7265.921489	8117.239573	8742.654997	6067.433168	5772.569745	4564.592226	8157.665517	4714.399472	5846.285499	5874.820648	6105.480141			
		9472.708842	11289.549277	6982.943462	21658.695114	7879.440314	4740.556321	9173.076817	5461.061987	7691.579399	8357.417542	7356.284432			
		4469.476661	4555.080665	4521.790208	5515.754101	4519.412319	4842.805905	4835.672209	4607.394268	4930.78821	5518.13202	4773.846869			
		
17:00	25.30	5563.312491	6909.226661	5113.88683	6635.761702	5090.107764	4702.509997	4740.556321	5232.782262	5080.59614	4773.846869	4885.608095			
		7551.278497	6202.97559	5342.166215	9836.549239	6281.447623	6690.454619	5037.793846	6466.927281	10159.964313	5870.064789	5140.04381			
		4712.021577	5320.764995	4747.690009	4576.48168	4467.098773	4671.597373	4650.196332	4911.765	4769.091075	4723.911052	5541.911212			
		4666.841586	5950.914428	4788.114251	5113.88683	4669.219479	4897.497597	5040.17175	5044.92756	4778.602663	4878.474395	5052.061275			
		5113.88683	5411.125741	6913.982581	7299.213088	6485.95086	5527.643696	6164.928571	6193.463834	7180.314586	5218.514801	7772.430878			
		6614.360136	7817.612623	8331.25951	5898.599946	5537.155373	4643.062653	8257.541467	4873.718596	5686.964439	5658.429357	5843.907571			
		8176.689498	10504.783296	6497.840599	20105.61594	6954.407918	4880.852295	8240.895467	5361.189527	7387.198093	8160.043515	6738.013708			
		4517.03443	4486.121877	4759.579489	5489.596998	4562.214336	4764.335282	4876.096495	4828.538513	4909.3871	5663.185203	4814.271124			
		
18:00	25.30	5232.782262	6795.084651	4847.561703	6164.928571	4712.021577	4626.417405	4652.574225	4688.242631	4833.29431	4692.998419	5097.241483			
		7144.645069	5910.489598	5275.584661	8471.56178	6305.227043	6483.572912	5251.805547	6690.454619	9161.18668	5684.586515	4887.985995			
		4678.731054	5294.607956	4638.306868	4707.265787	4402.895832	4552.702775	4816.649022	4833.29431	4769.091075	4907.009199	5544.289132			
		4624.039512	5886.710296	4683.486843	5099.61939	4721.533157	4800.003738	4619.283728	4814.271124	4731.044738	4857.073299	4830.916412			
		4968.834642	5434.904902	6631.005798	6676.186898	6167.306509	5204.247342	5525.265777	6093.59046	6638.139654	5075.840329	7130.377267			
		6635.761702	7047.148473	7420.489742	5577.580014	5273.206749	4742.934217	7361.040379	4783.358456	5530.021615	5848.663428	5513.376182			
		7187.448491	9182.588927	6015.118611	17634.545967	6559.667271	4842.805905	7506.096903	5296.985869	6440.769867	7289.701201	6333.762355			
		4645.440546	4633.551082	4540.813324	5063.950801	4557.458555	4531.301766	4652.574225	4800.003738	5006.881092	5480.085327	4790.492148			
		
19:00	25.40	5173.334524	6126.881571	4845.183804	5955.670291	5118.642644	4678.731054	4845.183804	4923.654506	4878.474395	4838.050107	4754.823697			
		6918.738502	5510.998263	5323.142908	8041.143733	6559.667271	6516.864185	5399.236164	6597.714477	8668.936575	5506.242426	4914.142901			
		4669.219479	5144.799625	4574.103789	4859.451198	4590.749027	4754.823697	4721.533157	4688.242631	4759.579489	4921.276605	5634.65013			
		4540.813324	5727.389156	4626.417405	5292.230044	4628.795297	4921.276605	4804.759533	4904.631298	4883.230195	4838.050107	5059.19499			
		4933.166111	5563.312491	6336.140298	6267.179975	6072.189039	5220.892711	5587.091697	5770.191819	6295.715274	4997.369478	6659.541226			
		6248.156448	6778.438955	7018.612906	5541.911212	5401.614079	4907.009199	6947.274033	4742.934217	5591.847539	5696.476135	5394.480333			
		6531.131878	8281.321474	5763.05804	16226.617216	6081.700781	5014.014803	6897.33686	5335.032475	6619.116039	6916.360542	6195.841773			
		4507.522874	4562.214336	4557.458555	5073.462423	4540.813324	4804.759533	4733.422634	4681.108948	5023.526419	5368.32327	5071.084517			
		
20:00	25.40	5325.520822	6067.433168	4830.916412	5625.138441	4683.486843	4704.887892	4750.067905	5059.19499	4871.340696	4954.567228	4911.765			
		6692.832573	5456.306153	5225.648531	7215.984118	6395.5889	6205.353529	5384.968673	7004.345126	8248.029467	5342.166215	4978.346253			
		4811.893226	5337.410388	4585.993244	4683.486843	4666.841586	4804.759533	4645.440546	4918.898703	4738.178425	4716.777367	5948.536496			
		4605.016376	5777.325598	4602.638484	4942.677718	4849.939602	4935.544013	4731.044738	4935.544013	4788.114251	4880.852295	5090.107764			
		4940.299816	5553.800811	6112.61395	5620.382597	6017.496544	5142.421717	5494.352834	5853.419285	5979.449614	5040.17175	6252.91233			
		5872.442719	6412.234517	6626.249894	5244.671815	5197.113614	4897.497597	6571.557021	4835.672209	5242.293904	5629.894286	5382.590758			
		5981.827546	8041.143733	5520.509939	14412.042877	5648.917665	4854.6954	6157.794757	4980.724155	5943.780633	6666.675085	5974.693749			
		4474.232436	4600.260593	4481.3661	5059.19499	4552.702775	4809.515328	4671.597373	4647.818439	5025.904324	5411.125741	4966.456739			
		
21:00	25.40	5175.712432	5686.964439	5161.444981	5658.429357	5040.17175	4712.021577	4712.021577	4849.939602	5037.793846	4887.985995	4918.898703			
		6619.116039	5546.667051	5670.318973	6726.123933	6433.636029	6288.581449	5415.881573	7092.329807	7361.040379	5306.497519	4983.102058			
		4904.631298	5722.633305	5004.503188	4802.381635	4783.358456	4792.870045	4802.381635	4966.456739	4933.166111	4887.985995	5920.001321			
		4557.458555	5943.780633	5011.636899	5159.067073	4795.247943	5094.863577	4892.741796	5149.555441	4840.428006	4838.050107	5080.59614			
		4911.765	5879.576507	6400.34479	5589.469618	5677.452744	4968.834642	5446.794485	5675.07482	5553.800811	4902.253398	5934.268907			
		5931.890976	6481.194965	6716.612114	5337.410388	5135.287994	4838.050107	6478.817017	4895.119696	4947.433521	5525.265777	5396.858248			
		5779.703525	7439.513548	5679.830668	12944.717306	5748.790484	4709.643682	6046.031754	5125.776365	5682.208591	6488.328808	5489.596998			
		4631.17319	4800.003738	4964.078837	5075.840329	4857.073299	4709.643682	4790.492148	4635.928975	4916.520802	5228.026441	4802.381635			
		
22:00	25.40	4940.299816	5275.584661	4683.486843	5128.154272	4490.877653	4345.826595	4495.63343	4574.103789	4450.453561	4688.242631	4707.265787			
		5934.268907	5033.038037	5021.148515	6205.353529	5839.151714	5727.389156	5042.549655	6407.478626	6616.738087	5066.328706	4616.905836			
		4621.66162	4997.369478	4526.545987	4519.412319	4412.407376	4528.923876	4585.993244	4864.206997	4583.615353	4842.805905	6176.818263			
		4295.891045	5413.503657	4643.062653	4721.533157	4566.970117	4716.777367	4704.887892	4721.533157	4552.702775	4678.731054	5018.770611			
		4455.209336	5629.894286	5893.844086	5304.119606	5361.189527	4483.743989	4783.358456	5358.811613	5273.206749	4707.265787	5537.155373			
		5308.875431	5774.947672	6134.015382	4750.067905	4766.713179	4540.813324	5758.302188	4398.140061	4702.509997	5180.46825	5056.817085			
		5173.334524	6545.399573	5009.258996	11655.776035	5166.200798	4464.720886	5346.922043	4681.108948	5273.206749	6081.700781	5373.079099			
		4269.734341	4417.163148	4576.48168	4681.108948	4438.564126	4331.559292	4348.204479	4360.0939	4412.407376	4826.160615	4804.759533			
		
23:00	25.40	4740.556321	5277.962572	4643.062653	5085.351952	4402.895832	4683.486843	4650.196332	4918.898703	4759.579489	4690.620525	4778.602663			
		5834.395857	5042.549655	5087.729858	6050.787624	5579.957935	5401.614079	5287.47422	6764.171218	6383.699176	4887.985995	4876.096495			
		4650.196332	5014.014803	4688.242631	4735.80053	4350.582363	4512.278651	4778.602663	4861.829098	4814.271124	4833.29431	6200.597651			
		4550.324884	5684.586515	4635.928975	4857.073299	4448.075674	4804.759533	4776.224766	4823.782717	4688.242631	4690.620525	4923.654506			
		4695.376314	5132.910087	5594.22546	4804.759533	5206.625252	4987.857865	4956.94513	5401.614079	5232.782262	4849.939602	5187.601977			
		5413.503657	5877.198577	5998.473077	4887.985995	4652.574225	4585.993244	5482.463244	4700.132103	4766.713179	5258.939281	5068.706612			
		5140.04381	6355.163846	5092.485671	10093.37875	5037.793846	4780.980559	5368.32327	4902.253398	5408.747826	5805.860723	5047.305465			
		4545.569104	4707.265787	4645.440546	4433.808353	4578.859571	4721.533157	4640.68476	4771.468972	4740.556321	4726.288948	4723.911052			
		
24:00	25.40	4733.422634	5270.828837	4600.260593	4904.631298	4702.509997	4521.790208	4595.50481	4740.556321	4555.080665	4681.108948	5042.549655			
		5399.236164	4868.962796	4911.765	5634.65013	5772.569745	5684.586515	5030.660132	6267.179975	6371.809454	4835.672209	4966.456739			
		4759.579489	4921.276605	4602.638484	4728.666843	4928.410308	4671.597373	4802.381635	4828.538513	4521.790208	4728.666843	6060.299363			
		4341.070827	5335.032475	4923.654506	5068.706612	4857.073299	4759.579489	4633.551082	4631.17319	4469.476661	4692.998419	4935.544013			
		4574.103789	5396.858248	5656.051434	5061.572896	5327.898735	4911.765	4666.841586	4975.96835	5054.43918	4868.962796	5266.073015			
		5144.799625	5316.009169	5577.580014	5056.817085	4887.985995	4697.754208	5694.098211	4545.569104	4871.340696	5104.375203	4897.497597			
		5113.88683	6057.921428	5130.53218	9330.026785	5109.131016	4814.271124	5101.997296	4540.813324	5078.218235	5646.539743	5168.578707			
		4414.785262	4388.628519	4738.178425	4790.492148	4719.155262	4792.870045	4521.790208	4626.417405	4643.062653	4942.677718	4747.690009			
		
25:00	25.40	4826.160615	5142.421717	4769.091075	4840.428006	4638.306868	4643.062653	4626.417405	4994.991574	4880.852295	4814.271124	4930.78821			
		5201.869433	4930.78821	4940.299816	5384.968673	5508.620345	5349.299957	4911.765	6267.179975	6588.202674	5225.648531	4954.567228			
		4654.952119	5078.218235	4709.643682	4752.445801	4681.108948	4583.615353	4752.445801	4983.102058	4835.672209	4847.561703	6057.921428			
		4507.522874	5568.068332	4624.039512	5018.770611	4624.039512	4873.718596	4555.080665	4933.166111	4937.921914	4811.893226	5063.950801			
		4783.358456	5313.631257	5432.526986	4876.096495	5099.61939	4857.073299	5277.962572	4992.613671	5182.846159	4842.805905	5337.410388			
		5239.915993	5287.47422	5499.108671	4780.980559	4840.428006	4773.846869	5753.546336	4517.03443	4776.224766	5056.817085	5094.863577			
		5116.264737	5772.569745	5106.753109	8714.118826	5163.82289	4761.957386	5308.875431	4692.998419	5263.695103	5620.382597	5182.846159			
		4707.265787	4621.66162	4593.126918	4857.073299	4600.260593	4697.754208	4669.219479	4571.725898	4792.870045	5016.392707	4835.672209			
		
26:00	25.40	4942.677718	5299.363781	5078.218235	4942.677718	4964.078837	4747.690009	4635.928975	5078.218235	4780.980559	4935.544013	5063.950801			
		5442.038651	5090.107764	4985.479961	5689.342363	5287.47422	5530.021615	5035.415941	6129.259508	6053.165558	4999.747381	4959.323032			
		5087.729858	5182.846159	4964.078837	4776.224766	4859.451198	4873.718596	4952.189325	5094.863577	4814.271124	5009.258996	6122.125697			
		4871.340696	5765.435966	4947.433521	5156.689165	4785.736354	4809.515328	4719.155262	4885.608095	5009.258996	4904.631298	5116.264737			
		4742.934217	5639.405975	5658.429357	4999.747381	5342.166215	4971.212544	5151.933349	5075.840329	5339.788302	5025.904324	5423.015321			
		5465.817821	5496.730753	5822.506216	4987.857865	4826.160615	4833.29431	5475.329491	4536.057545	4849.939602	5263.695103	5187.601977			
		5387.346588	5758.302188	5147.177533	8074.435654	4937.921914	4830.916412	5173.334524	4738.178425	5606.115067	5594.22546	5358.811613			
		4911.765	4833.29431	4804.759533	4966.456739	4859.451198	4866.584897	4907.009199	4766.713179	5035.415941	5101.997296	4933.166111			
		
27:00	25.50	4876.096495	5023.526419	4809.515328	5014.014803	4802.381635	4785.736354	4854.6954	4985.479961	4785.736354	4966.456739	4930.78821			
		5242.293904	4968.834642	4940.299816	5703.609908	5194.735704	5491.974916	5068.706612	6091.212524	5993.717211	5033.038037	4961.700934			
		5061.572896	5147.177533	4971.212544	4788.114251	5011.636899	4778.602663	4952.189325	4885.608095	4816.649022	4830.916412	6050.787624			
		4849.939602	5801.104868	4859.451198	5097.241483	5054.43918	5002.125285	4887.985995	4964.078837	4895.119696	4738.178425	5104.375203			
		5011.636899	5415.881573	5327.898735	5063.950801	5232.782262	4911.765	4997.369478	5042.549655	5204.247342	4992.613671	5289.852132			
		5313.631257	5418.259489	5472.951574	5149.555441	4954.567228	4776.224766	5401.614079	4650.196332	4842.805905	5113.88683	5411.125741			
		5154.311257	5694.098211	5199.491523	7598.838097	5182.846159	4923.654506	5178.090341	4769.091075	5285.096308	5320.764995	5332.654561			
		4790.492148	4887.985995	4792.870045	4918.898703	4861.829098	4937.921914	4716.777367	4704.887892	4945.05562	4904.631298	5192.357795			
		
28:00	25.40	4899.875497	4983.102058	4885.608095	4897.497597	4695.376314	4619.283728	4662.085799	4968.834642	4878.474395	5028.282228	4983.102058			
		5063.950801	4873.718596	4878.474395	5280.340484	4980.724155	5063.950801	5021.148515	5713.121606	6024.630346	4973.590447	5023.526419			
		5121.020551	4968.834642	4814.271124	4783.358456	4662.085799	4735.80053	4747.690009	5156.689165	4978.346253	4997.369478	6005.606877			
		4681.108948	5530.021615	4940.299816	4918.898703	4783.358456	4764.335282	4759.579489	5028.282228	4971.212544	4954.567228	5068.706612			
		4892.741796	5292.230044	5527.643696	4921.276605	5090.107764	4778.602663	4861.829098	4959.323032	5180.46825	4907.009199	5389.724503			
		5087.729858	5330.276648	5292.230044	4733.422634	4700.132103	4595.50481	5418.259489	4790.492148	5097.241483	5187.601977	5232.782262			
		4966.456739	5394.480333	5006.881092	6778.438955	4695.376314	4550.324884	5035.415941	4935.544013	5270.828837	5346.922043	5237.538083			
		4821.404818	4861.829098	4866.584897	4790.492148	4754.823697	4721.533157	4780.980559	4854.6954	4994.991574	4842.805905	4947.433521			
		
29:00	25.50	4726.288948	4757.201593	4624.039512	4811.893226	4562.214336	4519.412319	4457.587223	4624.039512	4609.77216	4811.893226	4854.6954			
		4840.428006	4448.075674	4488.499765	5113.88683	4723.911052	5044.92756	4902.253398	5439.660735	5677.452744	5009.258996	4714.399472			
		4895.119696	4735.80053	4690.620525	4704.887892	4609.77216	4543.191214	4566.970117	4778.602663	4690.620525	4759.579489	5741.656707			
		4457.587223	5475.329491	4624.039512	5014.014803	4628.795297	4673.975267	4605.016376	4659.707905	4681.108948	4721.533157	4849.939602			
		4612.150052	5163.82289	5109.131016	4650.196332	4973.590447	4635.928975	4633.551082	4690.620525	4864.206997	4790.492148	4973.590447			
		5023.526419	4880.852295	5197.113614	4800.003738	4607.394268	4619.283728	5056.817085	4678.731054	4821.404818	4918.898703	4999.747381			
		4835.672209	4990.235768	4811.893226	6452.6596	4690.620525	4673.975267	4709.643682	4407.651604	4990.235768	5121.020551	4987.857865			
		4631.17319	4410.02949	4728.666843	4547.946994	4490.877653	4638.306868	4628.795297	4521.790208	4647.818439	4802.381635	4890.363896			
		
30:00	25.50	4624.039512	4700.132103	4685.864737	4700.132103	4671.597373	4626.417405	4514.65654	4935.544013	4785.736354	4683.486843	4861.829098			
		4719.155262	4740.556321	4785.736354	4921.276605	4681.108948	4952.189325	4876.096495	5311.253344	5834.395857	4788.114251	4885.608095			
		4821.404818	4985.479961	4880.852295	4821.404818	4588.371136	4605.016376	4659.707905	4911.765	4631.17319	4795.247943	5644.16182			
		4536.057545	5318.387082	4800.003738	5016.392707	4662.085799	4778.602663	4612.150052	4885.608095	4773.846869	4883.230195	4802.381635			
		4557.458555	5121.020551	5063.950801	4707.265787	4785.736354	4757.201593	4785.736354	4821.404818	4778.602663	4930.78821	5125.776365			
		5018.770611	5047.305465	4902.253398	4849.939602	4545.569104	4607.394268	5147.177533	4673.975267	4792.870045	5097.241483	4887.985995			
		4909.3871	5311.253344	4662.085799	6105.480141	4662.085799	4678.731054	4828.538513	4852.317501	5109.131016	5104.375203	4983.102058			
		4681.108948	4650.196332	4569.348008	4519.412319	4536.057545	4780.980559	4733.422634	4776.224766	4676.353161	4892.741796	4935.544013			
		
31:00	25.50	4502.767096	4650.196332	4588.371136	4868.962796	4498.011319	4507.522874	4609.77216	4702.509997	4700.132103	4657.330012	4752.445801			
		4590.749027	4588.371136	4654.952119	5030.660132	4933.166111	4780.980559	4892.741796	5044.92756	5639.405975	4747.690009	4757.201593			
		4849.939602	4866.584897	4783.358456	4885.608095	4728.666843	4681.108948	4742.934217	5066.328706	4714.399472	4704.887892	5437.282818			
		4476.610324	5380.212843	4673.975267	4904.631298	4654.952119	4654.952119	4662.085799	4845.183804	4731.044738	4600.260593	4807.137431			
		4621.66162	5006.881092	4911.765	4745.312113	4795.247943	4754.823697	4638.306868	4747.690009	4645.440546	4581.237462	5004.503188			
		4833.29431	4907.009199	4990.235768	4811.893226	4714.399472	4692.998419	4785.736354	4659.707905	4664.463692	4650.196332	4916.520802			
		4823.782717	4909.3871	4740.556321	5927.135114	4764.335282	4631.17319	4621.66162	4517.03443	4849.939602	4773.846869	5035.415941			
		4571.725898	4671.597373	4662.085799	4612.150052	4671.597373	4783.358456	4533.679655	4569.348008	4697.754208	4738.178425	4878.474395			
		
32:00	25.50	5080.59614	5182.846159	5101.997296	4935.544013	5325.520822	4804.759533	4978.346253	5197.113614	5023.526419	5140.04381	4971.212544			
		5025.904324	5025.904324	4985.479961	5289.852132	5377.834928	5030.660132	5097.241483	5587.091697	5732.145006	5109.131016	5216.136891			
		5275.584661	5073.462423	5073.462423	4811.893226	5213.758981	4975.96835	4956.94513	5320.764995	5087.729858	4909.3871	5634.65013			
		5061.572896	5920.001321	5097.241483	5182.846159	5194.735704	4999.747381	4830.916412	5154.311257	5063.950801	5094.863577	5201.869433			
		4966.456739	5520.509939	5384.968673	4928.410308	5228.026441	4937.921914	5225.648531	5111.508923	5080.59614	5073.462423	5320.764995			
		5206.625252	5258.939281	5263.695103	5085.351952	4983.102058	4861.829098	5375.457014	4771.468972	5101.997296	5147.177533	5275.584661			
		5199.491523	5263.695103	5087.729858	5912.867529	5059.19499	4885.608095	5063.950801	4868.962796	5189.979886	5446.794485	5047.305465			
		4975.96835	4771.468972	4864.206997	5018.770611	4980.724155	5092.485671	4911.765	4873.718596	4961.700934	5030.660132	5256.561369			
		
33:00	25.50	4928.410308	4864.206997	4868.962796	4868.962796	4937.921914	4842.805905	4840.428006	5035.415941	5059.19499	5118.642644	5147.177533			
		4945.05562	4887.985995	4761.957386	5137.665902	5030.660132	5192.357795	5206.625252	5465.817821	6219.621167	5066.328706	4935.544013			
		5216.136891	4945.05562	4945.05562	4840.428006	4954.567228	4975.96835	4983.102058	5189.979886	4978.346253	4990.235768	5656.051434			
		5004.503188	5354.055785	4997.369478	5178.090341	5021.148515	4871.340696	4873.718596	4814.271124	5030.660132	5018.770611	5161.444981			
		4933.166111	5092.485671	5021.148515	4864.206997	5121.020551	4811.893226	4964.078837	5011.636899	5109.131016	5073.462423	5358.811613			
		5082.974046	4990.235768	5137.665902	4914.142901	5116.264737	4911.765	5230.404351	4714.399472	4949.811423	5135.287994	5159.067073			
		5194.735704	5078.218235	4849.939602	5739.278782	4907.009199	4961.700934	4947.433521	4876.096495	5056.817085	5101.997296	5097.241483			
		4918.898703	4783.358456	4918.898703	4909.3871	4911.765	5021.148515	4697.754208	4761.957386	4916.520802	5066.328706	5166.200798			
		
34:00	25.50	4692.998419	4788.114251	4681.108948	4676.353161	4688.242631	4671.597373	4835.672209	4880.852295	4952.189325	4757.201593	4883.230195			
		4742.934217	4723.911052	4429.05258	4854.6954	4709.643682	4626.417405	5173.334524	5239.915993	5522.887858	5021.148515	4992.613671			
		4826.160615	4543.191214	4852.317501	4597.882701	4804.759533	4754.823697	5033.038037	5204.247342	4868.962796	5092.485671	5349.299957			
		4688.242631	5363.567441	4747.690009	4880.852295	4664.463692	4702.509997	4733.422634	4712.021577	4726.288948	5011.636899	4992.613671			
		4645.440546	4999.747381	4788.114251	4685.864737	4918.898703	4614.527944	4928.410308	4859.451198	4783.358456	4994.991574	4930.78821			
		4726.288948	4933.166111	4847.561703	4607.394268	4678.731054	4797.62584	5087.729858	4650.196332	4961.700934	5189.979886	5025.904324			
		4907.009199	5085.351952	4731.044738	5225.648531	4621.66162	4562.214336	4840.428006	4845.183804	5080.59614	4999.747381	4987.857865			
		4676.353161	4621.66162	4635.928975	4543.191214	4607.394268	4681.108948	4847.561703	4797.62584	4890.363896	4978.346253	5063.950801			
		
35:00	25.50	5335.032475	5358.811613	5394.480333	5342.166215	5247.049726	5178.090341	5254.183458	5296.985869	5413.503657	5446.794485	5299.363781			
		5434.904902	5335.032475	5301.741693	5568.068332	5437.282818	5237.538083	5748.790484	5808.23865	6024.630346	5339.788302	5228.026441			
		5701.231984	5437.282818	5308.875431	5351.677871	5401.614079	5344.544129	5206.625252	5570.446252	5225.648531	5494.352834	5577.580014			
		5327.898735	6015.118611	5530.021615	5620.382597	5330.276648	5090.107764	5211.381071	5296.985869	5285.096308	5503.864508	5484.841162			
		5344.544129	5510.998263	5591.847539	5335.032475	5458.68407	5216.136891	5266.073015	5189.979886	5432.526986	5168.578707	5351.677871			
		5539.533293	5392.102418	5510.998263	5261.317192	5256.561369	5166.200798	5282.718396	5318.387082	5323.142908	5346.922043	5389.724503			
		5449.172402	5387.346588	5411.125741	5741.656707	5368.32327	5073.462423	5294.607956	5268.450926	5411.125741	5403.991994	5418.259489			
		5401.614079	5228.026441	5437.282818	5335.032475	5389.724503	5266.073015	5261.317192	5189.979886	5335.032475	5411.125741	5375.457014			
		
36:00	25.60	5142.421717	5016.392707	4878.474395	5016.392707	4776.224766	4769.091075	4873.718596	4859.451198	4911.765	5094.863577	5244.671815			
		5142.421717	4923.654506	4933.166111	5035.415941	4828.538513	4847.561703	5406.36991	5384.968673	5651.295588	5287.47422	5384.968673			
		5273.206749	5125.776365	4961.700934	4937.921914	5061.572896	5087.729858	5106.753109	5266.073015	5144.799625	5071.084517	5449.172402			
		5002.125285	5772.569745	4904.631298	4940.299816	4935.544013	4800.003738	4828.538513	4887.985995	5228.026441	5254.183458	5147.177533			
		4971.212544	5277.962572	4990.235768	4833.29431	5002.125285	5030.660132	4987.857865	5118.642644	5277.962572	5054.43918	5187.601977			
		4971.212544	4750.067905	5009.258996	4904.631298	4804.759533	4761.957386	5063.950801	5004.503188	5144.799625	5244.671815	5111.508923			
		5052.061275	4990.235768	4895.119696	5166.200798	4895.119696	4873.718596	4866.584897	5006.881092	5292.230044	5194.735704	4978.346253			
		4828.538513	4750.067905	4830.916412	4873.718596	4814.271124	5059.19499	5044.92756	4899.875497	4928.410308	5106.753109	5104.375203			
		
37:00	25.50	4386.250634	4350.582363	4367.227554	4329.181408	4215.043078	4391.006404	4343.448711	4431.430466	4424.296807	4664.463692	4807.137431			
		4414.785262	4371.983323	4557.458555	4595.50481	4564.592226	4419.541034	5028.282228	4895.119696	5389.724503	4731.044738	4790.492148			
		4628.795297	4536.057545	4588.371136	4402.895832	4571.725898	4619.283728	4550.324884	4773.846869	4436.18624	4692.998419	4892.741796			
		4481.3661	5154.311257	4550.324884	4505.144985	4369.605439	4550.324884	4431.430466	4262.600696	4702.509997	4557.458555	4802.381635			
		4362.471785	4673.975267	4505.144985	4348.204479	4673.975267	4450.453561	4498.011319	4540.813324	4614.527944	4681.108948	4735.80053			
		4333.937175	4498.011319	4566.970117	4267.356459	4376.739093	4360.0939	4486.121877	4410.02949	4697.754208	4707.265787	4792.870045			
		4557.458555	4593.126918	4443.3199	4795.247943	4407.651604	4443.3199	4490.877653	4443.3199	4909.3871	4723.911052	4800.003738			
		4319.669874	4300.64681	4300.64681	4412.407376	4253.08917	4412.407376	4374.361208	4421.91892	4552.702775	4662.085799	4531.301766			
		
38:00	25.50	4464.720886	4462.342998	4348.204479	4517.03443	4343.448711	4545.569104	4571.725898	4633.551082	4626.417405	4723.911052	4892.741796			
		4483.743989	4419.541034	4367.227554	4645.440546	4585.993244	4647.818439	5059.19499	4883.230195	5187.601977	4666.841586	4773.846869			
		4719.155262	4341.070827	4588.371136	4650.196332	4512.278651	4773.846869	4654.952119	4747.690009	4581.237462	4536.057545	5104.375203			
		4552.702775	4918.898703	4588.371136	4581.237462	4490.877653	4700.132103	4683.486843	4678.731054	4614.527944	4638.306868	4723.911052			
		4419.541034	4536.057545	4647.818439	4576.48168	4545.569104	4486.121877	4519.412319	4536.057545	4840.428006	4681.108948	4761.957386			
		4507.522874	4495.63343	4600.260593	4678.731054	4471.854549	4676.353161	4521.790208	4505.144985	4669.219479	4880.852295	4902.253398			
		4462.342998	4640.68476	4569.348008	4864.206997	4585.993244	4481.3661	4486.121877	4450.453561	5128.154272	4745.312113	4930.78821			
		4440.942013	4355.338131	4398.140061	4597.882701	4450.453561	4526.545987	4564.592226	4462.342998	4697.754208	4647.818439	4814.271124			
		
39:00	25.60	4533.679655	4514.65654	4614.527944	4412.407376	4495.63343	4590.749027	4524.168097	4619.283728	4719.155262	4692.998419	5006.881092			
		4650.196332	4490.877653	4600.260593	4538.435435	4583.615353	4676.353161	4849.939602	4980.724155	5339.788302	4816.649022	4899.875497			
		5044.92756	4552.702775	4726.288948	4609.77216	4659.707905	4845.183804	4462.342998	5004.503188	4493.255542	4835.672209	4859.451198			
		4566.970117	5106.753109	4609.77216	4740.556321	4481.3661	4619.283728	4509.900762	4657.330012	4769.091075	4690.620525	4849.939602			
		4654.952119	4835.672209	4738.178425	4564.592226	4873.718596	4564.592226	4490.877653	4536.057545	4783.358456	4726.288948	4914.142901			
		4769.091075	4771.468972	4676.353161	4690.620525	4692.998419	4585.993244	4664.463692	4502.767096	4574.103789	4692.998419	4885.608095			
		4669.219479	4838.050107	4666.841586	4707.265787	4595.50481	4512.278651	4588.371136	4633.551082	4842.805905	4992.613671	4838.050107			
		4638.306868	4605.016376	4476.610324	4500.389207	4562.214336	4445.697787	4445.697787	4597.882701	4652.574225	4816.649022	4864.206997			
		
40:00	25.60	4459.965111	4533.679655	4457.587223	4595.50481	4450.453561	4514.65654	4379.116978	4517.03443	4709.643682	4445.697787	4757.201593			
		4528.923876	4605.016376	4481.3661	4719.155262	4635.928975	4595.50481	4876.096495	4868.962796	5313.631257	4645.440546	4816.649022			
		4807.137431	4486.121877	4676.353161	4547.946994	4740.556321	4635.928975	4607.394268	4800.003738	4700.132103	4569.348008	4757.201593			
		4590.749027	5187.601977	4519.412319	4671.597373	4583.615353	4609.77216	4481.3661	4609.77216	4533.679655	4519.412319	4666.841586			
		4524.168097	4790.492148	4605.016376	4626.417405	4750.067905	4588.371136	4488.499765	4657.330012	4647.818439	4531.301766	4847.561703			
		4433.808353	4654.952119	4624.039512	4597.882701	4638.306868	4543.191214	4681.108948	4505.144985	4562.214336	4533.679655	4840.428006			
		4421.91892	4681.108948	4402.895832	4666.841586	4438.564126	4564.592226	4666.841586	4419.541034	4719.155262	4590.749027	4859.451198			
		4545.569104	4519.412319	4673.975267	4402.895832	4450.453561	4647.818439	4521.790208	4469.476661	4526.545987	4652.574225	4823.782717			
		
41:00	25.60	4555.080665	4597.882701	4652.574225	4683.486843	4712.021577	4585.993244	4738.178425	4714.399472	4700.132103	4823.782717	4671.597373			
		4517.03443	4664.463692	4700.132103	4624.039512	4835.672209	4633.551082	5049.68337	4852.317501	5418.259489	4826.160615	4883.230195			
		4866.584897	4645.440546	4728.666843	4555.080665	4721.533157	4895.119696	4816.649022	4685.864737	4588.371136	4678.731054	4828.538513			
		4505.144985	5101.997296	4716.777367	4783.358456	4771.468972	4707.265787	4952.189325	4769.091075	4588.371136	4800.003738	4716.777367			
		4664.463692	4785.736354	4716.777367	4726.288948	4709.643682	4780.980559	4690.620525	4590.749027	5030.660132	4671.597373	4771.468972			
		4690.620525	4640.68476	4692.998419	4826.160615	4588.371136	4697.754208	4714.399472	4483.743989	4795.247943	4547.946994	4578.859571			
		4531.301766	4752.445801	4605.016376	4949.811423	4616.905836	4652.574225	4493.255542	4576.48168	4788.114251	4640.68476	4795.247943			
		4735.80053	4538.435435	4673.975267	4607.394268	4550.324884	4688.242631	4690.620525	4633.551082	4707.265787	4669.219479	4723.911052			
		
42:00	25.60	4433.808353	4379.116978	4612.150052	4386.250634	4426.674693	4500.389207	4521.790208	4559.836446	4464.720886	4564.592226	4780.980559			
		4557.458555	4436.18624	4707.265787	4509.900762	4524.168097	4514.65654	4956.94513	4723.911052	5021.148515	4643.062653	4723.911052			
		4614.527944	4536.057545	4683.486843	4709.643682	4540.813324	4562.214336	4474.232436	4707.265787	4445.697787	4681.108948	4842.805905			
		4333.937175	4933.166111	4590.749027	4474.232436	4462.342998	4364.849669	4543.191214	4509.900762	4429.05258	4488.499765	4721.533157			
		4374.361208	4659.707905	4585.993244	4540.813324	4650.196332	4345.826595	4543.191214	4488.499765	4540.813324	4524.168097	4721.533157			
		4438.564126	4590.749027	4571.725898	4595.50481	4419.541034	4217.420959	4483.743989	4407.651604	4478.988212	4666.841586	4483.743989			
		4528.923876	4474.232436	4431.430466	4771.468972	4462.342998	4331.559292	4412.407376	4305.402576	5023.526419	4726.288948	4624.039512			
		4488.499765	4436.18624	4405.273718	4381.494863	4381.494863	4455.209336	4495.63343	4383.872748	4588.371136	4685.864737	4590.749027			
		
43:00	25.50	4424.296807	4543.191214	4360.0939	4398.140061	4272.112223	4205.531558	4310.158342	4524.168097	4507.522874	4804.759533	4597.882701			
		4429.05258	4524.168097	4383.872748	4464.720886	4303.024693	4279.245869	4809.515328	4790.492148	5220.892711	4778.602663	4738.178425			
		4562.214336	4673.975267	4545.569104	4495.63343	4540.813324	4583.615353	4388.628519	4562.214336	4526.545987	4614.527944	4819.02692			
		4457.587223	5009.258996	4671.597373	4429.05258	4350.582363	4305.402576	4512.278651	4540.813324	4509.900762	4628.795297	4759.579489			
		4307.780459	4728.666843	4590.749027	4391.006404	4557.458555	4284.001633	4452.831449	4414.785262	4521.790208	4559.836446	4790.492148			
		4424.296807	4476.610324	4424.296807	4362.471785	4364.849669	4269.734341	4388.628519	4505.144985	4597.882701	4678.731054	4654.952119			
		4571.725898	4407.651604	4310.158342	4483.743989	4303.024693	4578.859571	4421.91892	4517.03443	4521.790208	4666.841586	4569.348008			
		4459.965111	4352.960247	4236.444003	4236.444003	4360.0939	4391.006404	4264.978578	4509.900762	4671.597373	4619.283728	4607.394268			
		
44:00	25.60	4298.268928	4431.430466	4692.998419	4562.214336	4566.970117	4383.872748	4443.3199	4845.183804	4647.818439	4614.527944	4704.887892			
		4310.158342	4507.522874	4483.743989	4450.453561	4562.214336	4317.291991	5028.282228	4864.206997	5337.410388	4555.080665	4994.991574			
		4543.191214	4559.836446	4536.057545	4476.610324	4562.214336	4700.132103	4519.412319	4750.067905	4650.196332	4500.389207	4823.782717			
		4376.739093	4828.538513	4835.672209	4502.767096	4545.569104	4490.877653	4369.605439	4540.813324	4645.440546	4521.790208	4574.103789			
		4300.64681	4488.499765	4657.330012	4521.790208	4666.841586	4440.942013	4609.77216	4619.283728	4704.887892	4633.551082	4778.602663			
		4303.024693	4352.960247	4519.412319	4605.016376	4619.283728	4407.651604	4643.062653	4509.900762	4657.330012	4571.725898	4795.247943			
		4498.011319	4471.854549	4562.214336	4585.993244	4507.522874	4438.564126	4654.952119	4419.541034	4585.993244	4638.306868	4804.759533			
		4410.02949	4424.296807	4507.522874	4507.522874	4348.204479	4873.718596	4509.900762	4533.679655	4662.085799	4595.50481	4673.975267			
		
45:00	25.60	4607.394268	4429.05258	4585.993244	4581.237462	4445.697787	4662.085799	4678.731054	4669.219479	4726.288948	4823.782717	5075.840329			
		4540.813324	4547.946994	4628.795297	4597.882701	4728.666843	4612.150052	5130.53218	4964.078837	5482.463244	4964.078837	4947.433521			
		4631.17319	4585.993244	4514.65654	4574.103789	4785.736354	4819.02692	4633.551082	4838.050107	4681.108948	4795.247943	4909.3871			
		4583.615353	4987.857865	4614.527944	4866.584897	4742.934217	4742.934217	4778.602663	4759.579489	4662.085799	4807.137431	4795.247943			
		4528.923876	4593.126918	4695.376314	4688.242631	4780.980559	4733.422634	4754.823697	4609.77216	4859.451198	4783.358456	4885.608095			
		4555.080665	4514.65654	4605.016376	4759.579489	4662.085799	4602.638484	4721.533157	4792.870045	4880.852295	4809.515328	4887.985995			
		4509.900762	4417.163148	4426.674693	4569.348008	4692.998419	4590.749027	4897.497597	4688.242631	4873.718596	4800.003738	5018.770611			
		4502.767096	4343.448711	4391.006404	4433.808353	4600.260593	4695.376314	4849.939602	4854.6954	4866.584897	4890.363896	4859.451198			
		
46:00	25.60	4600.260593	4785.736354	4752.445801	4645.440546	4624.039512	4607.394268	4402.895832	4849.939602	4643.062653	4769.091075	4859.451198			
		4583.615353	4719.155262	4780.980559	4612.150052	4633.551082	4678.731054	4983.102058	4852.317501	5054.43918	4852.317501	4809.515328			
		4778.602663	4635.928975	4956.94513	4819.02692	4904.631298	4802.381635	4671.597373	4754.823697	4692.998419	4902.253398	5028.282228			
		4562.214336	5059.19499	4971.212544	4747.690009	4631.17319	4585.993244	4543.191214	4759.579489	4771.468972	4688.242631	4980.724155			
		4528.923876	4873.718596	4883.230195	4505.144985	4745.312113	4676.353161	4493.255542	4712.021577	4842.805905	5004.503188	4983.102058			
		4512.278651	4600.260593	4954.567228	4704.887892	4685.864737	4552.702775	4766.713179	4842.805905	4728.666843	4911.765	5104.375203			
		4605.016376	4773.846869	4752.445801	4738.178425	4733.422634	4740.556321	4740.556321	4833.29431	4735.80053	4899.875497	4750.067905			
		4550.324884	4702.509997	4685.864737	4538.435435	4519.412319	4690.620525	4847.561703	4659.707905	4742.934217	4849.939602	5066.328706			
		
47:00	25.60	4600.260593	4279.245869	4445.697787	4433.808353	4381.494863	4474.232436	4312.536225	4590.749027	4517.03443	4735.80053	4652.574225			
		4590.749027	4664.463692	4512.278651	4438.564126	4500.389207	4524.168097	4880.852295	4607.394268	5082.974046	4669.219479	4635.928975			
		4871.340696	4371.983323	4590.749027	4421.91892	4647.818439	4521.790208	4440.942013	4450.453561	4481.3661	4697.754208	5037.793846			
		4619.283728	4954.567228	4526.545987	4431.430466	4407.651604	4398.140061	4303.024693	4483.743989	4457.587223	4619.283728	4871.340696			
		4457.587223	4635.928975	4657.330012	4412.407376	4383.872748	4367.227554	4433.808353	4433.808353	4505.144985	4574.103789	4890.363896			
		4585.993244	4395.762175	4566.970117	4481.3661	4367.227554	4400.517946	4547.946994	4364.849669	4374.361208	4571.725898	4828.538513			
		4652.574225	4469.476661	4417.163148	4471.854549	4452.831449	4352.960247	4417.163148	4476.610324	4621.66162	4666.841586	4721.533157			
		4429.05258	4493.255542	4393.38429	4253.08917	4400.517946	4550.324884	4528.923876	4421.91892	4538.435435	4621.66162	4849.939602			
		
48:00	25.60	4464.720886	4376.739093	4507.522874	4272.112223	4467.098773	4364.849669	4393.38429	4614.527944	4574.103789	4536.057545	4790.492148			
		4379.116978	4764.335282	4362.471785	4469.476661	4502.767096	4400.517946	4947.433521	4690.620525	5294.607956	4643.062653	4826.160615			
		4669.219479	4355.338131	4343.448711	4348.204479	4509.900762	4605.016376	4531.301766	4593.126918	4509.900762	4650.196332	4742.934217			
		4421.91892	4752.445801	4555.080665	4557.458555	4193.64216	4362.471785	4393.38429	4517.03443	4600.260593	4448.075674	4797.62584			
		4326.803524	4583.615353	4443.3199	4536.057545	4474.232436	4307.780459	4569.348008	4431.430466	4640.68476	4628.795297	4937.921914			
		4412.407376	4426.674693	4407.651604	4281.623751	4379.116978	4262.600696	4402.895832	4509.900762	4638.306868	4714.399472	4790.492148			
		4295.891045	4426.674693	4436.18624	4412.407376	4450.453561	4355.338131	4521.790208	4443.3199	4695.376314	4735.80053	4966.456739			
		4357.716016	4433.808353	4376.739093	4486.121877	4502.767096	4566.970117	4562.214336	4300.64681	4614.527944	4624.039512	4688.242631			
		
49:00	25.60	4493.255542	4440.942013	4633.551082	4398.140061	4552.702775	4514.65654	4424.296807	4509.900762	4443.3199	4538.435435	4750.067905			
		4376.739093	5018.770611	4528.923876	4509.900762	4659.707905	4657.330012	4866.584897	4835.672209	5197.113614	4707.265787	4821.404818			
		4509.900762	4562.214336	4426.674693	4436.18624	4616.905836	4671.597373	4450.453561	4714.399472	4536.057545	4745.312113	4764.335282			
		4231.688241	5197.113614	4600.260593	4490.877653	4498.011319	4412.407376	4505.144985	4738.178425	4605.016376	4519.412319	4700.132103			
		4417.163148	4536.057545	4619.283728	4550.324884	4433.808353	4457.587223	4469.476661	4647.818439	4671.597373	4605.016376	4759.579489			
		4490.877653	4450.453561	4438.564126	4421.91892	4433.808353	4500.389207	4585.993244	4502.767096	4585.993244	4607.394268	4766.713179			
		4478.988212	4581.237462	4490.877653	4640.68476	4478.988212	4431.430466	4502.767096	4391.006404	4590.749027	4621.66162	4742.934217			
		4405.273718	4662.085799	4374.361208	4519.412319	4383.872748	4671.597373	4407.651604	4507.522874	4624.039512	4619.283728	4785.736354			
		
~End
Original Filename: Data 12-12-19-170634.pda   Date Last Saved: 12/12/2019
