##BLOCKS= 1          
Plate:	Plate#1	1.3	PlateFormat	Kinetic	Luminescence	Raw	FALSE	14	840	60				1	450	1	12	96	405	Automatic	435			6	Automatic			1	8	None	
Time(hh:mm:ss)	Temperature(¡C)	1	2	3	4	5	6	7	8	9	10	11	12		
0:00	24.10	4805.651244	4449.85909	4435.294532	4406.165425	4518.52061	4300.05234	4243.874881	4416.568676	4374.95568	4506.036693	4441.536485			
		4672.489083	4420.729977	4468.584953	4422.810628	4462.342998	4218.907134	4289.649104	4291.729751	4218.907134	4522.681916	4454.020392			
		4743.231454	4366.633083	4308.374929	4337.504001	4408.246075	4185.616817	4177.29424	4374.95568	4445.697787	4404.084775	4481.068864			
		4736.989477	4472.746257	4347.907243	4289.649104	4320.858816	4308.374929	4064.939534	4349.987892	4264.681342	4533.085183	4414.488026			
		4614.230707	4454.020392	4383.278277	4364.552434	4362.471785	4300.05234	4281.326516	4308.374929	4287.568456	4337.504001	4308.374929			
		4476.90756	4374.95568	4420.729977	4237.632943	4262.600696	4175.213596	4235.552298	4177.29424	4181.455528	4383.278277	4402.004125			
		4657.924485	4487.310821	4291.729751	4366.633083	4383.278277	4358.310487	4310.455577	4231.391006	4422.810628	4383.278277	4406.165425			
		4387.439576	4583.02088	4349.987892	4266.761989	4254.278111	4264.681342	4358.310487	4285.487809	4393.681525	4347.907243	4381.197628			
		
1:00	24.40	4237.632943	4106.552369	4191.85875	4374.95568	4110.713654	4154.407157	4235.552298	4343.745946	4129.439438	4308.374929	4295.891045			
		4089.907233	4139.842654	4279.245869	4306.294282	4085.745949	4058.69761	4127.358795	4279.245869	4304.213634	4435.294532	4460.262346			
		4137.76201	4210.584553	4062.858893	4268.842635	4129.439438	4042.052483	4250.116819	4206.423263	4237.632943	4406.165425	4416.568676			
		4166.89102	4160.649088	4073.262099	4089.907233	4042.052483	4021.24608	4264.681342	4252.197465	4085.745949	4327.10076	4470.665605			
		4062.858893	4104.471727	4064.939534	4154.407157	4069.100816	4087.826591	4210.584553	4235.552298	4395.762175	4377.036329	4454.020392			
		4089.907233	4091.987874	4091.987874	4164.810376	4085.745949	3965.068816	4368.713732	4037.891202	4329.181408	4312.536225	4435.294532			
		4196.020039	4123.19751	4281.326516	4402.004125	4281.326516	4175.213596	4268.842635	4102.391085	4410.326725	4312.536225	4391.600876			
		4077.423382	4171.052307	4112.794297	4283.407163	4183.536172	3990.036484	4252.197465	4233.471652	4320.858816	4335.423352	4393.681525			
		
2:00	24.70	4123.19751	4035.810562	4050.375046	4300.05234	3985.875206	4127.358795	4027.488	4196.020039	4302.132987	4285.487809	4356.229838			
		4079.504024	4006.6816	3881.843314	4037.891202	3969.230094	4218.907134	4189.778106	4027.488	4233.471652	4449.85909	4287.568456			
		4173.132952	4037.891202	4116.955582	4050.375046	3973.391371	4123.19751	4069.100816	4162.729732	4360.391136	4202.261974	4233.471652			
		4058.69761	4069.100816	4054.536328	4060.778251	4008.76224	4108.633012	4098.229801	4449.85909	4325.020112	4258.439403	4189.778106			
		4252.197465	4019.165439	4152.326514	3996.278402	3967.149455	4139.842654	4196.020039	4160.649088	4150.24587	4360.391136	4250.116819			
		4252.197465	3919.294779	4091.987874	4044.133124	3921.375417	4037.891202	4054.536328	4187.697461	4133.600724	4262.600696	4212.665198			
		4200.181329	4035.810562	4035.810562	4333.342704	3952.584985	4075.342741	4139.842654	3919.294779	4362.471785	4304.213634	4416.568676			
		4023.32672	3946.343071	3971.310733	4015.004159	4081.584665	4102.391085	4096.149158	4266.761989	4245.955527	4239.713589	4291.729751			
		
3:00	24.80	4297.971692	4406.165425	4293.810398	4526.843223	4439.455834	4356.229838	4291.729751	4493.552778	4414.488026	4218.907134	4508.117346			
		4218.907134	4360.391136	4208.503908	4291.729751	4304.213634	4277.165222	4268.842635	4293.810398	4266.761989	4354.149189	4312.536225			
		4235.552298	4193.939395	4397.842825	4295.891045	4399.923475	4366.633083	4456.101044	4356.229838	4318.778168	4318.778168	4325.020112			
		4245.955527	4302.132987	4277.165222	4354.149189	4268.842635	4385.358927	4325.020112	4689.134341	4560.133682	4406.165425	4472.746257			
		4362.471785	4164.810376	4322.939464	4206.423263	4337.504001	4393.681525	4364.552434	4381.197628	4241.794235	4312.536225	4524.76257			
		4231.391006	4212.665198	4191.85875	4164.810376	4397.842825	4339.584649	4175.213596	4377.036329	4281.326516	4379.116978	4501.875388			
		4358.310487	4325.020112	4329.181408	4580.940226	4368.713732	4520.601263	4270.923282	4318.778168	4512.278651	4422.810628	4489.391473			
		4464.42365	4304.213634	4214.745843	4154.407157	4354.149189	4302.132987	4431.13323	4087.826591	4306.294282	4456.101044	4493.552778			
		
4:00	24.90	4320.858816	3996.278402	4091.987874	4576.778917	4456.101044	4354.149189	4204.342618	4433.213881	4391.600876	4399.923475	4381.197628			
		4239.713589	4660.005142	4757.796067	4682.892369	4370.794381	4341.665298	4277.165222	4389.520226	4258.439403	4501.875388	4528.923876			
		4152.326514	3921.375417	4104.471727	4680.811712	4314.616872	4098.229801	4331.262056	4449.85909	4356.229838	4402.004125	4535.165836			
		4399.923475	4597.585465	4662.085799	4651.682515	4216.826489	4141.923297	4181.455528	4406.165425	4491.472125	4495.63343	4218.907134			
		4645.440546	4087.826591	4572.617608	4054.536328	4275.084575	4468.584953	4472.746257	4285.487809	4300.05234	4551.811066	4630.875953			
		4508.117346	4553.89172	4144.00394	3833.988689	4133.600724	4160.649088	4262.600696	4308.374929	4566.375644	4503.95604	4300.05234			
		4245.955527	4354.149189	4489.391473	4062.858893	4181.455528	4262.600696	4243.874881	4283.407163	4624.633986	4343.745946	4772.360683			
		4067.020175	4181.455528	4335.423352	3900.569044	4304.213634	4370.794381	4358.310487	4420.729977	4116.955582	4358.310487	4393.681525			
		
5:00	25.00	3971.310733	4237.632943	4487.310821	4289.649104	4335.423352	4506.036693	3979.633288	4243.874881	4418.649327	4175.213596	4433.213881			
		4720.344209	4354.149189	3977.552649	4106.552369	4693.295656	4152.326514	4383.278277	4443.617136	4366.633083	4641.279234	4487.310821			
		4591.3435	4202.261974	4549.730412	4551.811066	4062.858893	4416.568676	4291.729751	4472.746257	4838.941819	4568.456299	4514.359304			
		3771.569656	4343.745946	4008.76224	4578.859571	4437.375183	4847.264465	4166.89102	4645.440546	4333.342704	4308.374929	4574.698262			
		4437.375183	4264.681342	4139.842654	3977.552649	4206.423263	4558.053028	4751.55409	4522.681916	4202.261974	4370.794381	4551.811066			
		4252.197465	4402.004125	4445.697787	3759.085855	4181.455528	4168.971664	4148.165227	4322.939464	4555.972374	4227.229715	4753.634749			
		3757.005222	4466.504301	3811.101705	4193.939395	4248.036173	4112.794297	3821.504879	4308.374929	4445.697787	4360.391136	4524.76257			
		4732.82816	4119.036224	4516.439957	3886.004587	4067.020175	4112.794297	4691.214999	4231.391006	4414.488026	4202.261974	4558.053028			
		
6:00	25.20	4310.455577	4156.487801	3900.569044	4851.425789	4100.310443	4162.729732	4549.730412	4551.811066	4472.746257	4506.036693	4389.520226			
		4264.681342	4335.423352	4553.89172	4354.149189	4127.358795	4547.649758	4316.69752	4456.101044	4458.181695	4595.50481	4861.829098			
		4252.197465	4437.375183	4445.697787	4312.536225	4393.681525	4520.601263	4443.617136	4416.568676	4664.166455	4566.375644	4570.536953			
		4343.745946	4366.633083	4422.810628	4445.697787	4343.745946	4337.504001	4447.778438	4599.66612	4535.165836	4499.794735	4551.811066			
		4514.359304	4354.149189	4325.020112	4329.181408	4547.649758	4487.310821	4381.197628	4470.665605	4591.3435	4426.971929	4743.231454			
		4489.391473	4372.87503	4399.923475	4657.924485	4291.729751	4266.761989	4302.132987	4437.375183	4566.375644	4516.439957	4645.440546			
		4270.923282	4356.229838	4064.939534	4793.167282	4408.246075	4551.811066	4216.826489	4520.601263	4443.617136	4522.681916	4772.360683			
		4447.778438	4416.568676	4732.82816	4106.552369	4325.020112	4495.63343	4418.649327	4387.439576	4678.731054	4691.214999	4641.279234			
		
7:00	25.30	4333.342704	4360.391136	4470.665605	4566.375644	4422.810628	4277.165222	4183.536172	4447.778438	4595.50481	4616.311363	4759.876727			
		4358.310487	4152.326514	4487.310821	4570.536953	4379.116978	4443.617136	4200.181329	4331.262056	4610.069396	4734.908819	4612.150052			
		4402.004125	4262.600696	4491.472125	4329.181408	4466.504301	4443.617136	4374.95568	4454.020392	4674.56974	4537.24649	4807.731905			
		4352.06854	4306.294282	4408.246075	4464.42365	4370.794381	4245.955527	4325.020112	4797.328603	4539.327143	4741.150795	4980.426918			
		4433.213881	4273.003929	4393.681525	4283.407163	4435.294532	4383.278277	4468.584953	4614.230707	4595.50481	4635.037265	4666.247112			
		4391.600876	4437.375183	4302.132987	4422.810628	4426.971929	4526.843223	4270.923282	4418.649327	4385.358927	4526.843223	4836.861158			
		4533.085183	4112.794297	4173.132952	4620.472674	4339.584649	4335.423352	4395.762175	4443.617136	4558.053028	4585.101535	4653.763172			
		4599.66612	4277.165222	4422.810628	4320.858816	4464.42365	4422.810628	4458.181695	4568.456299	4838.941819	4674.56974	4520.601263			
		
8:00	25.30	4335.423352	4483.149516	4570.536953	4805.651244	4587.18219	4691.214999	4335.423352	4635.037265	4524.76257	4670.408426	4870.151746			
		4306.294282	4664.166455	4420.729977	4682.892369	4368.713732	4603.82743	4341.665298	4570.536953	4343.745946	4732.82816	4718.263551			
		4275.084575	4535.165836	4387.439576	4531.004529	4545.569104	4260.52005	4637.117921	4460.262346	4697.456972	4637.117921	4709.940919			
		4402.004125	4362.471785	4325.020112	4354.149189	4462.342998	4347.907243	4541.407797	4687.053684	4595.50481	4551.811066	4786.925302			
		4522.681916	4510.197999	4337.504001	4489.391473	4630.875953	4391.600876	4531.004529	4414.488026	4637.117921	4549.730412	4705.779603			
		4622.55333	4508.117346	4339.584649	4424.891278	4422.810628	4320.858816	4454.020392	4372.87503	4437.375183	4580.940226	4655.843829			
		4491.472125	4524.76257	4410.326725	4813.973887	4435.294532	4341.665298	4472.746257	4539.327143	4626.714641	4849.345127	4712.021577			
		4668.327769	4553.89172	4614.230707	4670.408426	4516.439957	4437.375183	4460.262346	4722.424868	4888.877708	4772.360683	4772.360683			
		
9:00	25.30	4377.036329	4553.89172	4416.568676	4680.811712	4435.294532	4449.85909	4518.52061	4352.06854	4630.875953	4641.279234	4876.393733			
		4331.262056	4587.18219	4597.585465	4451.939741	4499.794735	4456.101044	4528.923876	4449.85909	4720.344209	4714.102235	4732.82816			
		4358.310487	4474.826908	4539.327143	4343.745946	4503.95604	4248.036173	4528.923876	4576.778917	4911.765	4730.747501	4687.053684			
		4464.42365	4368.713732	4422.810628	4293.810398	4443.617136	4368.713732	4535.165836	4632.956609	4551.811066	4878.474395	4749.473431			
		4628.795297	4406.165425	4443.617136	4362.471785	4402.004125	4416.568676	4547.649758	4576.778917	4607.988741	4695.376314	4743.231454			
		4637.117921	4580.940226	4262.600696	4628.795297	4285.487809	4626.714641	4595.50481	4626.714641	4568.456299	4491.472125	4734.908819			
		4331.262056	4474.826908	4339.584649	4574.698262	4462.342998	4518.52061	4637.117921	4514.359304	4716.182893	4626.714641	4809.812566			
		4647.521203	4387.439576	4601.746775	4940.894291	4539.327143	4630.875953	4560.133682	4716.182893	5178.090341	4587.18219	4695.376314			
		
10:00	25.40	4510.197999	4791.086622	4478.988212	4953.378277	4595.50481	4630.875953	4491.472125	4558.053028	4664.166455	4645.440546	4701.618287			
		4493.552778	4585.101535	4524.76257	4585.101535	4660.005142	4789.005962	4662.085799	4495.63343	4574.698262	4718.263551	4637.117921			
		4439.455834	4489.391473	4614.230707	4759.876727	4585.101535	4699.537629	4672.489083	4545.569104	4782.763982	4757.796067	4664.166455			
		4424.891278	4558.053028	4574.698262	4589.262845	4454.020392	4603.82743	4632.956609	4545.569104	4662.085799	4597.585465	4803.570584			
		4657.924485	4508.117346	4660.005142	4786.925302	4449.85909	4539.327143	4805.651244	4574.698262	4632.956609	4676.650397	4689.134341			
		4630.875953	4533.085183	4564.29499	4674.56974	4560.133682	4755.715408	4601.746775	4666.247112	4632.956609	4468.584953	4670.408426			
		4501.875388	4447.778438	4701.618287	4782.763982	4481.068864	4670.408426	4709.940919	4753.634749	4630.875953	4635.037265	4703.698945			
		4747.392772	4632.956609	4655.843829	5053.250227	4728.666843	4936.732964	4595.50481	4930.490972	4963.781599	4487.310821	4739.070136			
		
11:00	25.40	4435.294532	4551.811066	4684.973026	4884.716383	4451.939741	4830.619174	4485.230169	4647.521203	4614.230707	4905.523011	4691.214999			
		4468.584953	4531.004529	4587.18219	4422.810628	4583.02088	4574.698262	4501.875388	4558.053028	4605.908086	4674.56974	4618.392018			
		4512.278651	4510.197999	4645.440546	4734.908819	4672.489083	4495.63343	4824.377191	4635.037265	4870.151746	4809.812566	4595.50481			
		4466.504301	4574.698262	4676.650397	4580.940226	4672.489083	4637.117921	4655.843829	4745.312113	4863.90976	4863.90976	4720.344209			
		4445.697787	4541.407797	4868.071084	4732.82816	4647.521203	4668.327769	4605.908086	4574.698262	4830.619174	4649.601859	4905.523011			
		4728.666843	4566.375644	4641.279234	4990.830243	4566.375644	4622.55333	4476.90756	4520.601263	4930.490972	4597.585465	4722.424868			
		4426.971929	4597.585465	4533.085183	4961.700934	4753.634749	4676.650397	4476.90756	4435.294532	4753.634749	4759.876727	4828.538513			
		4705.779603	4732.82816	4818.135208	5055.330894	4845.183804	4724.505526	4657.924485	4880.555058	5173.929001	4689.134341	4799.409263			
		
12:00	25.40	4560.133682	4670.408426	4618.392018	5040.766227	4539.327143	4649.601859	4753.634749	4722.424868	4620.472674	4890.958371	4712.021577			
		4684.973026	4734.908819	4583.02088	4695.376314	4728.666843	4863.90976	4732.82816	4747.392772	4772.360683	4951.297612	4841.022481			
		4666.247112	4818.135208	4662.085799	4789.005962	4641.279234	4730.747501	4841.022481	4720.344209	4789.005962	4868.071084	4795.247943			
		4674.56974	4832.699836	4603.82743	4560.133682	4537.24649	4664.166455	4599.66612	4703.698945	4764.038045	5034.524227	5126.073603			
		4585.101535	4620.472674	4793.167282	4712.021577	4691.214999	4816.054548	4539.327143	4753.634749	4691.214999	4926.329645	4942.974955			
		4934.6523	4605.908086	4610.069396	4662.085799	4560.133682	4689.134341	4416.568676	4793.167282	5148.960964	4761.957386	4961.700934			
		4716.182893	4614.230707	4564.29499	4841.022481	4701.618287	4978.346253	4749.473431	4466.504301	4872.232408	4897.200359	4813.973887			
		4876.393733	4682.892369	4666.247112	4913.845664	4739.070136	4957.539605	4724.505526	4811.893226	5065.73423	4909.684337	4897.200359			
		
13:00	25.50	4499.794735	4516.439957	4635.037265	4945.05562	4593.424155	4653.763172	4379.116978	4809.812566	4649.601859	4714.102235	4747.392772			
		4456.101044	4460.262346	4562.214336	4653.763172	4639.198577	4522.681916	4512.278651	4643.35989	4666.247112	4843.103142	4722.424868			
		4368.713732	4506.036693	4637.117921	4624.633986	4618.392018	4676.650397	4716.182893	4580.940226	5024.120895	4893.039033	4732.82816			
		4541.407797	4524.76257	4514.359304	4707.860261	4660.005142	4506.036693	4491.472125	4668.327769	4662.085799	4897.200359	4695.376314			
		4568.456299	4593.424155	4782.763982	4951.297612	4684.973026	4595.50481	4828.538513	4645.440546	4734.908819	4893.039033	4899.281022			
		5192.655034	4531.004529	4635.037265	4689.134341	4541.407797	4614.230707	4666.247112	4870.151746	5040.766227	4643.35989	4824.377191			
		4649.601859	4526.843223	4639.198577	4949.216948	4508.117346	4753.634749	4462.342998	4682.892369	4707.860261	4707.860261	4976.265588			
		4624.633986	4689.134341	4861.829098	4780.683322	4506.036693	4782.763982	4838.941819	4965.862264	4945.05562	4778.602663	4872.232408			
		
~End
Original Filename: pre_antag_02-27-20-153934.pda   Date Last Saved: 2/27/2020
