##BLOCKS= 1          
Plate:	Plate#1	1.3	PlateFormat	Kinetic	Luminescence	Raw	FALSE	50	3000	60				1	450	1	12	96	405	Automatic	435			6	Automatic			1	8	None	
Time(hh:mm:ss)	Temperature(¡C)	1	2	3	4	5	6	7	8	9	10	11	12		
0:00	24.80	6131.637445	5534.777454	5451.550319	5579.957935	5510.998263	5327.898735	5275.584661	5950.914428	5299.363781	5608.492989	5632.272208			
		5946.158564	5418.259489	5470.573656	5660.80728	5375.457014	5394.480333	5187.601977	5199.491523	5168.578707	5392.102418	5294.607956			
		6110.236014	5508.620345	5499.108671	5439.660735	5266.073015	5439.660735	5423.015321	5456.306153	6091.212524	5408.747826	5223.270621			
		6164.928571	5632.272208	5394.480333	5375.457014	5342.166215	5349.299957	5268.450926	5820.128288	5389.724503	5503.864508	5311.253344			
		6074.566974	5672.696897	5886.710296	6416.990408	5470.573656	5565.690412	5387.346588	5591.847539	5560.934571	5382.590758	5608.492989			
		7969.803949	5327.898735	5251.805547	5579.957935	5394.480333	5601.359224	5370.701184	5598.981303	5556.178731	5470.573656	5732.145006			
		5808.23865	5494.352834	5382.590758	5977.071681	5465.817821	5670.318973	5484.841162	5194.735704	5568.068332	5437.282818	5432.526986			
		5969.937884	5403.991994	5584.713776	5484.841162	5218.514801	5394.480333	5541.911212	5411.125741	5296.985869	5308.875431	5151.933349			
		
1:00	24.90	5047.305465	5101.997296	5247.049726	5596.603382	5204.247342	5244.671815	5173.334524	5808.23865	5149.555441	5254.183458	5767.813893			
		5211.381071	5068.706612	5111.508923	5439.660735	5192.357795	5216.136891	5066.328706	5178.090341	5028.282228	5437.282818	5351.677871			
		5140.04381	5147.177533	5166.200798	5156.689165	5218.514801	5403.991994	5275.584661	5097.241483	5684.586515	5258.939281	5425.393237			
		5363.567441	5132.910087	5216.136891	5270.828837	5415.881573	5270.828837	5206.625252	5311.253344	5142.421717	5510.998263	5232.782262			
		5289.852132	5149.555441	5563.312491	6057.921428	5446.794485	5549.044971	5161.444981	5289.852132	5318.387082	5339.788302	5299.363781			
		6671.430991	5230.404351	5209.003161	5451.550319	5180.46825	5325.520822	5320.764995	5482.463244	5361.189527	5239.915993	5249.427636			
		5211.381071	5194.735704	5049.68337	5836.773785	5527.643696	5689.342363	5258.939281	4892.741796	5587.091697	5335.032475	5261.317192			
		5142.421717	5101.997296	5389.724503	5330.276648	5332.654561	5201.869433	5715.499531	5304.119606	5254.183458	5342.166215	5387.346588			
		
2:00	25.10	5280.340484	5014.014803	5187.601977	5418.259489	4975.96835	5066.328706	4987.857865	5696.476135	5206.625252	5170.956615	5770.191819			
		5168.578707	5071.084517	4956.94513	5572.824173	5021.148515	5073.462423	4999.747381	5092.485671	5109.131016	5370.701184	5423.015321			
		5028.282228	5151.933349	5123.398458	5085.351952	4973.590447	5249.427636	4997.369478	5173.334524	5701.231984	5268.450926	5408.747826			
		5301.741693	5185.224068	5135.287994	4956.94513	5335.032475	5049.68337	5030.660132	5575.202093	5261.317192	5254.183458	5263.695103			
		5073.462423	5144.799625	5520.509939	5915.245459	5232.782262	5325.520822	5085.351952	5427.771153	5549.044971	5430.149069	5565.690412			
		6057.921428	4987.857865	5235.160172	5232.782262	5135.287994	5365.945356	5180.46825	5285.096308	5351.677871	5330.276648	5587.091697			
		5121.020551	5090.107764	5199.491523	5717.877456	5151.933349	5285.096308	5228.026441	5090.107764	5396.858248	5584.713776	5423.015321			
		4994.991574	5178.090341	5263.695103	5004.503188	5009.258996	5087.729858	5377.834928	5230.404351	5213.758981	5323.142908	5375.457014			
		
3:00	25.20	5173.334524	5073.462423	5059.19499	5468.195739	5025.904324	5113.88683	5147.177533	5860.553072	5194.735704	5327.898735	5801.104868			
		5025.904324	5028.282228	5180.46825	5579.957935	5137.665902	5109.131016	5044.92756	5156.689165	5311.253344	5363.567441	5211.381071			
		4983.102058	4949.811423	5168.578707	5144.799625	5054.43918	5101.997296	5192.357795	5206.625252	5984.205479	5368.32327	5377.834928			
		5099.61939	5009.258996	5123.398458	5073.462423	5382.590758	5118.642644	5261.317192	5491.974916	5249.427636	5411.125741	5494.352834			
		5142.421717	5092.485671	5499.108671	5793.971086	5316.009169	5187.601977	5192.357795	5767.813893	5501.486589	5384.968673	5553.800811			
		5803.482795	5170.956615	4968.834642	5451.550319	5099.61939	5356.433699	5570.446252	5273.206749	5175.712432	5351.677871	5430.149069			
		4985.479961	5294.607956	4983.102058	5943.780633	5356.433699	5377.834928	5339.788302	5118.642644	5370.701184	6569.179071	5289.852132			
		5006.881092	5071.084517	5223.270621	5116.264737	4985.479961	5068.706612	5413.503657	5080.59614	5097.241483	5209.003161	5408.747826			
		
4:00	25.30	5439.660735	4971.212544	5282.718396	5618.004675	5194.735704	5142.421717	5339.788302	6329.006469	5270.828837	5192.357795	5732.145006			
		4999.747381	5073.462423	5235.160172	5960.426155	5251.805547	5132.910087	5101.997296	5059.19499	5078.218235	5209.003161	5280.340484			
		4947.433521	5023.526419	5294.607956	5071.084517	5180.46825	5113.88683	5273.206749	5140.04381	5510.998263	5066.328706	5294.607956			
		5135.287994	5178.090341	5223.270621	5442.038651	5377.834928	5116.264737	5399.236164	5425.393237	5063.950801	5170.956615	5220.892711			
		5292.230044	5301.741693	5451.550319	5977.071681	5406.36991	5522.887858	5280.340484	5667.94105	5446.794485	5306.497519	5487.21908			
		5848.663428	5494.352834	5251.805547	6143.527131	5446.794485	5672.696897	6038.897951	5382.590758	5144.799625	5325.520822	5736.900857			
		5156.689165	5225.648531	5199.491523	6252.91233	5453.928236	5905.733737	5434.904902	5121.020551	5159.067073	7846.148474	5192.357795			
		5247.049726	4945.05562	5275.584661	5261.317192	5251.805547	5121.020551	5270.828837	5054.43918	5135.287994	5178.090341	5323.142908			
		
5:00	25.40	5648.917665	5249.427636	5159.067073	5936.646839	5235.160172	5033.038037	5211.381071	6692.832573	5375.457014	5118.642644	5689.342363			
		4971.212544	5175.712432	5066.328706	5812.994505	5014.014803	4985.479961	5080.59614	5092.485671	5090.107764	5392.102418	5154.311257			
		5104.375203	5228.026441	5213.758981	5068.706612	4956.94513	5094.863577	5216.136891	5206.625252	5732.145006	5144.799625	5180.46825			
		5335.032475	5266.073015	5132.910087	4956.94513	5306.497519	5073.462423	5071.084517	5344.544129	5182.846159	5135.287994	5175.712432			
		5577.580014	5156.689165	5273.206749	5836.773785	5332.654561	5192.357795	5123.398458	5553.800811	5546.667051	5934.268907	5213.758981			
		5784.459378	6581.068822	5056.817085	7430.001645	5456.306153	5510.998263	6336.140298	5784.459378	5323.142908	5625.138441	5872.442719			
		5263.695103	5456.306153	5018.770611	7192.204428	5235.160172	6990.077349	5382.590758	5052.061275	5929.513045	9051.797506	5040.17175			
		5073.462423	5225.648531	5113.88683	5080.59614	5009.258996	4861.829098	5109.131016	5052.061275	5166.200798	5082.974046	5316.009169			
		
6:00	25.40	6062.677298	5287.47422	5071.084517	5998.473077	5458.68407	5047.305465	5420.637405	6921.116463	5858.175143	5413.503657	5753.546336			
		4964.078837	5009.258996	5011.636899	5779.703525	5218.514801	5090.107764	5192.357795	5330.276648	5197.113614	5532.399534	5432.526986			
		4945.05562	4864.206997	5040.17175	4890.363896	5173.334524	5123.398458	5282.718396	5370.701184	5786.837305	5384.968673	5358.811613			
		4933.166111	5035.415941	5056.817085	5384.968673	5563.312491	5377.834928	5159.067073	5482.463244	5377.834928	5327.898735	5458.68407			
		5285.096308	5109.131016	5209.003161	5877.198577	5242.293904	5285.096308	5192.357795	5801.104868	5501.486589	6933.006266	5446.794485			
		5915.245459	7698.71335	5344.544129	9819.90291	5977.071681	5820.128288	6614.360136	6131.637445	6088.834588	6504.974443	6343.274128			
		5729.767081	5513.376182	5280.340484	8666.558563	5280.340484	9627.281358	6069.811104	5249.427636	7727.249159	10357.343273	5330.276648			
		5144.799625	4887.985995	5206.625252	5140.04381	5311.253344	5325.520822	5239.915993	5394.480333	5365.945356	5608.492989	5201.869433			
		
7:00	25.40	6305.227043	5296.985869	5296.985869	6176.818263	5544.289132	5178.090341	5506.242426	6666.675085	6469.305228	5261.317192	5389.724503			
		5380.212843	5097.241483	5009.258996	5715.499531	5199.491523	5201.869433	4983.102058	5037.793846	5056.817085	5244.671815	5206.625252			
		5006.881092	5082.974046	5225.648531	5071.084517	5189.979886	5175.712432	5090.107764	5247.049726	5446.794485	4980.724155	5170.956615			
		5527.643696	5363.567441	5071.084517	4923.654506	5335.032475	5275.584661	5068.706612	5320.764995	4895.119696	5044.92756	5173.334524			
		5444.416568	5220.892711	5239.915993	5629.894286	5442.038651	5199.491523	5261.317192	5570.446252	5358.811613	7615.483964	5140.04381			
		6224.377046	9439.41634	5406.36991	12412.015814	6768.92713	6267.179975	6657.163274	6326.628526	6143.527131	7089.951842	7254.031636			
		6386.077121	6036.520017	5805.860723	10488.136828	5601.359224	12369.209598	7144.645069	5097.241483	10031.549348	10052.951828	5247.049726			
		5025.904324	5151.933349	5047.305465	5263.695103	5025.904324	5251.805547	5216.136891	5235.160172	5121.020551	5546.667051	5189.979886			
		
8:00	25.50	6650.029416	5570.446252	5499.108671	6212.487348	5513.376182	5159.067073	5782.081452	6585.824723	6581.068822	5380.212843	5373.079099			
		5311.253344	4914.142901	5075.840329	5691.720287	5113.88683	5009.258996	4983.102058	4947.433521	5068.706612	5458.68407	5147.177533			
		4949.811423	5104.375203	5056.817085	5025.904324	5161.444981	5042.549655	5130.53218	4914.142901	5439.660735	5111.508923	5059.19499			
		5268.450926	5304.119606	4866.584897	4959.323032	5140.04381	5182.846159	5004.503188	5256.561369	5170.956615	5228.026441	5185.224068			
		5225.648531	5651.295588	5128.154272	5449.172402	5537.155373	5244.671815	5244.671815	5541.911212	5644.16182	7770.052892	5399.236164			
		6324.250583	10419.172927	5475.329491	14935.244887	7679.689483	7059.038295	6973.431612	6450.281653	6642.895559	8100.593602	8359.795545			
		7560.790415	6452.6596	7194.582396	13070.758803	5589.469618	14309.781065	8190.957487	5475.329491	12761.600768	10671.248164	5477.707409			
		5225.648531	4952.189325	4985.479961	4918.898703	4980.724155	5073.462423	5130.53218	5280.340484	5755.924262	5969.937884	5123.398458			
		
9:00	25.50	6842.643802	5530.021615	5568.068332	6395.5889	5846.285499	5082.974046	6129.259508	6504.974443	7023.368833	5627.516363	5560.934571			
		5247.049726	4731.044738	4788.114251	5682.208591	5073.462423	4994.991574	5068.706612	5030.660132	5266.073015	5368.32327	5263.695103			
		4980.724155	4849.939602	5078.218235	5030.660132	5071.084517	5116.264737	5099.61939	4990.235768	5266.073015	4975.96835	5159.067073			
		5306.497519	4928.410308	5059.19499	5325.520822	5028.282228	5121.020551	5151.933349	5161.444981	5123.398458	5413.503657	5170.956615			
		5118.642644	5889.088226	5251.805547	5594.22546	5791.593159	5189.979886	5537.155373	5803.482795	5570.446252	8209.981476	5356.433699			
		6305.227043	11218.206597	5568.068332	14909.084705	8462.049754	7827.124572	6790.328738	6602.470379	6852.155636	8726.008896	8992.346931			
		8856.799785	7116.109468	8937.652441	16932.956753	5984.205479	15786.644561	9477.464915	6031.764148	14728.341865	10949.483074	5815.372433			
		5197.113614	4797.62584	5075.840329	5099.61939	5085.351952	5308.875431	5216.136891	5406.36991	6260.046152	6509.73034	5356.433699			
		
10:00	25.60	7515.608816	5832.017929	6019.874478	6602.470379	6172.062386	5194.735704	6913.982581	6333.762355	7441.891524	6036.520017	5296.985869			
		5629.894286	5054.43918	5128.154272	5803.482795	5206.625252	5161.444981	5113.88683	5235.160172	5142.421717	5763.05804	5211.381071			
		5009.258996	4973.590447	5280.340484	5137.665902	5149.555441	5111.508923	5118.642644	5113.88683	5365.945356	5220.892711	5142.421717			
		5275.584661	5299.363781	4890.363896	5401.614079	5330.276648	5258.939281	5213.758981	5522.887858	5199.491523	5484.841162	5256.561369			
		5094.863577	6181.57414	5361.189527	5620.382597	6017.496544	5351.677871	5763.05804	5758.302188	5715.499531	7791.454767	5280.340484			
		6145.905069	11719.984795	5841.529642	14492.901146	8642.778442	8055.411698	6847.399719	6609.604233	7389.576068	9265.819943	8937.652441			
		10371.611651	7879.440314	10509.53943	19546.705082	6733.257797	16331.259717	10473.86843	7211.228179	15180.199731	10626.064808	5686.964439			
		5189.979886	4985.479961	5261.317192	5318.387082	5420.637405	5753.546336	5306.497519	5472.951574	6540.643674	7104.219637	5318.387082			
		
11:00	25.50	7670.177551	6226.754986	6238.644687	6395.5889	6279.069682	5109.131016	7456.159382	6600.092428	7394.332017	5974.693749	5589.469618			
		6017.496544	5182.846159	5201.869433	5986.583412	5373.079099	5392.102418	5263.695103	5358.811613	5292.230044	5494.352834	5351.677871			
		5018.770611	5144.799625	5092.485671	5132.910087	5247.049726	5235.160172	5149.555441	5132.910087	5532.399534	5199.491523	5491.974916			
		5242.293904	5446.794485	5228.026441	5270.828837	5301.741693	5192.357795	5132.910087	5335.032475	5406.36991	5482.463244	5465.817821			
		5299.363781	6264.802034	5384.968673	5513.376182	6141.149194	5922.379252	5653.673511	5801.104868	5639.405975	7520.364772	5327.898735			
		6455.037546	11950.661137	6164.928571	13857.928114	8785.459273	8471.56178	6733.257797	6271.935858	7085.195911	9253.929792	8704.606771			
		12105.238438	8452.537729	11282.415006	19463.463374	7204.094272	15089.827954	11035.09401	7627.373871	14599.919569	10286.001424	6219.621167			
		5444.416568	5194.735704	5368.32327	5503.864508	5380.212843	6081.700781	5465.817821	5415.881573	6811.730351	7800.966714	5342.166215			
		
12:00	25.60	7843.770486	6257.668211	6046.031754	6250.534389	6217.243227	5085.351952	7976.937925	6433.636029	7577.436274	6405.100681	5546.667051			
		5972.315816	5239.915993	4973.590447	5710.743682	5282.718396	5180.46825	5318.387082	5677.452744	5344.544129	5960.426155	5458.68407			
		5042.549655	4952.189325	4968.834642	5002.125285	5099.61939	5228.026441	5285.096308	5206.625252	5993.717211	5442.038651	5313.631257			
		5311.253344	5137.665902	4852.317501	5216.136891	5213.758981	5239.915993	5339.788302	5582.335855	5489.596998	5449.172402	5461.061987			
		5235.160172	6671.430991	5370.701184	5484.841162	6003.228943	5620.382597	5924.757183	5729.767081	5582.335855	7225.495996	5591.847539			
		6455.037546	11922.123821	6019.874478	12290.731594	8300.345484	8340.771521	6795.084651	6626.249894	6866.423388	9023.261225	8362.173549			
		12702.147437	8925.762339	10894.787246	17686.868121	7460.915335	13945.920331	11617.726424	9023.261225	13855.549947	9632.03744	6685.698712			
		5503.864508	5006.881092	5161.444981	5318.387082	5468.195739	6279.069682	5461.061987	5684.586515	6916.360542	8198.091482	5522.887858			
		
13:00	25.60	7927.000109	6538.265725	6279.069682	6298.093216	6381.321232	5109.131016	8711.740812	6288.581449	7132.755234	6338.518242	5532.399534			
		6455.037546	5235.160172	5358.811613	6088.834588	5503.864508	5185.224068	5296.985869	5744.034633	5132.910087	5629.894286	5432.526986			
		5137.665902	5163.82289	5082.974046	5280.340484	5159.067073	5099.61939	5090.107764	5325.520822	5434.904902	5308.875431	5477.707409			
		5197.113614	5442.038651	5042.549655	5427.771153	5137.665902	5009.258996	5201.869433	5325.520822	5090.107764	5335.032475	5494.352834			
		5339.788302	6611.982184	5458.68407	5532.399534	6183.952078	5582.335855	5891.466156	5392.102418	5287.47422	6778.438955	5720.255381			
		6195.841773	11586.811128	6105.480141	11527.35867	8048.277715	7931.75609	6419.368353	6062.677298	6790.328738	9258.685852	8198.091482			
		13807.986629	9384.721544	11044.606342	16728.426819	7648.775708	11448.881492	11077.899512	9173.076817	12704.525569	9384.721544	6987.699387			
		5401.614079	5489.596998	5201.869433	5415.881573	5423.015321	6267.179975	5634.65013	5672.696897	6464.549334	8264.675468	5439.660735			
		
14:00	25.60	7644.019744	6616.738087	5860.553072	6091.212524	6331.384412	5344.544129	8542.902011	6145.905069	6916.360542	6457.415493	5608.492989			
		6573.934971	5059.19499	5021.148515	5753.546336	5744.034633	5339.788302	5304.119606	6174.440324	5365.945356	5755.924262	5289.852132			
		4983.102058	5125.776365	5168.578707	5147.177533	5418.259489	5033.038037	5389.724503	5453.928236	5694.098211	5313.631257	5361.189527			
		5092.485671	5304.119606	5247.049726	5401.614079	5254.183458	5078.218235	5296.985869	5380.212843	5382.590758	5375.457014	5358.811613			
		5230.404351	6457.415493	5594.22546	5582.335855	6057.921428	5715.499531	5772.569745	5503.864508	5924.757183	6573.934971	5475.329491			
		5929.513045	10740.212282	5810.616578	10783.017627	7644.019744	8053.033703	6428.880137	6169.684448	6483.572912	9056.553554	7517.986794			
		13753.288847	9375.209409	9777.098081	15822.317929	7422.867718	10036.305454	10849.603764	9710.512836	11612.970224	8954.298586	7051.904401			
		5346.922043	5197.113614	5491.974916	5651.295588	5442.038651	6431.258083	5613.248832	5641.783897	6523.998031	8022.119785	5358.811613			
		
15:00	25.70	7489.451059	6892.580941	5815.372433	6048.409689	6497.840599	5220.892711	9089.845898	6329.006469	6540.643674	6221.999106	5656.051434			
		6647.651463	5247.049726	5132.910087	5953.29236	5839.151714	5458.68407	5427.771153	6597.714477	5342.166215	5808.23865	5351.677871			
		5092.485671	5097.241483	5166.200798	5220.892711	5382.590758	5247.049726	5491.974916	5287.47422	5613.248832	5399.236164	5339.788302			
		5389.724503	5130.53218	5147.177533	5135.287994	5294.607956	5225.648531	5408.747826	5418.259489	5292.230044	5513.376182	5615.626754			
		5313.631257	6148.283006	5568.068332	5465.817821	6015.118611	5596.603382	5824.884144	5468.195739	5644.16182	6588.202674	5563.312491			
		6195.841773	9891.244344	5801.104868	9691.48849	7296.835116	7235.007875	6424.124245	6072.189039	6355.163846	8397.843607	7273.055402			
		13988.72739	9063.687627	9092.223923	14214.653916	7346.772538	9047.041459	10174.232656	10041.061561	10259.842762	8243.273467	7375.308222			
		5705.987832	5446.794485	5444.416568	5858.175143	5330.276648	6134.015382	5774.947672	5696.476135	6288.581449	8057.789692	5572.824173			
		
16:00	25.70	7584.570214	6821.242181	6022.252412	5958.048223	6747.525529	5468.195739	9161.18668	5969.937884	6478.817017	6295.715274	5544.289132			
		7242.141785	5289.852132	5292.230044	5924.757183	6245.778508	5465.817821	5449.172402	6409.856571	5270.828837	5734.522931	5544.289132			
		5323.142908	5344.544129	5461.061987	5339.788302	5380.212843	5361.189527	5520.509939	5299.363781	5755.924262	5575.202093	5496.730753			
		5344.544129	5337.410388	5123.398458	5458.68407	5501.486589	5204.247342	5418.259489	5610.87091	5508.620345	5444.416568	5596.603382			
		5316.009169	6110.236014	5739.278782	5665.563127	5927.135114	5941.402701	5884.332366	5613.248832	5591.847539	6286.203507	5684.586515			
		6031.764148	9674.842192	6003.228943	9039.907388	6695.210527	7175.558649	6283.825565	5812.994505	6110.236014	7965.047966	6842.643802			
		13679.565809	8652.290489	8316.991497	12188.472494	7215.984118	7960.291983	9974.476096	10067.220151	9180.2109	7822.368597	7582.192234			
		5777.325598	5458.68407	5615.626754	5815.372433	5584.713776	6062.677298	5510.998263	5917.62339	6088.834588	7572.680314	5482.463244			
		
17:00	25.70	7537.010623	6937.762188	5772.569745	6000.85101	6433.636029	5677.452744	9154.052599	6048.409689	6545.399573	6523.998031	5736.900857			
		7598.838097	5598.981303	5461.061987	6485.95086	6543.021624	5767.813893	5587.091697	6971.05365	5449.172402	5991.339278	5713.121606			
		5380.212843	5475.329491	5451.550319	5560.934571	5629.894286	5708.365757	5480.085327	5606.115067	5727.389156	5560.934571	5625.138441			
		5546.667051	5522.887858	5206.625252	5444.416568	5482.463244	5487.21908	5577.580014	5694.098211	5553.800811	5641.783897	5679.830668			
		5637.028053	5972.315816	5779.703525	5748.790484	5981.827546	6062.677298	5812.994505	5665.563127	5881.954437	6257.668211	5525.265777			
		5936.646839	8590.462201	6136.393319	8378.819574	6485.95086	6973.431612	6395.5889	6031.764148	6329.006469	7753.406993	6631.005798			
		13011.305242	8825.885555	7800.966714	10794.908004	6937.762188	7629.751853	9311.00253	9805.634631	8764.057132	7484.695104	7456.159382			
		5972.315816	5639.405975	5834.395857	6062.677298	5579.957935	6381.321232	5784.459378	5855.797214	6243.400567	7496.584992	5570.446252			
		
18:00	25.70	7532.254665	6871.179306	5967.559952	5984.205479	6450.281653	5480.085327	9296.734342	5886.710296	6153.038882	6445.52576	6003.228943			
		7451.403429	5437.282818	5587.091697	6578.690872	7251.653666	5803.482795	5936.646839	6802.218522	5610.87091	6043.65382	5817.750361			
		5458.68407	5587.091697	5713.121606	5603.737146	5865.308931	5598.981303	5544.289132	5541.911212	5853.419285	5598.981303	5763.05804			
		5598.981303	5549.044971	5713.121606	5596.603382	5594.22546	5394.480333	5558.556651	5522.887858	5615.626754	5672.696897	5708.365757			
		5480.085327	6138.771256	6150.660944	5896.222016	5948.536496	6017.496544	5810.616578	5613.248832	5798.726941	6162.550633	5772.569745			
		5948.536496	8086.325629	6141.149194	7812.856648	6271.935858	7130.377267	6107.858077	5848.663428	6093.59046	7755.784979	6438.391921			
		12452.443928	8205.225478	7413.355816	9437.038304	6469.305228	7059.038295	8892.470064	9334.78285	8226.627469	7108.975569	7910.354178			
		5810.616578	5603.737146	6034.142082	6015.118611	5660.80728	6219.621167	5584.713776	6031.764148	6062.677298	7332.5047	5798.726941			
		
19:00	25.60	7049.526437	6833.13197	5610.87091	5862.931001	6298.093216	5423.015321	8704.606771	5715.499531	6172.062386	6031.764148	5456.306153			
		7406.221891	5461.061987	5458.68407	6221.999106	7223.118026	5705.987832	5801.104868	6766.549174	5520.509939	6012.740677	5601.359224			
		5209.003161	5418.259489	5665.563127	5589.469618	5392.102418	5539.533293	5549.044971	5606.115067	5710.743682	5477.707409	5568.068332			
		5377.834928	5491.974916	5703.609908	5510.998263	5556.178731	5520.509939	5453.928236	5682.208591	5549.044971	5556.178731	5670.318973			
		5370.701184	5686.964439	5900.977877	5708.365757	5874.820648	5772.569745	5496.730753	5613.248832	5608.492989	5946.158564	5746.412559			
		5641.783897	7620.239927	5900.977877	7446.647476	6057.921428	6400.34479	6091.212524	5696.476135	5872.442719	6799.840565	6302.8491			
		11339.489191	7891.33026	6890.202981	8554.792056	6293.337332	6626.249894	8007.851826	8813.99547	7399.087966	6583.446773	7391.954042			
		5753.546336	5499.108671	5941.402701	5727.389156	5694.098211	5900.977877	5456.306153	5893.844086	5950.914428	6697.58848	5584.713776			
		
20:00	25.70	6723.745978	6768.92713	5470.573656	5665.563127	5891.466156	5432.526986	8229.005469	5784.459378	5920.001321	6117.369823	5791.593159			
		7372.930248	5351.677871	5518.13202	5977.071681	7273.055402	5472.951574	5891.466156	6688.076665	5465.817821	6157.794757	5717.877456			
		5308.875431	5154.311257	5351.677871	5216.136891	5415.881573	5518.13202	5499.108671	5501.486589	5705.987832	5691.720287	5641.783897			
		5484.841162	5375.457014	5296.985869	5413.503657	5427.771153	5475.329491	5382.590758	5579.957935	5632.272208	5568.068332	5717.877456			
		5318.387082	5582.335855	5691.720287	5411.125741	5732.145006	5482.463244	5625.138441	5361.189527	5591.847539	6010.362744	5758.302188			
		5518.13202	6913.982581	5608.492989	7035.258652	6036.520017	6248.156448	5820.128288	5701.231984	5986.583412	6528.753929	6231.510866			
		10552.344651	7301.59106	6374.187398	7432.37962	6057.921428	6295.715274	7508.474881	8198.091482	7013.856979	6699.966434	7261.165548			
		5710.743682	5456.306153	5708.365757	5544.289132	5520.509939	5717.877456	5491.974916	5744.034633	5675.07482	6835.509928	5625.138441			
		
21:00	25.70	6507.352392	6590.580625	5622.760519	5770.191819	6269.557917	5572.824173	8150.531526	5851.041357	5870.064789	5943.780633	5622.760519			
		7441.891524	5482.463244	5301.741693	6119.74776	7927.000109	5777.325598	6027.00828	6880.691143	5622.760519	5936.646839	5784.459378			
		5389.724503	5444.416568	5544.289132	5503.864508	5606.115067	5494.352834	5663.185203	5491.974916	5641.783897	5461.061987	5558.556651			
		5729.767081	5520.509939	5465.817821	5380.212843	5658.429357	5522.887858	5646.539743	5912.867529	5560.934571	5632.272208	5715.499531			
		5494.352834	5832.017929	5851.041357	5601.359224	5784.459378	5879.576507	5772.569745	5629.894286	5713.121606	5808.23865	5637.028053			
		5782.081452	6809.352393	5862.931001	6664.297132	6107.858077	6350.407959	5805.860723	5751.16841	6029.386214	6471.683175	6143.527131			
		9658.195897	6942.518111	6390.833011	7173.180681	6162.550633	6409.856571	7311.102948	7732.005128	6975.809575	6566.801121	7194.582396			
		5805.860723	5513.376182	5765.435966	5741.656707	5501.486589	6012.740677	5710.743682	5713.121606	5884.332366	6471.683175	5667.94105			
		
22:00	25.70	6452.6596	6714.23416	5434.904902	5793.971086	6084.078717	5641.783897	7689.201416	5494.352834	5939.02477	6022.252412	5660.80728			
		7142.267102	5425.393237	5453.928236	5872.442719	8098.215606	5553.800811	5879.576507	6671.430991	5665.563127	6065.055233	5939.02477			
		5282.718396	5541.911212	5361.189527	5544.289132	5760.680114	5382.590758	5679.830668	5522.887858	5663.185203	5589.469618	5760.680114			
		5461.061987	5646.539743	5254.183458	5403.991994	5720.255381	5541.911212	5703.609908	5546.667051	5482.463244	5827.262072	5786.837305			
		5453.928236	5877.198577	5786.837305	5677.452744	5765.435966	5832.017929	5851.041357	5434.904902	6038.897951	5867.68686	5696.476135			
		5377.834928	6638.139654	5656.051434	6745.147573	5924.757183	6312.36087	5877.198577	5330.276648	5853.419285	6407.478626	5912.867529			
		8699.850744	6757.037351	6134.015382	6875.935224	5931.890976	5972.315816	6804.596479	7370.552274	6345.652072	6440.769867	6916.360542			
		5715.499531	5522.887858	5705.987832	5686.964439	5482.463244	5677.452744	5620.382597	5572.824173	5789.215232	6445.52576	5782.081452			
		
23:00	25.70	6122.125697	6507.352392	5451.550319	5430.149069	5946.158564	5608.492989	7265.921489	5805.860723	6124.503634	6027.00828	5917.62339			
		7163.668809	5568.068332	5392.102418	6095.968396	8022.119785	5653.673511	6219.621167	6626.249894	5784.459378	6150.660944	6048.409689			
		5625.138441	5434.904902	5532.399534	5618.004675	5634.65013	5703.609908	5639.405975	5815.372433	5872.442719	5855.797214	5753.546336			
		5499.108671	5491.974916	5572.824173	5620.382597	5425.393237	5582.335855	5677.452744	5658.429357	5677.452744	5736.900857	5862.931001			
		5525.265777	5663.185203	5615.626754	5598.981303	5608.492989	5694.098211	5915.245459	5656.051434	5941.402701	5941.402701	5836.773785			
		5520.509939	6348.030015	5530.021615	6331.384412	5851.041357	6150.660944	6207.731469	5841.529642	5988.961345	6207.731469	6053.165558			
		8110.105585	6538.265725	5922.379252	6457.415493	5950.914428	5984.205479	6728.501888	7199.338334	6345.652072	6231.510866	6990.077349			
		5701.231984	5465.817821	5544.289132	5667.94105	5508.620345	5755.924262	5665.563127	5858.175143	5915.245459	6276.69174	5801.104868			
		
24:00	25.80	6221.999106	6205.353529	5411.125741	5632.272208	5793.971086	5594.22546	7082.817945	5682.208591	5877.198577	5886.710296	5618.004675			
		6952.029956	5729.767081	5487.21908	5884.332366	7869.928358	5682.208591	6122.125697	6628.627846	5803.482795	6345.652072	6015.118611			
		5377.834928	5384.968673	5713.121606	5494.352834	5684.586515	5437.282818	5679.830668	5489.596998	5820.128288	5494.352834	5682.208591			
		5598.981303	5477.707409	5332.654561	5544.289132	5532.399534	5358.811613	5544.289132	5346.922043	5679.830668	5575.202093	5734.522931			
		5755.924262	5596.603382	5870.064789	5682.208591	5472.951574	5496.730753	5665.563127	5449.172402	5670.318973	5565.690412	5587.091697			
		5639.405975	6038.897951	5627.516363	6424.124245	5615.626754	6005.606877	5988.961345	5568.068332	5991.339278	5912.867529	5822.506216			
		7539.388602	6181.57414	5962.804087	6271.935858	5679.830668	5948.536496	6091.212524	6745.147573	6376.565343	6179.196201	6345.652072			
		5646.539743	5299.363781	5722.633305	5675.07482	5258.939281	5568.068332	5513.376182	5915.245459	5713.121606	6022.252412	5810.616578			
		
25:00	25.70	5765.435966	6181.57414	5289.852132	5489.596998	5551.422891	5332.654561	6455.037546	5494.352834	5603.737146	5739.278782	5639.405975			
		6452.6596	5684.586515	5354.055785	5836.773785	7755.784979	5589.469618	6124.503634	6590.580625	5268.450926	5872.442719	6003.228943			
		5311.253344	5239.915993	5387.346588	5320.764995	5318.387082	5491.974916	5515.754101	5465.817821	5560.934571	5427.771153	5525.265777			
		5477.707409	5434.904902	5170.956615	5354.055785	5175.712432	5339.788302	5510.998263	5463.439904	5477.707409	5382.590758	5632.272208			
		5401.614079	5565.690412	5610.87091	5413.503657	5515.754101	5527.643696	5530.021615	5446.794485	5411.125741	5679.830668	5748.790484			
		5465.817821	5760.680114	5339.788302	5843.907571	5675.07482	5803.482795	5639.405975	5584.713776	5736.900857	5958.048223	5725.01123			
		7040.01458	6000.85101	5425.393237	5912.867529	5717.877456	5808.23865	5827.262072	6183.952078	6238.644687	5689.342363	6431.258083			
		5527.643696	5351.677871	5415.881573	5506.242426	5463.439904	5727.389156	5663.185203	5434.904902	5753.546336	5881.954437	5629.894286			
		
26:00	25.80	5948.536496	5972.315816	5344.544129	5584.713776	5765.435966	5482.463244	6497.840599	5396.858248	5772.569745	5708.365757	5798.726941			
		6531.131878	5587.091697	5510.998263	5953.29236	7827.124572	5665.563127	6338.518242	6754.659395	5727.389156	6060.299363	5900.977877			
		5401.614079	5277.962572	5361.189527	5482.463244	5641.783897	5354.055785	5549.044971	5748.790484	5765.435966	5494.352834	5622.760519			
		5568.068332	5480.085327	5472.951574	5489.596998	5667.94105	5539.533293	5587.091697	5648.917665	5801.104868	5525.265777	5589.469618			
		5560.934571	5675.07482	5610.87091	5672.696897	5577.580014	5774.947672	5744.034633	5596.603382	5839.151714	5537.155373	5634.65013			
		5487.21908	5848.663428	5451.550319	6243.400567	5851.041357	5867.68686	5798.726941	5520.509939	5903.355807	5815.372433	5889.088226			
		6721.368023	5988.961345	5663.185203	6031.764148	5701.231984	6086.456652	6167.306509	6519.242134	6302.8491	6012.740677	6619.116039			
		5763.05804	5508.620345	5715.499531	5682.208591	5625.138441	5796.349013	5582.335855	5632.272208	5803.482795	6007.98481	5637.028053			
		
27:00	25.80	5874.820648	6141.149194	5484.841162	5415.881573	5637.028053	5579.957935	6141.149194	5753.546336	5656.051434	5786.837305	5694.098211			
		6464.549334	5770.191819	5606.115067	5751.16841	7553.656477	5527.643696	5986.583412	6521.620083	5544.289132	6081.700781	6005.606877			
		5499.108671	5644.16182	5403.991994	5620.382597	5503.864508	5527.643696	5627.516363	5705.987832	5587.091697	5606.115067	5556.178731			
		5641.783897	5589.469618	5377.834928	5510.998263	5444.416568	5667.94105	5313.631257	5670.318973	5480.085327	5453.928236	5717.877456			
		5653.673511	5698.854059	5851.041357	5658.429357	5601.359224	5667.94105	5675.07482	5572.824173	5637.028053	5660.80728	5603.737146			
		5311.253344	5950.914428	5506.242426	5912.867529	5753.546336	5758.302188	5665.563127	5675.07482	5606.115067	5886.710296	5796.349013			
		6614.360136	5917.62339	5815.372433	5713.121606	5727.389156	5667.94105	6233.888806	6081.700781	5779.703525	5644.16182	6514.486237			
		5843.907571	5501.486589	5522.887858	5556.178731	5489.596998	5763.05804	5601.359224	5465.817821	5751.16841	5841.529642	5722.633305			
		
28:00	25.70	5748.790484	5805.860723	5461.061987	5565.690412	5822.506216	5658.429357	5979.449614	5782.081452	6048.409689	5922.379252	5846.285499			
		6319.494698	5832.017929	5513.376182	5770.191819	7075.68405	5910.489598	6604.848331	6902.09278	5705.987832	6057.921428	6376.565343			
		5499.108671	5420.637405	5667.94105	5591.847539	5710.743682	5784.459378	5653.673511	5960.426155	5993.717211	5886.710296	5808.23865			
		5546.667051	5713.121606	5544.289132	5546.667051	5705.987832	5582.335855	5708.365757	5865.308931	6141.149194	5934.268907	5977.071681			
		5582.335855	5644.16182	5772.569745	5587.091697	5832.017929	5801.104868	5893.844086	5746.412559	5893.844086	5698.854059	5748.790484			
		5518.13202	5796.349013	5577.580014	5991.339278	5893.844086	5917.62339	5741.656707	5672.696897	6005.606877	5905.733737	5977.071681			
		6283.825565	5922.379252	5610.87091	5920.001321	5789.215232	5915.245459	6007.98481	6378.943287	6307.604985	5981.827546	6438.391921			
		5601.359224	5403.991994	5760.680114	5572.824173	5510.998263	5805.860723	5763.05804	6050.787624	5924.757183	5905.733737	5898.599946			
		
29:00	25.80	5929.513045	6012.740677	5670.318973	5779.703525	5874.820648	5801.104868	6148.283006	5789.215232	6046.031754	6103.102204	6117.369823			
		6402.722736	5915.245459	5867.68686	5924.757183	7137.511168	5870.064789	6861.66747	6602.470379	5960.426155	6424.124245	6885.447062			
		5746.412559	5881.954437	5798.726941	5862.931001	5915.245459	5793.971086	5900.977877	6036.520017	6131.637445	6027.00828	6141.149194			
		5660.80728	5784.459378	5793.971086	5822.506216	5746.412559	6010.362744	5686.964439	5998.473077	5936.646839	5915.245459	6131.637445			
		5839.151714	5829.64	6074.566974	5786.837305	5820.128288	6036.520017	5958.048223	5977.071681	5931.890976	6048.409689	6221.999106			
		5677.452744	6015.118611	5679.830668	6122.125697	5755.924262	5955.670291	6038.897951	5893.844086	6043.65382	6069.811104	6169.684448			
		6331.384412	5879.576507	5817.750361	6046.031754	6027.00828	5886.710296	6340.896185	6293.337332	6290.95939	6084.078717	6647.651463			
		5958.048223	5727.389156	5713.121606	5812.994505	5748.790484	5770.191819	5998.473077	5960.426155	5950.914428	6271.935858	6048.409689			
		
30:00	25.80	5948.536496	6188.707956	5786.837305	5862.931001	5960.426155	5791.593159	5729.767081	5715.499531	5625.138441	5736.900857	5793.971086			
		6450.281653	5908.111668	5727.389156	6057.921428	6961.541803	5931.890976	6723.745978	6533.509827	5722.633305	6174.440324	6162.550633			
		5691.720287	5922.379252	5822.506216	5929.513045	5943.780633	5648.917665	5686.964439	5896.222016	5667.94105	5670.318973	5698.854059			
		5786.837305	5953.29236	5518.13202	6038.897951	5812.994505	5796.349013	5667.94105	5927.135114	5796.349013	5793.971086	5570.446252			
		5701.231984	6112.61395	6114.991887	5979.449614	6084.078717	5972.315816	5767.813893	5618.004675	5855.797214	5808.23865	5836.773785			
		5663.185203	6129.259508	5822.506216	6093.59046	5960.426155	5834.395857	5789.215232	5660.80728	5751.16841	5803.482795	5793.971086			
		6181.57414	6276.69174	5998.473077	6298.093216	5924.757183	5836.773785	5679.830668	5941.402701	5996.095144	5929.513045	6255.29027			
		5872.442719	5810.616578	6081.700781	6024.630346	5815.372433	6029.386214	5615.626754	5865.308931	5836.773785	5855.797214	5639.405975			
		
31:00	25.80	6188.707956	6212.487348	5739.278782	5836.773785	5917.62339	5791.593159	6136.393319	5946.158564	6015.118611	6290.95939	6300.471158			
		6516.864185	6136.393319	5782.081452	6007.98481	6749.903484	6022.252412	6894.958901	6611.982184	6017.496544	6611.982184	6640.517606			
		5691.720287	5903.355807	5782.081452	6046.031754	5820.128288	5958.048223	6079.322845	5893.844086	6267.179975	6124.503634	6043.65382			
		5903.355807	6034.142082	5696.476135	6112.61395	5843.907571	5962.804087	5843.907571	5969.937884	6148.283006	6145.905069	6195.841773			
		5996.095144	5946.158564	6038.897951	5943.780633	5820.128288	5962.804087	6005.606877	5770.191819	6162.550633	6202.97559	6046.031754			
		5808.23865	5948.536496	5791.593159	6243.400567	5817.750361	5865.308931	5915.245459	5843.907571	6143.527131	6262.424093	5986.583412			
		5993.717211	6017.496544	5988.961345	6200.597651	6005.606877	5974.693749	6172.062386	6193.463834	6421.746299	6314.738812	6378.943287			
		6031.764148	5741.656707	6176.818263	6134.015382	5832.017929	6507.352392	5922.379252	6043.65382	6160.172695	6214.865287	5948.536496			
		
32:00	25.80	5632.272208	6126.881571	5553.800811	5703.609908	5741.656707	5786.837305	5939.02477	5865.308931	5767.813893	6162.550633	6088.834588			
		6279.069682	6074.566974	5651.295588	5893.844086	6600.092428	5996.095144	6802.218522	6438.391921	5877.198577	6260.046152	6619.116039			
		5634.65013	5786.837305	5886.710296	5663.185203	5675.07482	5763.05804	5879.576507	6086.456652	6126.881571	5953.29236	6095.968396			
		5632.272208	5839.151714	5556.178731	5839.151714	5805.860723	5798.726941	5727.389156	5974.693749	5808.23865	6091.212524	6057.921428			
		5784.459378	5893.844086	6010.362744	5729.767081	5881.954437	5741.656707	5998.473077	5910.489598	6148.283006	5886.710296	5955.670291			
		5622.760519	6017.496544	5625.138441	6010.362744	5924.757183	5812.994505	6007.98481	6072.189039	6041.275885	5996.095144	6098.346332			
		6124.503634	5862.931001	5817.750361	6072.189039	5656.051434	5988.961345	6283.825565	6445.52576	6264.802034	6098.346332	6260.046152			
		5953.29236	5656.051434	5763.05804	5801.104868	5530.021615	6362.297678	5931.890976	6086.456652	5981.827546	6022.252412	5981.827546			
		
33:00	25.80	5656.051434	5889.088226	5713.121606	5746.412559	5677.452744	5701.231984	5725.01123	5682.208591	5568.068332	5841.529642	5808.23865			
		5905.733737	5972.315816	5820.128288	5796.349013	6331.384412	5736.900857	6685.698712	6012.740677	5744.034633	6226.754986	6490.706755			
		5670.318973	5627.516363	5703.609908	5715.499531	5748.790484	5708.365757	5594.22546	5791.593159	5656.051434	5801.104868	5820.128288			
		5694.098211	5722.633305	5522.887858	5858.175143	5625.138441	5829.64	5713.121606	5689.342363	5817.750361	5910.489598	5784.459378			
		5729.767081	5789.215232	5917.62339	5853.419285	5905.733737	5827.262072	5627.516363	5670.318973	6205.353529	6048.409689	5817.750361			
		5694.098211	5744.034633	5584.713776	5969.937884	5893.844086	5798.726941	5686.964439	5570.446252	6062.677298	6076.94491	5874.820648			
		5988.961345	5686.964439	5744.034633	5936.646839	5977.071681	5891.466156	5832.017929	5941.402701	6181.57414	6060.299363	6055.543493			
		5872.442719	5563.312491	5808.23865	5782.081452	5563.312491	6645.273511	5758.302188	5763.05804	5896.222016	5943.780633	5815.372433			
		
34:00	25.80	5570.446252	5777.325598	5534.777454	5475.329491	5532.399534	5499.108671	5694.098211	5365.945356	5356.433699	5672.696897	5705.987832			
		5948.536496	5741.656707	5496.730753	5556.178731	6126.881571	5484.841162	6607.226282	5677.452744	5570.446252	6046.031754	6274.313799			
		5434.904902	5537.155373	5451.550319	5423.015321	5430.149069	5432.526986	5560.934571	5760.680114	5527.643696	5582.335855	5727.389156			
		5480.085327	5508.620345	5470.573656	5717.877456	5432.526986	5506.242426	5589.469618	5420.637405	5546.667051	5815.372433	5881.954437			
		5675.07482	5608.492989	5537.155373	5251.805547	5584.713776	5622.760519	5663.185203	5727.389156	5570.446252	5686.964439	5741.656707			
		5439.660735	5520.509939	5408.747826	5679.830668	5670.318973	5532.399534	5546.667051	5365.945356	5660.80728	5808.23865	5732.145006			
		5763.05804	5572.824173	5530.021615	5634.65013	5634.65013	5610.87091	5513.376182	5615.626754	5758.302188	5881.954437	5912.867529			
		5618.004675	5558.556651	5644.16182	5603.737146	5349.299957	6283.825565	5258.939281	5553.800811	5782.081452	5646.539743	5515.754101			
		
35:00	25.80	5420.637405	5373.079099	5349.299957	5437.282818	5425.393237	5423.015321	5491.974916	5553.800811	5694.098211	5867.68686	5920.001321			
		5941.402701	5893.844086	5577.580014	5311.253344	5851.041357	5848.663428	6493.084703	6027.00828	5798.726941	5893.844086	6374.187398			
		5380.212843	5530.021615	5425.393237	5434.904902	5701.231984	5546.667051	5437.282818	5824.884144	5817.750361	5549.044971	5829.64			
		5487.21908	5579.957935	5432.526986	5425.393237	5430.149069	5741.656707	5541.911212	5739.278782	5858.175143	5510.998263	5758.302188			
		5394.480333	5513.376182	5637.028053	5337.410388	5589.469618	5717.877456	5784.459378	5641.783897	5651.295588	5931.890976	5943.780633			
		5313.631257	5430.149069	5423.015321	5491.974916	5394.480333	5722.633305	5527.643696	5755.924262	5677.452744	5903.355807	5939.02477			
		5491.974916	5499.108671	5527.643696	5675.07482	5618.004675	5946.158564	5755.924262	5943.780633	5789.215232	6074.566974	6053.165558			
		5399.236164	5320.764995	5760.680114	5603.737146	5380.212843	6383.699176	5489.596998	5905.733737	5713.121606	5784.459378	5948.536496			
		
36:00	25.80	5615.626754	5777.325598	5658.429357	5789.215232	5491.974916	5717.877456	5805.860723	5734.522931	5981.827546	5953.29236	5834.395857			
		6057.921428	6029.386214	5579.957935	5644.16182	5986.583412	6036.520017	6607.226282	6041.275885	5965.18202	6369.43151	6543.021624			
		5755.924262	5582.335855	5541.911212	5705.987832	5608.492989	5789.215232	5570.446252	5860.553072	5972.315816	5984.205479	6122.125697			
		5679.830668	5717.877456	5793.971086	5601.359224	5696.476135	5981.827546	5656.051434	5793.971086	5596.603382	6065.055233	6134.015382			
		5689.342363	5748.790484	5881.954437	5572.824173	5603.737146	5836.773785	5782.081452	5872.442719	5946.158564	6057.921428	6198.219712			
		5579.957935	5829.64	5518.13202	5841.529642	5698.854059	5729.767081	5587.091697	5677.452744	5841.529642	6155.416819	6003.228943			
		5805.860723	5772.569745	5610.87091	5770.191819	5694.098211	5784.459378	5910.489598	6057.921428	6072.189039	6000.85101	6431.258083			
		5758.302188	5579.957935	5836.773785	5839.151714	5686.964439	6210.109408	5653.673511	5896.222016	6012.740677	6167.306509	6057.921428			
		
37:00	25.80	5670.318973	5608.492989	5584.713776	5491.974916	5534.777454	5320.764995	5368.32327	5522.887858	5615.626754	5746.412559	5675.07482			
		5798.726941	5965.18202	5494.352834	5601.359224	6027.00828	5532.399534	6421.746299	5755.924262	5620.382597	5734.522931	6153.038882			
		5489.596998	5465.817821	5394.480333	5606.115067	5475.329491	5444.416568	5670.318973	5717.877456	5746.412559	5508.620345	5810.616578			
		5598.981303	5522.887858	5363.567441	5415.881573	5323.142908	5494.352834	5399.236164	5672.696897	5653.673511	5425.393237	5594.22546			
		5608.492989	5679.830668	5689.342363	5613.248832	5587.091697	5563.312491	5672.696897	5691.720287	5556.178731	5541.911212	5646.539743			
		5289.852132	5596.603382	5463.439904	5744.034633	5304.119606	5510.998263	5487.21908	5639.405975	5696.476135	5670.318973	5663.185203			
		5658.429357	5461.061987	5461.061987	5591.847539	5444.416568	5434.904902	5596.603382	5815.372433	5606.115067	5584.713776	5691.720287			
		5551.422891	5351.677871	5772.569745	5701.231984	5432.526986	6193.463834	5484.841162	5610.87091	5532.399534	5717.877456	5646.539743			
		
38:00	25.80	5598.981303	5596.603382	5551.422891	5394.480333	5280.340484	5387.346588	5558.556651	5510.998263	5482.463244	5501.486589	5665.563127			
		5765.435966	5653.673511	5606.115067	5601.359224	5570.446252	5549.044971	6055.543493	5539.533293	5546.667051	5858.175143	6193.463834			
		5430.149069	5396.858248	5427.771153	5551.422891	5563.312491	5570.446252	5382.590758	5601.359224	5615.626754	5477.707409	5729.767081			
		5480.085327	5598.981303	5596.603382	5577.580014	5456.306153	5539.533293	5339.788302	5891.466156	5496.730753	5639.405975	5689.342363			
		5425.393237	5741.656707	5677.452744	5439.660735	5622.760519	5510.998263	5648.917665	5472.951574	5632.272208	5549.044971	5708.365757			
		5346.922043	5534.777454	5568.068332	5648.917665	5755.924262	5608.492989	5508.620345	5403.991994	5430.149069	5682.208591	5627.516363			
		5503.864508	5672.696897	5596.603382	5501.486589	5470.573656	5247.049726	5530.021615	5675.07482	5587.091697	5746.412559	5881.954437			
		5579.957935	5539.533293	5843.907571	5720.255381	5392.102418	6324.250583	5558.556651	5563.312491	5732.145006	5798.726941	5601.359224			
		
39:00	25.80	5575.202093	5713.121606	5551.422891	5449.172402	5449.172402	5506.242426	5415.881573	5665.563127	5641.783897	5544.289132	5827.262072			
		5679.830668	5903.355807	5644.16182	5501.486589	5846.285499	5458.68407	6274.313799	5727.389156	5667.94105	5986.583412	6193.463834			
		5587.091697	5515.754101	5444.416568	5584.713776	5458.68407	5563.312491	5579.957935	5777.325598	5732.145006	5665.563127	5670.318973			
		5546.667051	5782.081452	5696.476135	5755.924262	5499.108671	5684.586515	5577.580014	6183.952078	5598.981303	5672.696897	5594.22546			
		5501.486589	5615.626754	5620.382597	5525.265777	5656.051434	5411.125741	5527.643696	5660.80728	5789.215232	5836.773785	5805.860723			
		5389.724503	5691.720287	5515.754101	5725.01123	5705.987832	5672.696897	5534.777454	5744.034633	5598.981303	5725.01123	5658.429357			
		5622.760519	5539.533293	5323.142908	5589.469618	5332.654561	5582.335855	5720.255381	5660.80728	5613.248832	5798.726941	5860.553072			
		5525.265777	5527.643696	5682.208591	5755.924262	5530.021615	6621.493991	5544.289132	5722.633305	5646.539743	6017.496544	5644.16182			
		
40:00	25.80	5463.439904	5575.202093	5472.951574	5589.469618	5541.911212	5518.13202	5534.777454	5494.352834	5591.847539	5786.837305	5720.255381			
		5496.730753	5920.001321	5653.673511	5641.783897	5656.051434	5613.248832	6243.400567	5458.68407	5637.028053	5715.499531	5812.994505			
		5232.782262	5451.550319	5480.085327	5713.121606	5767.813893	5653.673511	5456.306153	5489.596998	5736.900857	5594.22546	5703.609908			
		5392.102418	5472.951574	5389.724503	5708.365757	5430.149069	5525.265777	5401.614079	5765.435966	5644.16182	5774.947672	5570.446252			
		5610.87091	5653.673511	5637.028053	5789.215232	5632.272208	5482.463244	5651.295588	5480.085327	5717.877456	5658.429357	5722.633305			
		5384.968673	5430.149069	5449.172402	5648.917665	5660.80728	5453.928236	5489.596998	5351.677871	5606.115067	5903.355807	5763.05804			
		5629.894286	5598.981303	5496.730753	5753.546336	5827.262072	5434.904902	5458.68407	5627.516363	5729.767081	5832.017929	5967.559952			
		5741.656707	5622.760519	5770.191819	5793.971086	5549.044971	6314.738812	5377.834928	5705.987832	5625.138441	5672.696897	5667.94105			
		
41:00	25.80	5732.145006	5848.663428	5651.295588	5660.80728	5627.516363	5589.469618	5534.777454	5732.145006	5577.580014	5862.931001	5751.16841			
		5729.767081	5922.379252	5786.837305	5629.894286	5767.813893	5584.713776	5910.489598	5841.529642	5839.151714	5939.02477	6179.196201			
		5667.94105	5789.215232	5439.660735	5910.489598	5836.773785	5705.987832	5789.215232	5715.499531	5760.680114	5943.780633	5900.977877			
		5741.656707	5720.255381	5563.312491	5682.208591	5815.372433	5889.088226	5881.954437	5827.262072	5506.242426	5753.546336	5967.559952			
		5758.302188	5955.670291	5827.262072	5732.145006	5765.435966	5715.499531	5860.553072	5587.091697	5858.175143	5786.837305	6036.520017			
		5720.255381	5851.041357	5639.405975	5808.23865	5803.482795	5506.242426	5796.349013	5594.22546	5741.656707	5889.088226	5943.780633			
		6019.874478	5739.278782	5644.16182	5977.071681	5782.081452	5841.529642	5765.435966	5663.185203	5967.559952	5946.158564	5960.426155			
		5710.743682	5896.222016	5950.914428	5977.071681	5801.104868	6704.722343	5596.603382	5803.482795	6143.527131	6057.921428	5822.506216			
		
42:00	25.80	5484.841162	5786.837305	5494.352834	5732.145006	5373.079099	5480.085327	5679.830668	5582.335855	5736.900857	5853.419285	5587.091697			
		5549.044971	5886.710296	5629.894286	5696.476135	5796.349013	5620.382597	5927.135114	5579.957935	5779.703525	5974.693749	5988.961345			
		5572.824173	5513.376182	5606.115067	5720.255381	5575.202093	5675.07482	5439.660735	5594.22546	5682.208591	5763.05804	5767.813893			
		5496.730753	5641.783897	5541.911212	5793.971086	5584.713776	5596.603382	5451.550319	5934.268907	5820.128288	6019.874478	5827.262072			
		5472.951574	5577.580014	5832.017929	5665.563127	5765.435966	5546.667051	5625.138441	5755.924262	5912.867529	5898.599946	5874.820648			
		5506.242426	5434.904902	5686.964439	5758.302188	5815.372433	5648.917665	5558.556651	5499.108671	5772.569745	6027.00828	5622.760519			
		5651.295588	5591.847539	5458.68407	5722.633305	5598.981303	5532.399534	5656.051434	5824.884144	5758.302188	5846.285499	5725.01123			
		5560.934571	5677.452744	5824.884144	5739.278782	5641.783897	6274.313799	5503.864508	5808.23865	5981.827546	5694.098211	5627.516363			
		
43:00	25.80	6076.94491	5815.372433	5691.720287	5701.231984	5696.476135	5751.16841	5689.342363	5675.07482	5725.01123	5920.001321	5886.710296			
		5763.05804	5986.583412	5734.522931	5796.349013	5962.804087	5808.23865	6141.149194	5805.860723	5958.048223	6065.055233	6293.337332			
		5772.569745	5877.198577	5670.318973	5629.894286	5939.02477	5889.088226	5858.175143	5672.696897	5920.001321	5772.569745	5829.64			
		5855.797214	5843.907571	5541.911212	5862.931001	5786.837305	5855.797214	5867.68686	6041.275885	5881.954437	5996.095144	5927.135114			
		5765.435966	5870.064789	5734.522931	5805.860723	5922.379252	5950.914428	6043.65382	5969.937884	5881.954437	5713.121606	5950.914428			
		5582.335855	5758.302188	5684.586515	5793.971086	5851.041357	5698.854059	5793.971086	5791.593159	5874.820648	5920.001321	5846.285499			
		5915.245459	5641.783897	5772.569745	6067.433168	5644.16182	5829.64	5722.633305	5953.29236	5777.325598	5884.332366	5984.205479			
		5765.435966	5610.87091	6000.85101	6174.440324	5805.860723	6495.462651	5858.175143	6131.637445	6134.015382	5767.813893	5974.693749			
		
44:00	25.90	5560.934571	5565.690412	5641.783897	5610.87091	5820.128288	5772.569745	5720.255381	5663.185203	5513.376182	5453.928236	5637.028053			
		5610.87091	5770.191819	5717.877456	5684.586515	5798.726941	5803.482795	6043.65382	5439.660735	5653.673511	6029.386214	5627.516363			
		5451.550319	5646.539743	5748.790484	5744.034633	5729.767081	5817.750361	5568.068332	5530.021615	5663.185203	5677.452744	5758.302188			
		5501.486589	5549.044971	5686.964439	5782.081452	5705.987832	5822.506216	5603.737146	5874.820648	5403.991994	5789.215232	5570.446252			
		5382.590758	5665.563127	5877.198577	5732.145006	5656.051434	5682.208591	5432.526986	5874.820648	5572.824173	5705.987832	5701.231984			
		5373.079099	5506.242426	5746.412559	6031.764148	5812.994505	5672.696897	5525.265777	5672.696897	5691.720287	5812.994505	5603.737146			
		5582.335855	5739.278782	5839.151714	6029.386214	5827.262072	5672.696897	5646.539743	5810.616578	5468.195739	5608.492989	5755.924262			
		5570.446252	5708.365757	5922.379252	5860.553072	5708.365757	6906.8487	5634.65013	5958.048223	5679.830668	5508.620345	5579.957935			
		
45:00	25.80	5532.399534	5446.794485	5489.596998	5591.847539	5363.567441	5499.108671	5487.21908	5677.452744	5646.539743	6036.520017	5965.18202			
		5475.329491	5736.900857	5675.07482	5406.36991	5392.102418	5361.189527	5824.884144	5530.021615	5765.435966	6088.834588	6193.463834			
		5275.584661	5449.172402	5568.068332	5677.452744	5444.416568	5491.974916	5646.539743	5632.272208	5841.529642	5846.285499	5881.954437			
		5489.596998	5613.248832	5653.673511	5594.22546	5606.115067	5456.306153	5824.884144	5912.867529	5801.104868	5941.402701	6046.031754			
		5449.172402	5572.824173	5667.94105	5487.21908	5729.767081	5501.486589	5796.349013	5748.790484	6110.236014	5893.844086	5824.884144			
		5254.183458	5427.771153	5468.195739	5739.278782	5648.917665	5620.382597	5615.626754	5563.312491	5760.680114	5917.62339	6000.85101			
		5463.439904	5389.724503	5449.172402	5808.23865	5758.302188	5551.422891	5701.231984	5881.954437	5872.442719	5793.971086	5984.205479			
		5577.580014	5587.091697	5670.318973	5843.907571	5615.626754	6271.935858	5520.509939	6053.165558	5972.315816	6029.386214	5979.449614			
		
46:00	25.80	5639.405975	5827.262072	5584.713776	5468.195739	5437.282818	5665.563127	5575.202093	5575.202093	5549.044971	5679.830668	5755.924262			
		5689.342363	5941.402701	5824.884144	5530.021615	5622.760519	5501.486589	5877.198577	5629.894286	5634.65013	5924.757183	5929.513045			
		5727.389156	5553.800811	5736.900857	5634.65013	5639.405975	5427.771153	5508.620345	5803.482795	5651.295588	5686.964439	5793.971086			
		5629.894286	5656.051434	5732.145006	5541.911212	5470.573656	5544.289132	5472.951574	6210.109408	5501.486589	5798.726941	5855.797214			
		5900.977877	5793.971086	5786.837305	5527.643696	5584.713776	5518.13202	5836.773785	5853.419285	6034.142082	5648.917665	5746.412559			
		5648.917665	5463.439904	5598.981303	5974.693749	5582.335855	5601.359224	5427.771153	5515.754101	5672.696897	5786.837305	5627.516363			
		5744.034633	5598.981303	5541.911212	5717.877456	5487.21908	5520.509939	5453.928236	5736.900857	5705.987832	5827.262072	5729.767081			
		5774.947672	5544.289132	5691.720287	5739.278782	5520.509939	6374.187398	5579.957935	6000.85101	5786.837305	5713.121606	5568.068332			
		
47:00	25.80	5553.800811	5639.405975	5598.981303	5705.987832	5406.36991	5560.934571	5606.115067	5722.633305	5403.991994	5541.911212	5727.389156			
		5613.248832	5770.191819	5736.900857	5553.800811	5487.21908	5537.155373	5924.757183	5382.590758	5734.522931	5898.599946	5872.442719			
		5458.68407	5746.412559	5820.128288	5796.349013	5520.509939	5282.718396	5451.550319	5665.563127	5560.934571	5401.614079	5579.957935			
		5515.754101	5641.783897	5489.596998	5546.667051	5625.138441	5363.567441	5591.847539	5822.506216	5584.713776	5634.65013	5606.115067			
		5679.830668	5798.726941	5632.272208	5432.526986	5682.208591	5532.399534	5760.680114	5446.794485	5943.780633	5373.079099	5632.272208			
		5306.497519	5715.499531	5727.389156	5898.599946	5575.202093	5644.16182	5518.13202	5477.707409	5758.302188	5620.382597	5618.004675			
		5591.847539	5644.16182	5394.480333	6000.85101	5418.259489	5558.556651	5618.004675	5667.94105	5774.947672	5610.87091	5461.061987			
		5622.760519	5613.248832	5508.620345	5793.971086	5506.242426	6652.407368	5451.550319	5829.64	5608.492989	5506.242426	5382.590758			
		
48:00	25.80	5332.654561	5389.724503	5344.544129	5432.526986	5327.898735	5266.073015	5346.922043	5525.265777	5522.887858	5629.894286	5677.452744			
		5287.47422	5506.242426	5439.660735	5496.730753	5515.754101	5373.079099	5755.924262	5496.730753	5513.376182	5898.599946	5556.178731			
		5358.811613	5446.794485	5691.720287	5484.841162	5408.747826	5354.055785	5437.282818	5527.643696	5786.837305	5565.690412	5701.231984			
		5430.149069	5591.847539	5515.754101	5546.667051	5394.480333	5346.922043	5415.881573	5753.546336	5270.828837	5870.064789	5696.476135			
		5432.526986	5598.981303	5656.051434	5510.998263	5373.079099	5316.009169	5570.446252	5432.526986	5705.987832	5877.198577	5770.191819			
		5304.119606	5442.038651	5608.492989	5629.894286	5570.446252	5384.968673	5394.480333	5565.690412	5482.463244	5767.813893	5644.16182			
		5494.352834	5406.36991	5541.911212	5810.616578	5251.805547	5232.782262	5689.342363	5760.680114	5520.509939	5803.482795	5560.934571			
		5453.928236	5525.265777	5515.754101	5601.359224	5349.299957	6141.149194	5458.68407	5829.64	5772.569745	5691.720287	5513.376182			
		
49:00	25.80	5394.480333	5342.166215	5520.509939	5544.289132	5377.834928	5263.695103	5354.055785	5684.586515	5427.771153	5744.034633	5720.255381			
		5551.422891	5472.951574	5870.064789	5325.520822	5618.004675	5308.875431	5658.429357	5318.387082	5658.429357	6224.377046	5772.569745			
		5247.049726	5579.957935	5553.800811	5472.951574	5468.195739	5373.079099	5456.306153	5796.349013	5622.760519	5824.884144	5679.830668			
		5339.788302	5373.079099	5601.359224	5527.643696	5510.998263	5220.892711	5506.242426	5832.017929	5675.07482	5860.553072	5812.994505			
		5332.654561	5568.068332	5575.202093	5337.410388	5670.318973	5482.463244	5610.87091	5513.376182	5729.767081	5577.580014	5705.987832			
		5266.073015	5313.631257	5527.643696	5634.65013	5637.028053	5311.253344	5587.091697	5394.480333	5703.609908	5865.308931	5744.034633			
		5591.847539	5346.922043	5289.852132	5727.389156	5513.376182	5541.911212	5499.108671	5786.837305	5653.673511	5589.469618	5931.890976			
		5720.255381	5482.463244	5677.452744	5622.760519	5444.416568	6374.187398	5522.887858	5960.426155	5629.894286	5632.272208	5920.001321			
		
~End
Original Filename: pta_antag_5nm_5uM_02-27-20-163305_pta_20_1410_5000_2009_2004_1949_5014.pda   Date Last Saved: 2/27/2020
