Name,Time,A1,A2,A3,A4,A5,A6,A7,A8,A9,A10,A11,A12
DW+5nM_Pta,0,9843.683381,9729.537186,10010.146874,9705.756749,9620.147235,9527.403698,9617.769194,9715.268923,9822.280957,9831.793145,9610.635073,9995.878561
DW+5nM_Pta,60,9646.305688,9672.464149,9636.793522,9491.733136,9658.195897,9674.842192,9727.159142,9934.049234,9936.427284,9964.963891,10138.561805,9884.110197
DW+5nM_Pta,120,9553.562121,9855.573619,9729.537186,9846.061428,9681.976319,9960.20779,9517.891547,9491.733136,9750.939585,9874.598003,9979.232199,10062.464043
DW+5nM_Pta,180,9786.610263,9981.61025,10003.012717,9646.305688,9760.451764,9651.061771,9788.988309,9567.830355,10071.976259,9865.085811,10205.147406,10314.538156
DW+5nM_Pta,240,9720.02501,9646.305688,9743.805451,9584.476631,9805.634631,9722.403054,9727.159142,9784.232217,9898.37849,9831.793145,10247.952464,10369.233588
DW+5nM_Pta,300,9491.733136,9536.915851,9553.562121,9548.806043,9781.854172,9639.171564,9817.524863,9591.610751,9627.281358,9962.585841,9765.207854,9934.049234
DW+5nM_Pta,360,9846.061428,9451.306518,10029.171295,10067.220151,9995.878561,9926.915084,9936.427284,9981.61025,9808.012677,10383.501967,10033.927401,10107.64708
DW+5nM_Pta,420,9486.977062,9349.051045,9589.232711,9636.793522,9475.086879,9777.098081,9408.501885,9379.965476,9586.854671,9715.268923,9703.378706,9967.341943
DW+5nM_Pta,480,9613.013113,9760.451764,10005.390769,9541.671928,9546.428005,10045.817667,9793.744401,9834.171192,9874.598003,9846.061428,10007.768821,10271.733062
DW+5nM_Pta,540,9577.342512,9437.038304,10357.343273,9603.500951,9372.831376,9850.817523,9762.829809,9758.073719,9777.098081,9648.68373,9753.31763,9917.402885
DW+5nM_Pta,600,9750.939585,9734.293274,10868.628385,9627.281358,9434.660269,10136.183749,9639.171564,9582.098592,9534.537813,9853.195571,9993.500509,10243.196346
DW+5nM_Pta,660,9465.574733,9693.866533,11037.472093,9898.37849,9610.635073,10369.233588,9603.500951,9658.195897,9529.781736,10055.329882,9677.220234,9917.402885
DW+5nM_Pta,720,9375.209409,9351.429078,11030.337844,9874.598003,9677.220234,10217.037698,9494.111173,9448.928482,9553.562121,10000.634665,9900.756539,9964.963891
DW+5nM_Pta,780,9819.90291,10302.64785,11926.88004,10231.30605,9879.3541,10913.811877,9979.232199,9703.378706,9601.122911,10324.050403,9926.915084,10178.98877
DW+5nM_Pta,840,9950.695587,9812.76877,11689.06946,9800.878539,9712.890879,10799.664156,9722.403054,9579.720552,9527.403698,10288.379485,9931.671184,10481.002629
DW+5nM_Pta,900,9727.159142,9988.744405,11615.348324,9563.074277,9363.319243,11004.178939,10105.269025,9603.500951,9503.623322,10359.721336,9924.537034,10402.526477
DW+5nM_Pta,960,10105.269025,10119.537358,11779.437397,10045.817667,9784.232217,11075.521428,10093.37875,9662.951981,9572.586434,10607.040245,10024.415189,10376.367777
DW+5nM_Pta,1020,10126.671525,10528.56397,12045.785595,10250.330524,9812.76877,11365.648206,10076.732368,9532.159775,9762.829809,10549.966583,9922.158984,10452.465837
DW+5nM_Pta,1080,9677.220234,9934.049234,11855.536792,10062.464043,9555.94016,10875.762619,10014.902979,9696.244576,9470.330806,10264.598882,9769.963945,10352.587148
DW+5nM_Pta,1140,9836.549239,10440.575511,11810.352767,10476.246496,9848.439476,11472.662447,10309.782034,10000.634665,9948.317536,10752.102653,9653.439813,10236.062168
DW+5nM_Pta,1200,10119.537358,10409.66067,12100.482209,10350.209086,9936.427284,11329.976824,10706.919252,10107.64708,10017.281031,10882.896853,10226.549932,10376.367777
DW+5nM_Pta,1260,9593.988791,10050.573774,11249.121751,9934.049234,9893.622392,11030.337844,10421.550992,9843.683381,10110.025136,10276.489183,10005.390769,10519.0517
DW+5nM_Pta,1320,9976.854148,10412.038734,11710.472383,10383.501967,9993.500509,11427.478639,10440.575511,10003.012717,10033.927401,10787.773778,10214.659639,10811.554536
DW+5nM_Pta,1380,9991.122457,9915.024835,11237.231306,9957.829739,9900.756539,10873.384541,10302.64785,9919.780935,9520.269585,10481.002629,10193.257116,10412.038734
DW+5nM_Pta,1440,9831.793145,10195.635174,10573.747271,9788.988309,9886.488246,10676.004308,10017.281031,9874.598003,9634.415481,10362.099399,9872.219955,10366.855525
DW+5nM_Pta,1500,9769.963945,9515.513509,10628.442879,9765.207854,9743.805451,10766.371101,9941.183385,9710.512836,9672.464149,9926.915084,10010.146874,10300.269789
DW+5nM_Pta,1560,9781.854172,10088.622641,10559.478857,9810.390724,9651.061771,10588.015687,10062.464043,9860.329715,9667.708065,10162.34237,9848.439476,10167.098484
DW+5nM_Pta,1620,10024.415189,10167.098484,10483.380695,9924.537034,9986.366354,10511.917497,10409.66067,9777.098081,9926.915084,10129.049581,10112.403191,10435.819381
DW+5nM_Pta,1680,10152.830143,9838.927286,10071.976259,9900.756539,9748.56154,10257.464703,10117.159302,9853.195571,9850.817523,10295.513667,10255.086643,10540.45431
DW+5nM_Pta,1740,9857.951667,10074.354314,10117.159302,10212.281581,9765.207854,10129.049581,10069.598205,9605.878992,9781.854172,10188.501,10183.744885,9993.500509
DW+5nM_Pta,1800,9755.695675,9712.890879,9945.939486,9943.561435,9853.195571,10400.148413,10247.952464,9993.500509,9796.122447,9969.719994,10178.98877,10381.123904
DW+5nM_Pta,1860,9876.976052,9646.305688,10012.524926,9938.805334,10178.98877,10259.842762,10521.429767,9879.3541,10048.195721,10257.464703,10083.866531,10433.441316
DW+5nM_Pta,1920,9879.3541,9786.610263,9891.244344,9910.268737,9903.134589,10226.549932,9817.524863,9703.378706,9662.951981,10048.195721,9850.817523,10095.756805
DW+5nM_Pta,1980,9646.305688,9822.280957,10079.110422,9667.708065,9465.574733,9881.732149,9808.012677,9810.390724,10205.147406,10121.915413,10005.390769,10431.063251
DW+5nM_Pta,2040,9803.256585,10017.281031,10022.037137,10193.257116,10010.146874,10373.989714,10269.355002,9848.439476,10045.817667,9936.427284,10024.415189,10043.439614
DW+5nM_Pta,2100,9517.891547,9810.390724,9665.330023,9796.122447,10152.830143,9755.695675,10033.927401,10095.756805,10114.781247,9950.695587,10117.159302,10105.269025
DW+5nM_Pta,2160,9705.756749,9924.537034,9798.500493,9872.219955,10003.012717,9879.3541,9805.634631,9943.561435,9917.402885,10224.171874,10181.366828,10283.623364
DW+5nM_Pta,2220,9739.049363,9857.951667,9838.927286,9941.183385,9862.707763,9850.817523,9693.866533,9781.854172,9332.404818,9817.524863,9655.817855,10247.952464
DW+5nM_Pta,2280,9489.355099,9769.963945,9988.744405,9824.659004,9712.890879,9736.671318,9769.963945,9876.976052,9727.159142,10038.683507,10110.025136,10224.171874
DW+5nM_Pta,2340,9793.744401,9843.683381,9667.708065,9943.561435,9808.012677,9717.646967,9781.854172,9872.219955,9674.842192,9810.390724,10193.257116,10102.89097
DW+5nM_Pta,2400,9701.000663,9651.061771,9458.440625,9513.135471,9510.757434,9446.550446,9610.635073,9717.646967,9636.793522,10086.244586,10152.830143,10190.879058
DW+5nM_Pta,2460,9722.403054,9681.976319,9734.293274,9800.878539,9639.171564,9822.280957,9881.732149,9536.915851,9574.964473,9520.269585,9710.512836,9876.976052
DW+5nM_Pta,2520,9372.831376,9529.781736,9722.403054,9672.464149,9546.428005,9779.476126,9586.854671,9615.391154,9998.256613,10164.720427,10064.842097,10193.257116
DW+5nM_Pta,2580,9565.452316,9636.793522,9544.049966,9622.525276,9605.878992,9639.171564,9748.56154,9686.732405,9684.354362,9582.098592,9413.257954,9553.562121
DW+5nM_Pta,2640,9375.209409,9358.563177,9332.404818,9332.404818,9280.088126,9475.086879,9627.281358,9544.049966,9715.268923,9765.207854,10176.610713,10207.525464
DW+5nM_Pta,2700,9289.600249,9308.624499,9444.172411,9339.538915,9560.696238,9418.014024,9358.563177,9137.406412,9658.195897,9701.000663,9570.208394,9536.915851
DW+5nM_Pta,2760,9527.403698,9372.831376,9294.356311,9163.564707,9194.479067,9085.089848,9460.818661,9477.464915,9256.307822,9275.332064,9477.464915,9689.110448
DW+5nM_Pta,2820,9249.173733,9379.965476,9337.160882,9334.78285,9291.97828,9582.098592,9513.135471,9325.270721,9491.733136,9720.02501,9869.841907,9853.195571
DW+5nM_Pta,2880,9503.623322,9577.342512,9458.440625,9729.537186,9346.673012,9627.281358,9715.268923,9660.573939,9517.891547,9769.963945,9831.793145,9903.134589
DW+5nM_Pta,2940,8904.360161,9337.160882,9299.112373,9494.111173,9529.781736,9579.720552,9344.29498,9251.551763,9506.001359,9739.049363,9651.061771,9496.48921
DW+10nM_elf18,0,9767.585899,9800.878539,9736.671318,9643.927646,9624.903317,9710.512836,9318.136626,9615.391154,9788.988309,9798.500493,9938.805334,10010.146874
DW+10nM_elf18,60,9570.208394,9593.988791,9610.635073,9712.890879,9624.903317,9812.76877,9591.610751,9698.622619,9983.988302,9598.744871,9917.402885,9808.012677
DW+10nM_elf18,120,9705.756749,9779.476126,9838.927286,9779.476126,9734.293274,9867.463859,9639.171564,9370.453342,9762.829809,9834.171192,10088.622641,10159.964313
DW+10nM_elf18,180,9862.707763,9860.329715,9907.890687,9934.049234,9917.402885,9848.439476,9969.719994,9784.232217,10007.768821,10005.390769,10212.281581,10376.367777
DW+10nM_elf18,240,9639.171564,9555.94016,9800.878539,9658.195897,9741.427407,9815.146817,9736.671318,9836.549239,9739.049363,10236.062168,10029.171295,9998.256613
DW+10nM_elf18,300,9603.500951,9363.319243,9798.500493,9722.403054,9741.427407,9848.439476,9962.585841,9755.695675,9808.012677,9888.866295,9788.988309,9931.671184
DW+10nM_elf18,360,9815.146817,9613.013113,9857.951667,10043.439614,9665.330023,9891.244344,9617.769194,9717.646967,9950.695587,10198.013232,10138.561805,10000.634665
DW+10nM_elf18,420,9448.928482,9705.756749,9208.747237,9496.48921,9651.061771,9765.207854,9788.988309,9303.868436,9579.720552,9808.012677,9995.878561,9972.098045
DW+10nM_elf18,480,9620.147235,9746.183496,9829.415098,9648.68373,9567.830355,9598.744871,9743.805451,9584.476631,9674.842192,9888.866295,9991.122457,10079.110422
DW+10nM_elf18,540,9356.185144,9491.733136,9689.110448,9460.818661,9486.977062,9410.87992,9891.244344,9629.659399,9479.842952,9746.183496,9781.854172,9926.915084
DW+10nM_elf18,600,9686.732405,9793.744401,9760.451764,9403.745816,9791.366355,9593.988791,10319.294279,9969.719994,9586.854671,9991.122457,10167.098484,10290.757546
DW+10nM_elf18,660,9384.721544,9710.512836,10326.428464,9570.208394,9884.110197,9691.48849,10288.379485,9838.927286,9960.20779,10117.159302,10198.013232,9886.488246
DW+10nM_elf18,720,9311.00253,9727.159142,10519.0517,9658.195897,10198.013232,9567.830355,10526.185902,9872.219955,10381.123904,10526.185902,10286.001424,9755.695675
DW+10nM_elf18,780,10124.293469,10376.367777,11277.658826,9884.110197,10017.281031,9665.330023,10671.248164,10262.220822,10978.020042,10799.664156,10440.575511,10266.976942
DW+10nM_elf18,840,10067.220151,10747.346505,11092.168018,9919.780935,10307.403972,9955.451688,11042.228259,10069.598205,11225.340862,10958.995395,10830.579148,10728.321913
DW+10nM_elf18,900,9998.256613,10676.004308,11403.697697,9865.085811,10533.320106,9762.829809,11096.924187,10335.940712,11532.114865,11096.924187,11085.033765,10980.398123
DW+10nM_elf18,960,10661.735876,11306.195912,12164.691326,10775.883401,10947.104993,9962.585841,11408.453885,10618.930597,12014.870133,11719.984795,11310.952093,11144.485895
DW+10nM_elf18,1020,10778.261476,11582.05493,12661.719197,11054.118675,11165.888672,10478.624562,11662.910339,10473.86843,12033.895031,11736.63152,11049.362508,11353.757743
DW+10nM_elf18,1080,10395.392285,11391.807229,12485.737684,11329.976824,10982.776205,10257.464703,11263.390287,10778.261476,11953.039247,11636.751227,11320.464458,11080.277596
DW+10nM_elf18,1140,10871.006463,11510.711989,12649.828542,11898.342733,11332.354916,10690.272742,11553.517746,10963.751557,12392.990826,11926.88004,10928.080354,11358.513928
DW+10nM_elf18,1200,11044.606342,11941.148697,12557.081494,11848.40247,11398.94151,10763.993026,11489.309119,10956.617315,12067.188613,11907.855167,11667.666543,11151.620153
DW+10nM_elf18,1260,10564.234995,11199.181893,12276.462875,11565.408238,11310.952093,10785.395702,11253.877929,10466.734232,12133.775819,11641.507429,11282.415006,11287.171187
DW+10nM_elf18,1320,10859.116074,11417.966261,12269.328516,12093.347866,11334.733007,10609.418315,11170.644846,10509.53943,11981.576573,11824.621404,10932.836513,11622.482624
DW+10nM_elf18,1380,10507.161363,10980.398123,11387.051043,11482.174831,10868.628385,10540.45431,10918.568036,10519.0517,11524.980572,11263.390287,10840.091455,11265.768377
DW+10nM_elf18,1440,10412.038734,10899.543403,11187.291456,11341.867283,11258.634108,10528.56397,10583.259548,10183.744885,11534.492962,11011.313185,10433.441316,11165.888672
DW+10nM_elf18,1500,10288.379485,10476.246496,10911.433798,11246.743662,10980.398123,10354.965211,10414.416798,10043.439614,11085.033765,10668.870092,10495.271028,11134.973551
DW+10nM_elf18,1560,10388.258094,10604.662175,11063.631009,11206.316157,10623.686738,10402.526477,10300.269789,10200.39129,10747.346505,10400.148413,10309.782034,10725.943839
DW+10nM_elf18,1620,10402.526477,10654.601662,10840.091455,10847.225687,10545.210446,10029.171295,10385.880031,9969.719994,11068.387176,10528.56397,10193.257116,10937.592673
DW+10nM_elf18,1680,10362.099399,10245.574405,10709.297325,10787.773778,10247.952464,10454.843903,10107.64708,10190.879058,10806.798384,10483.380695,10640.333234,11087.411849
DW+10nM_elf18,1740,9998.256613,10262.220822,10559.478857,10904.299561,9957.829739,10022.037137,10071.976259,9724.781098,10656.979733,10345.452961,10390.636158,10835.335301
DW+10nM_elf18,1800,9900.756539,9812.76877,9896.000441,10388.258094,10305.025911,10112.403191,10350.209086,9924.537034,10390.636158,10081.488477,10200.39129,10611.796386
DW+10nM_elf18,1860,10017.281031,10107.64708,10010.146874,10723.565765,10055.329882,10236.062168,10150.452087,10143.317917,10530.942038,10276.489183,10026.793242,10630.82095
DW+10nM_elf18,1920,10181.366828,9879.3541,10010.146874,10133.805693,9995.878561,9900.756539,9681.976319,9831.793145,10022.037137,10345.452961,10226.549932,10445.331641
DW+10nM_elf18,1980,9834.171192,9810.390724,9950.695587,10081.488477,9788.988309,9672.464149,9941.183385,9912.646786,10140.939861,10176.610713,10045.817667,10354.965211
DW+10nM_elf18,2040,9786.610263,9855.573619,10050.573774,10333.56265,10119.537358,10428.685186,10186.122943,9879.3541,10150.452087,10074.354314,10200.39129,10250.330524
DW+10nM_elf18,2100,9869.841907,9793.744401,9710.512836,10019.659084,9953.073637,9929.293134,9900.756539,10114.781247,10473.86843,10083.866531,10121.915413,10121.915413
DW+10nM_elf18,2160,9741.427407,9891.244344,10093.37875,10145.695974,9831.793145,9836.549239,9808.012677,9867.463859,10400.148413,10114.781247,10124.293469,10440.575511
DW+10nM_elf18,2220,9917.402885,9777.098081,9955.451688,10043.439614,9926.915084,9993.500509,9976.854148,9567.830355,9955.451688,10121.915413,9876.976052,10202.769348
DW+10nM_elf18,2280,9788.988309,9546.428005,9860.329715,9857.951667,9743.805451,9896.000441,9572.586434,9834.171192,9601.122911,10069.598205,9915.024835,10331.184588
DW+10nM_elf18,2340,9551.184082,9689.110448,9662.951981,9983.988302,9872.219955,9950.695587,9853.195571,9722.403054,10057.707935,9860.329715,10081.488477,9934.049234
DW+10nM_elf18,2400,9584.476631,9510.757434,9491.733136,9653.439813,9536.915851,9270.576004,9674.842192,9558.318199,9701.000663,9805.634631,10209.903522,9915.024835
DW+10nM_elf18,2460,9555.94016,9651.061771,9427.526164,9922.158984,9781.854172,9841.305334,9829.415098,9598.744871,9589.232711,9565.452316,9884.110197,9893.622392
DW+10nM_elf18,2520,9662.951981,9563.074277,9712.890879,9572.586434,9691.48849,9846.061428,9444.172411,9670.086107,10043.439614,9907.890687,9903.134589,10228.927991
DW+10nM_elf18,2580,9536.915851,9639.171564,9567.830355,9779.476126,9674.842192,9729.537186,9755.695675,9755.695675,9634.415481,9608.257032,9643.927646,9691.48849
DW+10nM_elf18,2640,9173.076817,9263.441913,9232.527526,9410.87992,9601.122911,9439.41634,9536.915851,9720.02501,9803.256585,9862.707763,10205.147406,9955.451688
DW+10nM_elf18,2700,9498.867247,9137.406412,9360.94121,9527.403698,9332.404818,9415.635989,9296.734342,9175.454844,9532.159775,9558.318199,9444.172411,9884.110197
DW+10nM_elf18,2760,9513.135471,9437.038304,9037.529364,9320.514657,9263.441913,9320.514657,9446.550446,9263.441913,9344.29498,9536.915851,9351.429078,9617.769194
DW+10nM_elf18,2820,9203.99118,9327.648753,9237.283585,9482.220989,9446.550446,9308.624499,9356.185144,9379.965476,9422.770094,9876.976052,9886.488246,9907.890687
DW+10nM_elf18,2880,9351.429078,9413.257954,9401.367782,9831.793145,9551.184082,9560.696238,9765.207854,9643.927646,9741.427407,9791.366355,9874.598003,9722.403054
DW+10nM_elf18,2940,9137.406412,9525.02566,9379.965476,9303.868436,9555.94016,9213.503294,9368.075309,9387.099578,9448.928482,9731.91523,9793.744401,9391.855646
DW+1uM_Pta,0,9893.622392,9681.976319,9596.366831,9712.890879,9662.951981,9598.744871,9415.635989,9734.293274,9755.695675,9838.927286,9727.159142,9924.537034
DW+1uM_Pta,60,9819.90291,9555.94016,9629.659399,10045.817667,9303.868436,9876.976052,9679.598277,9596.366831,9720.02501,9891.244344,9945.939486,9767.585899
DW+1uM_Pta,120,11077.899512,9881.732149,10238.440227,11477.418639,10140.939861,9815.146817,11472.662447,9567.830355,9724.781098,9919.780935,9903.134589,10060.085989
DW+1uM_Pta,180,14283.621088,11617.726424,13691.456617,15513.149265,11085.033765,9893.622392,17116.082836,10797.28608,10397.770349,10968.507718,10195.635174,11056.496758
DW+1uM_Pta,240,19244.65701,14416.799243,20176.966543,21982.157968,12809.163465,10055.329882,23861.122461,14245.570227,10913.811877,12542.812727,10804.420308,14642.726978
DW+1uM_Pta,300,23606.627219,17962.749134,31187.126831,28358.924245,14766.392955,10140.939861,28658.628112,21359.017459,12483.359558,13931.651316,11422.72245,18364.680934
DW+1uM_Pta,360,26353.791537,20997.503052,39715.155083,33216.16805,16343.150919,10481.002629,31346.498664,30456.874876,14060.07254,16321.746757,13365.649118,24160.809485
DW+1uM_Pta,420,26855.664643,22481.625238,43300.290678,36070.709372,17582.223847,10735.456134,32566.774114,37478.987259,14897.193716,17460.931792,15187.334349,27559.719423
DW+1uM_Pta,480,27352.78376,23504.353658,45103.624623,37659.781485,18407.490357,11080.277596,32626.242204,41332.847348,15907.934078,17984.153736,16904.417661,29286.582708
DW+1uM_Pta,540,27505.012242,24015.72277,44280.461872,38765.965578,18445.543196,10961.373476,32906.932186,42736.459774,16359.798605,17729.677181,17651.193921,29619.590933
DW+1uM_Pta,600,27966.456594,23861.122461,42646.056876,38727.903075,18968.771577,11715.228589,32600.076239,42479.525489,16619.0273,18098.311705,18847.477421,29740.901416
DW+1uM_Pta,660,26629.702429,24241.677604,41630.220807,39265.537599,18990.176447,11610.592124,31826.994769,42612.750571,17061.382794,18003.180052,19159.037291,28611.055994
DW+1uM_Pta,720,26608.295515,23768.362419,40971.24271,39168.001864,18854.612366,12022.00447,31508.249506,42056.061524,17144.622004,18079.285365,19144.767347,26984.106607
DW+1uM_Pta,780,26173.022849,24051.399806,39325.010666,39448.714788,18821.31596,12426.284557,30340.320621,41061.643716,17059.004532,17406.231514,19449.193375,26425.147711
DW+1uM_Pta,840,25278.699552,24029.993582,37336.255264,38292.564493,18659.590757,12490.493936,29350.805615,39810.312547,17192.187306,17270.670116,19580.00179,24741.158975
DW+1uM_Pta,900,24519.959698,23107.152929,36432.29187,37269.647086,18231.496209,12309.756558,28113.929062,39336.905285,17025.708873,17070.895842,19232.765377,24707.86012
DW+1uM_Pta,960,23651.817904,23428.243186,36208.681448,36577.401096,18519.270625,12473.847055,27436.033675,37645.508242,16352.663882,16890.148119,19192.333837,22793.199256
DW+1uM_Pta,1020,23359.268133,22579.14064,34976.456499,35794.765932,18390.842245,12464.334553,26199.186712,36413.261172,16471.576013,16397.850471,18887.908786,22203.350231
DW+1uM_Pta,1080,21784.750335,22322.271056,33118.639687,34393.654009,17705.894367,12188.472494,24981.38684,35192.927076,16095.814282,16038.736705,18516.89232,20933.286848
DW+1uM_Pta,1140,20945.178734,22417.407843,32671.437982,33596.767678,17361.044356,12761.600768,24317.78885,33087.716084,16129.109554,15584.495774,17988.910314,20079.454068
DW+1uM_Pta,1200,20069.940662,21568.31602,31498.734741,32609.591135,16426.389382,12542.812727,22688.548305,30637.653241,15924.581674,15375.212861,18095.933412,18873.63889
DW+1uM_Pta,1260,18904.557001,20833.395078,29448.329387,31175.233423,16454.928304,12818.676008,21589.721586,27935.534982,15639.194807,14980.430676,17372.935711,18017.449793
DW+1uM_Pta,1320,18462.19132,20486.153226,27378.94801,29089.157058,15941.229272,12309.756558,20279.235852,25728.238471,15413.264259,15075.558735,17154.135062,17166.026386
DW+1uM_Pta,1380,17132.730683,19427.788382,25442.816642,27973.592352,14930.48849,12112.372783,19349.303457,23478.190675,15037.507498,14255.082941,16319.368517,16081.544884
DW+1uM_Pta,1440,15846.100184,18112.581463,24053.778276,25680.668095,14716.450903,11817.487085,17936.587963,21789.50714,14366.857409,13998.240073,15769.996995,15027.994691
DW+1uM_Pta,1500,15446.559247,17073.274104,21858.48084,24129.889343,14352.588319,11567.786337,16863.987298,19848.754295,14110.014183,13703.347427,15085.071547,14787.796702
DW+1uM_Pta,1560,14661.7525,16600.001313,20383.883652,22881.201297,13827.011953,11567.786337,16038.736705,18345.654531,13510.716527,13249.119751,14664.130691,13315.70794
DW+1uM_Pta,1620,14012.5091,16114.84015,19063.904377,21237.71968,13192.044204,11698.58187,14918.597498,17020.952351,13258.632346,12909.04522,14138.552278,13439.371867
DW+1uM_Pta,1680,12966.120565,14647.483358,17137.487211,19746.485537,12878.129426,11610.592124,14238.435693,15972.14625,13206.313087,12980.389408,13750.910683,12906.667082
DW+1uM_Pta,1740,12920.935914,14497.657517,16521.51916,18357.546032,12205.119315,11077.899512,13470.287878,14611.810513,12799.650923,12649.828542,13187.28791,12450.065803
DW+1uM_Pta,1800,11800.840345,12954.229865,15020.860087,17372.935711,12031.516919,11189.669543,13287.170138,14340.697413,12464.334553,12209.87555,12920.935914,12069.566727
DW+1uM_Pta,1860,11719.984795,12514.2752,14673.643454,16121.974852,11945.904917,11058.874842,12942.339166,13403.699561,12511.897073,11936.392478,12140.910166,11612.970224
DW+1uM_Pta,1920,11470.284351,12264.572277,14000.618244,15089.827954,11472.662447,10809.17646,12247.925443,13066.002516,11793.706028,11762.790664,12404.881443,11441.747207
DW+1uM_Pta,1980,11008.935103,11722.362899,13505.960214,14542.843059,11056.496758,10633.199021,11831.755723,12568.972135,11793.706028,11605.835924,11857.914899,11268.146466
DW+1uM_Pta,2040,10871.006463,11658.154137,12925.692192,13964.945688,11565.408238,10904.299561,11917.367603,12176.581909,11517.84628,11489.309119,11686.691358,11101.680357
DW+1uM_Pta,2100,10749.724579,10923.324195,12233.656731,13522.60731,11184.913368,10447.709707,11439.369112,12107.616553,11146.863981,11384.672949,11413.210073,10916.189957
DW+1uM_Pta,2160,10599.906035,10894.787246,12143.288281,13173.019031,10797.28608,10309.782034,11132.595465,11563.030139,11294.305458,11161.132499,10873.384541,11144.485895
DW+1uM_Pta,2220,10664.113948,10697.40696,11719.984795,12500.006441,10661.735876,10228.927991,10978.020042,11220.584685,10623.686738,11063.631009,10590.393756,10616.552526
DW+1uM_Pta,2280,10212.281581,10640.333234,11708.09428,12183.71626,10461.9781,10138.561805,10695.028888,11387.051043,10673.626236,10851.981841,10457.221969,10526.185902
DW+1uM_Pta,2340,10162.34237,10278.867243,11142.107809,12171.825676,10573.747271,10188.501,10742.590356,11173.022933,10676.004308,10756.858802,10761.614952,10345.452961
DW+1uM_Pta,2400,9979.232199,9848.439476,10787.773778,11234.853217,10079.110422,9884.110197,10202.769348,10542.832378,10442.953576,10381.123904,10761.614952,10678.38238
DW+1uM_Pta,2460,9888.866295,10062.464043,10928.080354,11396.563416,10214.659639,10428.685186,10442.953576,10483.380695,9884.110197,10326.428464,10062.464043,10283.623364
DW+1uM_Pta,2520,9810.390724,9907.890687,10559.478857,10828.201071,10435.819381,9938.805334,10312.160095,10554.72272,10538.076242,10502.405229,10447.709707,10326.428464
DW+1uM_Pta,2580,9570.208394,10188.501,10516.673632,10806.798384,9962.585841,10217.037698,10259.842762,10461.9781,9938.805334,10240.818286,9922.158984,10155.2082
DW+1uM_Pta,2640,9579.720552,9636.793522,10452.465837,10383.501967,9872.219955,9853.195571,10155.2082,10426.307121,10557.100789,10293.135606,10245.574405,10190.879058
DW+1uM_Pta,2700,9608.257032,9834.171192,10328.806526,10423.929056,9834.171192,9653.439813,9722.403054,9972.098045,10045.817667,9812.76877,9660.573939,10238.440227
DW+1uM_Pta,2760,9755.695675,9320.514657,9972.098045,10295.513667,9501.245284,9496.48921,9912.646786,9960.20779,9715.268923,9812.76877,9593.988791,9788.988309
DW+1uM_Pta,2820,9441.794375,9715.268923,10007.768821,10086.244586,9613.013113,9515.513509,9879.3541,9976.854148,9900.756539,9960.20779,10105.269025,10045.817667
DW+1uM_Pta,2880,9570.208394,9470.330806,10164.720427,10209.903522,9855.573619,9593.988791,10238.440227,10074.354314,9822.280957,9848.439476,9972.098045,10150.452087
DW+1uM_Pta,2940,9308.624499,9693.866533,10048.195721,9860.329715,9613.013113,9586.854671,9867.463859,9646.305688,9722.403054,10007.768821,9841.305334,9810.390724
DW+1uM_elf18,0,9841.305334,9727.159142,9624.903317,10014.902979,9741.427407,9579.720552,9384.721544,9862.707763,9731.91523,9746.183496,9741.427407,10038.683507
DW+1uM_elf18,60,9467.95277,9677.220234,9589.232711,9467.95277,9415.635989,9853.195571,9622.525276,9563.074277,9817.524863,9896.000441,10121.915413,9722.403054
DW+1uM_elf18,120,9622.525276,9898.37849,9827.037051,9800.878539,9741.427407,9934.049234,9593.988791,9534.537813,9855.573619,9893.622392,10136.183749,10043.439614
DW+1uM_elf18,180,10012.524926,9810.390724,10295.513667,10228.927991,9972.098045,9893.622392,9945.939486,9936.427284,10074.354314,10305.025911,10585.637617,10250.330524
DW+1uM_elf18,240,10547.588515,9819.90291,10590.393756,12495.250188,10074.354314,10683.138525,10193.257116,9900.756539,10566.613064,11893.586516,15030.372893,10595.149896
DW+1uM_elf18,300,11867.427329,10257.464703,13094.54024,18659.590757,11111.192697,12538.056472,12461.956428,10081.488477,12247.925443,18840.342476,24175.080323,11869.805436
DW+1uM_elf18,360,13660.54052,12074.322954,16452.55006,27405.112268,12840.079233,14098.123313,18443.164893,12119.507127,16559.571103,29060.613631,34162.912972,15044.642103
DW+1uM_elf18,420,14944.757683,14297.890166,19168.550588,36824.801037,14683.156219,15570.226467,24041.885928,14630.836029,19489.625044,37222.06985,39027.645771,18918.826902
DW+1uM_elf18,480,17097.05673,18110.20317,21651.559918,42912.507815,16088.679583,16160.026605,29907.406301,18545.431987,20961.827377,42798.314447,39465.36728,21389.936531
DW+1uM_elf18,540,17277.80492,20914.259835,21615.883952,42146.463756,16942.469786,16162.40484,33580.116406,21860.859244,19898.699551,45467.627036,35987.450475,23594.734938
DW+1uM_elf18,600,17767.729699,22165.295605,21159.23298,38490.012846,17268.291847,15567.848249,35766.220114,22976.338749,18133.986104,44301.873513,32347.931924,23092.88228
DW+1uM_elf18,660,16497.736705,22160.538778,19763.13393,32892.65979,16602.379561,14207.519385,34919.365455,23054.827231,15784.266337,42479.525489,26456.06874,21872.751268
DW+1uM_elf18,720,15213.494622,21137.82753,17389.58361,26677.273368,15667.733448,12821.054144,32262.298186,20528.963783,13560.657827,38292.564493,22272.324288,20105.61594
DW+1uM_elf18,780,14852.007975,20058.048907,15819.939704,22391.245215,14754.501988,11938.770587,29821.775174,19544.326747,12186.094377,36413.261172,19375.46509,18293.331946
DW+1uM_elf18,840,13175.397177,18619.159507,13983.971049,18471.704534,13822.255621,11215.828509,26272.921284,17422.879421,11139.729723,32328.902196,16628.540296,16852.096019
DW+1uM_elf18,900,12022.00447,16866.365554,13258.632346,16026.845549,12787.760248,10431.063251,23297.428481,15624.92549,11066.009093,29001.14819,14716.450903,15486.988894
DW+1uM_elf18,960,11515.468183,15879.395352,12561.83775,15158.79588,12747.331964,10302.64785,21499.34257,14309.781065,10687.89467,25625.962198,13501.203902,14680.778028
DW+1uM_elf18,1020,11096.924187,15570.226467,12005.357686,13719.994563,12307.378437,10350.209086,19320.763503,13527.363623,10288.379485,22431.67837,12735.441297,13598.708362
DW+1uM_elf18,1080,10535.698174,13824.633787,11246.743662,12526.165835,11277.658826,9924.537034,17482.336259,12985.145689,10395.392285,19706.053738,11527.35867,12278.840995
DW+1uM_elf18,1140,10138.561805,14076.719751,11142.107809,12385.856457,11441.747207,10152.830143,16209.969558,12138.53205,10207.525464,17869.995929,11536.87106,12043.407482
DW+1uM_elf18,1200,10243.196346,13724.750889,11085.033765,11686.691358,11108.814611,10219.415756,15246.789527,11570.164435,10250.330524,15988.793859,11417.966261,11258.634108
DW+1uM_elf18,1260,9896.000441,12502.384567,10656.979733,11237.231306,10673.626236,10024.415189,13929.273147,10978.020042,10224.171874,14376.370137,10723.565765,11201.559981
DW+1uM_elf18,1320,10274.111122,12352.562742,10571.369202,11524.980572,10514.295565,10062.464043,13589.195726,10899.543403,10041.061561,13869.818948,11008.935103,11146.863981
DW+1uM_elf18,1380,9907.890687,11615.348324,10167.098484,10918.568036,10378.74584,10060.085989,12652.206673,10540.45431,9786.610263,12659.341066,10835.335301,10768.749176
DW+1uM_elf18,1440,9475.086879,10970.885799,9905.512638,10571.369202,10083.866531,9684.354362,11862.671114,10221.793815,10005.390769,12124.263358,10402.526477,10178.98877
DW+1uM_elf18,1500,9710.512836,10447.709707,9898.37849,9986.366354,10159.964313,9729.537186,11353.757743,9995.878561,9841.305334,11560.652041,10319.294279,10492.892961
DW+1uM_elf18,1560,9788.988309,10500.027162,10107.64708,10697.40696,10050.573774,9924.537034,10942.348833,9805.634631,9781.854172,11144.485895,10281.245303,10174.232656
DW+1uM_elf18,1620,9655.817855,10678.38238,10033.927401,10373.989714,9786.610263,9876.976052,11104.058442,10269.355002,9938.805334,10923.324195,10440.575511,10250.330524
DW+1uM_elf18,1680,9534.537813,10207.525464,10003.012717,10176.610713,9986.366354,9893.622392,10595.149896,10060.085989,9983.988302,10871.006463,10571.369202,10873.384541
DW+1uM_elf18,1740,9948.317536,10271.733062,10029.171295,10262.220822,9881.732149,9698.622619,10343.074898,9743.805451,9912.646786,10571.369202,10302.64785,10481.002629
DW+1uM_elf18,1800,9689.110448,9779.476126,9762.829809,10188.501,9926.915084,9817.524863,10687.89467,9855.573619,9798.500493,10412.038734,10504.783296,10174.232656
DW+1uM_elf18,1860,9838.927286,9919.780935,10107.64708,9964.963891,9836.549239,10198.013232,10207.525464,10057.707935,9924.537034,10692.650815,10274.111122,10687.89467
DW+1uM_elf18,1920,10055.329882,10188.501,9910.268737,10088.622641,9910.268737,9829.415098,9948.317536,9869.841907,9679.598277,10278.867243,10176.610713,10262.220822
DW+1uM_elf18,1980,9572.586434,9829.415098,9950.695587,9822.280957,9848.439476,9888.866295,9741.427407,9741.427407,9855.573619,10393.014222,10295.513667,10188.501
DW+1uM_elf18,2040,9598.744871,10062.464043,10133.805693,10188.501,10050.573774,10112.403191,10288.379485,9857.951667,9734.293274,10504.783296,10143.317917,10226.549932
DW+1uM_elf18,2100,9724.781098,9931.671184,9729.537186,9853.195571,10202.769348,9746.183496,10119.537358,9926.915084,9941.183385,10252.708583,10119.537358,10219.415756
DW+1uM_elf18,2160,9705.756749,9865.085811,9651.061771,10012.524926,9838.927286,9791.366355,9934.049234,9729.537186,10024.415189,10157.586257,10247.952464,10785.395702
DW+1uM_elf18,2220,10093.37875,9796.122447,9796.122447,9779.476126,9622.525276,9658.195897,10069.598205,9472.708842,9724.781098,10148.07403,10031.549348,10091.000695
DW+1uM_elf18,2280,9717.646967,9919.780935,9964.963891,10133.805693,9729.537186,9639.171564,9855.573619,9632.03744,9900.756539,10026.793242,9981.61025,10129.049581
DW+1uM_elf18,2340,9536.915851,9582.098592,9810.390724,10126.671525,9976.854148,9772.34199,9910.268737,9672.464149,9822.280957,10231.30605,10212.281581,9924.537034
DW+1uM_elf18,2400,9453.684553,9558.318199,9522.647622,9534.537813,9322.892689,9444.172411,9534.537813,9296.734342,9579.720552,10212.281581,10236.062168,10131.427637
DW+1uM_elf18,2460,9570.208394,9703.378706,9731.91523,9805.634631,9541.671928,9915.024835,9812.76877,9627.281358,9439.41634,10026.793242,9772.34199,9943.561435
DW+1uM_elf18,2520,9470.330806,9282.466156,9563.074277,9696.244576,9398.989748,9724.781098,9750.939585,9681.976319,9762.829809,10057.707935,10174.232656,10176.610713
DW+1uM_elf18,2580,9351.429078,9962.585841,9641.549605,9743.805451,9617.769194,9888.866295,9769.963945,9522.647622,9525.02566,9896.000441,9888.866295,9662.951981
DW+1uM_elf18,2640,9408.501885,9470.330806,9344.29498,9375.209409,9406.123851,9648.68373,9943.561435,9736.671318,9907.890687,9931.671184,9945.939486,9988.744405
DW+1uM_elf18,2700,9353.807111,9375.209409,9681.976319,9910.268737,9451.306518,9142.162465,9261.063883,9330.026785,9363.319243,9734.293274,9850.817523,9822.280957
DW+1uM_elf18,2760,9332.404818,9365.697276,9339.538915,9375.209409,9218.259352,9337.160882,9591.610751,9448.928482,9158.808653,9720.02501,9727.159142,9579.720552
DW+1uM_elf18,2820,9234.905556,9565.452316,9441.794375,9277.710095,9075.577749,9394.23368,9463.196697,9441.794375,9743.805451,10036.305454,9924.537034,9998.256613
DW+1uM_elf18,2880,9208.747237,9429.904199,9546.428005,9491.733136,9679.598277,9525.02566,9781.854172,9579.720552,9377.587443,9808.012677,9810.390724,9836.549239
DW+1uM_elf18,2940,9213.503294,9506.001359,9746.183496,9548.806043,9636.793522,9408.501885,9446.550446,9360.94121,9253.929792,9976.854148,9796.122447,9501.245284
1uM_1949+5nM_Pta,0,9660.573939,9888.866295,9432.282234,9689.110448,9779.476126,9613.013113,9513.135471,9784.232217,9743.805451,9772.34199,9843.683381,10048.195721
1uM_1949+5nM_Pta,60,9781.854172,9553.562121,9791.366355,9646.305688,9363.319243,9755.695675,9796.122447,9843.683381,9950.695587,9629.659399,9960.20779,9872.219955
1uM_1949+5nM_Pta,120,9634.415481,9684.354362,9919.780935,9686.732405,9613.013113,9741.427407,9779.476126,9563.074277,9781.854172,9912.646786,10048.195721,9817.524863
1uM_1949+5nM_Pta,180,9896.000441,9848.439476,10314.538156,9846.061428,10067.220151,9577.342512,9836.549239,10041.061561,9941.183385,10221.793815,10091.000695,10252.708583
1uM_1949+5nM_Pta,240,9758.073719,9805.634631,9896.000441,9760.451764,10081.488477,9936.427284,10140.939861,9815.146817,9805.634631,10297.891728,9929.293134,9991.122457
1uM_1949+5nM_Pta,300,9995.878561,9781.854172,10240.818286,9753.31763,10488.136828,10266.976942,10457.221969,9815.146817,9722.403054,9872.219955,9758.073719,10057.707935
1uM_1949+5nM_Pta,360,10228.927991,10140.939861,10683.138525,10157.586257,11077.899512,10897.165325,10806.798384,9881.732149,10621.308667,10766.371101,10504.783296,10297.891728
1uM_1949+5nM_Pta,420,10174.232656,11325.220641,10737.834208,10452.465837,11903.09895,11577.298732,11318.086367,9872.219955,10450.087772,10937.592673,11058.874842,9960.20779
1uM_1949+5nM_Pta,480,10928.080354,13306.195338,11263.390287,11085.033765,12378.722088,12281.219114,11857.914899,10057.707935,11275.280736,12725.928764,11672.422746,10055.329882
1uM_1949+5nM_Pta,540,11020.825514,14704.559943,11384.672949,11358.513928,12466.712679,13023.19595,13049.355516,10366.855525,11218.206597,13822.255621,12205.119315,10597.527965
1uM_1949+5nM_Pta,600,11082.655681,17151.756797,11838.890043,12457.200178,13234.85086,13672.431325,13420.346635,10863.872229,11555.895844,15061.289519,12773.49144,10402.526477
1uM_1949+5nM_Pta,660,11153.99824,18495.487576,12809.163465,12585.619036,13054.111801,14121.905055,13420.346635,11218.206597,11860.293006,15936.472815,12459.578303,10181.366828
1uM_1949+5nM_Pta,720,11453.637682,19332.655149,12937.582888,13089.783952,13222.96012,14466.741109,14138.552278,11173.022933,12290.731594,16887.769862,12547.568982,10217.037698
1uM_1949+5nM_Pta,780,11727.119105,20029.5087,13915.004135,13299.060887,13577.304934,14238.435693,14226.544804,11142.107809,12293.109715,16730.805071,13008.9271,10607.040245
1uM_1949+5nM_Pta,840,11524.980572,19874.916092,13679.565809,13589.195726,13301.439038,14257.461119,13836.524616,11370.404391,12416.772061,16378.824536,13165.884592,10804.420308
1uM_1949+5nM_Pta,900,11403.697697,19237.52203,12951.851725,13275.27939,12780.625843,13667.675003,14022.021786,11527.35867,12266.950397,15755.727655,12913.801497,10509.53943
1uM_1949+5nM_Pta,960,11222.962774,17831.943363,13477.422344,13280.035689,12968.498705,13972.080198,13807.986629,11403.697697,12236.03485,15146.904854,12464.334553,10530.942038
1uM_1949+5nM_Pta,1020,11253.877929,17318.235492,13001.792676,12783.003978,12200.36308,13218.203825,13068.38066,11398.94151,11750.900143,14307.402885,12183.71626,10469.112298
1uM_1949+5nM_Pta,1080,10699.785033,15924.581674,12352.562742,12255.0598,12043.407482,12604.644069,12863.860601,11370.404391,12050.541821,13387.05249,11596.323526,10388.258094
1uM_1949+5nM_Pta,1140,10783.017627,15061.289519,12404.881443,12404.881443,12271.706636,12787.760248,12735.441297,11075.521428,11777.059292,12804.407194,11710.472383,10495.271028
1uM_1949+5nM_Pta,1200,10773.505326,14492.901146,12081.457296,11639.129328,11800.840345,12079.079182,12668.853591,11253.877929,11805.596556,12559.459622,11432.234828,10190.879058
1uM_1949+5nM_Pta,1260,10340.696836,13142.103134,11441.747207,11551.139648,11406.075791,11591.567327,12331.159647,10859.116074,11263.390287,11857.914899,10830.579148,10105.269025
1uM_1949+5nM_Pta,1320,10787.773778,12849.591779,11372.782484,11572.542534,11339.489191,11358.513928,12060.054273,10961.373476,11565.408238,11964.929798,11106.436526,10297.891728
1uM_1949+5nM_Pta,1380,10212.281581,12221.76614,10866.250307,11291.927368,11101.680357,10947.104993,11710.472383,10685.516597,10928.080354,11334.733007,10928.080354,10083.866531
1uM_1949+5nM_Pta,1440,10012.524926,11703.338075,10702.163106,10725.943839,10652.22359,10956.617315,10992.28853,10573.747271,11108.814611,11163.510586,10590.393756,10000.634665
1uM_1949+5nM_Pta,1500,10238.440227,11087.411849,10183.744885,10597.527965,10623.686738,10557.100789,10811.554536,10219.415756,10621.308667,10894.787246,10564.234995,10091.000695
1uM_1949+5nM_Pta,1560,10105.269025,11308.574003,10300.269789,10607.040245,10511.917497,10511.917497,10844.84761,10255.086643,10602.284105,10495.271028,10402.526477,10159.964313
1uM_1949+5nM_Pta,1620,9888.866295,11318.086367,10331.184588,10747.346505,10338.318774,10516.673632,10749.724579,10316.916218,10516.673632,10985.154286,10402.526477,10571.369202
1uM_1949+5nM_Pta,1680,10038.683507,10780.639552,9919.780935,10376.367777,10488.136828,10407.282605,10257.464703,10347.831023,10492.892961,10725.943839,10526.185902,10288.379485
1uM_1949+5nM_Pta,1740,9815.146817,10802.042232,10312.160095,10117.159302,10133.805693,9988.744405,10255.086643,10074.354314,10538.076242,10483.380695,10383.501967,10205.147406
1uM_1949+5nM_Pta,1800,9924.537034,10212.281581,10214.659639,10357.343273,10081.488477,10343.074898,10414.416798,10036.305454,10212.281581,10742.590356,10447.709707,10014.902979
1uM_1949+5nM_Pta,1860,9836.549239,10614.174456,10048.195721,10152.830143,10088.622641,10331.184588,10257.464703,10155.2082,10328.806526,10352.587148,10530.942038,10447.709707
1uM_1949+5nM_Pta,1920,10017.281031,10354.965211,9798.500493,10271.733062,10176.610713,10188.501,9884.110197,9981.61025,10447.709707,10357.343273,10345.452961,10262.220822
1uM_1949+5nM_Pta,1980,9817.524863,10343.074898,9869.841907,9967.341943,9720.02501,9684.354362,10060.085989,10069.598205,9988.744405,10519.0517,10117.159302,9905.512638
1uM_1949+5nM_Pta,2040,9862.707763,10426.307121,9981.61025,10309.782034,10340.696836,10245.574405,10316.916218,9805.634631,10171.854598,10412.038734,10259.842762,10119.537358
1uM_1949+5nM_Pta,2100,10055.329882,10181.366828,9995.878561,10102.89097,10183.744885,9936.427284,10157.586257,9960.20779,10250.330524,10145.695974,10198.013232,10247.952464
1uM_1949+5nM_Pta,2160,10226.549932,10314.538156,9993.500509,10328.806526,9915.024835,9793.744401,9848.439476,9905.512638,10402.526477,10245.574405,10383.501967,10431.063251
1uM_1949+5nM_Pta,2220,10033.927401,9967.341943,9879.3541,10150.452087,9884.110197,9950.695587,9981.61025,9722.403054,10005.390769,9791.366355,10209.903522,9929.293134
1uM_1949+5nM_Pta,2280,9705.756749,10183.744885,9743.805451,10148.07403,9898.37849,9691.48849,9705.756749,9805.634631,10057.707935,10190.879058,10231.30605,10178.98877
1uM_1949+5nM_Pta,2340,9681.976319,10119.537358,10012.524926,10152.830143,9979.232199,9991.122457,9993.500509,9715.268923,9998.256613,10129.049581,10012.524926,9805.634631
1uM_1949+5nM_Pta,2400,9168.320762,9667.708065,9508.379396,9836.549239,9370.453342,9565.452316,9655.817855,9681.976319,9708.134792,10145.695974,10155.2082,10076.732368
1uM_1949+5nM_Pta,2460,9648.68373,9891.244344,9658.195897,9822.280957,9767.585899,10038.683507,9651.061771,9610.635073,9915.024835,9924.537034,9724.781098,10029.171295
1uM_1949+5nM_Pta,2520,9553.562121,9712.890879,9670.086107,9798.500493,9598.744871,9960.20779,9463.196697,9912.646786,10140.939861,9967.341943,10093.37875,10186.122943
1uM_1949+5nM_Pta,2580,9553.562121,9950.695587,9613.013113,9879.3541,9636.793522,9667.708065,9798.500493,9489.355099,9705.756749,10067.220151,9929.293134,9520.269585
1uM_1949+5nM_Pta,2640,9613.013113,9444.172411,9349.051045,9558.318199,9453.684553,9634.415481,9553.562121,9910.268737,9857.951667,9831.793145,10067.220151,10112.403191
1uM_1949+5nM_Pta,2700,9415.635989,9494.111173,9263.441913,9586.854671,9415.635989,9534.537813,9177.832872,9403.745816,9491.733136,9541.671928,9891.244344,9988.744405
1uM_1949+5nM_Pta,2760,9403.745816,9358.563177,9208.747237,9444.172411,9168.320762,9615.391154,9460.818661,9272.954034,9327.648753,9643.927646,9539.293889,9896.000441
1uM_1949+5nM_Pta,2820,9232.527526,9339.538915,9389.477612,9429.904199,9270.576004,9498.867247,9513.135471,9498.867247,9539.293889,9824.659004,9846.061428,9803.256585
1uM_1949+5nM_Pta,2880,9477.464915,9365.697276,9591.610751,9622.525276,9646.305688,9584.476631,9662.951981,9491.733136,9527.403698,9779.476126,9684.354362,9767.585899
1uM_1949+5nM_Pta,2940,9142.162465,9605.878992,9496.48921,9287.222218,9484.599025,9365.697276,9434.660269,9299.112373,9408.501885,9893.622392,9679.598277,9444.172411
1uM_1949+10nM_elf18,0,9891.244344,9565.452316,9743.805451,9589.232711,9574.964473,9389.477612,9513.135471,9589.232711,9660.573939,9627.281358,10038.683507,9884.110197
1uM_1949+10nM_elf18,60,9705.756749,9458.440625,9641.549605,9653.439813,9812.76877,9769.963945,9753.31763,9917.402885,9781.854172,9898.37849,9931.671184,9760.451764
1uM_1949+10nM_elf18,120,9815.146817,9629.659399,9808.012677,9624.903317,9957.829739,9670.086107,9876.976052,9572.586434,9570.208394,9876.976052,10098.13486,10055.329882
1uM_1949+10nM_elf18,180,9912.646786,9993.500509,10012.524926,9786.610263,9936.427284,9655.817855,9834.171192,9926.915084,9769.963945,10224.171874,9905.512638,10214.659639
1uM_1949+10nM_elf18,240,9819.90291,9876.976052,9403.745816,9741.427407,9734.293274,9912.646786,9869.841907,10031.549348,9819.90291,10302.64785,9941.183385,9917.402885
1uM_1949+10nM_elf18,300,9888.866295,9846.061428,9589.232711,10107.64708,9736.671318,9750.939585,10178.98877,9632.03744,9651.061771,9701.000663,9746.183496,9976.854148
1uM_1949+10nM_elf18,360,9912.646786,9788.988309,9967.341943,10062.464043,10017.281031,9953.073637,11042.228259,10098.13486,10105.269025,10048.195721,9964.963891,10540.45431
1uM_1949+10nM_elf18,420,9705.756749,9370.453342,10164.720427,9724.781098,9798.500493,9601.122911,11988.710906,9829.415098,9686.732405,10226.549932,9912.646786,10982.776205
1uM_1949+10nM_elf18,480,9872.219955,9729.537186,10302.64785,10022.037137,10452.465837,9774.720035,13018.439667,10167.098484,10297.891728,10676.004308,9995.878561,11869.805436
1uM_1949+10nM_elf18,540,10262.220822,9741.427407,10761.614952,9639.171564,10183.744885,10176.610713,14766.392955,10012.524926,10071.976259,10920.946115,10205.147406,13080.271377
1uM_1949+10nM_elf18,600,10511.917497,9815.146817,11120.705037,9991.122457,10490.514895,10214.659639,15810.426805,10609.418315,10687.89467,11560.652041,10609.418315,14659.37431
1uM_1949+10nM_elf18,660,10117.159302,9841.305334,12033.895031,10014.902979,10752.102653,10347.831023,16863.987298,10802.042232,10989.910449,11817.487085,10307.403972,14999.456278
1uM_1949+10nM_elf18,720,10464.356166,9777.098081,12031.516919,10331.184588,10785.395702,10302.64785,17032.843656,10523.807835,11655.776035,12302.622196,10269.355002,15817.561479
1uM_1949+10nM_elf18,780,10623.686738,10238.440227,12823.432279,10766.371101,11115.948867,10326.428464,16821.178701,10740.212282,11598.701625,12442.931428,10347.831023,15515.527481
1uM_1949+10nM_elf18,840,10228.927991,10209.903522,12621.290977,10412.038734,11173.022933,10538.076242,16761.722354,10678.38238,11812.730873,12388.23458,10661.735876,15786.644561
1uM_1949+10nM_elf18,900,10397.770349,9815.146817,11983.954684,9867.463859,11027.959762,10442.953576,15760.484101,10906.67764,12086.213524,12492.872062,10535.698174,15303.866539
1uM_1949+10nM_elf18,960,10309.782034,9903.134589,12178.960026,10580.881478,11598.701625,10614.174456,15044.642103,10597.527965,11926.88004,12554.703366,10802.042232,14852.007975
1uM_1949+10nM_elf18,1020,10350.209086,10516.673632,11765.168769,10623.686738,11382.294856,10404.904541,14007.752757,10806.798384,12033.895031,12266.950397,10557.100789,14635.592408
1uM_1949+10nM_elf18,1080,9964.963891,10288.379485,11125.461208,10433.441316,10932.836513,10247.952464,13337.111298,10314.538156,11836.511936,11981.576573,10488.136828,13477.422344
1uM_1949+10nM_elf18,1140,10117.159302,10438.197446,11398.94151,10538.076242,11532.114865,10616.552526,13075.51509,10690.272742,11451.259587,11753.278247,10466.734232,13035.086661
1uM_1949+10nM_elf18,1200,9936.427284,10438.197446,11584.433029,10226.549932,11184.913368,10492.892961,12975.633126,10362.099399,11582.05493,11555.895844,10452.465837,12333.537769
1uM_1949+10nM_elf18,1260,9974.476096,10183.744885,10450.087772,10514.295565,10847.225687,10129.049581,12186.094377,10547.588515,11263.390287,11177.779107,10369.233588,12314.512799
1uM_1949+10nM_elf18,1320,9993.500509,10217.037698,10775.883401,10207.525464,10516.673632,10426.307121,11893.586516,10286.001424,11456.015778,11282.415006,10428.685186,11995.84524
1uM_1949+10nM_elf18,1380,9677.220234,10003.012717,10293.135606,10079.110422,10549.966583,9886.488246,11356.135836,9983.988302,10564.234995,11353.757743,10133.805693,11182.535281
1uM_1949+10nM_elf18,1440,9586.854671,9769.963945,10269.355002,10100.512915,10081.488477,9855.573619,11068.387176,9786.610263,10890.031089,10859.116074,10352.587148,10785.395702
1uM_1949+10nM_elf18,1500,9710.512836,9705.756749,10162.34237,9779.476126,10243.196346,9900.756539,10925.702274,9819.90291,10383.501967,10528.56397,10209.903522,10809.17646
1uM_1949+10nM_elf18,1560,9591.610751,9950.695587,10171.854598,9888.866295,10174.232656,9886.488246,10649.845519,9867.463859,9867.463859,10316.916218,10100.512915,10721.187692
1uM_1949+10nM_elf18,1620,9829.415098,10105.269025,9962.585841,10112.403191,10164.720427,9836.549239,11092.168018,9993.500509,10269.355002,10373.989714,10407.282605,10787.773778
1uM_1949+10nM_elf18,1680,9841.305334,9846.061428,9872.219955,9896.000441,10005.390769,10052.951828,10868.628385,10043.439614,9981.61025,10347.831023,10578.503409,10761.614952
1uM_1949+10nM_elf18,1740,9822.280957,9898.37849,10012.524926,9974.476096,9981.61025,9567.830355,10435.819381,9953.073637,10129.049581,10571.369202,10091.000695,10495.271028
1uM_1949+10nM_elf18,1800,9793.744401,9477.464915,10369.233588,9800.878539,10102.89097,9953.073637,10554.72272,9931.671184,9974.476096,10490.514895,10079.110422,10290.757546
1uM_1949+10nM_elf18,1860,9544.049966,9760.451764,9810.390724,10045.817667,9736.671318,10012.524926,10476.246496,10026.793242,9843.683381,10088.622641,10490.514895,10759.236877
1uM_1949+10nM_elf18,1920,9727.159142,9884.110197,9563.074277,10069.598205,9805.634631,9838.927286,10017.281031,9696.244576,9779.476126,10240.818286,9974.476096,10316.916218
1uM_1949+10nM_elf18,1980,9838.927286,9957.829739,9888.866295,9753.31763,9591.610751,9874.598003,10124.293469,9850.817523,10010.146874,10121.915413,10274.111122,10164.720427
1uM_1949+10nM_elf18,2040,9862.707763,9651.061771,9888.866295,9953.073637,10416.794863,9886.488246,10302.64785,9917.402885,9829.415098,9907.890687,10331.184588,10654.601662
1uM_1949+10nM_elf18,2100,9841.305334,9558.318199,9869.841907,9798.500493,10010.146874,9781.854172,10471.490364,9900.756539,9931.671184,10041.061561,10148.07403,10376.367777
1uM_1949+10nM_elf18,2160,9879.3541,9727.159142,9810.390724,10081.488477,9774.720035,9544.049966,10041.061561,9931.671184,9950.695587,10164.720427,10271.733062,10607.040245
1uM_1949+10nM_elf18,2220,10102.89097,9689.110448,9860.329715,9793.744401,9867.463859,9736.671318,10276.489183,9570.208394,9824.659004,9655.817855,10005.390769,10105.269025
1uM_1949+10nM_elf18,2280,9470.330806,9765.207854,9727.159142,9846.061428,9655.817855,9503.623322,10171.854598,9639.171564,10031.549348,9900.756539,10076.732368,10055.329882
1uM_1949+10nM_elf18,2340,9613.013113,9496.48921,9953.073637,9736.671318,9827.037051,9546.428005,9957.829739,9689.110448,9750.939585,9907.890687,10412.038734,10148.07403
1uM_1949+10nM_elf18,2400,9432.282234,9513.135471,9579.720552,9294.356311,9401.367782,9508.379396,9819.90291,9536.915851,9743.805451,9884.110197,10198.013232,10188.501
1uM_1949+10nM_elf18,2460,9401.367782,9563.074277,9379.965476,9872.219955,9827.037051,10071.976259,10150.452087,9529.781736,9593.988791,9760.451764,9924.537034,9917.402885
1uM_1949+10nM_elf18,2520,9529.781736,9456.062589,9736.671318,9622.525276,9648.68373,9584.476631,9957.829739,9827.037051,9724.781098,10019.659084,10112.403191,10224.171874
1uM_1949+10nM_elf18,2580,9746.183496,9446.550446,9498.867247,9555.94016,9555.94016,9608.257032,10076.732368,9717.646967,9705.756749,9539.293889,9553.562121,9943.561435
1uM_1949+10nM_elf18,2640,9418.014024,9363.319243,9434.660269,9101.736024,9446.550446,9515.513509,10052.951828,9696.244576,9931.671184,9741.427407,9884.110197,10148.07403
1uM_1949+10nM_elf18,2700,9486.977062,9387.099578,9365.697276,9494.111173,9384.721544,9280.088126,9665.330023,9394.23368,9270.576004,9517.891547,9565.452316,10262.220822
1uM_1949+10nM_elf18,2760,9158.808653,9322.892689,9256.307822,9180.2109,9349.051045,9429.904199,9608.257032,9263.441913,8987.590887,9322.892689,9467.95277,9843.683381
1uM_1949+10nM_elf18,2820,9508.379396,9327.648753,9068.443675,9356.185144,9522.647622,9422.770094,9900.756539,9180.2109,9463.196697,9843.683381,9822.280957,9964.963891
1uM_1949+10nM_elf18,2880,9289.600249,9330.026785,9710.512836,9425.148128,9582.098592,9667.708065,10010.146874,9199.235123,9536.915851,9722.403054,9924.537034,10003.012717
1uM_1949+10nM_elf18,2940,9401.367782,9225.393439,9686.732405,9536.915851,9401.367782,9441.794375,9831.793145,9239.661614,9658.195897,9565.452316,9665.330023,9698.622619
