##BLOCKS= 1          
Plate:	Plate#1	1.3	PlateFormat	Kinetic	Luminescence	Raw	FALSE	14	840	60				1	450	1	12	96	405	Automatic	435			6	Automatic			1	8	None	
Time(hh:mm:ss)	Temperature(¡C)	1	2	3	4	5	6	7	8	9	10	11	12		
0:00	24.00	11710.472383	11394.185323	11175.40102	11115.948867	10875.762619	10856.737996	10866.250307	10813.932612	10678.38238	11087.411849	10980.398123	11201.559981		
		11603.457824	11434.612922	11096.924187	11184.913368	10763.993026	10928.080354	10637.955163	10723.565765	10832.957225	11080.277596	10906.67764	10939.970753		
		11517.84628	11318.086367	11137.351637	11120.705037	10909.055719	10811.554536	10942.348833	10633.199021	10944.726913	11027.959762	10985.154286	10932.836513		
		11541.627256	11115.948867	10958.995395	10880.518775	10880.518775	10859.116074	10521.429767	10599.906035	10797.28608	11163.510586	11089.789934	11042.228259		
		11451.259587	11132.595465	10932.836513	11039.850176	10875.762619	10830.579148	10454.843903	10552.344651	10535.698174	11215.828509	11070.76526	10909.055719		
		11529.736767	11294.305458	10942.348833	10868.628385	10958.995395	10909.055719	10421.550992	10678.38238	10721.187692	11094.546103	11032.715927	11134.973551		
															
															
		
1:00	24.20	10580.881478	10490.514895	10744.96843	10721.187692	10690.272742	10595.149896	10773.505326	10951.861154	10873.384541	11403.697697	11170.644846	11303.817821		
		10500.027162	10433.441316	10573.747271	10545.210446	10985.154286	10790.151853	10671.248164	11177.779107	10835.335301	11246.743662	11151.620153	11175.40102		
		10492.892961	10585.637617	10695.028888	10540.45431	10835.335301	10778.261476	10944.726913	10771.127251	10987.532367	11241.987483	11277.658826	11168.266759		
		10421.550992	10345.452961	10442.953576	10687.89467	10859.116074	10885.274932	10906.67764	10980.398123	11080.277596	11287.171187	11177.779107	11194.425718		
		10359.721336	10654.601662	10497.649095	10890.031089	10963.751557	10851.981841	11070.76526	10873.384541	11030.337844	11042.228259	11080.277596	11134.973551		
		10504.783296	10685.516597	10483.380695	10549.966583	10754.480728	10723.565765	10897.165325	10806.798384	11306.195912	11023.203597	11258.634108	11182.535281		
															
															
		
2:00	24.40	11063.631009	10811.554536	10925.702274	10771.127251	10973.26388	10868.628385	10778.261476	10880.518775	11004.178939	11085.033765	11125.461208	11351.379651		
		10918.568036	10885.274932	10851.981841	10633.199021	10918.568036	10825.822994	10949.483074	10794.908004	11066.009093	11201.559981	11408.453885	11325.220641		
		10740.212282	11032.715927	10847.225687	10664.113948	10835.335301	11054.118675	10687.89467	10854.359919	10811.554536	10939.970753	11213.450421	11142.107809		
		10742.590356	10932.836513	10780.639552	10766.371101	10704.541179	10676.004308	10849.603764	11092.168018	10835.335301	11115.948867	11063.631009	11080.277596		
		10949.483074	10997.044694	10894.787246	10780.639552	10549.966583	11082.655681	10806.798384	10813.932612	10844.84761	10887.65301	11208.694245	11168.266759		
		10680.760453	11082.655681	10702.163106	10749.724579	10666.49202	10887.65301	11037.472093	10830.579148	11056.496758	11016.069349	11277.658826	11070.76526		
															
															
		
3:00	24.50	11123.083123	10842.469532	10856.737996	10816.310689	10966.129637	10851.981841	10932.836513	10851.981841	10783.017627	11039.850176	11237.231306	11115.948867		
		10863.872229	10854.359919	10818.688765	10592.771826	11085.033765	10771.127251	11006.557021	10771.127251	10735.456134	10859.116074	11134.973551	10901.921482		
		11037.472093	10687.89467	10832.957225	10975.641961	10989.910449	10825.822994	10740.212282	10999.422775	10737.834208	10961.373476	11134.973551	11073.143344		
		10937.592673	10875.762619	10970.885799	10783.017627	11104.058442	10763.993026	10863.872229	10989.910449	10918.568036	10804.420308	11118.326952	11051.740591		
		10828.201071	10683.138525	10923.324195	11125.461208	10897.165325	11066.009093	10823.444918	10735.456134	10780.639552	10973.26388	11006.557021	11368.026298		
		10932.836513	10756.858802	10806.798384	10925.702274	10832.957225	10951.861154	10790.151853	10585.637617	10949.483074	11168.266759	11016.069349	11261.012198		
															
															
		
4:00	24.60	10873.384541	11146.863981	10968.507718	10733.07806	10928.080354	11063.631009	10892.409167	11203.938069	11089.789934	11039.850176	11220.584685	11429.856733		
		11123.083123	11165.888672	10963.751557	10866.250307	10818.688765	10918.568036	11123.083123	11030.337844	10894.787246	10975.641961	11146.863981	11289.549277		
		11203.938069	11125.461208	10913.811877	11046.984425	10859.116074	10899.543403	11054.118675	10909.055719	11137.351637	10968.507718	11303.817821	11544.005354		
		11030.337844	10958.995395	10904.299561	10949.483074	10778.261476	10980.398123	11189.669543	10792.529929	11013.691267	11308.574003	11337.111099	11417.966261		
		11175.40102	10873.384541	10785.395702	10947.104993	10737.834208	10825.822994	11184.913368	11168.266759	10961.373476	11139.729723	10987.532367	11484.552927		
		11085.033765	10680.760453	10709.297325	10875.762619	10994.666612	10754.480728	11301.43973	10875.762619	10966.129637	11196.803806	11175.40102	11674.800848		
															
															
		
5:00	24.60	10778.261476	10966.129637	10920.946115	10975.641961	10923.324195	10835.335301	10849.603764	10892.409167	10937.592673	10918.568036	11234.853217	11244.365572		
		10828.201071	10992.28853	11153.99824	11094.546103	10766.371101	10790.151853	10604.662175	10932.836513	10709.297325	11042.228259	11315.708276	11653.397934		
		11068.387176	10997.044694	11080.277596	11032.715927	10873.384541	11020.825514	10794.908004	10847.225687	10973.26388	11016.069349	11320.464458	11356.135836		
		10944.726913	10730.699986	11156.376326	11203.938069	10878.140697	10897.165325	10597.527965	10949.483074	11153.99824	10978.020042	11503.577699	11329.976824		
		10911.433798	11130.21738	10968.507718	11032.715927	10918.568036	10813.932612	10785.395702	10999.422775	10973.26388	11196.803806	11175.40102	11134.973551		
		10970.885799	10854.359919	10823.444918	10963.751557	10985.154286	10721.187692	11113.570782	10623.686738	10928.080354	11068.387176	11137.351637	11106.436526		
															
															
		
6:00	24.70	11004.178939	10756.858802	10811.554536	10794.908004	11077.899512	11051.740591	10856.737996	11080.277596	11137.351637	11280.036916	11358.513928	11472.662447		
		10652.22359	10818.688765	10821.066841	10856.737996	10985.154286	10797.28608	10671.248164	10985.154286	11175.40102	11137.351637	11213.450421	11570.164435		
		10718.809618	10676.004308	11058.874842	11066.009093	11058.874842	10954.239234	10987.532367	10923.324195	10987.532367	11170.644846	11315.708276	11529.736767		
		10695.028888	10989.910449	11068.387176	10854.359919	11113.570782	10832.957225	10956.617315	11058.874842	10973.26388	11089.789934	11372.782484	11444.125302		
		11030.337844	10859.116074	10873.384541	10885.274932	10975.641961	10906.67764	11056.496758	11127.839294	10818.688765	11025.581679	11196.803806	11639.129328		
		10861.494152	10939.970753	10939.970753	10804.420308	11118.326952	10554.72272	11156.376326	11032.715927	11068.387176	11032.715927	11422.72245	11589.189227		
															
															
		
7:00	24.70	10821.066841	11049.362508	10920.946115	11063.631009	11249.121751	11134.973551	11408.453885	11149.242067	11263.390287	11379.916763	11337.111099	11622.482624		
		11089.789934	10939.970753	11111.192697	10954.239234	10989.910449	11194.425718	11089.789934	11020.825514	11211.072333	11456.015778	11608.214024	11301.43973		
		10930.458434	10802.042232	11016.069349	11175.40102	11139.729723	11123.083123	11089.789934	11215.828509	11211.072333	11365.648206	11734.253416	11486.931023		
		10937.592673	10783.017627	10982.776205	11318.086367	11203.938069	11144.485895	11192.04763	11158.754412	11377.53867	11251.49984	11705.716178	11658.154137		
		10747.346505	10840.091455	11025.581679	11001.800857	11111.192697	10978.020042	11341.867283	11313.330185	11299.061639	11436.991017	11401.319604	11441.747207		
		10721.187692	10697.40696	11035.09401	11241.987483	11173.022933	11035.09401	11420.344356	11239.609394	11134.973551	11541.627256	11672.422746	11391.807229		
															
															
		
8:00	24.80	10714.053472	10773.505326	10871.006463	10821.066841	10958.995395	11125.461208	11403.697697	11044.606342	11115.948867	11318.086367	11289.549277	11434.612922		
		10918.568036	10718.809618	10811.554536	10749.724579	10975.641961	10985.154286	11291.927368	11325.220641	11220.584685	11434.612922	11251.49984	11320.464458		
		10985.154286	10592.771826	10699.785033	10823.444918	10825.822994	11225.340862	11187.291456	11032.715927	11208.694245	11258.634108	11303.817821	11527.35867		
		10925.702274	10697.40696	10832.957225	10811.554536	10887.65301	11261.012198	11184.913368	10878.140697	10970.885799	11313.330185	11234.853217	11413.210073		
		11208.694245	10656.979733	11027.959762	10935.214593	11115.948867	11156.376326	11289.549277	11099.302272	11016.069349	11494.065312	11360.892021	11470.284351		
		11099.302272	10654.601662	11042.228259	10854.359919	10899.543403	11448.881492	10944.726913	11118.326952	10954.239234	11394.185323	11299.061639	11731.875312		
															
															
		
9:00	24.80	10868.628385	10704.541179	10932.836513	10652.22359	10894.787246	11042.228259	11020.825514	10645.089376	10868.628385	11344.245375	11263.390287	11294.305458		
		10761.614952	10956.617315	10721.187692	10918.568036	10614.174456	10947.104993	10576.12534	10649.845519	10897.165325	11075.521428	11153.99824	11277.658826		
		10832.957225	10906.67764	10913.811877	10818.688765	10680.760453	10982.776205	10571.369202	10618.930597	10828.201071	11153.99824	11056.496758	11436.991017		
		10761.614952	10878.140697	11056.496758	10830.579148	10956.617315	10875.762619	10683.138525	10714.053472	11016.069349	11032.715927	11203.938069	11104.058442		
		10709.297325	10968.507718	10687.89467	10683.138525	10768.749176	10851.981841	10763.993026	10989.910449	10963.751557	11082.655681	11280.036916	11258.634108		
		10835.335301	11030.337844	10978.020042	10699.785033	10799.664156	10958.995395	10909.055719	10771.127251	11035.09401	11275.280736	11051.740591	11249.121751		
															
															
		
10:00	24.80	10671.248164	10683.138525	10583.259548	10778.261476	10516.673632	10773.505326	10954.239234	11139.729723	11004.178939	11113.570782	11227.718951	11353.757743		
		10683.138525	10723.565765	10597.527965	10706.919252	10664.113948	10992.28853	11070.76526	11139.729723	11118.326952	11237.231306	11158.754412	11310.952093		
		10511.917497	10576.12534	10771.127251	10792.529929	10716.431545	10939.970753	11127.839294	10882.896853	10920.946115	11194.425718	11008.935103	11165.888672		
		10680.760453	10766.371101	10445.331641	10457.221969	10585.637617	10978.020042	11123.083123	10920.946115	11004.178939	11030.337844	11070.76526	11132.595465		
		10880.518775	10564.234995	10352.587148	10794.908004	10778.261476	11151.620153	11096.924187	10821.066841	10918.568036	11027.959762	11332.354916	11206.316157		
		10559.478857	10723.565765	10604.662175	10939.970753	10863.872229	11187.291456	11070.76526	10588.015687	10832.957225	11165.888672	11158.754412	11253.877929		
															
															
		
11:00	24.80	11089.789934	10916.189957	10806.798384	11068.387176	11127.839294	11115.948867	11018.447432	11011.313185	11213.450421	11085.033765	11353.757743	11249.121751		
		11061.252925	11163.510586	10832.957225	10937.592673	11066.009093	11265.768377	11092.168018	11006.557021	11593.945426	10975.641961	11004.178939	11408.453885		
		10963.751557	11156.376326	10835.335301	11070.76526	11111.192697	11203.938069	11061.252925	11192.04763	11049.362508	11018.447432	11156.376326	11277.658826		
		11123.083123	11146.863981	10961.373476	11123.083123	11142.107809	11054.118675	10937.592673	10947.104993	11206.316157	10985.154286	11234.853217	11451.259587		
		11168.266759	11061.252925	10894.787246	11070.76526	11225.340862	11068.387176	11030.337844	11280.036916	11075.521428	11101.680357	11529.736767	11477.418639		
		11046.984425	10918.568036	11215.828509	10961.373476	11177.779107	10897.165325	11001.800857	11280.036916	11199.181893	11070.76526	11294.305458	11651.019833		
															
															
		
12:00	24.90	10823.444918	11108.814611	10849.603764	10837.713378	10970.885799	10825.822994	10873.384541	10916.189957	10873.384541	11211.072333	11082.655681	11115.948867		
		11063.631009	11118.326952	10656.979733	10699.785033	11104.058442	10975.641961	10892.409167	10744.96843	10975.641961	11146.863981	11308.574003	11494.065312		
		10840.091455	10899.543403	10580.881478	11001.800857	10882.896853	10868.628385	11032.715927	10939.970753	11125.461208	11032.715927	11477.418639	11365.648206		
		10847.225687	10909.055719	10899.543403	11123.083123	10761.614952	11030.337844	11070.76526	10913.811877	11230.097039	11194.425718	11365.648206	11187.291456		
		11230.097039	10642.711305	10830.579148	10982.776205	10982.776205	10978.020042	11142.107809	10968.507718	11125.461208	11201.559981	11337.111099	11299.061639		
		11137.351637	10754.480728	10868.628385	10947.104993	11153.99824	10963.751557	11270.524556	10916.189957	11023.203597	11194.425718	11101.680357	11672.422746		
															
															
		
13:00	24.90	10887.65301	10930.458434	10873.384541	10882.896853	10645.089376	10901.921482	10958.995395	11168.266759	10925.702274	11230.097039	11184.913368	11177.779107		
		11006.557021	11170.644846	10954.239234	10906.67764	10768.749176	10678.38238	10928.080354	10735.456134	11027.959762	11287.171187	10951.861154	11287.171187		
		11113.570782	11170.644846	11118.326952	10630.82095	10785.395702	10909.055719	10901.921482	10813.932612	10871.006463	11049.362508	11227.718951	11394.185323		
		10975.641961	11073.143344	10787.773778	10709.297325	10790.151853	10887.65301	10744.96843	10880.518775	10754.480728	11032.715927	11092.168018	11570.164435		
		11222.962774	10920.946115	10880.518775	10756.858802	10890.031089	10804.420308	10818.688765	11049.362508	11044.606342	11249.121751	10978.020042	11444.125302		
		11106.436526	10783.017627	10794.908004	10935.214593	10871.006463	10875.762619	10913.811877	10880.518775	10982.776205	11118.326952	11151.620153	11719.984795		
															
															
		
~End
Original Filename: elf18_prime_pre2_07-08-20-173554.pda   Date Last Saved: 7/8/2020
