##BLOCKS= 1          
Plate:	Plate#1	1.3	PlateFormat	Kinetic	Luminescence	Raw	FALSE	50	3000	60				1	450	1	12	96	405	Automatic	435			6	Automatic			1	8	None	
Time(hh:mm:ss)	Temperature(¡C)	1	2	3	4	5	6	7	8	9	10	11	12		
0:00	23.80	7082.817945	31377.421594	6640.517606	6409.856571	6523.998031	6445.52576	6669.053038	6421.746299	6405.100681	6671.430991	6852.155636	6764.171218		
		7173.180681	6787.950781	6614.360136	6466.927281	6547.777523	6364.675622	6526.37598	6419.368353	6652.407368	6595.336526	6892.580941	6695.210527		
		7303.969032	6821.242181	6600.092428	6478.817017	6274.313799	6552.533422	6471.683175	6462.171387	6673.808945	6569.179071	7049.526437	6787.950781		
		7277.811344	6873.557265	6571.557021	6519.242134	6445.52576	6485.95086	6552.533422	6535.887776	6469.305228	6571.557021	6892.580941	7004.345126		
		7047.148473	6645.273511	6483.572912	6673.808945	6554.911371	6509.73034	6716.612114	6466.927281	6607.226282	6495.462651	7018.612906	6740.391663		
		6923.494423	6718.990069	6507.352392	6730.879842	6514.486237	6478.817017	6609.604233	6576.312922	6669.053038	6550.155472	6816.486266	6752.28144		
		6999.5892	6590.580625	6528.753929	6545.399573	6647.651463	6590.580625	6726.123933	6416.990408	6576.312922	6795.084651	6804.596479	6909.226661		
		6928.250345	6685.698712	6597.714477	6804.596479	6288.581449	6381.321232	6490.706755	6428.880137	6885.447062	6968.675688	6899.71482	6949.651995		
		
1:00	23.90	6336.140298	6369.43151	6288.581449	6302.8491	6564.423171	6569.179071	6626.249894	6476.43907	6854.533594	6830.754012	6897.33686	6923.494423		
		6350.407959	6362.297678	6545.399573	6331.384412	6431.258083	6504.974443	6550.155472	6604.848331	6516.864185	6806.974436	6716.612114	6628.627846		
		6309.982927	6386.077121	6374.187398	6502.596495	6345.652072	6193.463834	6576.312922	6362.297678	6669.053038	6809.352393	6616.738087	6880.691143		
		6314.738812	6412.234517	6262.424093	6393.210955	6409.856571	6205.353529	6628.627846	6523.998031	6547.777523	6685.698712	6776.060999	6828.376054		
		6324.250583	6298.093216	6350.407959	6512.108288	6607.226282	6528.753929	6578.690872	6609.604233	6669.053038	6730.879842	6776.060999	7068.550154		
		6300.471158	6305.227043	6440.769867	6466.927281	6405.100681	6581.068822	6623.871942	6523.998031	6452.6596	6676.186898	6600.092428	6854.533594		
		6302.8491	6305.227043	6540.643674	6531.131878	6464.549334	6716.612114	6393.210955	6816.486266	6645.273511	6695.210527	6797.462608	6840.265844		
		6231.510866	6338.518242	6414.612462	6509.73034	6455.037546	6519.242134	6578.690872	6592.958576	6545.399573	6963.919765	6897.33686	6966.297726		
		
2:00	24.20	6661.919179	7009.101052	7087.573876	7636.885798	7874.684336	7491.829037	7265.921489	8174.3115	9441.794375	7967.425958	7308.724976	7127.9993		
		6607.226282	6661.919179	6447.903707	6778.438955	6581.068822	6500.218547	6847.399719	6702.344388	6747.525529	7092.329807	6968.675688	7028.12476		
		6569.179071	6573.934971	6573.934971	6611.982184	6509.73034	6592.958576	6923.494423	6695.210527	6845.02176	6816.486266	6783.194868	6883.069102		
		6614.360136	6514.486237	6569.179071	6759.415307	6543.021624	7391.954042	6837.887886	6764.171218	6923.494423	7032.880688	6937.762188	7113.731501		
		6740.391663	7213.606148	6878.313184	6954.407918	9610.635073	7066.172189	6804.596479	6954.407918	6982.943462	7791.454767	7080.43998	7106.597603		
		6519.242134	6730.879842	6811.730351	6628.627846	6485.95086	6811.730351	6688.076665	6702.344388	6906.8487	6809.352393	6887.825021	6752.28144		
		7315.858892	7044.770508	6640.517606	6778.438955	7693.957383	7054.282366	7408.599866	8067.30167	6859.289511	6961.541803	7106.597603	7591.704156		
		6585.824723	6607.226282	6830.754012	6590.580625	6540.643674	6783.194868	6704.722343	6535.887776	6923.494423	6728.501888	7001.967163	7006.723089		
		
3:00	24.30	8404.977621	9111.248126	13662.918681	10771.127251	14107.636009	11517.84628	13608.220999	16110.083683	15315.757588	14780.662119	9838.927286	10098.13486		
		6623.871942	6500.218547	6852.155636	6868.801347	6590.580625	6909.226661	6944.896072	6830.754012	7082.817945	7208.85021	7170.802713	7177.936617		
		6607.226282	6547.777523	6695.210527	6595.336526	6609.604233	6576.312922	6833.13197	6573.934971	6840.265844	7280.189316	6952.029956	7139.889135		
		6562.045221	6692.832573	6766.549174	6692.832573	6707.100297	6861.66747	6607.226282	6683.320758	6806.974436	6999.5892	6990.077349	7130.377267		
		10297.891728	10599.906035	10538.076242	7796.21074	17689.246401	8300.345484	7869.928358	8716.49684	7420.489742	13822.255621	9622.525276	7736.761098		
		6678.564851	6735.635752	6787.950781	6642.895559	6816.486266	6871.179306	6854.533594	6709.478251	6894.958901	7035.258652	7054.282366	6830.754012		
		10278.867243	9867.463859	11674.800848	7919.866138	16728.426819	8630.888384	11320.464458	16966.252374	8835.397624	9639.171564	8557.170065	13620.111796		
		6671.430991	6576.312922	6802.218522	6799.840565	6640.517606	6745.147573	6804.596479	6740.391663	6890.202981	7092.329807	6980.565499	7108.975569		
		
4:00	24.40	11422.72245	13815.121125	23958.639544	14466.741109	22862.173821	15767.618771	24113.240041	25590.28446	22897.850343	23609.005676	13272.901241	16640.431542		
		6752.28144	6707.100297	6680.942805	6600.092428	6823.620138	6614.360136	6878.313184	7051.904401	7137.511168	6935.384227	7042.392544	7080.43998		
		6566.801121	6792.706694	6759.415307	6716.612114	6699.966434	6821.242181	7173.180681	7054.282366	6961.541803	7127.9993	6887.825021	7123.243367		
		6771.305086	6614.360136	6856.911553	6790.328738	6714.23416	6583.446773	6930.628306	6963.919765	7161.290842	6980.565499	6975.809575	7066.172189		
		17729.677181	16457.306548	18433.651682	9884.110197	26294.328108	12568.972135	10167.098484	13641.515236	8833.019607	21944.103447	16640.431542	10005.390769		
		6885.447062	6723.745978	6887.825021	6695.210527	6664.297132	6866.423388	6918.738502	6973.431612	6992.455312	7132.755234	6937.762188	6871.179306		
		17410.988058	15877.017125	24902.896468	10231.30605	31265.623366	11225.340862	20326.803017	32369.340373	12559.459622	16267.047257	14012.5091	23656.57482		
		6783.194868	6709.478251	6835.509928	6709.478251	6878.313184	6835.509928	6894.958901	6916.360542	6802.218522	6980.565499	6944.896072	7137.511168		
		
5:00	24.40	14167.090384	18338.519631	29346.048361	17413.366331	29600.561854	20319.667941	31179.990786	31375.042906	29134.350838	31001.589872	16692.753046	23021.529078		
		6909.226661	6790.328738	6892.580941	6990.077349	6892.580941	6961.541803	6997.211237	6792.706694	6994.833275	7208.85021	7066.172189	7249.275695		
		6787.950781	6764.171218	6868.801347	6880.691143	6971.05365	6975.809575	6740.391663	6619.116039	6999.5892	7158.912874	7173.180681	7230.251935		
		6761.793262	6799.840565	6818.864223	6799.840565	6966.297726	6921.116463	6873.557265	6738.013708	6921.116463	7120.865401	7265.921489	7163.668809		
		26165.887251	23718.414749	27302.833853	13058.868087	34120.09512	17020.952351	13453.640794	18845.099106	11441.747207	28708.578865	25402.381966	15123.122807		
		6933.006266	6885.447062	6961.541803	6825.998096	7009.101052	6937.762188	6816.486266	6875.935224	6925.872384	7156.534906	7425.245693	7311.102948		
		23551.92274	22029.726145	37331.497535	13846.037281	46702.392651	14490.52296	28323.245289	44180.540958	16942.469786	23159.478661	20283.992567	32895.038522		
		6821.242181	6940.14015	6690.454619	6923.494423	6880.691143	6768.92713	6928.250345	6985.321424	6985.321424	7082.817945	7391.954042	7472.805219		
		
6:00	24.40	16145.757195	22174.80926	31922.142855	19865.40271	32616.727307	24279.733218	36132.558894	34952.668559	34396.032786	35326.14003	19404.005063	26184.915513		
		7006.723089	7170.802713	7185.070522	6916.360542	7001.967163	7118.487434	7211.228179	7206.472241	7206.472241	7363.418353	7313.48092	7334.882673		
		6978.187537	6904.47074	7130.377267	7013.856979	6982.943462	7085.195911	7068.550154	7123.243367	7311.102948	7515.608816	7575.058294	7370.552274		
		6961.541803	6952.029956	6906.8487	6999.5892	6899.71482	7018.612906	7192.204428	7158.912874	7277.811344	7204.094272	7199.338334	7263.543519		
		33216.16805	29260.417835	33561.086386	15789.022785	39505.809062	22046.375014	16550.058116	23525.759742	14435.824712	34476.911248	33116.260948	19958.158228		
		7044.770508	7009.101052	6985.321424	6933.006266	6906.8487	7173.180681	6985.321424	7349.150512	7097.085739	7235.007875	7406.221891	7296.835116		
		29769.445086	26624.945336	46633.397538	15836.587281	56983.329107	17846.213073	34208.109617	54477.809113	20890.476074	29481.630215	25813.865217	38801.64919		
		7063.794225	7277.811344	7104.219637	7001.967163	7040.01458	7156.534906	7037.636616	7406.221891	7242.141785	7211.228179	7377.686196	7575.058294		
		
7:00	24.50	17810.538802	25433.302599	32928.340784	22322.271056	35116.805487	26722.465787	38532.833035	36938.985883	35932.737533	37576.520935	21948.860261	28239.994451		
		7035.258652	7132.755234	7280.189316	7377.686196	7061.41626	7296.835116	7391.954042	7322.99281	7453.781405	7425.245693	7682.067466	7451.403429		
		7020.990869	7013.856979	6978.187537	7327.748755	7434.757596	7258.787577	7047.148473	7349.150512	7617.861945	7458.537358	7603.594059	7515.608816		
		6894.958901	7223.118026	7194.582396	7325.370782	7144.645069	7215.984118	7111.353535	7368.1743	7517.986794	7570.302334	7465.671288	7415.733792		
		37728.768863	33470.693851	39032.403601	19025.851244	43240.814657	25442.816642	19327.898491	27857.041713	18364.680934	38390.099161	38587.547755	24360.601457		
		6980.565499	7082.817945	7268.29946	7208.85021	7073.306084	7361.040379	7185.070522	7225.495996	7494.207014	7670.177551	7439.513548	7565.546374		
		34493.562706	28967.847562	52312.60809	18500.244185	63298.63437	20081.83242	36494.141672	59605.524234	24258.326933	32635.757103	29160.51567	43005.290047		
		6885.447062	7106.597603	7287.32323	7282.567287	7242.141785	7161.290842	7106.597603	7227.873965	7463.293311	7261.165548	7712.981253	7408.599866		
		
8:00	24.60	19011.581323	26127.83074	33813.234523	22491.13893	35721.022588	27764.27704	40478.796916	37034.140046	37712.116732	37395.726897	22786.063959	29588.668682		
		7282.567287	7127.9993	6997.211237	7391.954042	7277.811344	6944.896072	7215.984118	7154.156939	7116.109468	7382.442145	7660.66562	7446.647476		
		7261.165548	6985.321424	7118.487434	7108.975569	7144.645069	6978.187537	7196.960365	6902.09278	7213.606148	7406.221891	7434.757596	7584.570214		
		7116.109468	7070.928119	7187.448491	7170.802713	7028.12476	6940.14015	7135.133201	6992.455312	7301.59106	7265.921489	7377.686196	7641.641762		
		41299.541589	36715.374046	41768.202467	21623.019144	44344.696811	28011.649741	20852.422072	29714.736395	21489.828996	39891.19648	41958.522389	27193.419879		
		6814.108308	7147.023037	7028.12476	7303.969032	7092.329807	6925.872384	7030.502724	6992.455312	7358.662405	7541.766581	7546.522539	7444.2695		
		37398.105764	31788.935566	56726.349088	20505.180137	66723.00405	21703.884699	39688.986801	59857.754428	26912.749935	35176.275472	30766.101275	45834.010222		
		7051.904401	7322.99281	7244.519755	7166.046777	7049.526437	7097.085739	6994.833275	7116.109468	7225.495996	7344.394565	7351.528485	7527.498708		
		
9:00	24.60	19805.944101	28201.936954	33018.732706	23157.100217	35580.67254	28171.015251	41202.003376	37505.154819	37842.954999	37712.116732	23314.077614	30587.701284		
		7339.638619	7127.9993	7246.897725	7254.031636	7632.129834	7460.915335	7322.99281	7482.317127	7527.498708	7489.451059	7988.827885	7934.134081		
		7185.070522	7135.133201	7344.394565	7394.332017	7346.772538	7342.016592	7261.165548	7339.638619	7705.847301	7710.603269	8236.139468	7886.574282		
		7284.945258	7342.016592	7230.251935	7425.245693	7449.025452	7403.843916	7097.085739	7453.781405	7693.957383	7869.928358	8043.521727	7936.512072		
		42546.138003	38563.758742	43768.963271	23808.796271	46126.642152	30430.709621	22070.159118	31434.510111	23868.257853	40105.301402	44480.304074	28839.402415		
		7339.638619	7175.558649	7287.32323	7389.576068	7586.948195	7303.969032	7406.221891	7439.513548	7677.3115	7855.660427	7729.627144	7703.469317		
		39298.842511	32745.178517	58437.185305	21558.802438	66013.845279	22945.419065	40407.428212	58258.72363	29153.379806	36475.110959	32975.915467	47558.888659		
		7292.079173	7282.567287	7334.882673	7130.377267	7451.403429	7282.567287	7548.900518	7306.347004	7508.474881	7741.517068	7867.55037	7850.904451		
		
10:00	24.60	20017.61695	29155.758428	32930.719517	22966.824998	34912.229078	27975.970939	41706.34859	37224.448712	38956.278361	36539.339634	24410.549528	31265.623366		
		7556.034456	7441.891524	7437.135572	7439.513548	7655.909655	7910.354178	7627.373871	7522.742751	7541.766581	8003.095841	8067.30167	8250.407467		
		7408.599866	7484.695104	7330.126727	7734.383113	7453.781405	7767.674907	7596.460117	7686.823432	7734.383113	8034.009752	7953.158009	7810.478661		
		7482.317127	7534.632644	7491.829037	7796.21074	7491.829037	7479.93915	7615.483964	7515.608816	7722.49319	8171.933503	8110.105585	8088.703625		
		43397.831448	38392.478056	44592.120762	24317.78885	45924.41672	31653.349804	22315.135801	32374.097806	25644.990332	40514.481292	44575.467203	29222.359853		
		7479.93915	7572.680314	7399.087966	7510.852859	7444.2695	7720.115206	7639.26378	7751.029008	7824.746585	8138.641541	8029.253765	8126.751558		
		40352.712249	33016.35397	60205.167128	23114.288254	65433.196467	24215.51438	41618.325847	56091.040916	30145.271022	37360.043912	33694.296623	47577.922008		
		7503.718925	7413.355816	7579.814254	7489.451059	7491.829037	7777.18685	7572.680314	7789.076781	7736.761098	8072.057659	8209.981476	8214.737473		
		
11:00	24.60	20172.209834	29450.708017	32262.298186	23730.307049	34938.395799	28056.842913	42719.806601	36770.087523	38566.137643	35571.157291	24422.441931	31629.562852		
		7672.555534	7570.302334	7751.029008	7686.823432	7729.627144	7784.320808	7732.005128	7884.196292	7860.416404	8079.191644	8069.679665	8186.20149		
		7553.656477	7672.555534	7743.895053	7689.201416	7850.904451	7641.641762	7677.3115	7644.019744	7957.913991	8102.971598	7736.761098	8233.761468		
		7608.350021	7646.397726	7779.564836	7644.019744	7584.570214	7760.54095	7808.100674	7758.162964	8086.325629	8212.359474	7960.291983	8207.603477		
		43071.902998	37578.899807	44147.234015	25994.633095	45536.621144	31022.997961	22598.168049	31696.166336	26603.538424	38451.950475	42933.91909	29683.814107		
		7860.416404	7527.498708	7827.124572	7672.555534	7634.507816	7736.761098	7620.239927	7632.129834	7541.766581	8012.607812	8145.775532	8157.665517		
		41451.796599	33211.410566	61421.123454	23192.776871	62889.337996	23706.522451	41309.057519	52569.57394	31356.01341	37966.65683	33104.367254	46788.041839		
		7727.249159	7472.805219	7841.392498	7644.019744	7881.818303	7615.483964	7841.392498	7872.306347	8048.277715	7815.234635	7862.794392	8278.943473		
		
12:00	24.70	19981.941712	30150.028324	31329.847861	24156.052539	33016.35397	26957.942487	43319.323014	36313.350079	38228.33441	34193.83699	24332.059716	32944.99192		
		7793.832754	7774.808864	8022.119785	7762.918935	7898.464229	8038.765739	8081.569639	7893.70825	7929.3781	8250.407467	8293.21148	8276.565472		
		7701.091334	7884.196292	7777.18685	8007.851826	7784.320808	8014.985805	8069.679665	7927.000109	7886.574282	8383.575582	8259.919468	8271.80947		
		7905.598198	7808.100674	7979.315917	8012.607812	7770.052892	7810.478661	8050.655709	7986.449893	8014.985805	8445.403711	8259.919468	8297.967482		
		42455.73532	35935.116356	42805.451528	26484.611238	44499.336691	32102.924529	22890.715038	31030.133992	26153.994589	36232.469761	40807.093776	28944.061408		
		7822.368597	8086.325629	7819.99061	7729.627144	7789.076781	7948.402026	8205.225478	7974.559933	7879.440314	8183.823492	8245.651467	8416.867645		
		41620.704839	33537.298867	61409.225553	23525.759742	58993.988289	24674.561279	42108.399646	48784.169715	31993.503993	36070.709372	33216.16805	46488.270081		
		7715.359237	7953.158009	7934.134081	7843.770486	7800.966714	7872.306347	8060.167686	7969.803949	7912.732168	8100.593602	8252.785467	8041.143733		
		
13:00	24.70	19506.273385	30747.071924	30268.960956	23485.326033	33156.699522	26177.779914	43809.407227	35031.168787	37374.317104	31791.314266	25050.363291	32640.514553		
		8076.813649	7974.559933	8014.985805	7698.71335	7953.158009	7927.000109	7917.488148	7981.693909	8295.589481	8457.293741	8229.005469	8359.795545		
		8012.607812	7869.928358	7903.220208	7984.071901	7879.440314	8017.363798	7862.794392	7991.205878	8371.685563	8376.44157	8319.369499	8169.555505		
		8012.607812	8007.851826	7967.425958	7762.918935	7846.148474	7936.512072	7805.722687	8031.631758	8288.455477	8214.737473	8212.359474	8233.761468		
		40873.704897	33449.285107	41891.910365	26123.073678	42672.226126	30540.12802	22412.651001	30016.823985	26465.582905	34288.987889	38706.492926	27697.676828		
		7995.961863	8043.521727	7974.559933	7850.904451	7965.047966	7822.368597	7836.636523	8038.765739	8281.321474	8224.24947	8155.28752	8300.345484		
		41982.312411	32799.88928	60314.626237	23792.147035	55596.122687	24265.46236	40269.448898	45203.546689	32193.315519	36080.22468	32635.757103	46611.985274		
		7712.981253	7796.21074	7708.225285	8064.923675	7829.50256	7779.564836	8067.30167	8195.713484	8150.531526	8333.637513	8240.895467	8124.373562		
		
14:00	24.70	19351.681787	30506.826752	28135.336378	22562.49166	31865.05399	25870.949766	43307.427804	34191.458219	36241.985089	30863.626772	24943.330892	33156.699522		
		8148.153529	8053.033703	7896.086239	8145.775532	8050.655709	8231.383468	8031.631758	8081.569639	8202.847479	8233.761468	8397.843607	8240.895467		
		7948.402026	7969.803949	7601.216078	7969.803949	7981.693909	8100.593602	7953.158009	8088.703625	8100.593602	8014.985805	8516.743919	8333.637513		
		8224.24947	7900.842218	7789.076781	7898.464229	7858.038415	8088.703625	7960.291983	8045.899721	7941.268053	8131.507551	8155.28752	8119.617569		
		40098.164562	31080.086225	39983.975209	26957.942487	41516.029268	29709.979119	21958.37389	29172.408779	25766.294791	31650.971109	36301.455909	26677.273368		
		7888.952271	7812.856648	7800.966714	7858.038415	7808.100674	8048.277715	8200.469481	8036.387746	8160.043515	8190.957487	8088.703625	8155.28752		
		41706.34859	31470.190455	60383.633143	24065.670626	51579.784086	24003.830428	39967.322609	42324.889512	32195.694231	34460.259793	31394.072407	45293.952476		
		8060.167686	7886.574282	7789.076781	7869.928358	7843.770486	8064.923675	8088.703625	8091.08162	8050.655709	8043.521727	8217.115473	8229.005469		
		
15:00	24.70	18210.091541	28368.438637	25319.134166	22443.570479	31070.571512	24581.800294	41290.025661	32871.251201	34750.471356	28898.867735	24175.080323	33002.081555		
		7465.671288	7867.55037	7791.454767	7798.588727	7879.440314	7907.976188	7843.770486	7907.976188	8276.565472	8129.129555	8238.517467	8188.579489		
		7472.805219	7896.086239	7886.574282	7957.913991	8060.167686	7900.842218	8041.143733	8086.325629	8000.717848	8224.24947	8048.277715	8274.187471		
		7548.900518	7684.445449	7784.320808	7850.904451	7819.99061	7789.076781	7810.478661	7938.890063	8186.20149	8214.737473	8226.627469	8340.771521		
		36270.531077	28323.245289	37072.201743	26132.587803	39574.798031	29583.911414	20916.638211	27564.476571	24536.609084	29629.105474	33094.852299	25288.213577		
		7772.430878	7679.689483	7746.273038	7984.071901	7819.99061	8003.095841	7888.952271	7824.746585	8219.493472	8183.823492	8366.929555	8233.761468		
		40419.322992	30965.909737	58901.187523	23371.16038	47987.1401	23968.153412	37448.061972	37481.366128	32293.22147	33575.358901	30202.35866	44216.226985		
		7803.3447	7693.957383	7922.244129	7976.937925	8074.435654	7684.445449	7960.291983	7751.029008	8240.895467	8300.345484	8169.555505	8450.159723		
		
16:00	24.80	17560.819354	29146.243943	24379.62929	20923.773341	30276.09692	22933.526882	41187.729501	31120.52377	34070.14099	28553.969491	25240.643463	33375.543924		
		8022.119785	8141.019538	8095.837611	7877.062325	7967.425958	8036.387746	8157.665517	8352.661535	8250.407467	9177.832872	9517.891547	9472.708842		
		7929.3781	8050.655709	8112.483581	8007.851826	8005.473833	8138.641541	7972.181941	8278.943473	8438.269694	9344.29498	9513.135471	9427.526164		
		8171.933503	8312.235493	8038.765739	8098.215606	8005.473833	8098.215606	8041.143733	8286.077476	8523.877943	9351.429078	9463.196697	9142.162465		
		34277.094021	25331.026704	36192.029633	24933.816908	37076.959457	27424.140825	20086.589123	25671.154023	23949.125677	27838.013054	31087.222261	24500.931831		
		8117.239573	8305.101487	8167.177507	7765.296921	8117.239573	7965.047966	8136.263544	8328.881508	8443.025705	9280.088126	9546.428005	9551.184082		
		39922.122711	30142.892371	58194.477525	22909.742521	44399.415504	23697.008614	36691.585589	34693.380474	31239.457845	33068.686181	30920.714922	42891.096546		
		8267.053469	8271.80947	8093.459615	7869.928358	7877.062325	7974.559933	8209.981476	8217.115473	8309.857491	9184.966955	9313.380562	9341.916947		
		
17:00	24.70	17313.478953	28875.081602	23078.611635	21030.800364	28442.175207	22058.267065	40219.490929	30114.348568	31772.284671	25963.712245	23578.085747	32048.214242		
		8102.971598	8064.923675	8471.56178	8278.943473	8162.421512	8207.603477	8385.953586	8274.187471	8554.792056	8483.451814	8324.125503	8476.317793		
		8148.153529	8064.923675	8535.767985	8407.355626	8055.411698	8193.335485	8124.373562	8264.675468	8497.719857	8190.957487	8290.833478	8469.183773		
		8152.909523	8364.551552	8483.451814	8267.053469	8290.833478	8148.153529	8171.933503	8366.929555	8535.767985	8240.895467	8240.895467	8426.379666		
		32459.731664	23061.962551	34807.562279	24391.521688	34938.395799	26382.333999	19132.875728	23903.934824	22288.973207	24534.2306	26955.563931	21694.3711		
		7976.937925	8226.627469	8440.647699	8516.743919	8364.551552	8248.029467	8126.751558	8407.355626	8345.527526	8378.819574	8462.049754	8657.046513		
		39103.771079	28385.088824	57295.037459	23611.384132	40559.681525	23442.513894	35373.716138	32457.352944	30528.234709	30464.010857	28958.3331	41173.455629		
		8005.473833	7936.512072	8535.767985	8419.24565	8179.067496	8198.091482	8207.603477	8057.789692	8316.991497	8226.627469	8355.039539	8419.24565		
		
18:00	24.80	16309.855558	28199.558361	20859.557196	19589.515138	26927.021264	20272.10078	39501.051204	27935.534982	29522.066952	24332.059716	22476.868392	30744.693255		
		8007.851826	8136.263544	7729.627144	7862.794392	7986.449893	7981.693909	7979.315917	7865.172381	8126.751558	8169.555505	8526.255951	8706.984785		
		7734.383113	7965.047966	8145.775532	7922.244129	8057.789692	7886.574282	7888.952271	7810.478661	8181.445494	8145.775532	8614.242306	8347.905529		
		7905.598198	8164.79951	7981.693909	7800.966714	8076.813649	8088.703625	7995.961863	7893.70825	7976.937925	8416.867645	8338.393518	8433.513682		
		28948.818639	20966.584133	31001.589872	22819.362015	32314.629904	24772.079353	18245.76599	21751.45271	20823.881582	21837.075203	24077.562977	20495.666681		
		7741.517068	8167.177507	8076.813649	7936.512072	7853.282439	8062.545681	7965.047966	8069.679665	8174.3115	8117.239573	8590.462201	8314.613495		
		37921.458062	27112.548777	54499.223481	22415.029422	36577.401096	22429.299949	34127.231427	28760.908259	29108.186015	28297.08073	27440.790816	38925.352503		
		7943.646044	8036.387746	8053.033703	8121.995565	7900.842218	8205.225478	7874.684336	8038.765739	7953.158009	8404.977621	8621.376339	8604.730263		
		
19:00	24.80	15208.738208	26636.838068	18179.173699	18359.924333	24707.86012	18880.773837	37362.422777	26565.481705	27507.390814	22507.787895	21042.692264	29809.881969		
		7984.071901	7872.306347	7658.287637	7931.75609	8017.363798	7701.091334	7967.425958	7872.306347	7988.827885	8435.891688	8421.623656	8507.231887		
		7653.531673	7796.21074	7674.933517	7893.70825	7874.684336	7979.315917	8060.167686	7988.827885	8031.631758	8466.805767	8516.743919	8488.207828		
		7903.220208	7862.794392	7815.234635	7860.416404	7903.220208	8064.923675	8053.033703	7972.181941	8202.847479	8647.534465	8642.778442	8483.451814		
		26793.82229	19178.063887	28439.796607	21715.776699	29191.437756	22981.095624	17032.843656	20424.315794	19161.415615	20069.940662	21106.908556	18193.443471		
		7841.392498	7917.488148	7969.803949	8029.253765	7815.234635	8057.789692	8060.167686	8041.143733	8112.483581	8509.609895	8583.32817	8478.6958		
		36934.228178	25492.765389	52569.57394	22405.515738	32435.944472	21294.800965	32352.689356	25859.057149	28385.088824	27659.619589	26810.472149	36529.824271		
		7834.258535	7865.172381	7860.416404	7900.842218	7905.598198	7881.818303	7798.588727	8067.30167	8062.545681	8431.135677	8443.025705	8438.269694		
		
20:00	24.80	14202.763031	25771.051833	16852.096019	18024.584664	23361.646582	17387.205339	35387.988976	24386.764729	26327.627623	20795.341102	20631.233542	27975.970939		
		7929.3781	8141.019538	8100.593602	8169.555505	8295.589481	8321.747501	8129.129555	8155.28752	8281.321474	8571.438121	8514.365911	8607.108274		
		8072.057659	8366.929555	7972.181941	8190.957487	8160.043515	8293.21148	8297.967482	8226.627469	8419.24565	8388.33159	8502.475872	8664.18055		
		7998.339855	8221.871471	8131.507551	8093.459615	8312.235493	8226.627469	8421.623656	8305.101487	8578.572151	8374.063566	8661.802538	8497.719857		
		24738.780485	17498.984182	26496.503949	20612.2066	27412.247976	21737.182304	16248.021353	18911.691951	17950.857692	18795.154508	19216.117093	16250.399591		
		8176.689498	8107.727589	8276.565472	8157.665517	8205.225478	8281.321474	8464.42776	8352.661535	8599.974242	8561.926083	8404.977621	8785.459273		
		35449.837971	24087.076859	51277.615103	21183.01682	29993.037519	21275.773866	30704.2559	23911.070221	27048.327667	25649.747366	25240.643463	34367.487466		
		7912.732168	7993.58387	8181.445494	8143.397535	8152.909523	8412.111636	8338.393518	8333.637513	8424.001661	8628.510373	8783.081257	8557.170065		
		
21:00	24.80	13106.430961	24874.354534	15577.36112	17020.952351	21870.372863	16854.474275	32942.613186	22227.134382	24029.993582	19487.24671	19239.900356	26762.901131		
		7981.693909	8067.30167	8212.359474	8281.321474	8307.479489	8305.101487	8516.743919	8440.647699	8702.228757	8578.572151	8697.47273	9239.661614		
		8141.019538	7936.512072	8114.861577	8257.541467	8121.995565	8148.153529	8528.63396	8257.541467	8638.022418	8659.424526	8901.982141	8978.078799		
		8086.325629	7888.952271	8238.517467	8333.637513	8131.507551	8355.039539	8607.108274	8542.902011	8431.135677	8714.118826	8828.263572	8745.033012		
		21789.50714	15769.996995	24705.481631	19163.793939	25131.232309	20436.207604	15203.981795	17073.274104	16868.743811	17180.295978	17579.84557	15044.642103		
		7910.354178	8129.129555	8233.761468	8454.915735	8274.187471	8595.218221	8395.465603	8628.510373	8583.32817	8835.397624	8999.480998	9275.332064		
		34707.653191	22629.087599	48191.74993	20938.043602	27785.684263	20514.693595	28939.304178	22417.407843	25369.082836	23663.710194	23870.636318	32914.068384		
		8145.775532	8179.067496	8428.757671	8497.719857	8276.565472	8609.486284	8535.767985	8495.34185	8645.156454	8695.094717	9063.687627	9011.37111		
		
22:00	24.80	13101.674672	23675.602485	14630.836029	16171.917781	20019.9953	16022.089086	30799.402651	20524.207054	21803.777556	17884.265646	18557.323518	24420.06345		
		8374.063566	8659.424526	8288.455477	8229.005469	8595.218221	8692.716704	8459.671747	8764.057132	8835.397624	8797.349354	8528.63396	8680.826639		
		8319.369499	8761.679117	8428.757671	8331.25951	8264.675468	8390.709594	8652.290489	8823.507538	8975.700778	8909.1162	8481.073807	8554.792056		
		8507.231887	8604.730263	8319.369499	8333.637513	8307.479489	8514.365911	8626.132361	8980.456821	8802.105387	8749.789042	8671.314588	8692.716704		
		19722.702123	14583.272249	22181.944502	17843.834788	22448.327323	18493.109272	14221.788449	16155.270135	15199.225381	15327.648639	15544.066078	13313.329789		
		8200.469481	8452.537729	8229.005469	8450.159723	8443.025705	8476.317793	8671.314588	8557.170065	8766.435148	8747.411027	8633.266395	8607.108274		
		32616.727307	21411.342048	45103.624623	19922.483016	25178.802358	19741.728853	27174.391377	20357.721689	23915.827152	21739.560705	22298.486877	30097.698021		
		8478.6958	8397.843607	8407.355626	8209.981476	8469.183773	8554.792056	8514.365911	8526.255951	8635.644407	8804.483403	8557.170065	8642.778442		
		
23:00	24.90	12217.009904	21715.776699	12851.969916	14685.53441	18367.059234	14980.430676	28815.616299	18823.694274	20112.750998	16176.674252	17401.47497	22429.299949		
		8328.881508	8340.771521	8371.685563	8469.183773	8362.173549	8695.094717	9163.564707	8802.105387	8970.944735	8699.850744	8809.239437	9028.017271		
		8400.221612	8224.24947	8217.115473	8452.537729	8295.589481	8761.679117	8959.054628	8906.73818	9192.101039	8652.290489	8607.108274	8959.054628		
		8352.661535	8248.029467	8133.885548	8457.293741	8528.63396	8818.751504	8718.874854	8885.336007	8982.834843	8835.397624	8704.606771	8944.786503		
		17636.924246	13106.430961	19874.916092	16345.52916	20253.073924	16723.670315	14245.570227	15113.60999	14259.839298	14373.991955	13815.121125	12640.316019		
		8340.771521	8162.421512	8302.723486	8402.599617	8326.503505	8554.792056	9049.419482	9056.553554	8775.94721	8690.338691	8804.483403	9082.711823		
		31422.616667	19541.948411	41335.226331	18229.117912	22807.469851	18614.402891	26180.158447	19273.196936	22762.279643	20536.098879	20578.909463	27747.626982		
		8357.417542	8164.79951	8221.871471	8307.479489	8457.293741	8638.022418	9123.138255	9004.237043	8859.177803	8842.531677	8897.226102	8966.188692		
		
24:00	24.90	11574.920633	19668.000299	11950.661137	13950.67667	16833.069976	13508.33837	24417.68497	16880.635092	18114.959756	15615.412614	16112.461916	20003.346853		
		8471.56178	8521.499935	8523.877943	8828.263572	8497.719857	8462.049754	8614.242306	8526.255951	8692.716704	9042.285411	9123.138255	9042.285411		
		8400.221612	8500.097865	8500.097865	8809.239437	8421.623656	8462.049754	8628.510373	8759.301102	8737.898968	8825.885555	8985.212865	8897.226102		
		8528.63396	8478.6958	8485.829821	8835.397624	8535.767985	8702.228757	8471.56178	8709.362798	8756.923087	9058.931578	8880.579969	8856.799785		
		15215.872829	12255.0598	17839.078218	15422.777112	18053.124156	15163.552291	12611.778458	13315.70794	13087.405808	12997.036394	12559.459622	11693.825665		
		8212.359474	8385.953586	8459.671747	8818.751504	8497.719857	8709.362798	8754.545072	8804.483403	8930.51838	8859.177803	9023.261225	9028.017271		
		29602.940489	18119.716342	38240.228866	18079.285365	20835.773452	18264.792369	23685.11632	17798.647382	21230.584522	18469.32623	19503.89505	25257.293		
		8559.548074	8602.352252	8371.685563	8773.569194	8526.255951	8504.85388	8718.874854	8550.036038	8676.070613	8894.848083	9156.430626	8937.652441		
		
25:00	24.90	10942.348833	18262.414071	11087.411849	12587.997164	14885.302729	12768.735171	20995.124673	14861.52076	16226.617216	13724.750889	14704.559943	17929.4531		
		8022.119785	8160.043515	8190.957487	8083.947634	8362.173549	8157.665517	8271.80947	8385.953586	8595.218221	8492.963842	8538.145994	8963.810671		
		8209.981476	8167.177507	8221.871471	8202.847479	8014.985805	8141.019538	8252.785467	8500.097865	8621.376339	8509.609895	8718.874854	8842.531677		
		8079.191644	8283.699475	8338.393518	8352.661535	8036.387746	8209.981476	8143.397535	8507.231887	8452.537729	8794.971338	8756.923087	8780.703242		
		13601.086521	11310.952093	15943.607501	13698.591103	16167.161311	13379.918032	11781.815502	12376.343965	11762.790664	11957.795467	11315.708276	10545.210446		
		8207.603477	8157.665517	8024.497778	8297.967482	8238.517467	8383.575582	8274.187471	8531.011968	8416.867645	8495.34185	8692.716704	8783.081257		
		27381.326578	16336.016198	34512.592948	16597.623064	18443.164893	15988.793859	22338.919985	16366.933328	18987.798128	17292.074532	17998.423473	22904.98565		
		8034.009752	8010.229819	8057.789692	8155.28752	8390.709594	8181.445494	8697.47273	8438.269694	8573.816131	8668.936575	8932.8964	8949.542544		
		
26:00	24.90	10490.514895	16894.904633	10637.955163	12471.468929	13731.885377	11905.477059	19615.67685	13584.439409	15008.969082	13089.783952	13779.448651	16095.814282		
		8357.417542	8550.036038	8552.414047	8324.125503	8583.32817	8488.207828	8343.149524	8618.998328	8780.703242	8835.397624	8854.421766	8647.534465		
		8454.915735	8559.548074	8407.355626	8578.572151	8255.163467	8324.125503	8443.025705	8642.778442	8992.346931	9042.285411	8892.470064	8621.376339		
		8307.479489	8526.255951	8488.207828	8397.843607	8488.207828	8397.843607	8599.974242	8859.177803	8873.445913	8894.848083	8723.630882	8652.290489		
		12571.350263	10661.735876	14830.604211	13208.691234	14697.425367	12245.547325	11199.181893	11964.929798	11220.584685	11681.935154	10821.066841	9948.317536		
		8557.170065	8305.101487	8362.173549	8404.977621	8590.462201	8300.345484	8859.177803	8830.64159	8811.617453	9001.85902	8588.08419	8849.665731		
		25342.919243	15460.828532	31087.222261	15774.753442	17762.973133	15767.618771	19703.675397	15327.648639	17924.696524	15905.555851	16309.855558	20876.205821		
		8412.111636	8086.325629	8283.699475	8435.891688	8390.709594	8531.011968	8645.156454	8859.177803	8614.242306	8911.49422	8766.435148	8787.837289		
		
27:00	24.90	10050.573774	15451.315675	9967.341943	11627.238825	12476.225181	11329.976824	17237.374369	12193.228728	13967.323858	12369.209598	13539.254409	14459.606555		
		8074.435654	8138.641541	8245.651467	8557.170065	8687.960678	8526.255951	8421.623656	8535.767985	8754.545072	8878.20195	8937.652441	8923.384319		
		7993.58387	8293.21148	8295.589481	8305.101487	8569.060112	8535.767985	8433.513682	8443.025705	8778.325226	8747.411027	8951.920565	8840.15366		
		7986.449893	8305.101487	8369.307559	8452.537729	8626.132361	8500.097865	8336.015515	8540.524002	8592.840211	8742.654997	8828.263572	8740.276983		
		10790.151853	9798.500493	13213.447529	12540.434599	13860.306281	11501.199602	10312.160095	10947.104993	10699.785033	10947.104993	10324.050403	9427.526164		
		8057.789692	8126.751558	8421.623656	8376.44157	8742.654997	8483.451814	8355.039539	8511.987903	8678.448626	8528.63396	8595.218221	9008.993088		
		23430.621637	14290.755627	28209.072733	14578.515873	16559.571103	15632.060148	18081.663658	14388.261049	16747.452837	14737.854636	15256.302359	19242.278683		
		8255.163467	8233.761468	8333.637513	8438.269694	8735.520953	8383.575582	8478.6958	8616.620317	8531.011968	8745.033012	8766.435148	8897.226102		
		
28:00	24.90	10031.549348	14528.573938	9525.02566	10849.603764	11705.716178	10932.836513	15743.83654	11517.84628	12566.594007	11677.17895	12262.194158	13168.262738		
		8533.389977	8428.757671	8157.665517	8324.125503	8471.56178	8509.609895	8716.49684	8440.647699	8504.85388	8326.503505	8818.751504	8745.033012		
		8181.445494	8364.551552	8117.239573	8364.551552	8569.060112	8592.840211	8583.32817	8483.451814	8490.585835	8471.56178	8761.679117	8794.971338		
		8295.589481	8400.221612	8431.135677	8447.781717	8462.049754	8395.465603	8388.33159	8483.451814	8402.599617	8578.572151	8687.960678	8649.912477		
		10592.771826	9715.268923	12102.860324	11898.342733	12395.368949	11087.411849	9983.988302	10307.403972	9919.780935	10266.976942	9632.03744	9415.635989		
		8343.149524	8364.551552	8343.149524	8569.060112	8238.517467	8614.242306	8540.524002	8528.63396	8305.101487	8747.411027	8426.379666	8592.840211		
		21432.747572	13134.968698	25062.255788	13827.011953	15125.501012	14129.039579	16704.644302	13368.02727	14768.771149	13727.129052	14022.021786	17732.055463		
		8454.915735	8416.867645	8347.905529	8324.125503	8552.414047	8554.792056	8290.833478	8319.369499	8359.795545	8576.194141	8433.513682	8787.837289		
		
29:00	24.90	9727.159142	13215.825677	9218.259352	10409.66067	10799.664156	10851.981841	13886.46612	10723.565765	11696.203767	11494.065312	11460.771968	12381.100211		
		8117.239573	8443.025705	8504.85388	8297.967482	8685.582665	8454.915735	8654.668501	8511.987903	8711.740812	8621.376339	8642.778442	8740.276983		
		8419.24565	8547.658029	8445.403711	8509.609895	8462.049754	8673.6926	8588.08419	8433.513682	8659.424526	8823.507538	8676.070613	8871.067894		
		8278.943473	8295.589481	8214.737473	8326.503505	8231.383468	8697.47273	8680.826639	8616.620317	8585.70618	8833.019607	8749.789042	8764.057132		
		9710.512836	9282.466156	11101.680357	11249.121751	11337.111099	10611.796386	9838.927286	10083.866531	9693.866533	10148.07403	9494.111173	9225.393439		
		8238.517467	8276.565472	7917.488148	8350.283532	8481.073807	8654.668501	8842.531677	8552.414047	8526.255951	8609.486284	8816.373487	8654.668501		
		20578.909463	12283.597234	22819.362015	13275.27939	14183.737617	13769.935994	15237.276696	12616.534717	13760.423338	12828.188552	13108.809105	16433.524112		
		8454.915735	8435.891688	8314.613495	8343.149524	8424.001661	8576.194141	8521.499935	8393.087599	8454.915735	8671.314588	8633.266395	8666.558563		
		
30:00	24.90	9800.878539	12502.384567	8975.700778	10302.64785	10695.028888	10459.600034	13066.002516	10131.427637	11470.284351	10873.384541	11123.083123	11810.352767		
		8621.376339	8521.499935	8319.369499	8552.414047	8440.647699	8523.877943	8687.960678	8623.75435	8799.72737	8849.665731	8882.957988	9089.845898		
		8424.001661	8364.551552	8267.053469	8657.046513	8388.33159	8492.963842	8775.94721	8450.159723	8683.204652	8733.142939	9087.467873	9030.395294		
		8359.795545	8179.067496	8511.987903	8426.379666	8554.792056	8773.569194	8911.49422	8590.462201	8844.909695	8882.957988	8985.212865	9061.309602		
		9520.269585	9144.540492	10966.129637	10528.56397	11196.803806	10155.2082	9358.563177	10050.573774	9791.366355	10228.927991	9691.48849	9601.122911		
		8469.183773	8195.713484	8509.609895	8585.70618	8533.389977	8573.816131	8633.266395	8704.606771	8766.435148	8830.64159	8970.944735	9379.965476		
		18419.381867	11705.716178	20391.018735	12690.256776	13470.287878	13092.162096	14628.457839	12426.284557	13027.952234	12076.701068	12849.591779	15572.604684		
		8576.194141	8131.507551	8400.221612	8533.389977	8718.874854	8450.159723	8640.40043	8716.49684	8704.606771	8778.325226	8940.030461	9080.333798		
		
31:00	24.90	9555.94016	11758.034455	9294.356311	10293.135606	10331.184588	9857.951667	11686.691358	9855.573619	10435.819381	10944.726913	11132.595465	10911.433798		
		8545.28002	8571.438121	8666.558563	8702.228757	8495.34185	8459.671747	8547.658029	8366.929555	8511.987903	8802.105387	8942.408482	8835.397624		
		8566.682102	8545.28002	8721.252868	8711.740812	8350.283532	8538.145994	8333.637513	8492.963842	8547.658029	8759.301102	9044.663435	8859.177803		
		8642.778442	8680.826639	8792.593322	8654.668501	8576.194141	8469.183773	8443.025705	8533.389977	8564.304093	9066.065651	8802.105387	8894.848083		
		9396.611714	9275.332064	10602.284105	10630.82095	10205.147406	9577.342512	9379.965476	9534.537813	9422.770094	9753.31763	9258.685852	9135.028386		
		8545.28002	8533.389977	8676.070613	8599.974242	8485.829821	8559.548074	8414.48964	8312.235493	8840.15366	8852.043748	9108.8701	8899.604122		
		16806.909174	11693.825665	18728.561759	12305.000317	12711.659967	12392.990826	13073.136946	11496.443409	12245.547325	11534.492962	12285.975354	14031.534472		
		8716.49684	8754.545072	8550.036038	8680.826639	8402.599617	8557.170065	8485.829821	8478.6958	8676.070613	8790.215305	8942.408482	8871.067894		
		
32:00	24.90	9077.955773	10949.483074	8735.520953	9708.134792	9898.37849	9924.537034	10899.543403	10107.64708	10906.67764	10761.614952	10949.483074	10699.785033		
		8526.255951	8364.551552	8462.049754	8202.847479	8454.915735	8531.011968	8576.194141	8909.1162	8866.311857	8951.920565	9106.492074	9006.615065		
		8454.915735	8205.225478	8355.039539	8495.34185	8542.902011	8809.239437	8764.057132	8892.470064	9054.17553	9230.149497	9075.577749	9196.857095		
		8526.255951	8202.847479	8252.785467	8421.623656	8635.644407	8645.156454	8481.073807	8904.360161	9073.199724	9306.246467	9106.492074	9039.907388		
		8825.885555	8780.703242	9822.280957	10012.524926	10171.854598	9574.964473	9042.285411	10010.146874	9484.599025	10050.573774	9415.635989	9215.881323		
		8255.163467	8276.565472	8421.623656	8319.369499	8602.352252	8595.218221	8728.38691	8830.64159	8844.909695	9280.088126	9149.296545	9277.710095		
		15760.484101	10718.809618	17063.761056	11384.672949	12459.578303	12133.775819	12949.473585	11729.497209	12007.735798	11379.916763	11379.916763	13467.909723		
		8236.139468	8309.857491	8438.269694	8521.499935	8861.555821	8564.304093	8783.081257	8997.102975	8897.226102	8994.724953	9066.065651	9037.529364		
		
33:00	24.90	9289.600249	10961.373476	9061.309602	9691.48849	9834.171192	9931.671184	10887.65301	9891.244344	10316.916218	10262.220822	10314.538156	10414.416798		
		8376.44157	8692.716704	8785.459273	8607.108274	8787.837289	8811.617453	8937.652441	9070.8217	9158.808653	9028.017271	9011.37111	9061.309602		
		8336.015515	8745.033012	8878.20195	8930.51838	8754.545072	9025.639248	9070.8217	9244.417673	9104.114049	8923.384319	9011.37111	9070.8217		
		8516.743919	8780.703242	8859.177803	8804.483403	8702.228757	9001.85902	9013.749133	9087.467873	9163.564707	8849.665731	9175.454844	8973.322756		
		9101.736024	9085.089848	9862.707763	10126.671525	10121.915413	9660.573939	9525.02566	9848.439476	9670.086107	9534.537813	9513.135471	9330.026785		
		8621.376339	8635.644407	8880.579969	8654.668501	8842.531677	9073.199724	9187.344983	9089.845898	9156.430626	9011.37111	8863.933839	9080.333798		
		14913.841101	10545.210446	16141.000726	11016.069349	12131.397704	11895.964624	12259.816039	11379.916763	11503.577699	10823.444918	11225.340862	12768.735171		
		8673.6926	8871.067894	8718.874854	8623.75435	8747.411027	8730.764925	9013.749133	9132.650359	8940.030461	8980.456821	9089.845898	9118.382203		
		
34:00	24.90	9113.626151	10176.610713	9039.907388	9724.781098	9788.988309	9784.232217	10616.552526	9672.464149	10086.244586	10328.806526	10442.953576	10155.2082		
		8794.971338	8766.435148	8664.18055	8728.38691	8923.384319	8944.786503	8842.531677	8880.579969	9075.577749	9299.112373	9403.745816	9334.78285		
		8809.239437	8723.630882	8642.778442	8671.314588	8930.51838	9051.797506	8842.531677	9011.37111	8711.740812	9401.367782	9334.78285	9035.151341		
		8680.826639	8718.874854	8580.95016	8702.228757	9132.650359	8982.834843	8942.408482	8947.164523	9018.505179	9418.014024	9242.039644	9315.758594		
		9320.514657	9232.527526	9579.720552	9620.147235	9926.915084	9522.647622	9272.954034	9553.562121	9403.745816	9922.158984	9446.550446	9463.196697		
		8949.542544	8840.15366	8573.816131	8882.957988	8806.86142	8799.72737	8813.99547	9158.808653	9047.041459	9275.332064	9420.392059	9303.868436		
		13950.67667	10309.782034	14671.265263	10928.080354	11857.914899	11372.782484	11715.228589	10773.505326	11106.436526	10711.675398	11049.362508	12152.800745		
		8733.142939	8866.311857	8531.011968	8811.617453	8913.872239	8866.311857	8752.167057	9165.942735	8999.480998	9149.296545	9415.635989	9410.87992		
		
35:00	24.90	9384.721544	10388.258094	9116.004177	9803.256585	9746.183496	9605.878992	10088.622641	9662.951981	10259.842762	10217.037698	10611.796386	10033.927401		
		8797.349354	8904.360161	8985.212865	8873.445913	9096.979973	8811.617453	8930.51838	9291.97828	9296.734342	8994.724953	9365.697276	9146.918519		
		8973.322756	9051.797506	8818.751504	8792.593322	9085.089848	8813.99547	8951.920565	9161.18668	8963.810671	9099.357998	9489.355099	9256.307822		
		8818.751504	9127.894307	8794.971338	8966.188692	8954.298586	8657.046513	8978.078799	9161.18668	9030.395294	9201.613152	9755.695675	9096.979973		
		9282.466156	9180.2109	9565.452316	9784.232217	9698.622619	9246.795703	9344.29498	9712.890879	9287.222218	9846.061428	9456.062589	9389.477612		
		8859.177803	8837.775642	8668.936575	9170.698789	9132.650359	8764.057132	8956.676607	8975.700778	8968.566713	9130.272333	9591.610751	9418.014024		
		13796.095803	10264.598882	14067.207059	10854.359919	11593.945426	10887.65301	11115.948867	10521.429767	10949.483074	10549.966583	10668.870092	12074.322954		
		8937.652441	8828.263572	8676.070613	8930.51838	8852.043748	9042.285411	8844.909695	8973.322756	9249.173733	9251.551763	9223.01541	9318.136626		
		
36:00	24.90	9503.623322	10167.098484	9265.819943	9610.635073	9774.720035	9881.732149	10100.512915	9529.781736	10019.659084	9953.073637	10352.587148	10200.39129		
		9089.845898	8847.287713	9163.564707	8787.837289	9104.114049	8825.885555	9013.749133	9201.613152	9106.492074	9177.832872	9370.453342	9427.526164		
		8880.579969	9044.663435	8854.421766	9016.127156	9028.017271	8913.872239	9104.114049	8985.212865	9123.138255	9296.734342	9368.075309	9429.904199		
		8821.129521	9341.916947	9089.845898	9011.37111	9318.136626	9004.237043	9215.881323	9087.467873	9256.307822	9375.209409	9275.332064	9477.464915		
		9184.966955	9396.611714	9646.305688	9693.866533	10162.34237	9391.855646	9422.770094	9681.976319	9567.830355	9603.500951	9360.94121	9643.927646		
		9013.749133	8975.700778	8759.301102	8937.652441	9066.065651	8956.676607	9063.687627	9104.114049	9208.747237	9368.075309	9211.125266	9515.513509		
		12716.416232	9957.829739	13353.758359	10549.966583	11339.489191	10944.726913	10911.433798	10540.45431	10488.136828	10461.9781	10844.84761	11349.001559		
		9177.832872	9011.37111	8925.762339	8718.874854	9096.979973	9058.931578	9272.954034	9099.357998	9020.883202	9242.039644	9406.123851	9498.867247		
		
37:00	24.90	9432.282234	9684.354362	8611.864295	9379.965476	9151.674572	9539.293889	9827.037051	9313.380562	9976.854148	10067.220151	10357.343273	10033.927401		
		8980.456821	8863.933839	8661.802538	8621.376339	8771.191179	8809.239437	8999.480998	8828.263572	9237.283585	9215.881323	9693.866533	9398.989748		
		9004.237043	8799.72737	8726.008896	8704.606771	8659.424526	8932.8964	9184.966955	8806.86142	9284.844187	9232.527526	9418.014024	9551.184082		
		8930.51838	9158.808653	8797.349354	8528.63396	8759.301102	8949.542544	8994.724953	8837.775642	9161.18668	9439.41634	9394.23368	9351.429078		
		9453.684553	8863.933839	9092.223923	9177.832872	9513.135471	9377.587443	9358.563177	9387.099578	9610.635073	9620.147235	9603.500951	9691.48849		
		9161.18668	8882.957988	8699.850744	8823.507538	8842.531677	8999.480998	9094.601948	8868.689876	9377.587443	9365.697276	9337.160882	9774.720035		
		12060.054273	9651.061771	12545.190854	10110.025136	10485.758762	10488.136828	10913.811877	10119.537358	10152.830143	10390.636158	10442.953576	11111.192697		
		8735.520953	8783.081257	8940.030461	8723.630882	8794.971338	9054.17553	8963.810671	8954.298586	9349.051045	9427.526164	9486.977062	9701.000663		
		
38:00	24.90	9137.406412	9601.122911	9037.529364	9434.660269	9482.220989	9567.830355	9686.732405	9520.269585	9869.841907	10093.37875	10064.842097	9786.610263		
		8813.99547	8866.311857	8871.067894	9016.127156	9149.296545	9051.797506	9089.845898	9120.760229	9313.380562	9389.477612	9624.903317	9570.208394		
		8978.078799	8966.188692	9049.419482	8901.982141	9244.417673	9272.954034	8980.456821	9108.8701	9265.819943	9337.160882	9444.172411	9263.441913		
		8916.250259	8978.078799	8982.834843	8947.164523	9104.114049	9146.918519	9313.380562	8852.043748	9123.138255	9560.696238	9384.721544	9218.259352		
		9116.004177	9334.78285	9458.440625	9506.001359	9701.000663	9401.367782	9344.29498	9092.223923	9482.220989	9574.964473	9781.854172	9265.819943		
		8961.432649	9047.041459	8980.456821	8994.724953	9234.905556	9101.736024	9306.246467	8961.432649	9116.004177	9506.001359	9422.770094	9472.708842		
		11826.99951	9746.183496	11760.41256	10404.904541	10771.127251	10549.966583	10683.138525	10081.488477	10098.13486	10048.195721	10633.199021	10752.102653		
		8966.188692	8928.140359	9006.615065	9047.041459	9213.503294	8994.724953	8956.676607	9196.857095	9096.979973	9111.248126	9372.831376	9346.673012		
		
39:00	25.00	9358.563177	9460.818661	9023.261225	9280.088126	9432.282234	9601.122911	9615.391154	9370.453342	9758.073719	10164.720427	9717.646967	9760.451764		
		8968.566713	9096.979973	8821.129521	8961.432649	8978.078799	9118.382203	9127.894307	8935.27442	8992.346931	9253.929792	9584.476631	9563.074277		
		8975.700778	9144.540492	8714.118826	8973.322756	8735.520953	8992.346931	8947.164523	8882.957988	8980.456821	9379.965476	9615.391154	9287.222218		
		8987.590887	8968.566713	8882.957988	8842.531677	8768.813163	9165.942735	8940.030461	8975.700778	9113.626151	9237.283585	9289.600249	9551.184082		
		9099.357998	9020.883202	9322.892689	9346.673012	9610.635073	9458.440625	9035.151341	9135.028386	9268.197973	9653.439813	9810.390724	9541.671928		
		8985.212865	8797.349354	8761.679117	8816.373487	8775.94721	8980.456821	9016.127156	9023.261225	9063.687627	9494.111173	9413.257954	9506.001359		
		11349.001559	9475.086879	11434.612922	10024.415189	10488.136828	10278.867243	10014.902979	10060.085989	9976.854148	10033.927401	10000.634665	10459.600034		
		9042.285411	8925.762339	8852.043748	8859.177803	8709.362798	8913.872239	8837.775642	9106.492074	9082.711823	9422.770094	9287.222218	9220.637381		
		
40:00	25.00	9203.99118	9781.854172	9063.687627	9303.868436	9363.319243	9322.892689	9408.501885	9308.624499	9520.269585	9810.390724	9950.695587	9684.354362		
		8894.848083	9082.711823	9116.004177	8928.140359	8875.823932	8909.1162	8797.349354	9116.004177	9063.687627	9318.136626	9555.94016	9508.379396		
		9168.320762	9137.406412	8987.590887	9135.028386	9042.285411	9111.248126	9004.237043	9092.223923	9168.320762	9025.639248	9358.563177	9470.330806		
		8985.212865	9234.905556	9189.723011	9108.8701	8704.606771	9101.736024	8718.874854	9070.8217	8890.092045	9244.417673	9215.881323	9570.208394		
		9232.527526	9135.028386	9527.403698	9375.209409	9441.794375	9230.149497	9142.162465	9394.23368	9465.574733	9558.318199	9593.988791	9715.268923		
		8989.968909	8942.408482	9011.37111	9092.223923	8863.933839	9056.553554	8901.982141	9125.516281	9127.894307	9192.101039	9311.00253	9584.476631		
		10799.664156	9646.305688	11158.754412	10005.390769	10217.037698	9850.817523	10005.390769	9931.671184	9729.537186	9651.061771	9986.366354	10190.879058		
		9047.041459	9049.419482	8837.775642	8985.212865	8794.971338	9047.041459	8780.703242	8944.786503	9337.160882	9249.173733	9708.134792	9306.246467		
		
41:00	25.00	8980.456821	9634.415481	8878.20195	9536.915851	9475.086879	9225.393439	9391.855646	9251.551763	9168.320762	9382.34351	9427.526164	9510.757434		
		8749.789042	8768.813163	8970.944735	8792.593322	8982.834843	8930.51838	9063.687627	8683.204652	8711.740812	8928.140359	8928.140359	9230.149497		
		8785.459273	9054.17553	8909.1162	8835.397624	9008.993088	8921.006299	8854.421766	8671.314588	8921.006299	8992.346931	9018.505179	9284.844187		
		8894.848083	9113.626151	9151.674572	8856.799785	9192.101039	9030.395294	8863.933839	8828.263572	9085.089848	9094.601948	8959.054628	9311.00253		
		9013.749133	9165.942735	8890.092045	9320.514657	9263.441913	9284.844187	9023.261225	8956.676607	8918.628279	9415.635989	9289.600249	9280.088126		
		8830.64159	9168.320762	8756.923087	8859.177803	8775.94721	9237.283585	8918.628279	9018.505179	8916.250259	8916.250259	9282.466156	9458.440625		
		10787.773778	9439.41634	10659.357805	9960.20779	9953.073637	9903.134589	9981.61025	9303.868436	9299.112373	9472.708842	10050.573774	9991.122457		
		8899.604122	9320.514657	8868.689876	8861.555821	8956.676607	9101.736024	8897.226102	8709.362798	9061.309602	8956.676607	9251.551763	9044.663435		
		
42:00	24.90	9006.615065	9284.844187	9201.613152	9387.099578	8968.566713	9277.710095	9308.624499	8728.38691	9301.490405	9591.610751	9239.661614	9372.831376		
		8809.239437	8973.322756	9237.283585	9080.333798	9030.395294	9180.2109	8968.566713	8424.001661	8835.397624	9199.235123	9044.663435	9054.17553		
		9006.615065	8833.019607	8930.51838	9061.309602	8868.689876	9082.711823	8657.046513	8642.778442	8690.338691	9123.138255	9063.687627	9123.138255		
		8837.775642	8652.290489	8906.73818	9070.8217	8766.435148	8837.775642	8628.510373	8566.682102	8885.336007	9306.246467	9139.784439	8911.49422		
		9346.673012	8937.652441	9308.624499	9496.48921	9170.698789	8963.810671	9042.285411	8740.276983	8809.239437	9334.78285	9099.357998	8989.968909		
		8885.336007	8859.177803	9315.758594	9087.467873	8794.971338	8657.046513	8878.20195	8745.033012	8911.49422	9113.626151	9035.151341	8887.714026		
		10221.793815	9225.393439	10652.22359	9534.537813	9460.818661	9613.013113	9418.014024	9213.503294	9365.697276	9534.537813	9755.695675	9382.34351		
		8759.301102	8842.531677	9099.357998	9294.356311	8997.102975	8745.033012	8785.459273	8811.617453	9080.333798	8871.067894	9265.819943	9056.553554		
		
43:00	24.90	8687.960678	9030.395294	8737.898968	8949.542544	8906.73818	8975.700778	9175.454844	9051.797506	8937.652441	9391.855646	9648.68373	9413.257954		
		8462.049754	8538.145994	8640.40043	8718.874854	8642.778442	8747.411027	8718.874854	8595.218221	8856.799785	9192.101039	9320.514657	9284.844187		
		8207.603477	8433.513682	8794.971338	8649.912477	8661.802538	8935.27442	8806.86142	8500.097865	8752.167057	9223.01541	9073.199724	9246.795703		
		8497.719857	8745.033012	8894.848083	8680.826639	8626.132361	8921.006299	8975.700778	8626.132361	8711.740812	9175.454844	9213.503294	9230.149497		
		8516.743919	8759.301102	8657.046513	9099.357998	8721.252868	9061.309602	9211.125266	9137.406412	9044.663435	9306.246467	9356.185144	9344.29498		
		8397.843607	8849.665731	8768.813163	8673.6926	8668.936575	8818.751504	8859.177803	8802.105387	8949.542544	9068.443675	9218.259352	9451.306518		
		9953.073637	9023.261225	10031.549348	9427.526164	9565.452316	9491.733136	9470.330806	9251.551763	9054.17553	9786.610263	9803.256585	9617.769194		
		8540.524002	8471.56178	8856.799785	8566.682102	8726.008896	8913.872239	8849.665731	9094.601948	8792.593322	9116.004177	9401.367782	9396.611714		
		
44:00	24.90	9063.687627	9149.296545	8875.823932	9510.757434	9358.563177	9275.332064	9413.257954	9391.855646	9651.061771	9553.562121	9632.03744	9379.965476		
		9118.382203	9004.237043	9070.8217	9135.028386	8973.322756	9085.089848	9313.380562	9013.749133	9451.306518	9158.808653	9413.257954	9346.673012		
		8930.51838	8961.432649	9006.615065	9016.127156	8949.542544	9054.17553	9275.332064	9058.931578	9544.049966	9208.747237	9491.733136	9246.795703		
		9132.650359	9104.114049	9104.114049	9023.261225	9016.127156	8930.51838	9299.112373	9075.577749	9389.477612	9308.624499	9486.977062	9215.881323		
		9056.553554	8975.700778	9173.076817	9135.028386	9277.710095	9261.063883	9406.123851	9139.784439	9358.563177	9677.220234	9139.784439	9427.526164		
		8973.322756	9066.065651	9080.333798	8909.1162	9201.613152	9246.795703	9184.966955	9070.8217	9351.429078	9513.135471	9132.650359	9301.490405		
		9905.512638	9325.270721	10019.659084	9698.622619	9843.683381	9584.476631	9741.427407	9368.075309	9534.537813	9639.171564	9724.781098	9736.671318		
		8790.215305	9039.907388	8730.764925	9018.505179	9234.905556	9035.151341	9113.626151	9213.503294	9066.065651	9173.076817	9206.369209	9593.988791		
		
45:00	25.00	9608.257032	9570.208394	9177.832872	9605.878992	9803.256585	9819.90291	9905.512638	10152.830143	10045.817667	9995.878561	9979.232199	9915.024835		
		9636.793522	9099.357998	9268.197973	9146.918519	9432.282234	9410.87992	9643.927646	9808.012677	9919.780935	9843.683381	9425.148128	9603.500951		
		9486.977062	9258.685852	9322.892689	9037.529364	9463.196697	9465.574733	9660.573939	9912.646786	9750.939585	9815.146817	9560.696238	9660.573939		
		9563.074277	9028.017271	9016.127156	9120.760229	9496.48921	9470.330806	9672.464149	10052.951828	9929.293134	9767.585899	9539.293889	9701.000663		
		9491.733136	9456.062589	9515.513509	9567.830355	9891.244344	9703.378706	9693.866533	10033.927401	9677.220234	9670.086107	9739.049363	9758.073719		
		9408.501885	9479.842952	9289.600249	9203.99118	9620.147235	9434.660269	9658.195897	9810.390724	9841.305334	9741.427407	9879.3541	9731.91523		
		10252.708583	9391.855646	10236.062168	9829.415098	9969.719994	10269.355002	10316.916218	10193.257116	10159.964313	10228.927991	9938.805334	10112.403191		
		9208.747237	9275.332064	9341.916947	9560.696238	9439.41634	9677.220234	9796.122447	9831.793145	9715.268923	9841.305334	9741.427407	9955.451688		
		
46:00	25.00	9337.160882	9415.635989	9341.916947	9406.123851	9311.00253	9451.306518	9439.41634	9705.756749	10071.976259	10043.439614	9743.805451	9893.622392		
		9337.160882	9379.965476	9287.222218	9199.235123	9308.624499	9306.246467	9503.623322	9660.573939	9506.001359	9356.185144	9731.91523	9953.073637		
		9108.8701	9275.332064	9232.527526	9208.747237	9477.464915	9401.367782	9420.392059	9601.122911	9648.68373	9534.537813	9701.000663	9860.329715		
		9085.089848	9242.039644	9368.075309	9063.687627	9225.393439	9387.099578	9448.928482	9444.172411	9555.94016	9565.452316	9558.318199	9746.183496		
		9213.503294	9408.501885	9387.099578	9394.23368	9617.769194	9299.112373	9819.90291	9689.110448	9648.68373	9929.293134	9786.610263	9962.585841		
		9149.296545	9256.307822	9337.160882	9125.516281	9189.723011	9025.639248	9553.562121	9510.757434	9391.855646	9722.403054	9667.708065	9950.695587		
		10052.951828	9582.098592	10276.489183	9891.244344	9548.806043	9617.769194	9926.915084	9805.634631	9639.171564	9884.110197	10129.049581	9931.671184		
		9154.052599	9277.710095	9073.199724	9360.94121	8956.676607	9318.136626	9491.733136	9406.123851	9610.635073	9810.390724	9710.512836	9627.281358		
		
47:00	25.00	9092.223923	9234.905556	9127.894307	9363.319243	9173.076817	9651.061771	9567.830355	9223.01541	9522.647622	9686.732405	9808.012677	9582.098592		
		8975.700778	8821.129521	8911.49422	9268.197973	9244.417673	9446.550446	9363.319243	8951.920565	9242.039644	9444.172411	9624.903317	9261.063883		
		9044.663435	9001.85902	8875.823932	9353.807111	9158.808653	9584.476631	9534.537813	8970.944735	9520.269585	9301.490405	9496.48921	9574.964473		
		9139.784439	9018.505179	9058.931578	9246.795703	9142.162465	9058.931578	9434.660269	9170.698789	9351.429078	9375.209409	9377.587443	9667.708065		
		9077.955773	9135.028386	9253.929792	9320.514657	9586.854671	9429.904199	9127.894307	8980.456821	9544.049966	9558.318199	9353.807111	9529.781736		
		9239.661614	8980.456821	9008.993088	9201.613152	9080.333798	9344.29498	9068.443675	9184.966955	9368.075309	9365.697276	9311.00253	9551.184082		
		9705.756749	9175.454844	9746.183496	9881.732149	9841.305334	9736.671318	9529.781736	9261.063883	9724.781098	9639.171564	9717.646967	9753.31763		
		9096.979973	9089.845898	9206.369209	9230.149497	9584.476631	9168.320762	9094.601948	9301.490405	9456.062589	9315.758594	9265.819943	9282.466156		
		
48:00	25.00	9189.723011	9142.162465	8797.349354	8935.27442	9363.319243	9049.419482	9308.624499	9173.076817	9177.832872	9149.296545	9470.330806	9432.282234		
		8901.982141	8733.142939	8878.20195	9066.065651	9199.235123	8997.102975	8830.64159	9123.138255	8809.239437	9123.138255	9199.235123	9127.894307		
		8885.336007	8735.520953	8837.775642	9025.639248	9223.01541	8882.957988	9020.883202	9101.736024	8904.360161	9058.931578	9082.711823	9016.127156		
		8792.593322	8859.177803	8799.72737	9020.883202	8918.628279	9054.17553	9123.138255	9073.199724	8768.813163	9051.797506	9116.004177	9201.613152		
		9170.698789	8956.676607	9082.711823	9263.441913	9192.101039	9120.760229	9139.784439	9401.367782	9092.223923	9275.332064	9337.160882	9092.223923		
		8759.301102	8761.679117	8538.145994	8932.8964	8766.435148	8901.982141	8911.49422	8937.652441	8837.775642	9146.918519	9116.004177	9232.527526		
		9446.550446	9120.760229	9353.807111	9413.257954	9353.807111	9382.34351	9413.257954	9165.942735	8961.432649	9529.781736	9387.099578	9563.074277		
		8861.555821	8897.226102	8935.27442	9232.527526	8925.762339	9073.199724	9035.151341	8947.164523	8963.810671	9146.918519	9144.540492	9184.966955		
		
49:00	25.00	8861.555821	8835.397624	8764.057132	9030.395294	8704.606771	8973.322756	9094.601948	9039.907388	9299.112373	9294.356311	9503.623322	9598.744871		
		8935.27442	8787.837289	8999.480998	8894.848083	8542.902011	8761.679117	8918.628279	9113.626151	9051.797506	9256.307822	9180.2109	9299.112373		
		8871.067894	8645.156454	8830.64159	8901.982141	8849.665731	8823.507538	8823.507538	9294.356311	9123.138255	9306.246467	9187.344983	9360.94121		
		8718.874854	8490.585835	9058.931578	8830.64159	8726.008896	8742.654997	9120.760229	9349.051045	9070.8217	8954.298586	9125.516281	9168.320762		
		8787.837289	8654.668501	9242.039644	9018.505179	8916.250259	9070.8217	9125.516281	9325.270721	9218.259352	9175.454844	9427.526164	9465.574733		
		8668.936575	8695.094717	8847.287713	8775.94721	8745.033012	8764.057132	9025.639248	8947.164523	9080.333798	9051.797506	9332.404818	9398.989748		
		9118.382203	8992.346931	9332.404818	8937.652441	9251.551763	9258.685852	9448.928482	9437.038304	9234.905556	9434.660269	9280.088126	9722.403054		
		8611.864295	8792.593322	8811.617453	8794.971338	8835.397624	8911.49422	9006.615065	9296.734342	9032.773317	9149.296545	9142.162465	9301.490405		
		
~End
Original Filename: fe_last_peps_10-15-19-174413_cpa_fepa_cpa20_fepa20_c5006_fe5006_c5013_fe5013.pda   Date Last Saved: 10/16/2019
