##BLOCKS= 1          
Plate:	Plate#1	1.3	PlateFormat	Kinetic	Luminescence	Raw	FALSE	50	3000	60				1	450	1	12	96	405	Automatic	435			6	Automatic			1	8	None	
Time(hh:mm:ss)	Temperature(¡C)	1	2	3	4	5	6	7	8	9	10	11	12		
0:00	23.70	5394.480333	5054.43918	4676.353161	4588.371136	4388.628519	4835.672209	4557.458555	4469.476661	4633.551082	4547.946994	4605.016376	4493.255542		
		5346.922043	4880.852295	4683.486843	4581.237462	4574.103789	4588.371136	4426.674693	4452.831449	4571.725898	4469.476661	4531.301766	4616.905836		
		5140.04381	4709.643682	4664.463692	4514.65654	4419.541034	4578.859571	4457.587223	4581.237462	4614.527944	4612.150052	4574.103789	4405.273718		
		4916.520802	4519.412319	4631.17319	4557.458555	4555.080665	4583.615353	4498.011319	4355.338131	4524.168097	4607.394268	4450.453561	4319.669874		
		5230.404351	4600.260593	4583.615353	4450.453561	4583.615353	4450.453561	4471.854549	4476.610324	4569.348008	4605.016376	4459.965111	4452.831449		
		4885.608095	4666.841586	4543.191214	4452.831449	4469.476661	4412.407376	4469.476661	4436.18624	4626.417405	4528.923876	4595.50481	4362.471785		
		4219.798839	4236.444003	4371.983323	4433.808353	4509.900762	4319.669874	4457.587223	4414.785262	4576.48168	4486.121877	4386.250634	4379.116978		
		4336.315059	4184.130642	4429.05258	4245.955527	4486.121877	4398.140061	4576.48168	4476.610324	4557.458555	4550.324884	4395.762175	4276.867987		
		
1:00	23.60	3789.403661	4198.397919	4184.130642	3960.610305	4219.798839	4096.149158	4155.596096	4127.061561	4105.660666	4155.596096	4355.338131	4393.38429		
		3974.877542	3998.656276	4060.481017	4136.573071	4174.619126	4215.043078	4134.195194	4079.504024	4084.259776	4148.462462	4293.513162	4395.762175		
		4005.789897	4072.370396	4086.637652	4112.794297	4155.596096	4219.798839	4122.305806	4060.481017	3948.720943	4300.64681	4495.63343	4474.232436		
		3948.720943	4260.222814	3962.988178	4184.130642	4103.282789	4053.34739	4048.59164	4062.858893	3989.144781	4148.462462	4053.34739	4457.587223		
		3929.697967	4136.573071	4112.794297	3939.209454	4248.333408	4264.978578	4203.153679	3934.453711	4124.683683	4212.665198	4509.900762	4329.181408		
		4153.218218	4167.485489	3984.389035	3886.896288	4219.798839	4062.858893	4060.481017	3953.476688	4119.927928	4255.467052	4488.499765	4264.978578		
		4127.061561	4143.706705	4065.236768	4041.458015	4046.213765	4086.637652	4383.872748	3810.804471	3927.320096	4241.199765	4381.494863	4348.204479		
		3979.633288	3974.877542	3986.766908	4226.93248	4074.748272	4043.83589	4024.812891	4079.504024	4001.03415	4314.914108	4469.476661	4231.688241		
		
2:00	23.70	3970.121796	4196.020039	4062.858893	4341.070827	4231.688241	4243.577646	4245.955527	4481.3661	4236.444003	4899.875497	4438.564126	4840.428006		
		4084.259776	4127.061561	4110.41642	4203.153679	4105.660666	4100.904912	4333.937175	4250.711289	4198.397919	4509.900762	4405.273718	4381.494863		
		4072.370396	4110.41642	4110.41642	4640.68476	4255.467052	4105.660666	4681.108948	4234.066122	4348.204479	4276.867987	4631.17319	4488.499765		
		4074.748272	4096.149158	4217.420959	4134.195194	4122.305806	4079.504024	4086.637652	4234.066122	4341.070827	4243.577646	4483.743989	4386.250634		
		4134.195194	4136.573071	4115.172174	4089.015529	4212.665198	4041.458015	4369.605439	4205.531558	4440.942013	4312.536225	4426.674693	4464.720886		
		4153.218218	4062.858893	4065.236768	4062.858893	4150.84034	3991.522655	4267.356459	4236.444003	4193.64216	4438.564126	4374.361208	4521.790208		
		4112.794297	4129.439438	4117.550051	4091.393405	4103.282789	4155.596096	4124.683683	4072.370396	4176.997005	4324.425641	4412.407376	4631.17319		
		3929.697967	4188.886401	4215.043078	4255.467052	4065.236768	3965.36605	4084.259776	4074.748272	4314.914108	4329.181408	4436.18624	4457.587223		
		
3:00	23.70	4540.813324	6578.690872	4367.227554	6112.61395	6378.943287	9049.419482	4909.3871	7910.354178	6493.084703	9960.20779	9429.904199	10305.025911		
		4124.683683	3962.988178	4119.927928	4295.891045	4369.605439	4298.268928	4224.5546	4471.854549	4483.743989	4438.564126	4486.121877	4436.18624		
		4245.955527	5011.636899	4319.669874	11505.955795	6210.109408	4840.428006	9470.330806	5522.887858	5082.974046	5325.520822	8371.685563	7734.383113		
		4115.172174	4048.59164	4084.259776	4086.637652	4238.821884	4376.739093	4276.867987	4274.490105	4405.273718	4329.181408	4210.287318	4436.18624		
		4138.950949	4086.637652	3982.011161	4238.821884	4336.315059	4167.485489	4348.204479	4253.08917	4452.831449	4405.273718	4307.780459	4331.559292		
		3982.011161	4022.435017	4115.172174	4234.066122	4124.683683	4222.176719	4312.536225	4459.965111	4333.937175	4383.872748	4364.849669	4243.577646		
		4005.789897	4008.167771	4157.973975	4172.241247	4305.402576	4081.8819	4198.397919	4414.785262	4364.849669	4391.006404	4241.199765	4345.826595		
		3903.541383	4134.195194	4081.8819	4174.619126	4131.817316	4184.130642	4376.739093	4312.536225	4293.513162	4450.453561	4381.494863	4445.697787		
		
4:00	23.70	6757.037351	12005.357686	6207.731469	13605.842839	14136.174103	26636.838068	7123.243367	15586.873992	15094.584361	19349.303457	24034.750521	24522.338181		
		4248.333408	4219.798839	4229.310361	4281.623751	4210.287318	4269.734341	4260.222814	4112.794297	4459.965111	4307.780459	4288.757398	4376.739093		
		5793.971086	9746.183496	5037.793846	22605.303329	12618.912847	9296.734342	18711.913581	9161.18668	7073.306084	8207.603477	17665.463599	15135.01383		
		4333.937175	4200.775799	4364.849669	4333.937175	4272.112223	4457.587223	4250.711289	4269.734341	4329.181408	4243.577646	4431.430466	4243.577646		
		4303.024693	4295.891045	4393.38429	4298.268928	4262.600696	4355.338131	4212.665198	4267.356459	4303.024693	4281.623751	4376.739093	4248.333408		
		4238.821884	4300.64681	4274.490105	4374.361208	4224.5546	4141.328827	4457.587223	4129.439438	4260.222814	4319.669874	4279.245869	4371.983323		
		4124.683683	4143.706705	4248.333408	4312.536225	4345.826595	4257.844933	4146.084583	4386.250634	4157.973975	4386.250634	4293.513162	4329.181408		
		4276.867987	4198.397919	4367.227554	4260.222814	4324.425641	4138.950949	4355.338131	4176.997005	4146.084583	4205.531558	4355.338131	4362.471785		
		
5:00	23.70	10659.357805	16252.777828	7793.832754	20533.720514	25086.040789	40083.890884	11068.387176	25723.481432	23661.331736	29303.233087	35721.022588	36548.854998		
		4293.513162	4224.5546	4348.204479	4031.946515	4205.531558	4110.41642	4124.683683	4298.268928	4371.983323	4357.716016	4450.453561	4331.559292		
		7879.440314	14217.032094	6136.393319	28756.15104	18930.718489	15603.52152	29127.214977	15203.981795	11051.740591	13372.783575	28256.644612	21603.991966		
		4157.973975	4212.665198	4141.328827	4067.614644	4155.596096	4267.356459	4153.218218	4188.886401	4405.273718	4336.315059	4474.232436	4436.18624		
		4131.817316	4138.950949	4229.310361	4238.821884	4091.393405	4103.282789	4291.13528	4281.623751	4181.752763	4405.273718	4526.545987	4559.836446		
		4217.420959	4031.946515	4143.706705	4217.420959	4150.84034	4281.623751	4371.983323	4338.692943	4433.808353	4509.900762	4624.039512	4517.03443		
		4205.531558	4093.771282	4191.26428	4286.379515	4091.393405	4174.619126	4329.181408	4231.688241	4243.577646	4341.070827	4559.836446	4507.522874		
		4255.467052	4279.245869	4167.485489	4234.066122	4188.886401	4248.333408	4241.199765	4364.849669	4381.494863	4210.287318	4664.463692	4464.720886		
		
6:00	23.70	14014.887271	19418.275054	9936.427284	25109.825796	35292.83677	46407.379481	14797.30948	32642.893278	28192.422583	35799.52357	40830.883455	44796.721914		
		4089.015529	4310.158342	4341.070827	4257.844933	4424.296807	4269.734341	4319.669874	4267.356459	4212.665198	4471.854549	4531.301766	4526.545987		
		9541.671928	18010.314922	6711.856205	33361.271445	22821.740448	23673.224027	37426.652164	21725.2903	16909.174176	18947.366713	36303.834743	26727.222885		
		4236.444003	4174.619126	4322.047758	4331.559292	4153.218218	4181.752763	4284.001633	4307.780459	4310.158342	4405.273718	4650.196332	4417.163148		
		4181.752763	4241.199765	4264.978578	4269.734341	4376.739093	4407.651604	4167.485489	4407.651604	4307.780459	4417.163148	4540.813324	4605.016376		
		4096.149158	4338.692943	4300.64681	4276.867987	4474.232436	4379.116978	4300.64681	4253.08917	4517.03443	4498.011319	4581.237462	4588.371136		
		4096.149158	4317.291991	4286.379515	4143.706705	4276.867987	4322.047758	4360.0939	4536.057545	4379.116978	4581.237462	4652.574225	4631.17319		
		4276.867987	4193.64216	4224.5546	4212.665198	4269.734341	4312.536225	4136.573071	4395.762175	4264.978578	4481.3661	4381.494863	4697.754208		
		
7:00	23.80	17553.684524	20938.043602	12064.8105	28106.793291	42512.831739	49219.565364	17803.40395	36858.104934	32233.753627	40669.113772	44025.901695	49516.968125		
		4498.011319	4376.739093	4581.237462	4626.417405	4324.425641	4486.121877	4666.841586	4574.103789	4317.291991	4395.762175	4376.739093	4712.021577		
		10640.333234	20331.559735	7855.660427	36418.018846	26515.532289	29636.241381	44323.285159	28396.981817	22686.169876	24764.94388	41349.500232	30873.141461		
		4410.02949	4155.596096	4452.831449	4429.05258	4312.536225	4364.849669	4566.970117	4424.296807	4464.720886	4395.762175	4595.50481	4555.080665		
		4331.559292	4236.444003	4505.144985	4329.181408	4524.168097	4352.960247	4624.039512	4507.522874	4343.448711	4538.435435	4562.214336	4735.80053		
		4303.024693	4433.808353	4464.720886	4355.338131	4348.204479	4450.453561	4721.533157	4376.739093	4360.0939	4312.536225	4645.440546	4780.980559		
		4341.070827	4343.448711	4450.453561	4362.471785	4241.199765	4486.121877	4564.592226	4386.250634	4455.209336	4448.075674	4552.702775	4552.702775		
		4314.914108	4355.338131	4488.499765	4393.38429	4336.315059	4524.168097	4650.196332	4478.988212	4569.348008	4443.3199	4519.412319	4597.882701		
		
8:00	23.70	20488.531589	22945.419065	13272.901241	29457.843908	47092.573029	50504.353215	19670.378638	39379.725927	33765.659342	43830.818742	45277.298771	50080.846793		
		4402.895832	4600.260593	4738.178425	4524.168097	4593.126918	4593.126918	4600.260593	4745.312113	4847.561703	4990.235768	4873.718596	4802.381635		
		12000.601463	21361.395849	8307.479489	36130.180065	28641.977867	34117.716352	47109.227112	33311.317787	26372.819844	30361.728533	44266.187448	33094.852299		
		4723.911052	4735.80053	4638.306868	4507.522874	4771.468972	4645.440546	4678.731054	4750.067905	4733.422634	4826.160615	4975.96835	4868.962796		
		4514.65654	4790.492148	4702.509997	4607.394268	4547.946994	4619.283728	4721.533157	4507.522874	4795.247943	4868.962796	4887.985995	4866.584897		
		4657.330012	4635.928975	4735.80053	4602.638484	4738.178425	4590.749027	4783.358456	4528.923876	4759.579489	4745.312113	4887.985995	4959.323032		
		4524.168097	4728.666843	4564.592226	4669.219479	4666.841586	4616.905836	4547.946994	4643.062653	4666.841586	4716.777367	4766.713179	4838.050107		
		4498.011319	4697.754208	4643.062653	4795.247943	4562.214336	4671.597373	4714.399472	4666.841586	4909.3871	4792.870045	4797.62584	4797.62584		
		
9:00	23.80	22512.544742	23542.408921	14217.032094	30111.969918	48736.585635	51180.06473	20899.989577	40873.704897	34779.016813	46485.890945	47047.369108	47404.242869		
		4588.371136	4773.846869	4778.602663	4904.631298	4747.690009	4678.731054	4745.312113	4619.283728	4840.428006	4985.479961	4899.875497	4835.672209		
		12129.019588	22719.46789	8987.590887	35081.123518	29971.629706	35428.428698	47661.192962	35433.186314	30342.699277	34372.245019	46102.850898	33820.370803		
		4614.527944	4716.777367	4797.62584	4887.985995	4692.998419	4662.085799	4700.132103	4585.993244	4738.178425	4966.456739	4899.875497	4738.178425		
		4602.638484	4547.946994	4597.882701	4659.707905	4723.911052	4716.777367	4652.574225	4588.371136	4662.085799	5094.863577	4930.78821	4966.456739		
		4607.394268	4588.371136	4650.196332	4742.934217	4621.66162	4673.975267	4536.057545	4590.749027	4816.649022	4937.921914	4921.276605	4802.381635		
		4426.674693	4692.998419	4673.975267	4973.590447	4733.422634	4662.085799	4638.306868	4654.952119	4845.183804	4826.160615	5054.43918	4840.428006		
		4507.522874	4764.335282	4816.649022	4788.114251	4728.666843	4728.666843	4621.66162	4683.486843	4804.759533	4895.119696	4992.613671	4921.276605		
		
10:00	23.80	22847.903216	24063.292155	14861.52076	29274.689583	47761.118221	50854.10459	22286.59479	41240.067055	35487.898914	47925.281417	46233.702882	43452.549494		
		4457.587223	4688.242631	4500.389207	4369.605439	4559.836446	4612.150052	4652.574225	4792.870045	4809.515328	4847.561703	4797.62584	5063.950801		
		12816.297872	22767.036505	9353.807111	33040.141335	30518.720061	37250.616188	46381.209011	36353.790268	31950.687302	35628.2488	45377.221054	34360.351138		
		4545.569104	4488.499765	4588.371136	4600.260593	4545.569104	4849.939602	4769.091075	4712.021577	4733.422634	4792.870045	4807.137431	5082.974046		
		4800.003738	4521.790208	4545.569104	4386.250634	4524.168097	4792.870045	4861.829098	4652.574225	4621.66162	5104.375203	5094.863577	5047.305465		
		4747.690009	4788.114251	4540.813324	4597.882701	4585.993244	4811.893226	4759.579489	4578.859571	4726.288948	4685.864737	4933.166111	5047.305465		
		4531.301766	4726.288948	4476.610324	4645.440546	4526.545987	4726.288948	4766.713179	4612.150052	4650.196332	4897.497597	4964.078837	4997.369478		
		4671.597373	4585.993244	4457.587223	4526.545987	4616.905836	4716.777367	4916.520802	4588.371136	4593.126918	4790.492148	5073.462423	5033.038037		
		
11:00	23.80	23754.091653	24948.087885	15624.92549	28401.739015	46393.104678	49502.692767	22305.62213	42091.746603	35611.597106	48087.065766	46807.075005	39070.466248		
		4740.556321	4764.335282	4864.206997	4745.312113	4802.381635	4842.805905	4712.021577	4785.736354	4662.085799	4911.765	4878.474395	4928.410308		
		13665.296842	23459.163057	9736.671318	31287.031525	30290.368849	37621.719509	44699.179439	36558.370363	32497.791185	36651.145229	44649.218705	33587.252665		
		4647.818439	4918.898703	4821.404818	4902.253398	4716.777367	4795.247943	4816.649022	4738.178425	4654.952119	4780.980559	4757.201593	4847.561703		
		4876.096495	4876.096495	4526.545987	4942.677718	4778.602663	4605.016376	4807.137431	4690.620525	4681.108948	4814.271124	4892.741796	4930.78821		
		4842.805905	4731.044738	4807.137431	4852.317501	4802.381635	4740.556321	4764.335282	4616.905836	4712.021577	4742.934217	4885.608095	5009.258996		
		4826.160615	4692.998419	4876.096495	4956.94513	4769.091075	4421.91892	4650.196332	4702.509997	4766.713179	5033.038037	4814.271124	4833.29431		
		4683.486843	4761.957386	4842.805905	4849.939602	4880.852295	4697.754208	4647.818439	4597.882701	4690.620525	4697.754208	4945.05562	4928.410308		
		
12:00	23.80	25064.634288	26337.141773	15836.587281	28427.903607	43828.439684	49112.500641	22740.873763	41668.284689	35718.643772	49455.10826	44644.460542	34926.501833		
		4742.934217	4804.759533	4633.551082	4845.183804	4714.399472	4635.928975	4640.68476	4759.579489	4726.288948	4928.410308	4930.78821	5168.578707		
		13436.993713	23171.370877	10438.197446	28677.656966	29510.173792	36472.73212	40816.609647	36575.022254	33691.917867	37307.708895	43419.242853	32041.078121		
		4809.515328	4761.957386	4697.754208	4700.132103	4719.155262	4769.091075	4761.957386	4845.183804	4692.998419	4890.363896	5025.904324	5161.444981		
		4769.091075	4769.091075	4509.900762	4652.574225	4819.02692	4778.602663	4761.957386	4907.009199	5049.68337	4814.271124	4956.94513	5037.793846		
		4671.597373	4880.852295	4804.759533	4804.759533	4771.468972	4621.66162	4752.445801	4809.515328	4785.736354	4764.335282	4914.142901	4937.921914		
		4654.952119	4868.962796	4669.219479	4723.911052	4635.928975	4664.463692	4847.561703	4819.02692	4978.346253	4702.509997	4978.346253	4983.102058		
		4742.934217	4759.579489	4692.998419	4771.468972	4671.597373	4612.150052	4500.389207	4652.574225	4778.602663	4887.985995	4907.009199	4819.02692		
		
13:00	23.90	24020.479707	25359.568801	16121.974852	26565.481705	40331.301664	47768.255744	22743.252194	40592.986976	35423.671083	47980.002557	43845.093088	29874.105296		
		4564.592226	4395.762175	4626.417405	4712.021577	4814.271124	4597.882701	4695.376314	4704.887892	4868.962796	4935.544013	4826.160615	4857.073299		
		13261.010495	23302.185376	10792.529929	26375.198383	29222.359853	36353.790268	36058.815238	36365.684445	32340.795775	36208.681448	41496.997361	30830.325369		
		4624.039512	4464.720886	4638.306868	4671.597373	4614.527944	4512.278651	4671.597373	4723.911052	4804.759533	4785.736354	4823.782717	4828.538513		
		4607.394268	4585.993244	4624.039512	4692.998419	4652.574225	4476.610324	4692.998419	4819.02692	4852.317501	4952.189325	4683.486843	4788.114251		
		4681.108948	4433.808353	4643.062653	4797.62584	4673.975267	4593.126918	4854.6954	4714.399472	4847.561703	5066.328706	4945.05562	4897.497597		
		4531.301766	4488.499765	4714.399472	4735.80053	4540.813324	4707.265787	4652.574225	4721.533157	4994.991574	4783.358456	4769.091075	4885.608095		
		4457.587223	4607.394268	4624.039512	4857.073299	4728.666843	4778.602663	4650.196332	4697.754208	4821.404818	4757.201593	4676.353161	4887.985995		
		
14:00	23.90	24068.049096	25578.391884	15624.92549	24917.167439	37143.567474	45546.137578	22231.891213	40110.059296	33073.443657	48567.662378	43640.494368	26415.633551		
		4562.214336	4652.574225	4621.66162	4624.039512	4802.381635	4685.864737	4826.160615	4505.144985	4659.707905	4802.381635	4847.561703	5199.491523		
		12975.633126	23102.396046	10571.369202	23268.88712	27457.44081	34943.153385	32343.174492	34824.213806	31672.379371	34374.623795	39263.158677	28701.443041		
		4576.48168	4564.592226	4531.301766	4410.02949	4659.707905	4631.17319	4507.522874	4614.527944	4738.178425	4821.404818	4873.718596	5125.776365		
		4564.592226	4526.545987	4597.882701	4633.551082	4678.731054	4662.085799	4593.126918	4566.970117	4597.882701	4602.638484	4883.230195	5033.038037		
		4457.587223	4640.68476	4493.255542	4750.067905	4628.795297	4621.66162	4383.872748	4517.03443	4804.759533	4811.893226	4795.247943	5344.544129		
		4478.988212	4566.970117	4476.610324	4671.597373	4785.736354	4731.044738	4526.545987	4443.3199	4709.643682	4885.608095	4883.230195	5296.985869		
		4483.743989	4481.3661	4607.394268	4557.458555	4707.265787	4616.905836	4547.946994	4426.674693	4702.509997	4747.690009	4773.846869	5213.758981		
		
15:00	23.90	23765.983958	26489.368322	16485.84548	24955.223374	34058.247153	43048.112652	23073.854753	39106.149996	34055.868386	47658.81379	41475.58647	23256.994889		
		4971.212544	5004.503188	5016.392707	4952.189325	5125.776365	4947.433521	4940.299816	5101.997296	5140.04381	5261.317192	5199.491523	5363.567441		
		13529.74178	23618.519502	11341.867283	21294.800965	26751.00838	34098.686203	29005.905424	33889.354872	30749.450592	34322.290731	37191.144663	26755.76548		
		4861.829098	5068.706612	5078.218235	5068.706612	5047.305465	4983.102058	4911.765	5073.462423	5230.404351	5375.457014	5128.154272	5289.852132		
		4830.916412	4887.985995	4985.479961	5047.305465	5014.014803	5044.92756	5054.43918	5121.020551	5242.293904	5258.939281	5197.113614	5335.032475		
		4954.567228	5116.264737	5016.392707	4994.991574	5075.840329	4973.590447	5154.311257	4990.235768	5189.979886	5230.404351	5180.46825	5344.544129		
		4838.050107	5063.950801	4940.299816	4980.724155	4961.700934	5052.061275	4887.985995	5123.398458	4956.94513	5304.119606	5199.491523	5268.450926		
		4973.590447	4990.235768	4890.363896	4930.78821	4971.212544	5042.549655	4892.741796	5087.729858	5175.712432	5204.247342	5406.36991	5377.834928		
		
16:00	23.90	23475.812223	25989.876041	16633.296794	23311.699166	30316.534059	41090.191424	22089.186406	37038.897757	33273.257879	45234.474973	41109.223234	19981.941712		
		4757.201593	4883.230195	4928.410308	4859.451198	5014.014803	4738.178425	4785.736354	4754.823697	5056.817085	5230.404351	5223.270621	5232.782262		
		12771.113305	22564.870086	10890.031089	18604.889659	25202.587393	32240.889766	25683.046613	31598.639825	29039.206067	31125.28113	35112.047891	24408.171048		
		4840.428006	4871.340696	4921.276605	4923.654506	4854.6954	4826.160615	4745.312113	4968.834642	5023.526419	5061.572896	5237.538083	5156.689165		
		4847.561703	4676.353161	4904.631298	4914.142901	4895.119696	4804.759533	4861.829098	4935.544013	5009.258996	5073.462423	5325.520822	5285.096308		
		4952.189325	4740.556321	4961.700934	4849.939602	4975.96835	5011.636899	4719.155262	4942.677718	4916.520802	5097.241483	5373.079099	5144.799625		
		4942.677718	4721.533157	4890.363896	4716.777367	4857.073299	4692.998419	4937.921914	4911.765	4914.142901	5192.357795	5339.788302	5296.985869		
		4887.985995	4823.782717	4800.003738	4788.114251	4864.206997	4628.795297	4759.579489	5097.241483	5011.636899	5061.572896	5308.875431	5285.096308		
		
17:00	23.90	22883.579732	26601.159879	16535.788637	21837.075203	28432.660807	38594.68446	22362.704176	37134.052039	31603.397213	45598.477981	39191.791057	17946.101115		
		4849.939602	5125.776365	5242.293904	5166.200798	4897.497597	5161.444981	5128.154272	5161.444981	5403.991994	5482.463244	5294.607956	5313.631257		
		12595.131552	22938.283755	11177.779107	16773.61362	23637.547159	30532.992033	22174.80926	31163.340017	28040.192794	30169.057533	32585.803898	22838.389481		
		4968.834642	4899.875497	5066.328706	5209.003161	4956.94513	5111.508923	5014.014803	5071.084517	5118.642644	5356.433699	5392.102418	5263.695103		
		4909.3871	4966.456739	5066.328706	5116.264737	5092.485671	5225.648531	5140.04381	5270.828837	5296.985869	5242.293904	5325.520822	5170.956615		
		4714.399472	5106.753109	5101.997296	4907.009199	5213.758981	5044.92756	5090.107764	5099.61939	5401.614079	5218.514801	5082.974046	5377.834928		
		4911.765	5082.974046	5111.508923	5042.549655	5147.177533	5082.974046	5256.561369	5147.177533	5501.486589	5335.032475	5137.665902	5342.166215		
		4945.05562	4975.96835	4978.346253	4990.235768	5237.538083	5044.92756	5251.805547	5239.915993	5270.828837	5263.695103	5337.410388	5442.038651		
		
18:00	23.90	22396.002056	25559.363766	16535.788637	21123.557233	25435.68111	36613.083732	21839.453606	35128.699481	31370.285532	44558.813647	38594.68446	16007.819701		
		5223.270621	5235.160172	5579.957935	5189.979886	5503.864508	5472.951574	5434.904902	5518.13202	5677.452744	5805.860723	5950.914428	5734.522931		
		12281.219114	22733.738472	11703.338075	15077.936938	21891.778509	29384.106402	19732.215488	29036.827449	26753.38693	29845.561589	30552.021333	20429.072517		
		5059.19499	5218.514801	5354.055785	5403.991994	5423.015321	5610.87091	5396.858248	5377.834928	5563.312491	5629.894286	6065.055233	5689.342363		
		5101.997296	5320.764995	5406.36991	5342.166215	5434.904902	5425.393237	5351.677871	5546.667051	5791.593159	5560.934571	5953.29236	5584.713776		
		4868.962796	5230.404351	5261.317192	5439.660735	5389.724503	5515.754101	5489.596998	5430.149069	5506.242426	5651.295588	5736.900857	5744.034633		
		5018.770611	5266.073015	5242.293904	5256.561369	5465.817821	5565.690412	5389.724503	5349.299957	5425.393237	5736.900857	5827.262072	5710.743682		
		5059.19499	5368.32327	5363.567441	5361.189527	5506.242426	5325.520822	5489.596998	5534.777454	5665.563127	5867.68686	5760.680114	5796.349013		
		
19:00	23.90	21209.179053	25680.668095	16880.635092	19563.353435	23666.088652	33513.511354	21463.666671	33401.710142	29688.571381	42436.703189	36063.572892	14209.897562		
		5558.556651	5853.419285	5746.412559	5656.051434	5991.339278	5865.308931	5977.071681	5929.513045	5817.750361	6029.386214	5870.064789	5905.733737		
		12547.568982	22077.29435	11287.171187	13924.51681	20476.639771	28425.525008	18286.197051	27650.105282	25202.587393	26903.235717	27414.626546	19430.166715		
		5522.887858	5867.68686	5534.777454	5720.255381	5675.07482	5717.877456	5777.325598	5753.546336	5908.111668	5751.16841	5855.797214	6034.142082		
		5513.376182	5551.422891	5715.499531	5760.680114	5584.713776	5727.389156	5760.680114	5796.349013	5793.971086	5767.813893	5984.205479	5950.914428		
		5337.410388	5720.255381	5570.446252	5701.231984	5684.586515	5841.529642	5729.767081	5793.971086	5903.355807	5884.332366	5934.268907	5839.151714		
		5320.764995	5584.713776	5458.68407	5713.121606	5758.302188	5691.720287	5660.80728	5717.877456	5834.395857	6017.496544	6031.764148	5991.339278		
		5503.864508	5579.957935	5534.777454	5594.22546	5815.372433	5879.576507	5927.135114	5679.830668	5846.285499	5839.151714	6046.031754	5943.780633		
		
20:00	24.00	20381.505292	25031.335298	15922.203446	17603.628347	20469.504682	31210.913651	19998.590155	30827.946698	27164.877128	39872.164959	33875.082301	12604.644069		
		5767.813893	5194.735704	5515.754101	5335.032475	5377.834928	5349.299957	5299.363781	5121.020551	5534.777454	5582.335855	5618.004675	5568.068332		
		12616.534717	21092.638264	11063.631009	11905.477059	18818.937646	25509.414978	15213.494622	24527.095149	23228.453541	24843.434116	24270.219313	17301.587607		
		5551.422891	5247.049726	5501.486589	5470.573656	5387.346588	5332.654561	5354.055785	5156.689165	5468.195739	5480.085327	5425.393237	5774.947672		
		5625.138441	5330.276648	5342.166215	5370.701184	5296.985869	5351.677871	5387.346588	5225.648531	5323.142908	5370.701184	5515.754101	5803.482795		
		5584.713776	5301.741693	5320.764995	5387.346588	5327.898735	5370.701184	5349.299957	5280.340484	5560.934571	5444.416568	5594.22546	5672.696897		
		5568.068332	5477.707409	5213.758981	5380.212843	5313.631257	5463.439904	5249.427636	5111.508923	5584.713776	5563.312491	5463.439904	5610.87091		
		5658.429357	5299.363781	5178.090341	5180.46825	5370.701184	5399.236164	5266.073015	5247.049726	5418.259489	5472.951574	5596.603382	5629.894286		
		
21:00	24.00	19166.172264	23906.31329	15408.507834	16659.45754	19130.497405	27975.970939	18609.646275	28960.711715	26377.576922	38673.18826	31934.036373	10821.066841		
		5187.601977	5254.183458	5342.166215	5484.841162	5301.741693	5308.875431	5368.32327	5263.695103	5468.195739	5501.486589	5618.004675	5311.253344		
		11127.839294	19758.377246	10599.906035	10383.501967	17249.265705	23547.165831	13926.894978	22343.676823	21247.233225	22883.579732	21946.481854	15881.773579		
		5337.410388	5213.758981	5132.910087	5399.236164	5320.764995	5434.904902	5363.567441	5384.968673	5648.917665	5537.155373	5546.667051	5263.695103		
		5189.979886	5225.648531	5287.47422	5335.032475	5301.741693	5499.108671	5456.306153	5387.346588	5582.335855	5403.991994	5449.172402	5413.503657		
		5206.625252	5282.718396	5270.828837	5451.550319	5294.607956	5439.660735	5418.259489	5289.852132	5513.376182	5651.295588	5292.230044	5387.346588		
		5256.561369	5304.119606	5330.276648	5449.172402	5418.259489	5541.911212	5242.293904	5327.898735	5487.21908	5541.911212	5247.049726	5491.974916		
		5080.59614	5251.805547	5515.754101	5308.875431	5389.724503	5332.654561	5185.224068	5470.573656	5420.637405	5432.526986	5361.189527	5254.183458		
		
22:00	24.00	18141.120986	22883.579732	15589.25221	15853.234862	16809.287428	25592.662975	17751.08172	26705.815946	24467.633076	35970.798706	29717.115033	10091.000695		
		5220.892711	5755.924262	5608.492989	5808.23865	5779.703525	5765.435966	5905.733737	5746.412559	5705.987832	6079.322845	5979.449614	6041.275885		
		10882.896853	19154.280642	10759.236877	9793.744401	16385.959261	21637.28953	12316.89092	20712.098095	19273.196936	20310.154506	19430.166715	14866.277154		
		5220.892711	5675.07482	5715.499531	5694.098211	5725.01123	5710.743682	5860.553072	5596.603382	5729.767081	5872.442719	5865.308931	6065.055233		
		5304.119606	5598.981303	5663.185203	5558.556651	5739.278782	5722.633305	5943.780633	5729.767081	5820.128288	5934.268907	5910.489598	6050.787624		
		5182.846159	5648.917665	5725.01123	5703.609908	5658.429357	5710.743682	5870.064789	5915.245459	5815.372433	5922.379252	5855.797214	6150.660944		
		5375.457014	5644.16182	5644.16182	5601.359224	5677.452744	5810.616578	5670.318973	5946.158564	5924.757183	5977.071681	6010.362744	6107.858077		
		5254.183458	5582.335855	5577.580014	5763.05804	5801.104868	5796.349013	5801.104868	5698.854059	5984.205479	5965.18202	5920.001321	5948.536496		
		
23:00	24.10	17413.366331	22281.837956	14875.789941	14171.846736	15125.501012	22900.228779	16683.240043	24172.70185	22543.464259	33232.819246	26896.100054	9950.695587		
		5722.633305	5670.318973	5793.971086	5779.703525	5568.068332	5793.971086	5962.804087	5891.466156	5979.449614	5948.536496	6231.510866	6057.921428		
		10963.751557	17881.887359	10010.146874	8899.604122	14716.450903	19703.675397	10935.214593	18814.181018	17156.513327	18271.927262	17127.974155	13337.111298		
		5698.854059	5822.506216	5610.87091	5689.342363	5679.830668	5953.29236	6057.921428	5772.569745	5948.536496	5862.931001	6043.65382	6043.65382		
		5710.743682	5665.563127	5577.580014	5734.522931	5703.609908	5770.191819	5946.158564	5848.663428	5874.820648	6029.386214	5941.402701	6145.905069		
		5439.660735	5565.690412	5499.108671	5575.202093	5736.900857	5770.191819	5839.151714	5634.65013	5765.435966	5965.18202	6084.078717	6155.416819		
		5537.155373	5755.924262	5648.917665	5622.760519	5784.459378	5974.693749	5755.924262	5965.18202	5955.670291	6000.85101	5934.268907	5898.599946		
		5482.463244	5696.476135	5610.87091	5565.690412	5596.603382	5862.931001	5822.506216	5734.522931	6012.740677	6074.566974	6134.015382	6015.118611		
		
24:00	24.00	16566.705845	21007.016568	14302.646525	12973.254986	14055.316195	20493.288317	15555.957163	21756.209513	20257.830637	29916.920876	24374.872331	8726.008896		
		5603.737146	5843.907571	5620.382597	5575.202093	5653.673511	5839.151714	5939.02477	5810.616578	5891.466156	6041.275885	6003.228943	5858.175143		
		10393.014222	16509.627932	10226.549932	8124.373562	13907.869631	17144.622004	10157.586257	16431.145868	15594.008646	16214.726031	15111.231786	12057.67616		
		5829.64	5843.907571	5732.145006	5589.469618	5639.405975	5900.977877	5784.459378	5789.215232	5717.877456	5815.372433	5915.245459	5758.302188		
		5665.563127	5839.151714	5755.924262	5675.07482	5641.783897	5753.546336	5703.609908	5862.931001	5829.64	5846.285499	6007.98481	5748.790484		
		5667.94105	5667.94105	5839.151714	5736.900857	5591.847539	5950.914428	5996.095144	5815.372433	5943.780633	5958.048223	6079.322845	5758.302188		
		5763.05804	5727.389156	5755.924262	5713.121606	5644.16182	5817.750361	5953.29236	5867.68686	5948.536496	5741.656707	6022.252412	5893.844086		
		5518.13202	5689.342363	5618.004675	5789.215232	5739.278782	5777.325598	5670.318973	6027.00828	5663.185203	5760.680114	5832.017929	5843.907571		
		
25:00	24.20	14932.866688	19565.731771	14143.308629	12055.298047	12816.297872	18141.120986	13995.861902	19492.003378	18188.68688	27628.698096	21825.183184	8414.48964		
		5805.860723	5603.737146	5637.028053	5713.121606	5639.405975	5736.900857	5587.091697	5770.191819	5853.419285	5984.205479	6060.299363	5891.466156		
		9653.439813	14830.604211	9463.196697	7603.594059	12542.812727	14832.982407	9006.615065	15237.276696	13458.397103	14649.861548	13510.716527	11234.853217		
		5558.556651	5610.87091	5579.957935	5651.295588	5777.325598	5598.981303	5691.720287	5637.028053	6053.165558	5986.583412	5991.339278	6110.236014		
		5758.302188	5689.342363	5767.813893	5694.098211	5834.395857	5656.051434	5770.191819	5670.318973	5779.703525	6053.165558	6076.94491	6103.102204		
		5620.382597	5589.469618	5679.830668	5606.115067	5660.80728	5808.23865	5777.325598	5672.696897	5760.680114	6012.740677	5710.743682	6074.566974		
		5694.098211	5608.492989	5570.446252	5634.65013	5644.16182	5760.680114	5732.145006	5767.813893	5753.546336	5960.426155	5877.198577	6050.787624		
		5705.987832	5613.248832	5582.335855	5679.830668	5632.272208	5620.382597	5760.680114	5777.325598	5827.262072	6179.196201	5986.583412	5977.071681		
		
26:00	24.10	13596.330203	18312.358337	12916.179636	11356.135836	11960.173577	16338.394438	13280.035689	16868.743811	16053.006096	24952.844878	19068.66102	7677.3115		
		5591.847539	5998.473077	5549.044971	5822.506216	5722.633305	5618.004675	5874.820648	5903.355807	5682.208591	5725.01123	6081.700781	5922.379252		
		8885.336007	13777.070487	9037.529364	7177.936617	11196.803806	13715.238238	8473.939786	13503.582058	11995.84524	12723.550631	11779.437397	10576.12534		
		5660.80728	5534.777454	5677.452744	5798.726941	5741.656707	5675.07482	5618.004675	5820.128288	5858.175143	5950.914428	6150.660944	5879.576507		
		5710.743682	5670.318973	5658.429357	5872.442719	5829.64	5832.017929	5603.737146	5765.435966	5879.576507	5939.02477	6062.677298	5996.095144		
		5596.603382	5510.998263	5677.452744	5746.412559	5786.837305	5746.412559	5720.255381	5915.245459	5796.349013	5977.071681	6046.031754	6043.65382		
		5772.569745	5598.981303	5651.295588	5793.971086	5713.121606	5924.757183	5637.028053	5939.02477	5710.743682	6095.968396	5950.914428	6079.322845		
		5751.16841	5606.115067	5513.376182	5717.877456	5755.924262	5969.937884	5656.051434	5786.837305	5770.191819	5981.827546	5760.680114	5962.804087		
		
27:00	24.20	12064.8105	16752.209342	12949.473585	10414.416798	11458.393873	14535.708498	11753.278247	15004.21268	14343.075594	21846.588818	16897.28289	7546.522539		
		5577.580014	5729.767081	5851.041357	5817.750361	5939.02477	5786.837305	5822.506216	5784.459378	5965.18202	6134.015382	5962.804087	6048.409689		
		8740.276983	12105.238438	8847.287713	7047.148473	10754.480728	11344.245375	7986.449893	11703.338075	10778.261476	11872.183544	10818.688765	10193.257116		
		5808.23865	5812.994505	5881.954437	5801.104868	5950.914428	5851.041357	5900.977877	5779.703525	5789.215232	6022.252412	5991.339278	5960.426155		
		5905.733737	5820.128288	5879.576507	5774.947672	5927.135114	5725.01123	5834.395857	5877.198577	5886.710296	6164.928571	6162.550633	5870.064789		
		5796.349013	5777.325598	5841.529642	5641.783897	5820.128288	5834.395857	5753.546336	5696.476135	5967.559952	5872.442719	6010.362744	6031.764148		
		5772.569745	5808.23865	5758.302188	5729.767081	5867.68686	5841.529642	5822.506216	5744.034633	6100.724268	5977.071681	5998.473077	6065.055233		
		5827.262072	5656.051434	5786.837305	5777.325598	5851.041357	5779.703525	5660.80728	5727.389156	6157.794757	6038.897951	6034.142082	5910.489598		
		
28:00	24.20	11137.351637	15560.713597	11612.970224	9563.074277	10343.074898	12780.625843	11268.146466	13173.019031	12587.997164	19701.297057	14519.061192	7382.442145		
		5575.202093	5629.894286	5660.80728	5660.80728	5753.546336	5789.215232	6072.189039	5865.308931	6022.252412	5988.961345	6024.630346	6015.118611		
		8155.28752	10885.274932	8236.139468	6619.116039	9446.550446	10635.577092	7839.01451	10588.015687	9988.744405	10428.685186	9596.366831	9382.34351		
		5732.145006	5760.680114	5420.637405	5824.884144	5713.121606	5672.696897	5855.797214	5948.536496	6034.142082	6027.00828	5965.18202	5872.442719		
		5618.004675	5653.673511	5672.696897	5596.603382	5791.593159	5767.813893	5832.017929	5924.757183	5893.844086	5936.646839	6110.236014	5801.104868		
		5796.349013	5553.800811	5684.586515	5646.539743	5713.121606	5846.285499	5836.773785	5943.780633	5924.757183	5851.041357	6050.787624	5922.379252		
		6031.764148	5736.900857	5722.633305	5653.673511	5767.813893	5772.569745	5753.546336	5905.733737	5846.285499	6000.85101	6105.480141	5879.576507		
		5701.231984	5729.767081	5394.480333	5791.593159	5637.028053	5900.977877	5772.569745	5829.64	6012.740677	6126.881571	6103.102204	5782.081452		
		
29:00	24.20	10169.476541	14376.370137	11448.881492	9344.29498	9627.281358	12290.731594	10338.318774	11972.06413	11741.387727	17710.650929	12963.742425	7292.079173		
		5748.790484	5558.556651	5791.593159	5870.064789	6053.165558	5988.961345	6010.362744	6060.299363	6397.966845	5965.18202	6050.787624	6305.227043		
		7827.124572	9838.927286	7805.722687	6616.738087	9189.723011	9601.122911	7287.32323	10331.184588	9137.406412	9534.537813	9437.038304	9230.149497		
		5634.65013	5682.208591	5993.717211	5950.914428	5874.820648	5979.449614	6103.102204	6057.921428	6288.581449	6279.069682	6183.952078	6098.346332		
		5691.720287	5717.877456	6005.606877	5915.245459	5905.733737	5903.355807	6084.078717	5986.583412	6169.684448	6248.156448	6122.125697	6141.149194		
		5829.64	5779.703525	5803.482795	5896.222016	5931.890976	5858.175143	5936.646839	6145.905069	5986.583412	6202.97559	6331.384412	6364.675622		
		5846.285499	5625.138441	5729.767081	6010.362744	5915.245459	6112.61395	6015.118611	5920.001321	6286.203507	5950.914428	6224.377046	6186.330017		
		5703.609908	5736.900857	5877.198577	5986.583412	5991.339278	6126.881571	5903.355807	6198.219712	6233.888806	6029.386214	6359.919734	6162.550633		
		
30:00	24.20	9698.622619	13477.422344	10916.189957	8844.909695	8875.823932	10611.796386	9539.293889	10664.113948	10038.683507	15503.636402	11945.904917	7254.031636		
		5893.844086	5939.02477	5972.315816	5789.215232	5499.108671	5665.563127	5865.308931	5836.773785	6062.677298	6305.227043	6214.865287	6195.841773		
		7406.221891	9420.392059	7644.019744	6569.179071	8209.981476	8787.837289	6985.321424	9018.505179	8181.445494	8697.47273	8390.709594	8811.617453		
		6057.921428	5872.442719	5903.355807	5798.726941	5663.185203	5936.646839	5910.489598	5839.151714	5765.435966	6202.97559	6081.700781	6383.699176		
		5855.797214	5998.473077	5715.499531	5836.773785	5748.790484	5817.750361	5874.820648	5862.931001	5829.64	6081.700781	6136.393319	6205.353529		
		6105.480141	5713.121606	5955.670291	6055.543493	5810.616578	5900.977877	5958.048223	5865.308931	5979.449614	6186.330017	6257.668211	6281.447623		
		5808.23865	5755.924262	6060.299363	5927.135114	5753.546336	5839.151714	6005.606877	5886.710296	5860.553072	6167.306509	6167.306509	6464.549334		
		5829.64	5746.412559	5803.482795	5710.743682	5713.121606	5734.522931	5922.379252	5979.449614	5760.680114	6005.606877	6164.928571	6145.905069		
		
31:00	24.20	8661.802538	12088.591638	10412.038734	7915.110158	8559.548074	10048.195721	8778.325226	9739.049363	9163.564707	14366.857409	10431.063251	6768.92713		
		5953.29236	6065.055233	5782.081452	5810.616578	5701.231984	5736.900857	5848.663428	5851.041357	5886.710296	6110.236014	5912.867529	6005.606877		
		7387.198093	8661.802538	7273.055402	6305.227043	7953.158009	8195.713484	6702.344388	8136.263544	7615.483964	8328.881508	7907.976188	8295.589481		
		5827.262072	5936.646839	5625.138441	5658.429357	5817.750361	5848.663428	5824.884144	5722.633305	5884.332366	5948.536496	5988.961345	5867.68686		
		5917.62339	6095.968396	5843.907571	5686.964439	5694.098211	5710.743682	5824.884144	5763.05804	5889.088226	5941.402701	6029.386214	6007.98481		
		5846.285499	5931.890976	5763.05804	5689.342363	5760.680114	5841.529642	5981.827546	5682.208591	5879.576507	5722.633305	5917.62339	6084.078717		
		5755.924262	5853.419285	5972.315816	5637.028053	5713.121606	5763.05804	5870.064789	5886.710296	5808.23865	6110.236014	5953.29236	6022.252412		
		5936.646839	5908.111668	5618.004675	5734.522931	5720.255381	5950.914428	5841.529642	5801.104868	5965.18202	5934.268907	5927.135114	6076.94491		
		
32:00	24.30	7948.402026	11073.143344	9582.098592	7927.000109	8138.641541	9660.573939	8649.912477	9429.904199	8690.338691	12759.222634	9881.732149	6811.730351		
		5715.499531	5867.68686	5924.757183	6043.65382	6015.118611	6065.055233	6195.841773	6155.416819	5984.205479	6271.935858	6336.140298	6200.597651		
		6721.368023	8321.747501	7004.345126	6381.321232	7601.216078	7663.043603	6690.454619	8321.747501	7401.465941	7527.498708	7905.598198	7896.086239		
		5805.860723	5758.302188	5879.576507	5896.222016	5936.646839	5986.583412	6029.386214	6081.700781	6257.668211	6169.684448	6124.503634	6067.433168		
		5782.081452	5701.231984	5832.017929	5927.135114	6062.677298	6162.550633	6205.353529	6110.236014	6164.928571	6098.346332	6143.527131	6150.660944		
		5832.017929	5774.947672	5832.017929	6010.362744	6048.409689	5910.489598	6053.165558	5950.914428	6091.212524	6150.660944	5948.536496	6245.778508		
		5637.028053	5874.820648	5877.198577	5920.001321	5979.449614	6088.834588	6162.550633	6088.834588	6122.125697	6091.212524	5955.670291	6038.897951		
		5822.506216	5870.064789	5898.599946	5879.576507	6027.00828	6095.968396	6219.621167	6010.362744	6074.566974	6105.480141	6015.118611	6164.928571		
		
33:00	24.30	7912.732168	10454.843903	9398.989748	7613.105983	7793.832754	9030.395294	7879.440314	8773.569194	8381.197578	11679.557052	9142.162465	6856.911553		
		5912.867529	5696.476135	5770.191819	5886.710296	5908.111668	6029.386214	6003.228943	5991.339278	6048.409689	6110.236014	6160.172695	6267.179975		
		6678.564851	7712.981253	6837.887886	6300.471158	7344.394565	7489.451059	6359.919734	7529.876686	7349.150512	7401.465941	7491.829037	7931.75609		
		5722.633305	5793.971086	5786.837305	6005.606877	5648.917665	5991.339278	5717.877456	5988.961345	6057.921428	6027.00828	6462.171387	6248.156448		
		5767.813893	5829.64	5670.318973	5886.710296	5984.205479	5846.285499	5889.088226	5896.222016	6093.59046	6357.54179	6440.769867	6397.966845		
		5770.191819	5969.937884	5672.696897	5924.757183	5774.947672	5870.064789	5824.884144	6086.456652	6172.062386	5977.071681	6221.999106	6397.966845		
		5862.931001	5881.954437	5969.937884	5720.255381	5941.402701	5943.780633	6046.031754	5877.198577	6352.785902	6191.085895	6367.053566	6264.802034		
		5734.522931	5834.395857	5903.355807	5974.693749	5870.064789	6024.630346	5924.757183	6043.65382	6188.707956	6329.006469	6333.762355	6400.34479		
		
34:00	24.30	8414.48964	10442.953576	9289.600249	7712.981253	8278.943473	9120.760229	8200.469481	8547.658029	7960.291983	11030.337844	9016.127156	7306.347004		
		6718.990069	6592.958576	6621.493991	6512.108288	6642.895559	6483.572912	6400.34479	6295.715274	6455.037546	6688.076665	6604.848331	6688.076665		
		7430.001645	7888.952271	7339.638619	6968.675688	7953.158009	7679.689483	6873.557265	7670.177551	7011.479016	7384.820119	7836.636523	8309.857491		
		6616.738087	6716.612114	6585.824723	6490.706755	6490.706755	6443.147814	6502.596495	6333.762355	6224.377046	6614.360136	6733.257797	6766.549174		
		6619.116039	6676.186898	6650.029416	6535.887776	6436.013975	6329.006469	6521.620083	6238.644687	6371.809454	6531.131878	6771.305086	6871.179306		
		6864.045429	6531.131878	6483.572912	6631.005798	6248.156448	6538.265725	6414.612462	6233.888806	6495.462651	6588.202674	6745.147573	6883.069102		
		6825.998096	6783.194868	6550.155472	6543.021624	6566.801121	6288.581449	6343.274128	6329.006469	6455.037546	6440.769867	6754.659395	6837.887886		
		6657.163274	6528.753929	6362.297678	6600.092428	6452.6596	6388.455066	6376.565343	6466.927281	6374.187398	6497.840599	6833.13197	6664.297132		
		
35:00	24.30	8093.459615	9532.159775	9144.540492	7551.278497	7465.671288	8626.132361	7915.110158	8174.3115	7976.937925	10074.354314	8414.48964	6909.226661		
		6412.234517	6447.903707	6431.258083	6110.236014	6445.52576	6302.8491	6238.644687	6502.596495	6564.423171	6371.809454	6547.777523	6433.636029		
		7082.817945	7774.808864	7265.921489	6721.368023	7296.835116	6949.651995	6766.549174	7482.317127	7118.487434	7166.046777	7377.686196	7779.564836		
		6533.509827	6314.738812	6400.34479	6407.478626	6205.353529	6210.109408	6478.817017	6374.187398	6738.013708	6512.108288	6545.399573	6516.864185		
		6576.312922	6631.005798	6317.116755	6309.982927	6357.54179	6167.306509	6483.572912	6543.021624	6543.021624	6450.281653	6645.273511	6516.864185		
		6543.021624	6352.785902	6210.109408	6093.59046	6143.527131	6500.218547	6464.549334	6512.108288	6436.013975	6621.493991	6450.281653	6578.690872		
		6502.596495	6500.218547	6329.006469	6145.905069	6295.715274	6324.250583	6336.140298	6464.549334	6438.391921	6445.52576	6526.37598	6576.312922		
		6350.407959	6440.769867	6386.077121	6136.393319	6381.321232	6286.203507	6352.785902	6562.045221	6395.5889	6317.116755	6476.43907	6664.297132		
		
36:00	24.30	7139.889135	8592.840211	8476.317793	7201.716303	7629.751853	7817.612623	7472.805219	7596.460117	7418.111767	9360.94121	8181.445494	6987.699387		
		6079.322845	6091.212524	6153.038882	6098.346332	6317.116755	6114.991887	6226.754986	6224.377046	6264.802034	6236.266746	6350.407959	6402.722736		
		6778.438955	6864.045429	6621.493991	6452.6596	7149.401004	6856.911553	6424.124245	6913.982581	6768.92713	7016.234942	7208.85021	7365.796326		
		6279.069682	5924.757183	6100.724268	6176.818263	6174.440324	6143.527131	6148.283006	6124.503634	6312.36087	6257.668211	6350.407959	6267.179975		
		6183.952078	6107.858077	5988.961345	6224.377046	6245.778508	6036.520017	6245.778508	6183.952078	6371.809454	6381.321232	6302.8491	6312.36087		
		5962.804087	6046.031754	6095.968396	6191.085895	6257.668211	6050.787624	6119.74776	6124.503634	6193.463834	6371.809454	6300.471158	6183.952078		
		6212.487348	6188.707956	6072.189039	6174.440324	6221.999106	6041.275885	6245.778508	6262.424093	6145.905069	6317.116755	6324.250583	6438.391921		
		6238.644687	6126.881571	6134.015382	6181.57414	6093.59046	6081.700781	6224.377046	6262.424093	6635.761702	6376.565343	6305.227043	6443.147814		
		
37:00	24.30	7013.856979	8390.709594	8045.899721	6930.628306	7289.701201	7850.904451	7097.085739	7289.701201	6909.226661	8764.057132	7855.660427	6911.604621		
		6195.841773	6195.841773	6295.715274	6136.393319	6290.95939	6300.471158	6397.966845	6381.321232	6155.416819	6445.52576	6602.470379	6550.155472		
		6623.871942	6952.029956	6852.155636	6554.911371	7016.234942	6887.825021	6424.124245	6918.738502	6654.785321	6816.486266	7318.236865	7358.662405		
		5922.379252	6174.440324	6238.644687	6105.480141	6243.400567	6010.362744	6188.707956	6183.952078	6295.715274	6562.045221	6578.690872	6390.833011		
		6103.102204	6129.259508	6005.606877	6153.038882	6345.652072	6367.053566	6198.219712	6202.97559	6241.022627	6390.833011	6533.509827	6483.572912		
		5960.426155	6348.030015	6046.031754	6307.604985	6457.415493	6067.433168	6357.54179	6321.87264	6195.841773	6523.998031	6521.620083	6623.871942		
		6267.179975	6145.905069	6065.055233	6260.046152	6141.149194	6274.313799	6359.919734	6238.644687	6252.91233	6588.202674	6497.840599	6702.344388		
		6390.833011	6046.031754	6031.764148	6191.085895	6428.880137	6388.455066	6221.999106	6198.219712	6269.557917	6581.068822	6445.52576	6652.407368		
		
38:00	24.30	6678.564851	7936.512072	7822.368597	6990.077349	7068.550154	7558.412435	7080.43998	7342.016592	7092.329807	8483.451814	7891.33026	6937.762188		
		6305.227043	6169.684448	6233.888806	6288.581449	6148.283006	6267.179975	6138.771256	6364.675622	6355.163846	6583.446773	6657.163274	6450.281653		
		6619.116039	6992.455312	6469.305228	6474.061123	6814.108308	6523.998031	6571.557021	6835.509928	6787.950781	6961.541803	7275.433373	7420.489742		
		6207.731469	6200.597651	6193.463834	6367.053566	6452.6596	6340.896185	6255.29027	6029.386214	6326.628526	6543.021624	6702.344388	6611.982184		
		6095.968396	6281.447623	6340.896185	6348.030015	6205.353529	6367.053566	6200.597651	6110.236014	6343.274128	6631.005798	6569.179071	6493.084703		
		6048.409689	6043.65382	6214.865287	6333.762355	6231.510866	6314.738812	6309.982927	6252.91233	6176.818263	6616.738087	6566.801121	6635.761702		
		5988.961345	6181.57414	6200.597651	6257.668211	6138.771256	6264.802034	6233.888806	6153.038882	6466.927281	6699.966434	6374.187398	6390.833011		
		6015.118611	5996.095144	6226.754986	6326.628526	6319.494698	6305.227043	6091.212524	6338.518242	6210.109408	6669.053038	6464.549334	6255.29027		
		
39:00	24.30	6868.801347	7463.293311	7406.221891	6635.761702	6823.620138	7356.284432	6773.683043	7092.329807	7025.746797	8133.885548	7468.049265	6702.344388		
		6027.00828	5969.937884	5865.308931	5991.339278	6298.093216	6369.43151	6015.118611	6181.57414	6543.021624	6314.738812	6476.43907	6531.131878		
		6321.87264	6735.635752	6573.934971	6264.802034	6578.690872	6445.52576	6305.227043	6792.706694	6673.808945	6611.982184	7001.967163	7032.880688		
		6262.424093	6117.369823	6141.149194	5981.827546	6117.369823	6053.165558	6172.062386	6340.896185	6431.258083	6466.927281	6200.597651	6514.486237		
		6205.353529	6076.94491	6231.510866	6062.677298	6257.668211	5988.961345	6105.480141	6348.030015	6307.604985	6478.817017	6421.746299	6695.210527		
		6191.085895	5979.449614	5931.890976	6086.456652	6081.700781	6300.471158	6388.455066	6229.132926	6267.179975	6348.030015	6514.486237	6604.848331		
		6262.424093	5953.29236	6024.630346	6043.65382	6124.503634	6160.172695	6205.353529	6314.738812	6224.377046	6443.147814	6485.95086	6626.249894		
		6055.543493	6191.085895	5965.18202	6072.189039	6164.928571	6091.212524	6378.943287	6286.203507	6181.57414	6348.030015	6452.6596	6464.549334		
		
40:00	24.30	6771.305086	7503.718925	7510.852859	6795.084651	7082.817945	7030.502724	6728.501888	6952.029956	6697.58848	7858.038415	7484.695104	6619.116039		
		5998.473077	6274.313799	6250.534389	6057.921428	6103.102204	6124.503634	5953.29236	6174.440324	6317.116755	6269.557917	6267.179975	6350.407959		
		6348.030015	6502.596495	6381.321232	6500.218547	6455.037546	6445.52576	6245.778508	6474.061123	6405.100681	6783.194868	6823.620138	6854.533594		
		6081.700781	6074.566974	6110.236014	6138.771256	5936.646839	6136.393319	6200.597651	6107.858077	6231.510866	6345.652072	6221.999106	6443.147814		
		6086.456652	6062.677298	6034.142082	6229.132926	5855.797214	6129.259508	6117.369823	6193.463834	6326.628526	6421.746299	6305.227043	6317.116755		
		6105.480141	6010.362744	6181.57414	6212.487348	6117.369823	6264.802034	6022.252412	6131.637445	6200.597651	6317.116755	6459.79344	6414.612462		
		6029.386214	6191.085895	6153.038882	6072.189039	6057.921428	6345.652072	6224.377046	6041.275885	6250.534389	6474.061123	6348.030015	6523.998031		
		6086.456652	6069.811104	6262.424093	6093.59046	6155.416819	6112.61395	6338.518242	6079.322845	6267.179975	6219.621167	6212.487348	6126.881571		
		
41:00	24.30	6312.36087	7054.282366	7273.055402	6412.234517	6447.903707	6904.47074	6512.108288	6673.808945	6545.399573	7294.457144	6952.029956	6545.399573		
		5851.041357	6055.543493	6000.85101	5893.844086	6024.630346	6062.677298	6019.874478	6036.520017	6378.943287	6326.628526	6374.187398	6221.999106		
		6290.95939	6592.958576	6088.834588	6167.306509	6445.52576	6262.424093	6145.905069	6286.203507	6621.493991	6614.360136	6752.28144	6768.92713		
		6041.275885	5924.757183	6027.00828	5891.466156	5922.379252	6217.243227	6031.764148	6241.022627	6333.762355	6338.518242	6331.384412	6362.297678		
		5986.583412	6088.834588	5884.332366	5782.081452	5936.646839	6110.236014	6098.346332	6217.243227	6219.621167	6314.738812	6200.597651	6490.706755		
		5870.064789	5922.379252	5889.088226	5969.937884	6098.346332	6062.677298	6174.440324	6027.00828	6271.935858	6317.116755	6157.794757	6462.171387		
		6065.055233	6136.393319	5917.62339	5860.553072	5958.048223	6150.660944	5960.426155	6067.433168	6279.069682	6260.046152	6179.196201	6516.864185		
		6053.165558	6114.991887	5908.111668	5896.222016	5879.576507	6093.59046	6065.055233	6205.353529	6164.928571	6257.668211	6183.952078	6602.470379		
		
42:00	24.40	6305.227043	6778.438955	7028.12476	6840.265844	6871.179306	6847.399719	6338.518242	6699.966434	6531.131878	7458.537358	7353.906458	6735.635752		
		5924.757183	6084.078717	6107.858077	6191.085895	5967.559952	6122.125697	6091.212524	6186.330017	6355.163846	6533.509827	6500.218547	6374.187398		
		6283.825565	6397.966845	6305.227043	6212.487348	6445.52576	6538.265725	5991.339278	6550.155472	6723.745978	6676.186898	6971.05365	6963.919765		
		6017.496544	6027.00828	5979.449614	6131.637445	6022.252412	6336.140298	6103.102204	6126.881571	6478.817017	6516.864185	6557.289321	6474.061123		
		6081.700781	6050.787624	6060.299363	6098.346332	6079.322845	6195.841773	6122.125697	6267.179975	6390.833011	6455.037546	6440.769867	6317.116755		
		5991.339278	5841.529642	6307.604985	6003.228943	5998.473077	6226.754986	6100.724268	6381.321232	6452.6596	6283.825565	6583.446773	6264.802034		
		5843.907571	6174.440324	6181.57414	6027.00828	5958.048223	6067.433168	6181.57414	6221.999106	6388.455066	6436.013975	6550.155472	6309.982927		
		5774.947672	6031.764148	5922.379252	6088.834588	6072.189039	6290.95939	6229.132926	6260.046152	6526.37598	6528.753929	6348.030015	6352.785902		
		
43:00	24.40	6436.013975	6873.557265	7028.12476	6597.714477	6550.155472	6695.210527	6371.809454	6485.95086	6797.462608	6952.029956	6864.045429	6540.643674		
		6024.630346	6079.322845	6072.189039	5991.339278	6174.440324	6053.165558	6357.54179	6131.637445	6345.652072	6300.471158	6388.455066	6452.6596		
		6207.731469	6293.337332	6336.140298	6219.621167	6288.581449	6048.409689	6238.644687	6426.502191	6609.604233	6566.801121	6692.832573	6547.777523		
		6107.858077	6034.142082	6053.165558	6091.212524	5972.315816	6046.031754	6076.94491	6107.858077	6571.557021	6293.337332	6283.825565	6279.069682		
		6081.700781	6076.94491	6067.433168	6072.189039	6060.299363	6107.858077	6148.283006	6072.189039	6390.833011	6528.753929	6509.73034	6388.455066		
		5974.693749	6050.787624	6076.94491	6112.61395	6038.897951	6200.597651	6181.57414	6195.841773	6188.707956	6369.43151	6600.092428	6526.37598		
		6019.874478	6112.61395	6174.440324	6043.65382	6241.022627	6060.299363	6229.132926	6281.447623	6302.8491	6319.494698	6678.564851	6369.43151		
		6034.142082	6076.94491	5946.158564	6031.764148	6145.905069	6038.897951	6195.841773	6236.266746	6390.833011	6481.194965	6619.116039	6533.509827		
		
44:00	24.40	6302.8491	6747.525529	6966.297726	6597.714477	6821.242181	6925.872384	6623.871942	6547.777523	6485.95086	6588.202674	6823.620138	6374.187398		
		6267.179975	6283.825565	6107.858077	6105.480141	6231.510866	6150.660944	6048.409689	6065.055233	6145.905069	6302.8491	6248.156448	6255.29027		
		6402.722736	6595.336526	6321.87264	6248.156448	6690.454619	6309.982927	6081.700781	6364.675622	6271.935858	6369.43151	6533.509827	6571.557021		
		6153.038882	6176.818263	6224.377046	6103.102204	6229.132926	6057.921428	6145.905069	6141.149194	6300.471158	5896.222016	6286.203507	6324.250583		
		6229.132926	6298.093216	6279.069682	6409.856571	6428.880137	6160.172695	6191.085895	6183.952078	6046.031754	6162.550633	6167.306509	6488.328808		
		6188.707956	6136.393319	6169.684448	6138.771256	6274.313799	5953.29236	6191.085895	6150.660944	6333.762355	6046.031754	6191.085895	6336.140298		
		5941.402701	6067.433168	6224.377046	6110.236014	6333.762355	6086.456652	6252.91233	6236.266746	6124.503634	6114.991887	6233.888806	6440.769867		
		6176.818263	6164.928571	6038.897951	6393.210955	6214.865287	6202.97559	6167.306509	6350.407959	5979.449614	6195.841773	6217.243227	6407.478626		
		
45:00	24.40	6200.597651	6298.093216	6554.911371	6248.156448	6117.369823	6645.273511	6017.496544	6676.186898	6495.462651	6854.533594	6859.289511	6362.297678		
		5891.466156	5855.797214	5893.844086	5870.064789	5903.355807	6183.952078	5860.553072	6126.881571	6076.94491	6286.203507	6260.046152	6183.952078		
		6179.196201	6174.440324	6034.142082	6248.156448	6167.306509	6124.503634	5962.804087	6314.738812	6295.715274	6721.368023	6652.407368	6547.777523		
		6053.165558	5691.720287	5879.576507	6031.764148	5770.191819	6029.386214	5972.315816	6122.125697	6326.628526	6221.999106	6205.353529	6193.463834		
		5991.339278	5789.215232	5777.325598	5991.339278	5891.466156	5950.914428	5705.987832	6176.818263	6393.210955	6267.179975	6241.022627	6283.825565		
		5867.68686	5677.452744	5703.609908	5867.68686	5884.332366	5929.513045	5801.104868	6188.707956	6031.764148	6153.038882	6378.943287	6343.274128		
		5950.914428	5836.773785	5824.884144	5755.924262	5929.513045	5955.670291	5886.710296	6105.480141	6155.416819	6376.565343	6331.384412	6450.281653		
		5910.489598	5796.349013	5779.703525	5827.262072	5955.670291	5848.663428	5934.268907	6202.97559	6293.337332	6248.156448	6269.557917	6274.313799		
		
46:00	24.40	6122.125697	6357.54179	6647.651463	6312.36087	6471.683175	6799.840565	6359.919734	6431.258083	6388.455066	7004.345126	6766.549174	6559.667271		
		5896.222016	5972.315816	6174.440324	5979.449614	6241.022627	6129.259508	6383.699176	6131.637445	6390.833011	6445.52576	6445.52576	6271.935858		
		6153.038882	6212.487348	6029.386214	6433.636029	6290.95939	6221.999106	6326.628526	6345.652072	6367.053566	6559.667271	6692.832573	6552.533422		
		6043.65382	6169.684448	6095.968396	6079.322845	6141.149194	6103.102204	6129.259508	6153.038882	6283.825565	6386.077121	6307.604985	6374.187398		
		6114.991887	6067.433168	6119.74776	6057.921428	6098.346332	6129.259508	6319.494698	6107.858077	6319.494698	6338.518242	6388.455066	6416.990408		
		6095.968396	6024.630346	5993.717211	6143.527131	6019.874478	5950.914428	6264.802034	6307.604985	6381.321232	6293.337332	6302.8491	6309.982927		
		5912.867529	6005.606877	5922.379252	6057.921428	6043.65382	6186.330017	6245.778508	6038.897951	6248.156448	6305.227043	6200.597651	6367.053566		
		5779.703525	5912.867529	6022.252412	6079.322845	6122.125697	6200.597651	6217.243227	6233.888806	6281.447623	6450.281653	6309.982927	6407.478626		
		
47:00	24.40	6631.005798	6462.171387	6611.982184	6614.360136	6283.825565	6909.226661	6462.171387	6402.722736	6302.8491	6702.344388	6875.935224	6523.998031		
		6288.581449	6062.677298	6164.928571	6314.738812	6324.250583	6319.494698	6307.604985	6264.802034	6164.928571	6333.762355	6521.620083	6236.266746		
		6531.131878	6519.242134	6271.935858	6685.698712	6578.690872	6355.163846	6221.999106	6298.093216	6233.888806	6471.683175	6642.895559	6493.084703		
		6400.34479	6319.494698	6069.811104	6150.660944	6248.156448	6267.179975	6095.968396	6276.69174	5974.693749	6145.905069	6400.34479	6183.952078		
		6245.778508	6172.062386	6084.078717	6319.494698	6362.297678	6405.100681	6241.022627	6338.518242	6072.189039	6169.684448	6250.534389	6143.527131		
		6207.731469	6179.196201	6262.424093	6248.156448	6302.8491	6260.046152	6186.330017	6355.163846	6267.179975	6198.219712	6267.179975	6321.87264		
		6195.841773	6100.724268	6143.527131	6309.982927	6205.353529	6312.36087	6248.156448	6329.006469	6117.369823	6274.313799	6359.919734	6164.928571		
		6143.527131	6231.510866	6229.132926	6205.353529	6074.566974	6250.534389	6162.550633	6290.95939	5986.583412	6162.550633	6402.722736	6405.100681		
		
48:00	24.40	6902.09278	6733.257797	6659.541226	6661.919179	6500.218547	6730.879842	6388.455066	6497.840599	6381.321232	6538.265725	6735.635752	6621.493991		
		6837.887886	6436.013975	6015.118611	6145.905069	6126.881571	6293.337332	6221.999106	6034.142082	6207.731469	6393.210955	6376.565343	6471.683175		
		6733.257797	6923.494423	6155.416819	6493.084703	6281.447623	6340.896185	6416.990408	6195.841773	6493.084703	6459.79344	6735.635752	6645.273511		
		6864.045429	6628.627846	6050.787624	6276.69174	6267.179975	6238.644687	6193.463834	6207.731469	6338.518242	6395.5889	6388.455066	6457.415493		
		6702.344388	6476.43907	6252.91233	6264.802034	6157.794757	6290.95939	6374.187398	6221.999106	6305.227043	6502.596495	6364.675622	6428.880137		
		6664.297132	6462.171387	6281.447623	6183.952078	6340.896185	6219.621167	6188.707956	6309.982927	6224.377046	6340.896185	6364.675622	6331.384412		
		6552.533422	6395.5889	6243.400567	6264.802034	6062.677298	6226.754986	6084.078717	6060.299363	6129.259508	6333.762355	6540.643674	6535.887776		
		6519.242134	6362.297678	6117.369823	6181.57414	6160.172695	6212.487348	6048.409689	6210.109408	6160.172695	6264.802034	6797.462608	6357.54179		
		
49:00	24.40	6329.006469	6930.628306	6949.651995	6730.879842	6716.612114	6909.226661	6481.194965	6757.037351	6757.037351	6897.33686	6842.643802	6554.911371		
		6131.637445	6721.368023	6540.643674	6474.061123	6650.029416	6352.785902	6431.258083	6462.171387	6583.446773	6554.911371	6409.856571	6692.832573		
		6160.172695	6633.38375	6697.58848	6673.808945	6728.501888	6504.974443	6730.879842	6647.651463	6830.754012	6607.226282	6909.226661	6811.730351		
		6098.346332	6376.565343	6528.753929	6348.030015	6495.462651	6552.533422	6512.108288	6471.683175	6533.509827	6590.580625	6633.38375	6631.005798		
		6093.59046	6552.533422	6633.38375	6438.391921	6533.509827	6367.053566	6512.108288	6564.423171	6383.699176	6393.210955	6438.391921	6654.785321		
		6248.156448	6433.636029	6395.5889	6436.013975	6585.824723	6497.840599	6483.572912	6409.856571	6471.683175	6600.092428	6466.927281	6604.848331		
		6131.637445	6412.234517	6673.808945	6478.817017	6621.493991	6562.045221	6504.974443	6416.990408	6462.171387	6497.840599	6619.116039	6754.659395		
		6193.463834	6523.998031	6552.533422	6367.053566	6462.171387	6550.155472	6469.305228	6395.5889	6462.171387	6569.179071	6652.407368	6738.013708		
		
~End
Original Filename: fe_last_peps_10-17-19-160736_cpa_fepa_c5007_fe5007.pda   Date Last Saved: 10/17/2019
