Name,Time,A1,A2,A3,A4,A5,A6,A7,A8,A9,A10,A11,A12
Pta,0,122.145126,86.433635,86.433635,61.225534,57.024184,59.124859,82.232284,57.024184,71.728908,42.319464,111.641745,80.131608
Pta,60,75.930258,46.520812,174.662059,92.735661,38.118115,50.722161,96.937013,48.621486,50.722161,46.520812,248.18583,82.232284
Pta,120,491.865161,65.426883,1321.641596,1113.671398,412.039081,479.261037,311.206266,199.8702,283.897404,128.447156,8722.837945,628.409981
Pta,180,3441.291945,269.192636,5464.367359,4220.683822,2470.740488,1840.519405,1040.146727,1487.598052,2050.592475,781.760631,21751.918285,3407.679551
Pta,240,7661.875198,1277.526654,12181.056745,7993.818267,8210.212372,4061.02333,2989.626731,3621.958839,5195.460957,2063.196879,35186.928748,7850.956502
Pta,300,12880.704815,2972.820639,18835.347273,11082.224053,15133.072349,7184.972379,5397.140663,6682.862313,8170.294963,3708.090893,42364.661955,11945.741233
Pta,360,16084.887286,4747.986164,23712.476359,13534.136142,22123.852777,10000.216197,7840.451972,9479.177544,10403.603597,5539.997469,44849.189124,14590.9848
Pta,420,18131.437853,6138.738696,26753.235056,15246.533059,26345.551455,12870.199538,9516.994736,11485.617627,11708.325482,7292.117666,45397.814757,16086.988437
Pta,480,19625.415147,7586.242819,28655.089101,16320.216575,29903.405639,14597.28812,10075.851159,12950.039686,12584.456589,8443.414529,45271.693545,17358.196179
Pta,540,20171.743841,8077.854734,29880.288466,16629.087456,32688.029515,16320.216575,10590.591246,14597.28812,13027.778864,10157.789126,45374.692518,17530.493863
Pta,600,20388.175221,8405.59791,30844.911479,16906.44205,33801.90977,18385.684924,10199.808633,15494.466357,13200.065995,10853.215183,42522.307024,17891.900126
Pta,660,21039.574636,8527.45153,31448.070246,17324.577168,34892.688759,18562.187561,10746.064499,16080.684985,13298.816126,11365.85992,39819.268215,17969.644738
Pta,720,20386.073943,8840.49024,31010.937247,17068.232732,35960.365414,19253.493798,10124.173538,17085.042175,13815.680762,11777.659203,37885.586894,17894.00133
Pta,780,20272.604984,8449.7173,31324.075515,16332.823524,35079.741182,19121.115485,10208.212538,16921.150278,13540.439367,12510.919988,36685.469971,17532.595057
Pta,840,18673.552547,8630.396993,30792.371761,15435.634648,35313.031975,19959.515655,9735.494466,16877.025602,13273.603313,12464.69702,34493.365019,17488.469999
Pta,900,17757.423161,8187.102291,29852.96818,15670.961777,34911.60415,19530.858687,8937.133343,17242.630895,13013.071445,11960.448429,31704.46682,16916.947927
Pta,960,16795.079847,7819.442916,28970.31847,14515.345008,34194.924538,19083.293155,8584.176563,16914.846751,12555.041939,12412.170958,30010.585359,16311.811945
Pta,1020,15679.366331,7479.097086,27492.955634,13384.959969,33036.90333,18398.292241,8338.368417,16715.235357,12683.20586,12054.994766,27898.544349,15570.107197
Pta,1080,14250.606371,6958.077012,26975.991007,12605.467061,32549.321126,17828.864017,7405.565794,16114.303405,11989.862832,11895.316582,26084.971415,14916.657054
Pta,1140,13788.366682,6859.335737,25738.233336,11643.193867,31351.396369,17393.916396,6859.335737,15963.020641,10454.027184,11147.355151,23510.744402,13975.363283
Pta,1200,12853.391097,6481.17894,24376.514783,10378.391818,30052.616667,17101.851621,6811.015589,15109.960004,10428.815386,11042.305022,22184.791383,13544.641518
Pta,1260,11267.112489,5916.048384,23888.992293,9699.778118,28678.205874,15864.266789,6126.133565,14908.25259,9277.486193,10435.118335,20573.087994,12647.488023
Pta,1320,10420.411456,5376.132333,22083.927512,8697.626764,27442.519894,15788.625634,5565.207524,13866.106782,8773.260333,9687.172352,18051.591854,11781.861249
Pta,1380,9390.937507,4909.749025,20905.091685,7934.9928,27137.804732,14864.12917,5056.806493,13511.02432,7628.260797,9451.86514,16786.67516,10825.902249
Pta,1440,8435.010834,4361.437448,19341.746145,6985.388453,24975.415545,13977.464371,4506.392969,13052.991588,6813.116465,9220.760604,15034.319656,9670.364668
Pta,1500,7498.005144,3888.758468,17910.81097,5934.956025,23428.790959,13294.61399,4205.978235,12262.997152,6611.432719,8176.597711,13183.257476,8867.802408
Pta,1560,6800.511214,3275.330903,16063.875781,5084.117199,21775.032801,12292.411681,3722.796376,11271.314504,5661.84615,7659.774298,11800.770459,7724.902244
Pta,1620,5848.821258,3151.385569,14622.501404,4611.433387,20528.961038,11754.547955,3266.927823,10872.124145,5201.763439,7170.266175,10605.298161,6892.949773
Pta,1680,5128.234516,2706.024467,13273.603313,4006.402719,18104.122106,10697.741695,2850.976593,10004.418137,4430.763965,6523.196262,9462.369909,5811.006028
Pta,1740,4537.905078,2451.833774,12464.69702,3411.881099,17206.910754,9592.629182,2582.080131,9928.783251,4107.240804,6166.04982,8071.551996,5084.117199
Pta,1800,3783.719124,1943.455131,10928.851058,2903.495553,15654.15267,9231.265339,2298.479501,8838.389304,3529.524557,5642.938582,6903.454162,4191.272651
Pta,1860,3479.105908,1771.195429,9603.133972,2495.949449,13981.666548,8338.368417,2048.491741,7916.084624,3294.237838,4922.353939,6088.318186,3846.742712
Pta,1920,3094.664895,1531.713125,8216.515123,2426.62483,12300.815834,7584.14192,2012.779276,7596.747311,2781.651626,4617.735817,5350.922346,3212.307825
Pta,1980,2592.583879,1195.598979,7470.693506,2086.304959,11491.92067,7086.230787,1577.928945,6981.186692,2376.206968,4056.821743,4842.522856,2594.684629
Pta,2040,2214.449903,1136.779167,6468.573748,1672.461398,10246.03012,6489.582402,1655.655619,6210.167812,2174.535879,3701.788544,3661.87368,2296.37876
Pta,2100,1922.447828,956.118625,5573.610878,1435.080144,9409.846077,6067.309652,1298.533766,5966.468771,2027.484407,3447.594271,3147.184036,1846.821588
Pta,2160,1735.483104,972.924237,4976.975258,1292.231632,8590.479347,5292.099078,1241.814579,5336.216524,1851.023043,2882.487964,2775.34936,1750.188176
Pta,2220,1472.893034,748.149501,4250.095004,1193.49827,7359.346164,5268.98995,1161.987652,4937.059674,1493.900203,2724.931249,2336.292853,1374.15942
Pta,2280,1250.217419,706.135611,3674.478371,916.205311,6827.822594,4445.469598,905.701811,4535.80427,1363.655852,2445.531537,1987.570488,1309.037324
Pta,2340,1145.181995,594.798924,3319.447092,783.861328,5834.115333,4319.421411,853.184336,3951.78215,1309.037324,2172.435142,1781.699057,1086.362225
Pta,2400,1101.067163,508.670663,2678.714679,651.517592,5359.325674,3771.114413,834.278054,3529.524557,1090.563636,1918.246368,1432.979428,916.205311
Pta,2460,958.219326,454.052796,2296.37876,729.243248,4884.539204,3649.268991,729.243248,3222.811667,993.931258,1842.620132,1237.613159,872.090622
Pta,2520,914.104611,338.515139,2010.678544,588.496852,4346.731833,3231.214742,580.094091,2920.301628,767.05576,1640.950566,1143.081288,760.753673
Pta,2580,792.264113,328.011725,1867.828869,475.059663,3869.851375,3063.15343,649.4169,2468.639742,735.545332,1458.188019,956.118625,620.007215
Pta,2640,712.437693,311.206266,1468.691601,351.119238,3340.45481,2773.248604,521.274792,2319.486916,649.4169,1456.087302,945.615119,601.100996
Pta,2700,714.538387,321.709678,1424.576567,430.94525,3336.253266,2556.87114,514.972727,2031.685873,590.597543,1342.648721,771.257152,477.16035
Pta,2760,563.288572,275.494679,1212.404648,338.515139,2924.503147,2441.330046,428.844564,1796.404139,561.187883,1096.865752,687.229369,542.281679
Pta,2820,577.993401,271.293317,1006.535474,283.897404,2609.389881,2561.072637,414.139766,1636.749123,523.375481,1157.786237,685.128676,409.938396
Pta,2880,632.611364,254.487871,928.809513,309.105584,2346.796565,2058.995411,397.334286,1365.756565,466.656915,1069.556586,556.986504,378.428127
Pta,2940,594.798924,307.004902,842.680845,239.783109,2182.93883,1869.929597,489.764474,1237.613159,393.132917,956.118625,500.267912,370.025391
PtaDA,0,103.23904,134.749187,151.554604,149.453926,82.232284,59.124859,92.735661,54.92351,65.426883,59.124859,80.131608,36.017441
PtaDA,60,57.024184,57.024184,73.829583,63.326208,57.024184,73.829583,96.937013,29.71542,71.728908,82.232284,50.722161,44.420138
PtaDA,120,57.024184,38.118115,63.326208,65.426883,61.225534,36.017441,52.822835,42.319464,42.319464,40.21879,59.124859,54.92351
PtaDA,180,67.527558,42.319464,38.118115,40.21879,61.225534,54.92351,46.520812,54.92351,40.21879,42.319464,48.621486,63.326208
PtaDA,240,33.916768,42.319464,27.614746,57.024184,69.628233,107.440392,33.916768,52.822835,54.92351,46.520812,50.722161,80.131608
PtaDA,300,27.614746,88.53431,75.930258,88.53431,40.21879,130.547833,54.92351,54.92351,36.017441,44.420138,71.728908,151.554604
PtaDA,360,40.21879,46.520812,147.353249,86.433635,80.131608,124.245803,59.124859,71.728908,33.916768,59.124859,130.547833,334.313773
PtaDA,420,44.420138,61.225534,254.487871,180.964093,57.024184,229.27971,96.937013,67.527558,59.124859,122.145126,191.467486,798.566202
PtaDA,480,82.232284,73.829583,435.146621,264.991274,61.225534,231.38039,222.977671,90.634986,54.92351,222.977671,294.400811,1426.677282
PtaDA,540,132.64851,63.326208,666.222439,260.789913,122.145126,298.602174,246.08515,136.849864,82.232284,231.38039,403.636341,2008.577811
PtaDA,600,159.957314,149.453926,926.708812,325.911043,141.051218,380.528811,451.95211,159.957314,128.447156,298.602174,525.476169,2823.666749
PtaDA,660,145.252572,260.789913,1182.994729,290.199448,153.655281,428.844564,664.121746,237.68243,149.453926,435.146621,643.114823,3315.245549
PtaDA,720,201.970879,262.890593,1401.468703,382.629495,216.675633,372.126074,666.222439,302.803538,176.762737,407.837711,641.014131,3663.974462
PtaDA,780,172.561381,367.924707,1617.842632,328.011725,227.179031,367.924707,859.486431,315.407631,197.769522,496.066536,594.798924,3413.981874
PtaDA,840,281.796722,323.81036,1827.91504,292.300129,346.917872,468.757602,1077.959405,407.837711,195.668843,470.858289,626.309289,3338.354038
PtaDA,900,254.487871,384.730179,1775.39688,330.112408,300.702856,521.274792,1252.318129,420.441822,267.091955,439.347993,485.563099,2867.782656
PtaDA,960,328.011725,502.368599,1872.030326,294.400811,405.737026,462.455542,1210.303939,414.139766,264.991274,422.542507,414.139766,2605.18838
PtaDA,1020,248.18583,458.254169,1580.029664,210.373595,277.59536,451.95211,1342.648721,422.542507,264.991274,395.233602,380.528811,2182.93883
PtaDA,1080,264.991274,475.059663,1598.936146,149.453926,290.199448,414.139766,1233.41174,437.247307,189.366807,401.535656,304.90422,1708.173691
PtaDA,1140,285.998085,447.750737,1432.979428,153.655281,283.897404,441.448679,1204.001813,317.508313,197.769522,290.199448,294.400811,1538.01528
PtaDA,1200,233.48107,399.434971,1130.477048,113.742421,269.192636,277.59536,1103.167869,346.917872,147.353249,298.602174,197.769522,1077.959405
PtaDA,1260,218.776312,466.656915,861.587129,82.232284,225.078351,256.588552,901.500412,264.991274,155.755959,235.58175,180.964093,846.882241
PtaDA,1320,199.8702,328.011725,697.732836,73.829583,206.172237,298.602174,806.968989,193.568164,204.071558,216.675633,187.266129,697.732836
PtaDA,1380,229.27971,346.917872,645.215515,75.930258,201.970879,304.90422,632.611364,178.863415,130.547833,172.561381,136.849864,546.483057
PtaDA,1440,147.353249,246.08515,575.892711,78.030933,151.554604,237.68243,420.441822,206.172237,86.433635,166.259347,128.447156,344.817188
PtaDA,1500,99.037688,227.179031,401.535656,80.131608,208.272916,199.8702,401.535656,151.554604,143.151895,145.252572,88.53431,285.998085
PtaDA,1560,122.145126,201.970879,290.199448,29.71542,143.151895,155.755959,311.206266,143.151895,92.735661,99.037688,84.332959,250.28651
PtaDA,1620,101.138364,166.259347,212.474275,78.030933,111.641745,141.051218,237.68243,136.849864,109.541068,78.030933,38.118115,233.48107
PtaDA,1680,82.232284,157.856636,166.259347,40.21879,86.433635,134.749187,212.474275,109.541068,88.53431,96.937013,86.433635,162.057992
PtaDA,1740,80.131608,153.655281,210.373595,52.822835,84.332959,117.943773,130.547833,99.037688,88.53431,99.037688,46.520812,143.151895
PtaDA,1800,84.332959,147.353249,138.950541,57.024184,86.433635,80.131608,113.742421,124.245803,69.628233,109.541068,54.92351,147.353249
PtaDA,1860,99.037688,241.88379,210.373595,42.319464,92.735661,126.34648,138.950541,107.440392,61.225534,78.030933,69.628233,128.447156
PtaDA,1920,69.628233,96.937013,109.541068,42.319464,138.950541,82.232284,84.332959,82.232284,54.92351,50.722161,59.124859,92.735661
PtaDA,1980,75.930258,101.138364,155.755959,54.92351,88.53431,73.829583,71.728908,69.628233,78.030933,65.426883,52.822835,78.030933
PtaDA,2040,71.728908,67.527558,88.53431,40.21879,107.440392,63.326208,107.440392,71.728908,63.326208,80.131608,71.728908,122.145126
PtaDA,2100,59.124859,99.037688,138.950541,52.822835,65.426883,105.339716,73.829583,54.92351,61.225534,90.634986,40.21879,73.829583
PtaDA,2160,44.420138,101.138364,151.554604,44.420138,101.138364,78.030933,107.440392,67.527558,52.822835,94.836337,50.722161,69.628233
PtaDA,2220,57.024184,65.426883,73.829583,48.621486,73.829583,75.930258,57.024184,50.722161,57.024184,73.829583,52.822835,75.930258
PtaDA,2280,36.017441,126.34648,78.030933,52.822835,69.628233,54.92351,141.051218,75.930258,46.520812,69.628233,69.628233,88.53431
PtaDA,2340,65.426883,78.030933,166.259347,42.319464,94.836337,40.21879,185.16545,54.92351,67.527558,63.326208,48.621486,67.527558
PtaDA,2400,46.520812,94.836337,210.373595,69.628233,132.64851,65.426883,88.53431,54.92351,36.017441,101.138364,38.118115,73.829583
PtaDA,2460,57.024184,52.822835,147.353249,50.722161,73.829583,73.829583,103.23904,71.728908,52.822835,71.728908,40.21879,46.520812
PtaDA,2520,25.514072,96.937013,296.501493,67.527558,111.641745,59.124859,113.742421,50.722161,31.816094,92.735661,59.124859,65.426883
PtaDA,2580,50.722161,94.836337,151.554604,50.722161,124.245803,50.722161,96.937013,33.916768,57.024184,92.735661,69.628233,54.92351
PtaDA,2640,69.628233,134.749187,241.88379,78.030933,69.628233,65.426883,92.735661,88.53431,61.225534,69.628233,57.024184,90.634986
PtaDA,2700,46.520812,73.829583,178.863415,78.030933,94.836337,46.520812,141.051218,57.024184,75.930258,71.728908,50.722161,84.332959
PtaDA,2760,52.822835,92.735661,103.23904,90.634986,101.138364,67.527558,78.030933,82.232284,54.92351,199.8702,46.520812,50.722161
PtaDA,2820,54.92351,73.829583,99.037688,86.433635,134.749187,59.124859,90.634986,86.433635,46.520812,73.829583,36.017441,48.621486
PtaDA,2880,63.326208,59.124859,187.266129,96.937013,130.547833,50.722161,86.433635,78.030933,73.829583,120.04445,36.017441,63.326208
PtaDA,2940,42.319464,155.755959,115.843097,78.030933,94.836337,40.21879,88.53431,50.722161,52.822835,82.232284,75.930258,67.527558
1042,0,101.138364,103.23904,88.53431,584.295472,78.030933,94.836337,65.426883,67.527558,75.930258,57.024184,80.131608,48.621486
1042,60,42.319464,52.822835,59.124859,588.496852,54.92351,46.520812,61.225534,63.326208,67.527558,50.722161,67.527558,44.420138
1042,120,44.420138,126.34648,155.755959,170.460703,38.118115,128.447156,50.722161,372.126074,33.916768,57.024184,107.440392,69.628233
1042,180,48.621486,1044.348134,695.632143,1155.68553,61.225534,1132.577754,67.527558,2029.58514,147.353249,101.138364,685.128676,141.051218
1042,240,117.943773,4332.02622,2871.984172,3773.215198,164.158669,5464.367359,344.817188,2714.42748,1004.434771,323.81036,3510.617559,588.496852
1042,300,594.798924,8804.774344,5628.2327,6790.00684,672.524517,11489.819656,1090.563636,3498.012897,2376.206968,628.409981,8067.35017,1613.64119
1042,360,1435.080144,11794.467388,9241.770076,9655.657948,1336.346583,17295.160546,2241.759512,3430.78807,4042.116191,1050.650246,12300.815834,2857.278866
1042,420,2706.024467,13408.07175,11428.890267,10888.932114,2143.024824,18995.041131,3363.563307,3241.718588,5596.720105,1378.360847,14027.890507,3722.796376
1042,480,3464.400476,13361.848196,12288.209604,11496.122699,2956.014551,19356.45488,4210.179831,2418.22185,6250.084115,1748.087452,14559.46821,3876.153739
1042,540,4254.296603,12078.106112,12178.95571,11290.223577,3437.090395,16267.687648,4342.530229,1911.944179,6558.911005,1714.475862,13103.417065,4025.309849
1042,600,4445.469598,9334.211827,10975.073022,10277.544788,3731.19951,12563.446124,3989.596385,1151.484116,6235.378106,1821.612859,10590.591246,3764.812058
1042,660,4239.591009,6815.21734,9208.154924,8930.830528,3800.525408,8260.634395,3451.795822,792.264113,5634.535221,1710.274415,7319.429236,3084.161072
1042,720,3947.580569,4592.5261,6811.015589,7130.349353,3603.051817,5014.790042,2813.162966,508.670663,5166.049381,1502.303073,4916.051482,2535.863654
1042,780,3084.161072,2991.727493,5287.897417,5264.788291,3189.199377,2588.38238,1823.713586,273.393998,4258.498201,1248.116709,3056.851138,1926.649288
1042,840,2598.886129,1853.123771,3544.230002,3979.092429,2779.55087,1311.138036,1300.634478,206.172237,3542.129224,1138.879874,1935.052209,1466.590884
1042,900,1970.764635,1138.879874,2056.894677,3012.735114,2529.56141,687.229369,926.708812,153.655281,2886.689481,901.500412,1128.376341,998.132663
1042,960,1378.360847,756.552282,1369.957992,2098.90937,2088.405694,370.025391,636.812748,73.829583,2014.880009,741.847416,855.285034,737.646027
1042,1020,1052.75095,433.045935,783.861328,1372.058706,1651.454175,250.28651,487.663786,86.433635,1533.813843,607.403068,521.274792,567.489952
1042,1080,819.573172,285.998085,491.865161,914.104611,1199.800396,212.474275,315.407631,78.030933,1210.303939,594.798924,365.824023,382.629495
1042,1140,657.819669,214.574954,376.327442,620.007215,1054.851655,124.245803,193.568164,63.326208,792.264113,435.146621,288.098766,258.689232
1042,1200,468.757602,162.057992,254.487871,414.139766,790.163416,111.641745,124.245803,90.634986,580.094091,420.441822,210.373595,178.863415
1042,1260,367.924707,155.755959,218.776312,304.90422,655.718976,109.541068,149.453926,57.024184,502.368599,317.508313,147.353249,153.655281
1042,1320,283.897404,141.051218,138.950541,252.387191,493.965849,84.332959,88.53431,86.433635,384.730179,206.172237,168.360025,90.634986
1042,1380,246.08515,69.628233,109.541068,187.266129,323.81036,42.319464,113.742421,92.735661,248.18583,237.68243,94.836337,134.749187
1042,1440,214.574954,96.937013,99.037688,138.950541,285.998085,52.822835,96.937013,57.024184,197.769522,185.16545,88.53431,103.23904
1042,1500,166.259347,96.937013,88.53431,96.937013,208.272916,67.527558,67.527558,46.520812,174.662059,185.16545,88.53431,75.930258
1042,1560,168.360025,75.930258,75.930258,107.440392,149.453926,44.420138,82.232284,65.426883,159.957314,122.145126,92.735661,86.433635
1042,1620,96.937013,96.937013,80.131608,57.024184,149.453926,57.024184,52.822835,82.232284,147.353249,90.634986,96.937013,86.433635
1042,1680,75.930258,71.728908,84.332959,103.23904,143.151895,33.916768,65.426883,86.433635,168.360025,117.943773,52.822835,71.728908
1042,1740,96.937013,73.829583,107.440392,84.332959,92.735661,40.21879,57.024184,75.930258,134.749187,111.641745,73.829583,73.829583
1042,1800,96.937013,73.829583,111.641745,75.930258,120.04445,54.92351,78.030933,75.930258,67.527558,94.836337,63.326208,57.024184
1042,1860,73.829583,136.849864,61.225534,59.124859,159.957314,52.822835,71.728908,69.628233,88.53431,63.326208,57.024184,57.024184
1042,1920,63.326208,101.138364,69.628233,65.426883,120.04445,46.520812,82.232284,73.829583,75.930258,63.326208,54.92351,52.822835
1042,1980,78.030933,94.836337,122.145126,94.836337,82.232284,50.722161,82.232284,59.124859,78.030933,78.030933,54.92351,59.124859
1042,2040,50.722161,128.447156,73.829583,54.92351,103.23904,23.413399,88.53431,107.440392,57.024184,101.138364,84.332959,65.426883
1042,2100,50.722161,136.849864,48.621486,69.628233,88.53431,69.628233,84.332959,94.836337,71.728908,92.735661,67.527558,36.017441
1042,2160,71.728908,101.138364,105.339716,50.722161,101.138364,65.426883,73.829583,71.728908,155.755959,84.332959,52.822835,50.722161
1042,2220,99.037688,80.131608,107.440392,52.822835,86.433635,69.628233,46.520812,61.225534,75.930258,65.426883,48.621486,65.426883
1042,2280,71.728908,59.124859,90.634986,69.628233,73.829583,96.937013,57.024184,107.440392,52.822835,147.353249,59.124859,50.722161
1042,2340,73.829583,84.332959,84.332959,71.728908,80.131608,61.225534,90.634986,63.326208,82.232284,86.433635,187.266129,50.722161
1042,2400,42.319464,101.138364,101.138364,44.420138,86.433635,75.930258,75.930258,59.124859,65.426883,155.755959,48.621486,52.822835
1042,2460,50.722161,63.326208,86.433635,48.621486,73.829583,65.426883,36.017441,84.332959,122.145126,71.728908,94.836337,46.520812
1042,2520,67.527558,82.232284,103.23904,50.722161,57.024184,65.426883,94.836337,50.722161,54.92351,80.131608,75.930258,44.420138
1042,2580,65.426883,67.527558,101.138364,54.92351,88.53431,71.728908,59.124859,63.326208,132.64851,88.53431,54.92351,38.118115
1042,2640,52.822835,88.53431,96.937013,52.822835,65.426883,88.53431,132.64851,92.735661,59.124859,54.92351,86.433635,73.829583
1042,2700,65.426883,90.634986,124.245803,48.621486,67.527558,71.728908,65.426883,84.332959,80.131608,61.225534,88.53431,86.433635
1042,2760,44.420138,103.23904,172.561381,75.930258,52.822835,50.722161,57.024184,71.728908,75.930258,75.930258,88.53431,40.21879
1042,2820,84.332959,101.138364,149.453926,54.92351,65.426883,42.319464,172.561381,92.735661,65.426883,61.225534,52.822835,44.420138
1042,2880,69.628233,136.849864,138.950541,57.024184,75.930258,75.930258,73.829583,65.426883,71.728908,153.655281,38.118115,126.34648
1042,2940,48.621486,147.353249,187.266129,71.728908,59.124859,57.024184,90.634986,99.037688,94.836337,75.930258,52.822835,46.520812
154,0,105.339716,105.339716,80.131608,61.225534,101.138364,96.937013,67.527558,63.326208,71.728908,96.937013,71.728908,52.822835
154,60,52.822835,65.426883,48.621486,31.816094,63.326208,67.527558,36.017441,46.520812,57.024184,63.326208,57.024184,61.225534
154,120,46.520812,71.728908,52.822835,31.816094,59.124859,46.520812,59.124859,63.326208,52.822835,46.520812,38.118115,46.520812
154,180,48.621486,44.420138,50.722161,54.92351,46.520812,50.722161,38.118115,36.017441,44.420138,50.722161,59.124859,57.024184
154,240,29.71542,63.326208,44.420138,31.816094,40.21879,57.024184,65.426883,61.225534,40.21879,38.118115,54.92351,38.118115
154,300,46.520812,59.124859,33.916768,40.21879,48.621486,31.816094,48.621486,61.225534,54.92351,69.628233,69.628233,44.420138
154,360,48.621486,42.319464,27.614746,33.916768,31.816094,29.71542,59.124859,44.420138,31.816094,52.822835,38.118115,90.634986
154,420,44.420138,48.621486,38.118115,38.118115,33.916768,27.614746,59.124859,46.520812,44.420138,48.621486,54.92351,48.621486
154,480,42.319464,52.822835,33.916768,40.21879,50.722161,40.21879,57.024184,46.520812,46.520812,61.225534,33.916768,59.124859
154,540,31.816094,61.225534,54.92351,40.21879,42.319464,38.118115,61.225534,52.822835,40.21879,48.621486,38.118115,40.21879
154,600,42.319464,40.21879,44.420138,40.21879,29.71542,73.829583,44.420138,29.71542,67.527558,44.420138,61.225534,48.621486
154,660,109.541068,40.21879,38.118115,36.017441,52.822835,40.21879,48.621486,75.930258,38.118115,29.71542,31.816094,48.621486
154,720,33.916768,52.822835,50.722161,27.614746,38.118115,59.124859,44.420138,38.118115,46.520812,46.520812,52.822835,42.319464
154,780,44.420138,61.225534,38.118115,59.124859,40.21879,31.816094,29.71542,42.319464,29.71542,31.816094,54.92351,46.520812
154,840,61.225534,46.520812,63.326208,42.319464,54.92351,36.017441,57.024184,57.024184,50.722161,57.024184,31.816094,54.92351
154,900,54.92351,46.520812,27.614746,36.017441,36.017441,33.916768,69.628233,59.124859,48.621486,54.92351,42.319464,42.319464
154,960,61.225534,38.118115,52.822835,57.024184,54.92351,44.420138,29.71542,46.520812,40.21879,33.916768,42.319464,63.326208
154,1020,52.822835,52.822835,29.71542,52.822835,27.614746,52.822835,40.21879,61.225534,52.822835,46.520812,46.520812,40.21879
154,1080,61.225534,65.426883,46.520812,50.722161,33.916768,40.21879,52.822835,40.21879,50.722161,44.420138,36.017441,59.124859
154,1140,36.017441,27.614746,52.822835,36.017441,38.118115,46.520812,48.621486,36.017441,50.722161,59.124859,36.017441,61.225534
154,1200,52.822835,36.017441,46.520812,33.916768,42.319464,40.21879,27.614746,40.21879,42.319464,42.319464,44.420138,46.520812
154,1260,48.621486,46.520812,48.621486,31.816094,48.621486,52.822835,36.017441,33.916768,40.21879,42.319464,48.621486,59.124859
154,1320,61.225534,50.722161,31.816094,36.017441,33.916768,44.420138,29.71542,67.527558,46.520812,52.822835,31.816094,73.829583
154,1380,40.21879,50.722161,57.024184,40.21879,57.024184,46.520812,29.71542,54.92351,61.225534,44.420138,50.722161,52.822835
154,1440,27.614746,75.930258,50.722161,31.816094,31.816094,38.118115,44.420138,33.916768,48.621486,33.916768,38.118115,82.232284
154,1500,42.319464,36.017441,36.017441,33.916768,46.520812,52.822835,31.816094,52.822835,42.319464,38.118115,54.92351,75.930258
154,1560,52.822835,29.71542,31.816094,80.131608,31.816094,33.916768,52.822835,67.527558,57.024184,29.71542,36.017441,75.930258
154,1620,44.420138,31.816094,59.124859,59.124859,40.21879,38.118115,25.514072,38.118115,71.728908,42.319464,44.420138,105.339716
154,1680,63.326208,63.326208,40.21879,31.816094,40.21879,48.621486,33.916768,46.520812,29.71542,36.017441,38.118115,67.527558
154,1740,82.232284,38.118115,46.520812,42.319464,78.030933,38.118115,44.420138,54.92351,48.621486,38.118115,29.71542,44.420138
154,1800,46.520812,40.21879,48.621486,40.21879,31.816094,31.816094,29.71542,422.542507,115.843097,57.024184,38.118115,99.037688
154,1860,75.930258,52.822835,31.816094,52.822835,48.621486,42.319464,40.21879,38.118115,33.916768,38.118115,38.118115,151.554604
154,1920,25.514072,27.614746,52.822835,36.017441,59.124859,50.722161,29.71542,71.728908,54.92351,57.024184,57.024184,73.829583
154,1980,54.92351,40.21879,27.614746,65.426883,33.916768,31.816094,42.319464,44.420138,113.742421,42.319464,23.413399,54.92351
154,2040,71.728908,46.520812,27.614746,36.017441,40.21879,38.118115,46.520812,29.71542,90.634986,48.621486,46.520812,82.232284
154,2100,86.433635,40.21879,46.520812,23.413399,27.614746,57.024184,40.21879,65.426883,54.92351,111.641745,40.21879,75.930258
154,2160,69.628233,42.319464,40.21879,36.017441,63.326208,38.118115,71.728908,54.92351,50.722161,50.722161,40.21879,90.634986
154,2220,42.319464,38.118115,40.21879,52.822835,27.614746,33.916768,38.118115,38.118115,44.420138,44.420138,44.420138,94.836337
154,2280,84.332959,40.21879,46.520812,46.520812,52.822835,73.829583,78.030933,46.520812,63.326208,61.225534,40.21879,36.017441
154,2340,103.23904,38.118115,38.118115,52.822835,54.92351,33.916768,48.621486,57.024184,59.124859,42.319464,48.621486,46.520812
154,2400,48.621486,31.816094,44.420138,59.124859,40.21879,50.722161,36.017441,48.621486,52.822835,44.420138,38.118115,71.728908
154,2460,73.829583,59.124859,42.319464,54.92351,40.21879,40.21879,57.024184,61.225534,155.755959,33.916768,40.21879,136.849864
154,2520,71.728908,44.420138,50.722161,40.21879,67.527558,44.420138,27.614746,40.21879,46.520812,33.916768,52.822835,330.112408
154,2580,71.728908,40.21879,33.916768,69.628233,46.520812,33.916768,50.722161,52.822835,52.822835,50.722161,33.916768,42.319464
154,2640,54.92351,48.621486,9966.600684,40.21879,54.92351,57.024184,57.024184,90.634986,46.520812,33.916768,42.319464,88.53431
154,2700,75.930258,33.916768,2472.841235,42.319464,42.319464,31.816094,42.319464,78.030933,52.822835,50.722161,42.319464,52.822835
154,2760,117.943773,42.319464,1951.858054,52.822835,36.017441,46.520812,46.520812,44.420138,57.024184,27.614746,80.131608,46.520812
154,2820,132.64851,61.225534,441.448679,107.440392,63.326208,54.92351,46.520812,46.520812,33.916768,42.319464,44.420138,57.024184
154,2880,111.641745,48.621486,382.629495,52.822835,63.326208,71.728908,94.836337,46.520812,197.769522,36.017441,61.225534,44.420138
154,2940,40.21879,52.822835,319.608995,46.520812,46.520812,33.916768,44.420138,96.937013,134.749187,46.520812,59.124859,50.722161
1787,0,122.145126,109.541068,82.232284,71.728908,69.628233,61.225534,82.232284,92.735661,101.138364,73.829583,61.225534,50.722161
1787,60,99.037688,73.829583,57.024184,172.561381,90.634986,92.735661,59.124859,147.353249,54.92351,63.326208,128.447156,80.131608
1787,120,1374.15942,424.643193,82.232284,1647.252731,754.451587,628.409981,945.615119,2031.685873,512.872039,561.187883,1130.477048,4754.288606
1787,180,5905.544142,1777.497605,122.145126,5376.132333,2926.603907,3218.61013,6088.318186,9827.936862,3722.796376,3504.315228,3010.634351,19472.023619
1787,240,14240.10089,4395.050296,298.602174,11796.568412,6651.349248,7027.406075,13090.810692,18177.664525,8859.398663,8224.918792,6329.916787,28846.328084
1787,300,22117.548786,8481.231167,680.927289,20186.452749,10470.835055,9550.610035,18396.191021,24689.623672,12372.251176,11580.163329,8941.33522,34348.348008
1787,360,28507.982543,13029.879924,949.816521,26150.116335,14011.081791,11575.961295,21062.688919,27127.297336,14538.457158,14918.75817,12483.606412,37067.991893
1787,420,33516.082219,16608.075789,1302.735189,30809.184466,16856.013861,12126.42986,22741.646595,28968.216936,15752.906228,16439.982675,14378.773365,39041.585675
1787,480,36977.615648,19732.579289,1470.792317,33957.434069,19049.673323,12437.383463,23939.425498,30653.667091,15767.614217,17658.666803,15841.154206,39216.038041
1787,540,38532.943883,21884.301524,1729.180931,36000.298515,20396.580337,12559.244031,23752.402544,30191.320157,15826.446202,18139.8427,16572.355969,39672.13843
1787,600,39951.685283,23327.925313,1935.052209,36803.168803,20842.052889,12458.393891,24130.651728,30554.892719,16687.920158,18589.503485,17543.101027,38316.456958
1787,660,42202.813383,25004.835363,2147.226297,37500.958762,21609.028719,12153.743297,23901.600591,30426.6964,16112.202253,19289.214973,17881.394104,38390.020402
1787,720,42282.686658,25437.728375,2258.56543,37488.348039,22056.610238,11916.326849,24328.182662,29340.189389,16458.89313,19253.493798,17877.191695,36925.071372
1787,780,42452.943151,25450.336949,2369.904738,36759.031718,21995.671743,11771.356135,24489.990327,28884.155636,16208.855296,19385.872359,17946.531466,36649.740007
1787,840,42125.042122,25683.595975,2512.755427,36181.048622,22228.919372,10651.519913,23962.540729,27379.47527,15677.265193,19577.086274,18305.838638,35062.92746
1787,900,41513.384653,25866.421155,2420.322595,36256.711595,21512.368293,9607.335889,23512.845773,26238.37729,14981.791685,18778.614015,18297.433771,33583.335657
1787,960,40159.769749,25507.075561,2609.389881,35071.334321,21228.69172,9447.663232,23098.876776,24794.694079,14609.894761,18696.666056,17786.839975,31834.767075
1787,1020,39144.575574,24731.651816,2647.203399,34583.738089,20863.065815,8470.726543,22565.133525,23916.310275,13866.106782,17984.353187,17272.047495,30012.686924
1787,1080,37740.562926,23697.766717,2699.722207,33175.612675,19936.401732,7729.104049,21747.715647,21724.60114,12823.976335,17622.946452,17148.07762,28178.044661
1787,1140,37131.045155,22529.410695,2722.830495,31855.783267,19335.442402,6987.489333,21379.98575,20272.604984,11809.174553,17891.900126,17288.856986,26011.420772
1787,1200,35264.692378,22277.250058,2430.82632,31235.808212,18289.028905,6430.758186,20066.680303,19091.698115,10311.160448,16958.971451,16595.468791,23502.338916
1787,1260,33593.844012,20623.518834,2493.848702,30155.593474,17770.030366,5928.653477,19669.541539,17929.721818,10101.062831,16303.407315,16387.453659,21045.878531
1787,1320,32192.043198,20049.870151,2325.789142,28926.186274,16803.484536,5235.376686,18257.510666,16332.823524,8695.525833,16019.751639,15580.612876,18429.810542
1787,1380,29754.194927,19028.660937,2390.912174,27764.048351,15563.803791,4745.88535,17272.047495,14475.424038,8061.047433,14723.354632,14540.558263,15509.174292
1787,1440,28966.115403,17452.749734,2252.26321,25851.711066,14532.153843,4434.965574,16343.329316,13244.188377,7151.358204,13716.929909,13380.757828,13315.624672
1787,1500,26345.551455,16702.628341,2021.182208,25198.165895,13357.646056,3974.890847,15202.409428,11573.860278,6243.781539,12847.087933,12376.453257,10844.811202
1787,1560,23708.273604,16349.632792,1966.563172,23264.884357,13010.970385,3422.384971,13908.128493,9853.148446,5590.417588,11865.902219,11309.132655,9248.072919
1787,1620,21972.557155,15095.252152,2103.11084,20961.826649,12002.469008,3411.881099,12183.15778,8861.499599,5016.890864,11122.143106,10185.101803,7584.14192
1787,1680,20293.617741,14042.598137,1664.058508,20341.947104,10832.205233,2850.976593,11281.819544,7277.41144,4523.199425,10134.678408,8874.105217,6061.007092
1787,1740,18137.741488,13076.103261,1609.439748,17683.881179,9806.927216,2680.815431,10393.098688,6327.815926,3783.719124,9237.568181,7970.708256,5039.999909
1787,1800,16240.372622,11725.133651,1701.87152,16047.066581,9237.568181,2229.155076,8834.187433,5342.519019,3332.051722,8323.661974,6922.362067,4418.159138
1787,1860,14691.837983,10998.184015,1378.360847,14574.17595,8783.765002,2014.880009,8176.597711,4582.022054,3054.750375,7285.814997,5880.333966,3710.191676
1787,1920,13525.731842,10227.121326,1302.735189,12979.4545,8035.836488,1958.160247,7264.806107,3710.191676,2853.077351,6369.833157,4895.043295,2829.96902
1787,1980,12118.025728,9332.110877,1359.454425,11622.183682,7077.827254,1674.562121,6384.539194,3184.997842,2582.080131,5584.115071,4600.929338,2403.516639
1787,2040,10638.913977,8758.553799,1218.706775,10643.115956,6703.871031,1256.519549,5859.325492,2708.12522,2069.499082,5021.092508,3777.416768,1897.239072
1787,2100,9821.633968,7666.077,1189.296854,9594.73014,5865.628034,1294.332343,4857.228575,2296.37876,1989.67122,4256.397402,3292.137067,1584.231104
1787,2160,8392.992376,7082.02902,1031.743912,8420.304371,5220.670889,1204.001813,4590.425291,1846.821588,1601.036866,3640.865866,2823.666749,1422.475852
1787,2220,7672.379702,6708.072776,1067.455881,7699.691419,4684.961772,859.486431,4250.095004,1764.893252,1500.202356,3304.741692,2758.543319,1182.994729
1787,2280,7527.41769,6187.058384,926.708812,6659.752731,4374.042264,861.587129,3508.516782,1554.821031,1367.857279,2876.185689,2329.990626,966.622132
1787,2340,6281.597001,5317.309044,821.673869,5678.652881,3943.378989,796.465506,3285.834755,1411.972277,1180.894021,2369.904738,2264.86765,848.982939
1787,2400,5825.711948,5180.755167,912.003911,5061.008139,3588.346359,739.746721,2907.697071,1069.556586,1187.196145,2098.90937,1798.504866,680.927289
1787,2460,5518.989097,4573.618818,775.458543,4815.212243,3172.393238,701.934224,2523.259166,924.608112,1067.455881,1962.36171,1674.562121,613.705141
1787,2520,4808.909795,4124.047165,800.666899,4336.227823,2775.34936,567.489952,2376.206968,771.257152,981.327045,1802.706318,1626.245516,500.267912
1787,2580,4546.308309,4010.604303,794.364809,3699.687761,2674.513174,565.389262,2126.218933,741.847416,947.71582,1571.626786,1393.065846,426.743878
1787,2640,4271.102999,3687.083065,752.350892,3325.749406,2361.501765,498.167224,1943.455131,657.819669,823.774566,1269.123812,1206.102522,506.569975
1787,2700,3716.494025,3561.03623,710.336999,2798.457672,2367.803994,483.462411,1729.180931,704.034918,817.472474,1227.109612,1134.678461,420.441822
1787,2760,3399.276455,3159.788636,636.812748,2546.367396,2090.506429,380.528811,1491.799486,544.382368,575.892711,1166.189067,1044.348134,365.824023
1787,2820,3359.361762,2792.155404,628.409981,2405.617383,1968.663903,428.844564,1483.396618,483.462411,609.503759,943.514418,1019.139692,414.139766
1787,2880,3052.649611,2708.12522,601.100996,2134.621878,1941.354401,403.636341,1199.800396,384.730179,687.229369,867.889225,872.090622,250.28651
1787,2940,2790.054649,2405.617383,634.712056,2006.477079,1701.87152,334.313773,1212.404648,405.737026,538.080301,685.128676,903.601111,197.769522
133,0,134.749187,82.232284,63.326208,78.030933,59.124859,52.822835,46.520812,90.634986,151.554604,69.628233,42.319464,50.722161
133,60,63.326208,50.722161,50.722161,80.131608,61.225534,40.21879,52.822835,65.426883,151.554604,48.621486,46.520812,59.124859
133,120,57.024184,36.017441,38.118115,38.118115,31.816094,52.822835,44.420138,67.527558,141.051218,96.937013,42.319464,33.916768
133,180,52.822835,42.319464,63.326208,33.916768,46.520812,44.420138,44.420138,46.520812,174.662059,54.92351,44.420138,40.21879
133,240,40.21879,38.118115,29.71542,46.520812,36.017441,50.722161,38.118115,31.816094,130.547833,38.118115,78.030933,40.21879
133,300,71.728908,57.024184,38.118115,36.017441,38.118115,46.520812,59.124859,52.822835,166.259347,117.943773,42.319464,59.124859
133,360,48.621486,50.722161,48.621486,36.017441,38.118115,50.722161,31.816094,78.030933,147.353249,48.621486,42.319464,31.816094
133,420,36.017441,57.024184,40.21879,40.21879,86.433635,59.124859,59.124859,57.024184,170.460703,54.92351,44.420138,40.21879
133,480,42.319464,38.118115,52.822835,50.722161,50.722161,50.722161,38.118115,54.92351,130.547833,46.520812,38.118115,57.024184
133,540,46.520812,54.92351,50.722161,67.527558,65.426883,31.816094,36.017441,48.621486,96.937013,42.319464,42.319464,52.822835
133,600,38.118115,50.722161,33.916768,48.621486,63.326208,42.319464,57.024184,46.520812,155.755959,59.124859,40.21879,52.822835
133,660,46.520812,44.420138,44.420138,25.514072,46.520812,48.621486,59.124859,69.628233,124.245803,40.21879,38.118115,40.21879
133,720,36.017441,36.017441,54.92351,40.21879,50.722161,57.024184,42.319464,42.319464,103.23904,36.017441,57.024184,38.118115
133,780,48.621486,36.017441,42.319464,33.916768,40.21879,40.21879,40.21879,50.722161,107.440392,33.916768,38.118115,69.628233
133,840,57.024184,44.420138,29.71542,61.225534,31.816094,61.225534,59.124859,44.420138,103.23904,38.118115,40.21879,54.92351
133,900,69.628233,36.017441,42.319464,69.628233,38.118115,40.21879,67.527558,42.319464,141.051218,73.829583,36.017441,33.916768
133,960,48.621486,96.937013,38.118115,54.92351,48.621486,38.118115,36.017441,42.319464,73.829583,31.816094,48.621486,29.71542
133,1020,44.420138,42.319464,36.017441,40.21879,48.621486,59.124859,52.822835,63.326208,88.53431,54.92351,46.520812,44.420138
133,1080,46.520812,42.319464,44.420138,57.024184,36.017441,44.420138,36.017441,36.017441,99.037688,48.621486,38.118115,54.92351
133,1140,42.319464,42.319464,36.017441,29.71542,54.92351,46.520812,61.225534,40.21879,86.433635,40.21879,31.816094,59.124859
133,1200,40.21879,59.124859,54.92351,52.822835,38.118115,50.722161,50.722161,50.722161,126.34648,59.124859,38.118115,54.92351
133,1260,38.118115,46.520812,50.722161,31.816094,65.426883,52.822835,38.118115,75.930258,86.433635,40.21879,54.92351,88.53431
133,1320,31.816094,61.225534,44.420138,44.420138,67.527558,46.520812,57.024184,65.426883,96.937013,46.520812,31.816094,38.118115
133,1380,38.118115,36.017441,67.527558,82.232284,48.621486,36.017441,44.420138,31.816094,65.426883,44.420138,69.628233,46.520812
133,1440,48.621486,36.017441,54.92351,57.024184,48.621486,57.024184,33.916768,59.124859,88.53431,38.118115,38.118115,71.728908
133,1500,40.21879,29.71542,50.722161,42.319464,33.916768,48.621486,48.621486,65.426883,80.131608,33.916768,40.21879,75.930258
133,1560,44.420138,69.628233,40.21879,59.124859,42.319464,63.326208,50.722161,52.822835,78.030933,31.816094,40.21879,67.527558
133,1620,46.520812,54.92351,61.225534,29.71542,40.21879,59.124859,48.621486,42.319464,109.541068,38.118115,42.319464,27.614746
133,1680,27.614746,90.634986,40.21879,73.829583,48.621486,44.420138,40.21879,44.420138,101.138364,36.017441,29.71542,50.722161
133,1740,52.822835,48.621486,61.225534,38.118115,46.520812,50.722161,50.722161,48.621486,86.433635,23.413399,50.722161,23.413399
133,1800,46.520812,65.426883,40.21879,33.916768,46.520812,57.024184,48.621486,59.124859,94.836337,40.21879,36.017441,46.520812
133,1860,46.520812,36.017441,38.118115,50.722161,69.628233,46.520812,33.916768,27.614746,75.930258,61.225534,71.728908,52.822835
133,1920,38.118115,61.225534,42.319464,29.71542,65.426883,44.420138,80.131608,29.71542,86.433635,38.118115,52.822835,52.822835
133,1980,29.71542,44.420138,40.21879,42.319464,67.527558,69.628233,42.319464,29.71542,96.937013,132.64851,40.21879,61.225534
133,2040,36.017441,42.319464,73.829583,52.822835,82.232284,59.124859,54.92351,38.118115,75.930258,84.332959,48.621486,78.030933
133,2100,48.621486,44.420138,33.916768,31.816094,50.722161,44.420138,50.722161,48.621486,107.440392,59.124859,65.426883,52.822835
133,2160,38.118115,31.816094,50.722161,42.319464,38.118115,54.92351,36.017441,46.520812,115.843097,40.21879,61.225534,42.319464
133,2220,42.319464,80.131608,40.21879,31.816094,48.621486,75.930258,57.024184,38.118115,147.353249,29.71542,57.024184,33.916768
133,2280,50.722161,33.916768,36.017441,46.520812,38.118115,59.124859,52.822835,36.017441,187.266129,52.822835,59.124859,241.88379
133,2340,44.420138,42.319464,44.420138,48.621486,57.024184,38.118115,71.728908,40.21879,162.057992,40.21879,33.916768,33.916768
133,2400,31.816094,25.514072,38.118115,27.614746,40.21879,52.822835,69.628233,59.124859,134.749187,46.520812,40.21879,71.728908
133,2460,33.916768,67.527558,38.118115,46.520812,52.822835,65.426883,48.621486,42.319464,122.145126,80.131608,38.118115,46.520812
133,2520,38.118115,52.822835,48.621486,59.124859,40.21879,44.420138,36.017441,73.829583,151.554604,38.118115,67.527558,57.024184
133,2580,42.319464,80.131608,46.520812,88.53431,48.621486,63.326208,65.426883,86.433635,107.440392,128.447156,52.822835,48.621486
133,2640,42.319464,78.030933,27.614746,50.722161,44.420138,46.520812,40.21879,31.816094,96.937013,27.614746,50.722161,75.930258
133,2700,48.621486,40.21879,46.520812,42.319464,50.722161,36.017441,52.822835,78.030933,115.843097,90.634986,42.319464,23.413399
133,2760,29.71542,48.621486,44.420138,31.816094,52.822835,46.520812,48.621486,36.017441,138.950541,75.930258,46.520812,67.527558
133,2820,52.822835,33.916768,33.916768,38.118115,31.816094,50.722161,54.92351,267.091955,120.04445,29.71542,38.118115,101.138364
133,2880,38.118115,44.420138,84.332959,40.21879,50.722161,44.420138,52.822835,101.138364,111.641745,52.822835,40.21879,42.319464
133,2940,61.225534,46.520812,57.024184,78.030933,29.71542,40.21879,130.547833,38.118115,113.742421,54.92351,80.131608,52.822835
1877,0,151.554604,88.53431,63.326208,86.433635,75.930258,75.930258,78.030933,57.024184,71.728908,109.541068,46.520812,73.829583
1877,60,120.04445,52.822835,46.520812,71.728908,38.118115,42.319464,50.722161,78.030933,63.326208,42.319464,59.124859,48.621486
1877,120,57.024184,71.728908,36.017441,61.225534,50.722161,44.420138,50.722161,88.53431,141.051218,40.21879,54.92351,71.728908
1877,180,92.735661,307.004902,63.326208,386.830864,525.476169,52.822835,82.232284,309.105584,334.313773,90.634986,99.037688,1302.735189
1877,240,296.501493,2227.054337,80.131608,3287.935526,3212.307825,82.232284,645.215515,1172.49119,636.812748,743.948111,1063.254472,6624.037937
1877,300,1546.418155,6027.393452,134.749187,8878.307091,8361.478548,208.272916,3176.594772,2777.450115,958.219326,2750.1403,4308.917406,13349.241778
1877,360,3235.41628,10746.064499,309.105584,16515.624527,13632.886739,504.469287,6542.104065,4869.833479,1086.362225,4947.563773,8495.937643,17467.458077
1877,420,4678.659336,14240.10089,645.215515,20970.231833,17185.898915,1002.334068,9531.701428,6033.696009,1340.548008,6191.260098,11779.760226,18431.911763
1877,480,6071.511358,17763.726763,1080.06011,22981.200753,18663.046409,1632.54768,11227.193354,6699.669287,1330.044445,6384.539194,12926.928055,16795.079847
1877,540,6651.349248,18148.247548,1285.929498,21577.509,16996.792645,2231.255815,11723.03263,6279.496141,1090.563636,5550.501658,12078.106112,13626.583505
1877,600,6199.663526,17696.488371,1393.065846,18637.831683,13698.020187,2493.848702,11699.9214,5537.896632,827.975961,4542.106694,10565.3794,9691.374274
1877,660,6115.629291,15525.983364,1626.245516,15408.319943,10964.568027,2800.558428,10239.727188,4997.983469,550.684436,3140.881737,8458.120997,6067.309652
1877,720,5386.636497,12244.087819,1720.778034,10756.569461,7153.45909,2603.08763,8872.004281,3886.65768,357.421288,2073.700551,6153.444684,3401.377229
1877,780,4401.352707,9630.446435,1634.648401,7275.310551,4584.122863,2203.946211,7071.524604,3077.858779,355.320605,1145.181995,4134.551143,1880.43324
1877,840,3325.749406,6943.370856,1525.41097,4878.23675,2634.59889,1939.25367,5262.687462,2266.96839,359.521972,664.121746,2571.576383,930.910213
1877,900,2523.259166,4642.945543,1363.655852,2947.611509,1386.763703,1491.799486,3997.999552,1649.353453,231.38039,346.917872,1645.15201,575.892711
1877,960,1630.446959,3010.634351,1235.51245,1720.778034,708.236305,1155.68553,2685.016937,1103.167869,180.964093,267.091955,1019.139692,304.90422
1877,1020,1315.33946,1983.369025,1073.757995,1042.24743,426.743878,790.163416,1846.821588,794.364809,128.447156,176.762737,823.774566,262.890593
1877,1080,836.378752,1220.807484,848.982939,685.128676,189.366807,624.208598,1161.987652,599.000305,147.353249,107.440392,416.240451,250.28651
1877,1140,603.201687,853.184336,651.517592,441.448679,149.453926,449.851423,802.767596,426.743878,88.53431,73.829583,340.615822,159.957314
1877,1200,370.025391,512.872039,533.878924,315.407631,101.138364,294.400811,464.556229,367.924707,71.728908,92.735661,233.48107,107.440392
1877,1260,359.521972,330.112408,414.139766,233.48107,92.735661,267.091955,420.441822,296.501493,65.426883,61.225534,157.856636,111.641745
1877,1320,222.977671,252.387191,346.917872,185.16545,78.030933,157.856636,288.098766,239.783109,69.628233,48.621486,187.266129,105.339716
1877,1380,159.957314,174.662059,323.81036,145.252572,86.433635,180.964093,214.574954,185.16545,82.232284,69.628233,153.655281,153.655281
1877,1440,193.568164,187.266129,264.991274,124.245803,103.23904,99.037688,237.68243,201.970879,75.930258,61.225534,138.950541,126.34648
1877,1500,128.447156,191.467486,243.98447,120.04445,71.728908,86.433635,145.252572,122.145126,63.326208,80.131608,107.440392,149.453926
1877,1560,183.064772,168.360025,159.957314,96.937013,105.339716,82.232284,136.849864,128.447156,67.527558,94.836337,143.151895,294.400811
1877,1620,61.225534,109.541068,143.151895,90.634986,164.158669,61.225534,99.037688,138.950541,88.53431,61.225534,122.145126,330.112408
1877,1680,147.353249,155.755959,113.742421,92.735661,141.051218,69.628233,157.856636,126.34648,107.440392,44.420138,180.964093,367.924707
1877,1740,143.151895,115.843097,84.332959,65.426883,141.051218,63.326208,107.440392,162.057992,65.426883,71.728908,231.38039,269.192636
1877,1800,111.641745,166.259347,90.634986,88.53431,132.64851,48.621486,168.360025,134.749187,75.930258,44.420138,233.48107,193.568164
1877,1860,92.735661,155.755959,101.138364,126.34648,170.460703,67.527558,130.547833,166.259347,63.326208,59.124859,319.608995,170.460703
1877,1920,101.138364,149.453926,82.232284,176.762737,256.588552,59.124859,115.843097,130.547833,42.319464,36.017441,290.199448,195.668843
1877,1980,136.849864,168.360025,78.030933,172.561381,206.172237,115.843097,117.943773,117.943773,84.332959,48.621486,309.105584,254.487871
1877,2040,84.332959,159.957314,94.836337,243.98447,183.064772,44.420138,113.742421,113.742421,38.118115,63.326208,307.004902,313.306948
1877,2100,128.447156,130.547833,69.628233,162.057992,107.440392,122.145126,185.16545,126.34648,52.822835,46.520812,254.487871,393.132917
1877,2160,109.541068,157.856636,101.138364,210.373595,143.151895,78.030933,193.568164,128.447156,67.527558,54.92351,313.306948,439.347993
1877,2220,120.04445,225.078351,65.426883,225.078351,111.641745,67.527558,107.440392,128.447156,126.34648,44.420138,296.501493,433.045935
1877,2280,109.541068,313.306948,73.829583,178.863415,176.762737,71.728908,109.541068,145.252572,113.742421,67.527558,296.501493,346.917872
1877,2340,120.04445,214.574954,94.836337,296.501493,168.360025,96.937013,151.554604,67.527558,132.64851,52.822835,296.501493,514.972727
1877,2400,147.353249,214.574954,61.225534,323.81036,302.803538,71.728908,168.360025,132.64851,191.467486,59.124859,239.783109,563.288572
1877,2460,199.8702,304.90422,84.332959,445.650051,414.139766,78.030933,273.393998,157.856636,101.138364,42.319464,260.789913,601.100996
1877,2520,145.252572,243.98447,59.124859,475.059663,451.95211,84.332959,220.876992,149.453926,90.634986,52.822835,201.970879,674.62521
1877,2580,185.16545,258.689232,52.822835,439.347993,508.670663,105.339716,283.897404,120.04445,80.131608,48.621486,325.911043,666.222439
1877,2640,149.453926,159.957314,50.722161,332.213091,519.174104,78.030933,298.602174,248.18583,117.943773,71.728908,317.508313,626.309289
1877,2700,271.293317,185.16545,69.628233,279.696041,741.847416,99.037688,256.588552,193.568164,111.641745,57.024184,401.535656,613.705141
1877,2760,243.98447,252.387191,157.856636,315.407631,796.465506,122.145126,237.68243,227.179031,166.259347,80.131608,395.233602,529.677546
1877,2820,227.179031,290.199448,57.024184,346.917872,746.048806,115.843097,180.964093,311.206266,71.728908,75.930258,548.583746,615.805833
1877,2880,460.354855,304.90422,82.232284,439.347993,685.128676,78.030933,248.18583,517.073416,103.23904,88.53431,506.569975,601.100996
1877,2940,328.011725,401.535656,82.232284,439.347993,632.611364,115.843097,235.58175,599.000305,52.822835,84.332959,424.643193,601.100996
1477,0,96.937013,4222.78462,99.037688,109.541068,84.332959,82.232284,96.937013,80.131608,59.124859,90.634986,52.822835,69.628233
1477,60,63.326208,4974.874437,54.92351,99.037688,113.742421,57.024184,69.628233,42.319464,67.527558,65.426883,52.822835,48.621486
1477,120,78.030933,498.167224,701.934224,403.636341,2010.678544,126.34648,300.702856,407.837711,103.23904,809.069686,628.409981,90.634986
1477,180,273.393998,1357.353712,3512.718336,1956.059516,9729.19158,563.288572,2355.199536,2470.740488,519.174104,7533.72038,3903.463989,407.837711
1477,240,697.732836,4382.445476,8653.50722,5754.28322,19385.872359,1453.986586,7737.507659,6292.101299,1834.217222,17043.018575,11204.082286,1693.468627
1477,300,1533.813843,8382.487765,14557.367105,10996.083015,25719.320398,2974.9214,14607.793654,10094.759912,4226.986217,25072.080705,19736.781808,3838.339563
1477,360,2304.781725,11540.244017,21092.107109,16704.72951,29852.96818,3989.596385,21106.816208,13290.411854,6934.96734,31403.936503,26522.073963,5876.13227
1477,420,3149.284803,15519.679961,26068.159833,20825.242554,32187.839939,5552.602496,25547.002759,15536.489036,9231.265339,34466.042951,30489.743741,7342.539034
1477,480,3892.960045,17746.917159,28636.175384,23956.236575,34201.229605,6619.836197,28430.226343,16729.943546,10559.076439,36401.73252,33221.849183,9502.288048
1477,540,4521.098618,19585.491293,32248.787219,26261.493273,34094.043533,7491.702457,29306.56468,17519.987895,11523.435893,38247.097209,34608.958501,10775.478396
1477,600,4892.942477,21224.489112,33719.944398,27673.683996,33774.587969,8500.139494,30943.686256,17822.560409,12645.386974,37957.048089,34585.83979,11636.890811
1477,660,5283.695757,21871.693586,34535.398991,28890.46023,33070.529813,9298.495682,30374.156992,18434.012983,13172.752154,38232.384544,36288.237858,12342.836615
1477,720,5697.560458,22514.7013,33446.727179,29680.640467,32456.849019,10319.564366,31166.455408,19253.493798,13918.633925,37622.862534,35455.949237,12847.087933
1477,780,5836.216179,22516.802642,33942.722296,30063.124497,31214.792203,10615.803102,29907.608763,19705.262924,13977.464371,36702.284078,35231.064852,13141.236196
1477,840,5974.872172,23365.749913,33410.998852,29764.702714,30266.976721,10989.780016,30033.702575,19669.541539,14025.789417,35510.594149,33455.133847,13237.885178
1477,900,6130.335275,23269.087086,32099.571558,29029.161441,28884.155636,11111.63809,28209.567322,19264.000024,13996.374168,34932.621257,33171.409357,12737.833175
1477,960,5863.527187,22775.268183,31418.647748,28276.815713,27156.718048,11349.051837,28005.72103,19190.456475,13733.738555,33097.851342,31378.717234,12584.456589
1477,1020,5733.274785,21957.847875,30058.921365,27280.705472,26446.421406,11460.405461,27219.762474,18438.215425,13387.06104,31994.490295,30760.847948,12865.997427
1477,1080,5596.720105,21268.616502,28150.725033,26688.089581,24651.798363,10834.306227,25778.160664,17421.231869,12731.530021,31754.9056,28697.119602,11567.557228
1477,1140,5418.148999,20549.973871,26978.092481,24927.083015,24750.564489,11071.719043,25139.326112,16666.908473,12439.484505,29247.721478,26881.424716,11683.113237
1477,1200,4760.591049,19303.923697,25652.07444,24523.612746,22962.288553,10428.815386,23697.766717,15402.016551,11617.981645,28226.379414,25763.450593,10611.601125
1477,1260,4550.509925,18770.209092,23380.459485,22397.026249,21386.289675,10252.333052,23533.859493,14443.9075,11195.678263,26200.551153,23823.849457,10279.645766
1477,1320,4342.530229,17225.821414,21974.65848,21823.363177,19743.085586,10111.567697,22069.218209,13181.156412,10725.05458,25040.559443,21980.962458,9844.744584
1477,1380,4094.636035,16933.757334,20203.262933,19881.768855,17879.2929,9601.033014,20257.896059,12111.722629,10077.952131,21911.618731,19896.477702,9113.612394
1477,1440,3508.516782,15797.030203,18461.328858,19148.431624,16418.971064,8355.175784,18934.105274,11040.204021,9661.960828,19789.313312,18020.073721,8470.726543
1477,1500,3422.384971,14143.450537,16950.566744,17093.446897,14376.672265,8495.937643,17185.898915,10012.822018,8308.955534,17486.368807,16444.184998,7548.426659
1477,1560,2911.89859,13265.199045,14952.376038,16337.02584,12685.30691,8035.836488,15326.375891,8914.023024,8191.304123,15309.566866,14588.883694,7019.002548
1477,1620,2527.460662,12475.202237,13099.21494,14672.928,11027.598017,7859.360127,13927.038271,8096.762953,7168.165289,13464.800699,12258.795078,6214.369527
1477,1680,2456.035266,11128.446117,12019.277246,13410.172822,9897.268739,7140.853778,12256.694041,6832.024345,6476.977209,11283.920552,11019.194015,5504.283241
1477,1740,2275.371352,9960.297777,10369.987893,11863.801193,8525.350604,6231.17639,11231.395367,6359.328847,5747.980689,9571.619605,9065.290705,4958.067873
1477,1800,2046.391008,8960.24367,9401.442268,11445.698369,7647.168896,5752.182377,9996.014257,5168.150208,4804.708164,7890.873731,7766.920305,4065.224918
1477,1860,1737.583828,8416.102525,8069.451083,9834.239757,6481.17894,5588.316749,8460.221921,4634.5423,4163.96229,6743.787612,6785.805091,3857.246648
1477,1920,1535.914562,7548.426659,7029.506956,9227.063445,5624.03102,4790.002456,7245.89811,4140.853531,3827.835629,5344.619851,5693.358774,3420.284197
1477,1980,1327.943733,6548.406667,5548.40082,7817.342011,4718.574774,4556.81235,6191.260098,3264.827053,3189.199377,4317.32061,4741.683722,2991.727493
1477,2040,1172.49119,5647.140264,4815.212243,6823.620842,3924.471881,4252.195803,5237.477515,2913.999349,2798.457672,4046.317777,3561.03623,2453.93452
1477,2100,1063.254472,4964.370334,4317.32061,5937.056874,3376.167946,3756.40892,4437.066379,2405.617383,2567.374885,3260.625513,3300.54015,2298.479501
1477,2160,979.226343,4361.437448,3628.261181,5170.251034,3052.649611,3269.028593,3771.114413,2203.946211,2170.334405,2611.490631,2691.319195,2004.376346
1477,2220,933.010914,3934.975829,3077.858779,4773.195936,2468.639742,3094.664895,3206.00552,2140.924087,1872.030326,2449.733029,2195.543258,1899.339802
1477,2280,722.941164,3506.416005,2477.042728,4212.280629,1962.36171,2945.510748,2724.931249,1708.173691,1601.036866,1846.821588,1922.447828,1577.928945
1477,2340,657.819669,3233.315511,2287.975796,3739.602646,1733.382379,2878.286447,2519.05767,1601.036866,1441.382291,1590.533264,1615.741911,1500.202356
1477,2400,638.913439,2739.636527,1790.101961,3088.362601,1432.979428,2313.184691,2109.413047,1462.389451,1262.82168,1372.058706,1348.95086,1323.742308
1477,2460,563.288572,2630.397388,1613.64119,2901.394794,1498.101638,2296.37876,1775.39688,1267.023101,1107.36928,1298.533766,1229.210321,1031.743912
1477,2520,506.569975,2111.513782,1384.662989,2575.777882,1122.074222,1857.325227,1554.821031,1166.189067,1071.657291,1029.643208,1086.362225,1021.240395
1477,2580,527.576858,1949.757323,1187.196145,2342.59508,874.191321,2019.081475,1416.173707,937.212315,930.910213,901.500412,977.125641,1008.636177
1477,2640,361.622655,1745.986727,909.903211,2048.491741,945.615119,1697.670074,1338.447295,970.823535,804.868293,746.048806,874.191321,901.500412
1477,2700,449.851423,1626.245516,918.306011,1951.858054,767.05576,1594.734705,962.420729,838.479449,760.753673,603.201687,836.378752,603.201687
1477,2760,340.615822,1489.698769,806.968989,1554.821031,680.927289,1386.763703,775.458543,699.83353,622.107906,603.201687,605.302377,573.792021
1477,2820,346.917872,1250.217419,762.854369,1441.382291,554.885814,1447.684438,767.05576,777.559239,720.84047,590.597543,714.538387,674.62521
1477,2880,275.494679,1275.425944,725.041859,1342.648721,540.18099,1206.102522,655.718976,666.222439,664.121746,483.462411,391.032233,533.878924
1477,2940,275.494679,1029.643208,607.403068,1155.68553,548.583746,1212.404648,670.423825,577.993401,506.569975,439.347993,538.080301,451.95211
