Name,Time,A1,A2,A3,A4,A5,A6,A7,A8,A9,A10,A11,A12
Pta,0,1023.341098,527.576858,243.98447,252.387191,132.64851,132.64851,172.561381,115.843097,103.23904,143.151895,82.232284,44.420138
Pta,60,75.930258,44.420138,48.621486,71.728908,84.332959,44.420138,80.131608,103.23904,48.621486,71.728908,44.420138,36.017441
Pta,120,374.226758,115.843097,38.118115,120.04445,59.124859,122.145126,773.357847,96.937013,101.138364,122.145126,157.856636,159.957314
Pta,180,2937.107707,1869.929597,180.964093,2075.801286,199.8702,470.858289,3514.819114,2640.901144,2414.020361,2248.06173,1346.850147,2783.752381
Pta,240,7193.375925,6065.208798,720.84047,8279.542663,876.29202,1863.627412,7086.230787,11586.46638,9151.429391,9924.581315,4600.929338,9218.659657
Pta,300,11817.578649,11420.486217,1678.763566,13710.626668,1844.72086,3760.610489,9397.240363,19984.730851,15402.016551,16589.165294,7903.479176,15990.33556
Pta,360,16124.809164,15668.860638,2916.100109,17639.756027,2745.938791,5014.790042,11720.931608,26307.725261,20413.390571,21054.283725,11256.607451,21298.034777
Pta,420,18211.283942,19877.566327,3754.308135,20596.202124,3949.681359,6605.130112,13378.656758,29197.284486,24233.619912,24796.795489,14038.395957,25946.27598
Pta,480,20564.682857,23031.63331,4624.038248,22300.364746,4428.66316,7418.171153,13450.093189,31920.933504,26969.686583,26103.884451,15826.446202,27961.589435
Pta,540,21237.096935,24769.477167,5340.418187,22718.531763,5353.023178,8435.010834,14019.486149,32614.472002,27978.401468,27848.108319,17633.452436,30050.515101
Pta,600,21132.031814,25935.768761,6042.099418,23237.566627,5985.376425,8304.753694,14393.481067,34079.331732,27824.991818,29123.730605,17864.584472,30968.90537
Pta,660,20837.850305,27215.55951,6426.556458,23037.937383,6655.55099,8405.59791,14431.300888,33560.21728,28718.134862,28631.972336,18702.969742,30937.381479
Pta,720,20360.858603,27612.74066,6708.072776,22955.984487,7308.924785,8872.004281,14206.483361,33020.090095,28579.434262,28146.522015,18639.93291,31975.575684
Pta,780,19833.439806,26896.135019,6903.454162,22054.50891,7434.978302,8939.234281,13641.291052,32276.10843,27265.995088,27619.04514,18415.102,31359.802788
Pta,840,19165.241562,26807.873243,7285.814997,21644.751083,7395.06133,8785.865936,13706.424507,31843.173551,26274.101994,27160.921008,18457.126415,30241.757858
Pta,900,18247.00459,26320.33399,7142.954663,20676.050997,7371.951515,8611.488631,13275.704381,30844.911479,25349.46842,27360.561894,17669.172792,29357.001749
Pta,960,17585.124924,25120.413335,7382.455975,21024.865551,6792.107714,8399.295143,12407.968874,29251.924562,24897.66323,25946.27598,17637.65483,28386.094484
Pta,1020,16549.243154,23960.439345,7086.230787,20360.858603,6668.156215,7943.396435,11668.406098,28005.72103,23233.363901,25242.295765,16658.503801,27858.615823
Pta,1080,14756.972407,22665.998083,6403.44696,18986.636182,6548.406667,7561.032043,11731.436715,26301.420897,22899.247923,24935.48867,15731.894821,26030.333787
Pta,1140,14280.021726,21808.653929,6739.585866,18200.777872,5903.443293,6960.177892,11042.305022,25851.711066,21264.413892,22895.045217,14866.230284,25025.849525
Pta,1200,12725.226868,20442.80849,6327.815926,17547.303416,5680.753723,6361.429709,10569.581373,23697.766717,19980.528318,23298.506193,14416.593178,23958.33796
Pta,1260,11815.477625,19572.883765,5363.527339,16389.554819,5334.115693,5884.535661,9878.360039,23096.775417,19400.581103,21451.430266,13473.204991,22321.378105
Pta,1320,10664.12585,17736.411159,5523.190771,15712.98456,5117.73039,5405.543996,9573.720563,21031.169444,17595.630902,19724.174252,12643.285925,21251.806064
Pta,1380,9456.067047,16555.546648,5039.999909,14309.437093,4512.69539,4684.961772,8974.950245,20318.833057,16677.414315,18307.939855,11611.678591,19076.989435
Pta,1440,8464.42377,15149.881332,4766.893492,13380.757828,4302.615003,4264.8006,8456.020072,18469.733744,15200.308304,17242.630895,10647.317934,17982.25198
Pta,1500,7315.227455,14174.966942,4233.288613,12416.373041,3712.292459,3640.865866,7848.855596,16708.931849,13866.106782,16620.682788,9775.412759,16334.924682
Pta,1560,6922.362067,12781.955269,4075.728887,11723.03263,3506.416005,3054.750375,7136.652008,15154.083578,12523.526257,14672.928,8769.058466,15223.420678
Pta,1620,5920.250082,11468.809516,3592.547918,10107.365751,3319.447092,2844.67432,6743.787612,13880.814378,10601.096185,13097.113878,7953.90098,14044.699227
Pta,1680,4966.471155,10439.320301,3464.400476,8932.931466,2846.775078,2519.05767,6149.242973,12826.077389,9842.643618,12271.401302,7035.809602,11689.416298
Pta,1740,4437.066379,9552.710992,3021.138164,7638.765296,2645.102647,2012.779276,5693.358774,11731.436715,8640.901641,10912.043079,6107.225873,10554.874466
Pta,1800,3779.517553,8500.139494,2855.178108,6821.519967,2527.460662,1899.339802,5065.209786,10294.352616,7603.050007,9565.316734,5943.359422,9586.326308
Pta,1860,3178.695539,7203.880359,2430.82632,5766.888285,2348.897308,1752.288901,4348.832635,9382.5337,6624.037937,8752.251,5130.335341,8132.478491
Pta,1920,2739.636527,6409.749549,2157.729981,5094.62132,2080.002755,1598.936146,3916.068723,8435.010834,5951.762821,7987.515536,4443.368793,7374.052407
Pta,1980,2401.415894,5832.014487,1981.268293,4479.082486,1974.966098,1248.116709,3445.493496,7474.895295,5082.016375,7128.248469,4050.519363,6548.406667
Pta,2040,1995.973417,5090.419671,1680.864289,3592.547918,1685.065735,1130.477048,3245.920126,6808.914714,4311.018207,6584.121423,3729.098726,5932.855176
Pta,2100,1731.281655,4481.183292,1674.562121,3338.354038,1682.965012,993.931258,2966.518356,5941.258573,3945.479779,5378.233166,3477.005132,5025.294152
Pta,2160,1567.425347,3968.588474,1462.389451,2825.767506,1512.806661,836.378752,2567.374885,5380.333999,3298.439379,5002.185112,2882.487964,4319.421411
Pta,2220,1472.893034,3455.997373,1374.15942,2519.05767,1332.145158,825.875264,2176.636617,4714.373148,3073.65725,4525.300233,2701.82296,4092.535241
Pta,2280,1107.36928,3184.997842,1323.742308,2113.614518,1311.138036,743.948111,1825.814313,4285.808599,2621.994385,4079.930475,2514.856175,3392.974133
Pta,2340,1040.146727,2462.337504,1080.06011,1823.713586,1187.196145,653.618284,1758.591077,3911.867145,2353.098793,3758.509704,2153.528507,2890.890999
Pta,2400,880.493418,2252.26321,1170.390482,1615.741911,1092.664341,613.705141,1548.518874,3392.974133,2048.491741,3451.795822,2075.801286,2664.009413
Pta,2460,748.149501,2119.916725,1046.448838,1422.475852,947.71582,561.187883,1399.367989,3239.617819,1884.634698,2823.666749,1874.131054,2329.990626
Pta,2520,609.503759,1882.533969,1029.643208,1227.109612,964.52143,561.187883,1191.397562,2779.55087,1682.965012,2504.352437,1603.137587,2164.032193
Pta,2580,645.215515,1580.029664,819.573172,981.327045,914.104611,554.885814,1222.908193,2386.710686,1485.497335,2323.6884,1395.16656,1964.462441
Pta,2640,573.792021,1302.735189,848.982939,916.205311,836.378752,464.556229,1017.038989,2235.457293,1395.16656,2136.722614,1491.799486,1632.54768
Pta,2700,462.455542,1222.908193,788.06272,878.392719,720.84047,514.972727,909.903211,1827.91504,1304.835901,2071.599816,1250.217419,1521.209533
Pta,2760,443.549365,1115.772104,727.142553,809.069686,756.552282,456.153482,716.639082,1680.864289,1191.397562,2021.182208,1174.591898,1491.799486
Pta,2820,321.709678,1040.146727,662.021054,552.785125,685.128676,412.039081,842.680845,1559.022469,956.118625,1813.209951,1172.49119,1351.051573
Pta,2880,273.393998,893.097614,615.805833,464.556229,607.403068,334.313773,552.785125,1567.425347,851.083637,1592.633985,926.708812,1214.505357
Pta,2940,273.393998,893.097614,552.785125,416.240451,599.000305,397.334286,571.691331,1164.088359,882.594117,1432.979428,951.917222,1029.643208
PtaDA,0,708.236305,430.94525,277.59536,267.091955,138.950541,149.453926,126.34648,111.641745,124.245803,105.339716,78.030933,69.628233
PtaDA,60,40.21879,82.232284,42.319464,59.124859,54.92351,67.527558,33.916768,57.024184,86.433635,65.426883,52.822835,54.92351
PtaDA,120,59.124859,61.225534,46.520812,46.520812,63.326208,48.621486,67.527558,44.420138,52.822835,61.225534,67.527558,63.326208
PtaDA,180,71.728908,40.21879,52.822835,59.124859,57.024184,50.722161,36.017441,50.722161,54.92351,52.822835,46.520812,54.92351
PtaDA,240,31.816094,52.822835,80.131608,44.420138,52.822835,33.916768,50.722161,42.319464,141.051218,46.520812,61.225534,44.420138
PtaDA,300,52.822835,57.024184,38.118115,145.252572,36.017441,54.92351,69.628233,54.92351,401.535656,120.04445,82.232284,50.722161
PtaDA,360,59.124859,71.728908,78.030933,344.817188,92.735661,120.04445,63.326208,75.930258,788.06272,239.783109,71.728908,96.937013
PtaDA,420,46.520812,115.843097,75.930258,628.409981,126.34648,174.662059,124.245803,170.460703,1174.591898,544.382368,170.460703,130.547833
PtaDA,480,36.017441,111.641745,122.145126,844.781543,271.293317,332.213091,103.23904,370.025391,1827.91504,1035.945319,277.59536,220.876992
PtaDA,540,44.420138,267.091955,164.158669,1239.713869,468.757602,414.139766,155.755959,672.524517,2126.218933,1584.231104,344.817188,212.474275
PtaDA,600,44.420138,267.091955,380.528811,1395.16656,573.792021,643.114823,252.387191,1103.167869,2367.803994,1842.620132,449.851423,363.723339
PtaDA,660,46.520812,481.361724,483.462411,1500.202356,729.243248,880.493418,275.494679,1592.633985,2185.039568,2073.700551,514.972727,328.011725
PtaDA,720,38.118115,472.958976,512.872039,1485.497335,811.170383,855.285034,346.917872,2147.226297,1983.369025,2067.398348,666.222439,409.938396
PtaDA,780,65.426883,622.107906,588.496852,1319.540884,943.514418,987.629151,277.59536,2388.81143,1739.684553,1943.455131,641.014131,409.938396
PtaDA,840,71.728908,567.489952,651.517592,1271.224522,1094.765046,1096.865752,370.025391,2867.782656,1414.072992,1739.684553,596.899614,378.428127
PtaDA,900,52.822835,624.208598,630.510672,1174.591898,1090.563636,1264.92239,460.354855,2771.147849,1159.886945,1550.619593,620.007215,372.126074
PtaDA,960,63.326208,729.243248,626.309289,956.118625,1056.952359,1153.584823,403.636341,2758.543319,890.996914,1197.699687,641.014131,275.494679
PtaDA,1020,96.937013,683.027983,596.899614,811.170383,1136.779167,1124.174928,391.032233,2697.621454,701.934224,1105.268574,670.423825,281.796722
PtaDA,1080,75.930258,725.041859,672.524517,727.142553,1103.167869,1046.448838,439.347993,2346.796565,567.489952,775.458543,586.396162,229.27971
PtaDA,1140,80.131608,674.62521,462.455542,594.798924,989.729853,983.427747,355.320605,2182.93883,386.830864,641.014131,439.347993,254.487871
PtaDA,1200,82.232284,655.718976,424.643193,468.757602,771.257152,779.659935,359.521972,1985.469757,296.501493,493.965849,386.830864,258.689232
PtaDA,1260,75.930258,611.60445,323.81036,418.341136,716.639082,689.330062,311.206266,1477.094467,340.615822,384.730179,412.039081,195.668843
PtaDA,1320,88.53431,510.771351,328.011725,359.521972,643.114823,565.389262,269.192636,1155.68553,206.172237,319.608995,353.219921,168.360025
PtaDA,1380,86.433635,384.730179,281.796722,254.487871,535.979612,504.469287,233.48107,1218.706775,197.769522,283.897404,269.192636,145.252572
PtaDA,1440,82.232284,424.643193,185.16545,218.776312,479.261037,399.434971,256.588552,970.823535,117.943773,183.064772,267.091955,130.547833
PtaDA,1500,92.735661,315.407631,197.769522,164.158669,382.629495,378.428127,227.179031,727.142553,105.339716,172.561381,229.27971,141.051218
PtaDA,1560,90.634986,288.098766,157.856636,143.151895,292.300129,338.515139,187.266129,699.83353,99.037688,134.749187,149.453926,78.030933
PtaDA,1620,86.433635,285.998085,147.353249,115.843097,298.602174,285.998085,174.662059,569.590641,107.440392,84.332959,145.252572,111.641745
PtaDA,1680,92.735661,204.071558,105.339716,75.930258,269.192636,248.18583,185.16545,460.354855,82.232284,86.433635,132.64851,92.735661
PtaDA,1740,59.124859,229.27971,141.051218,107.440392,195.668843,201.970879,84.332959,351.119238,84.332959,92.735661,157.856636,86.433635
PtaDA,1800,82.232284,159.957314,86.433635,73.829583,151.554604,149.453926,115.843097,363.723339,69.628233,75.930258,107.440392,99.037688
PtaDA,1860,57.024184,155.755959,136.849864,59.124859,151.554604,153.655281,109.541068,243.98447,48.621486,115.843097,88.53431,69.628233
PtaDA,1920,48.621486,109.541068,69.628233,59.124859,111.641745,117.943773,99.037688,277.59536,86.433635,78.030933,63.326208,63.326208
PtaDA,1980,105.339716,157.856636,71.728908,42.319464,105.339716,109.541068,109.541068,170.460703,57.024184,75.930258,82.232284,109.541068
PtaDA,2040,65.426883,132.64851,67.527558,71.728908,103.23904,84.332959,78.030933,178.863415,65.426883,80.131608,80.131608,96.937013
PtaDA,2100,59.124859,80.131608,82.232284,69.628233,94.836337,99.037688,96.937013,180.964093,63.326208,96.937013,78.030933,111.641745
PtaDA,2160,48.621486,92.735661,82.232284,57.024184,71.728908,61.225534,57.024184,174.662059,25.514072,54.92351,65.426883,90.634986
PtaDA,2220,63.326208,73.829583,88.53431,73.829583,54.92351,80.131608,88.53431,168.360025,75.930258,54.92351,67.527558,82.232284
PtaDA,2280,52.822835,90.634986,69.628233,50.722161,86.433635,75.930258,86.433635,96.937013,69.628233,61.225534,63.326208,113.742421
PtaDA,2340,65.426883,99.037688,71.728908,52.822835,80.131608,65.426883,63.326208,117.943773,52.822835,50.722161,67.527558,86.433635
PtaDA,2400,42.319464,86.433635,52.822835,63.326208,94.836337,80.131608,73.829583,90.634986,48.621486,63.326208,71.728908,84.332959
PtaDA,2460,52.822835,78.030933,65.426883,42.319464,101.138364,69.628233,99.037688,84.332959,63.326208,46.520812,84.332959,61.225534
PtaDA,2520,40.21879,84.332959,67.527558,46.520812,63.326208,69.628233,90.634986,82.232284,52.822835,46.520812,57.024184,82.232284
PtaDA,2580,52.822835,120.04445,86.433635,31.816094,130.547833,54.92351,57.024184,124.245803,101.138364,84.332959,52.822835,94.836337
PtaDA,2640,46.520812,99.037688,54.92351,44.420138,65.426883,78.030933,82.232284,82.232284,48.621486,40.21879,71.728908,86.433635
PtaDA,2700,42.319464,101.138364,75.930258,50.722161,57.024184,63.326208,54.92351,54.92351,59.124859,44.420138,71.728908,44.420138
PtaDA,2760,48.621486,115.843097,86.433635,65.426883,88.53431,50.722161,82.232284,67.527558,36.017441,44.420138,40.21879,71.728908
PtaDA,2820,36.017441,126.34648,63.326208,42.319464,69.628233,57.024184,75.930258,75.930258,48.621486,46.520812,71.728908,69.628233
PtaDA,2880,38.118115,134.749187,75.930258,54.92351,63.326208,73.829583,63.326208,84.332959,42.319464,54.92351,42.319464,71.728908
PtaDA,2940,46.520812,124.245803,82.232284,31.816094,67.527558,101.138364,69.628233,61.225534,46.520812,54.92351,52.822835,88.53431
1186,0,922.507412,420.441822,269.192636,252.387191,174.662059,183.064772,130.547833,149.453926,111.641745,138.950541,67.527558,92.735661
1186,60,80.131608,84.332959,57.024184,75.930258,69.628233,71.728908,78.030933,69.628233,71.728908,46.520812,50.722161,52.822835
1186,120,33.916768,65.426883,61.225534,67.527558,52.822835,42.319464,44.420138,65.426883,52.822835,57.024184,44.420138,46.520812
1186,180,59.124859,50.722161,27.614746,63.326208,54.92351,38.118115,33.916768,48.621486,50.722161,82.232284,67.527558,36.017441
1186,240,50.722161,29.71542,33.916768,48.621486,38.118115,42.319464,40.21879,44.420138,80.131608,44.420138,50.722161,29.71542
1186,300,42.319464,42.319464,63.326208,50.722161,54.92351,36.017441,48.621486,52.822835,44.420138,48.621486,71.728908,48.621486
1186,360,42.319464,46.520812,44.420138,40.21879,78.030933,23.413399,71.728908,36.017441,54.92351,57.024184,63.326208,54.92351
1186,420,46.520812,42.319464,42.319464,46.520812,48.621486,44.420138,57.024184,36.017441,42.319464,65.426883,52.822835,52.822835
1186,480,73.829583,31.816094,57.024184,48.621486,44.420138,63.326208,36.017441,44.420138,59.124859,71.728908,75.930258,40.21879
1186,540,57.024184,59.124859,38.118115,33.916768,33.916768,50.722161,46.520812,40.21879,52.822835,61.225534,75.930258,44.420138
1186,600,54.92351,31.816094,50.722161,38.118115,46.520812,36.017441,33.916768,57.024184,42.319464,80.131608,31.816094,65.426883
1186,660,42.319464,57.024184,120.04445,50.722161,36.017441,44.420138,33.916768,57.024184,46.520812,124.245803,46.520812,52.822835
1186,720,46.520812,36.017441,105.339716,46.520812,54.92351,71.728908,46.520812,61.225534,63.326208,94.836337,78.030933,61.225534
1186,780,82.232284,73.829583,115.843097,82.232284,54.92351,82.232284,99.037688,57.024184,59.124859,141.051218,75.930258,52.822835
1186,840,75.930258,78.030933,138.950541,101.138364,48.621486,46.520812,73.829583,50.722161,99.037688,141.051218,90.634986,42.319464
1186,900,71.728908,63.326208,101.138364,73.829583,107.440392,111.641745,132.64851,57.024184,94.836337,174.662059,141.051218,50.722161
1186,960,73.829583,130.547833,82.232284,84.332959,113.742421,78.030933,141.051218,54.92351,126.34648,180.964093,189.366807,50.722161
1186,1020,80.131608,138.950541,78.030933,109.541068,111.641745,122.145126,155.755959,75.930258,153.655281,168.360025,212.474275,67.527558
1186,1080,99.037688,246.08515,105.339716,105.339716,109.541068,178.863415,162.057992,80.131608,136.849864,157.856636,302.803538,48.621486
1186,1140,101.138364,273.393998,61.225534,84.332959,155.755959,254.487871,225.078351,86.433635,134.749187,99.037688,290.199448,65.426883
1186,1200,164.158669,304.90422,84.332959,71.728908,204.071558,220.876992,176.762737,59.124859,115.843097,111.641745,357.421288,65.426883
1186,1260,84.332959,292.300129,105.339716,69.628233,222.977671,227.179031,239.783109,92.735661,113.742421,117.943773,353.219921,57.024184
1186,1320,92.735661,323.81036,75.930258,94.836337,292.300129,292.300129,260.789913,78.030933,126.34648,149.453926,378.428127,67.527558
1186,1380,92.735661,344.817188,69.628233,88.53431,201.970879,285.998085,233.48107,99.037688,117.943773,178.863415,378.428127,84.332959
1186,1440,90.634986,323.81036,109.541068,69.628233,239.783109,248.18583,218.776312,88.53431,138.950541,174.662059,315.407631,80.131608
1186,1500,96.937013,370.025391,90.634986,120.04445,191.467486,248.18583,208.272916,78.030933,92.735661,176.762737,351.119238,86.433635
1186,1560,73.829583,304.90422,78.030933,65.426883,178.863415,241.88379,178.863415,67.527558,103.23904,132.64851,288.098766,84.332959
1186,1620,132.64851,311.206266,99.037688,103.23904,183.064772,157.856636,174.662059,78.030933,113.742421,126.34648,290.199448,61.225534
1186,1680,67.527558,237.68243,69.628233,71.728908,151.554604,204.071558,136.849864,65.426883,117.943773,101.138364,201.970879,75.930258
1186,1740,86.433635,201.970879,69.628233,78.030933,149.453926,256.588552,210.373595,71.728908,107.440392,120.04445,248.18583,52.822835
1186,1800,42.319464,187.266129,92.735661,54.92351,130.547833,172.561381,128.447156,57.024184,88.53431,57.024184,260.789913,52.822835
1186,1860,52.822835,162.057992,96.937013,57.024184,82.232284,187.266129,176.762737,54.92351,130.547833,75.930258,178.863415,48.621486
1186,1920,59.124859,187.266129,78.030933,61.225534,101.138364,145.252572,107.440392,50.722161,90.634986,84.332959,239.783109,86.433635
1186,1980,59.124859,180.964093,71.728908,69.628233,73.829583,126.34648,136.849864,48.621486,75.930258,63.326208,164.158669,84.332959
1186,2040,48.621486,109.541068,75.930258,63.326208,103.23904,149.453926,103.23904,52.822835,107.440392,96.937013,147.353249,75.930258
1186,2100,57.024184,180.964093,63.326208,92.735661,103.23904,92.735661,92.735661,50.722161,122.145126,92.735661,178.863415,63.326208
1186,2160,54.92351,155.755959,69.628233,96.937013,90.634986,145.252572,78.030933,52.822835,143.151895,88.53431,157.856636,101.138364
1186,2220,61.225534,138.950541,44.420138,107.440392,113.742421,155.755959,65.426883,50.722161,141.051218,103.23904,122.145126,71.728908
1186,2280,42.319464,151.554604,71.728908,126.34648,101.138364,199.8702,92.735661,78.030933,193.568164,124.245803,130.547833,80.131608
1186,2340,23.413399,151.554604,63.326208,124.245803,92.735661,189.366807,107.440392,96.937013,212.474275,120.04445,138.950541,111.641745
1186,2400,59.124859,185.16545,124.245803,143.151895,155.755959,176.762737,101.138364,90.634986,325.911043,162.057992,92.735661,99.037688
1186,2460,54.92351,151.554604,141.051218,162.057992,143.151895,239.783109,78.030933,111.641745,302.803538,180.964093,126.34648,107.440392
1186,2520,44.420138,151.554604,185.16545,187.266129,153.655281,332.213091,99.037688,94.836337,340.615822,138.950541,101.138364,153.655281
1186,2580,38.118115,153.655281,136.849864,155.755959,159.957314,304.90422,94.836337,120.04445,281.796722,180.964093,113.742421,130.547833
1186,2640,71.728908,201.970879,145.252572,191.467486,124.245803,294.400811,57.024184,84.332959,325.911043,176.762737,126.34648,138.950541
1186,2700,44.420138,204.071558,185.16545,199.8702,193.568164,298.602174,75.930258,88.53431,349.018555,153.655281,128.447156,75.930258
1186,2760,63.326208,235.58175,168.360025,187.266129,170.460703,388.931548,128.447156,101.138364,372.126074,157.856636,92.735661,86.433635
1186,2820,46.520812,189.366807,183.064772,166.259347,157.856636,420.441822,94.836337,143.151895,388.931548,170.460703,153.655281,103.23904
1186,2880,73.829583,267.091955,174.662059,187.266129,204.071558,395.233602,82.232284,168.360025,332.213091,191.467486,115.843097,113.742421
1186,2940,82.232284,304.90422,218.776312,162.057992,239.783109,351.119238,80.131608,155.755959,292.300129,162.057992,130.547833,65.426883
1042,0,708.236305,517.073416,292.300129,231.38039,126.34648,197.769522,109.541068,117.943773,130.547833,69.628233,122.145126,111.641745
1042,60,103.23904,105.339716,69.628233,71.728908,46.520812,54.92351,38.118115,73.829583,52.822835,61.225534,92.735661,61.225534
1042,120,54.92351,151.554604,46.520812,136.849864,65.426883,73.829583,132.64851,109.541068,115.843097,67.527558,80.131608,69.628233
1042,180,141.051218,4445.469598,183.064772,2065.297613,90.634986,307.004902,1611.540469,926.708812,1239.713869,71.728908,2077.90202,1571.626786
1042,240,874.191321,16183.641446,548.583746,9495.985182,384.730179,1014.938285,7584.14192,4121.94637,5535.795794,241.88379,9189.246408,6634.542286
1042,300,2237.558033,26631.350022,1521.209533,16948.465568,1096.865752,2122.017461,14359.863466,10033.831726,9071.593532,620.007215,15742.400524,11479.314585
1042,360,4035.813812,34810.722123,3361.462535,23403.574534,2390.912174,3420.284197,20346.149659,15444.039175,11494.021684,1189.296854,20127.617136,14853.623597
1042,420,5506.384077,38522.434794,6037.897713,27253.38619,3567.338567,4193.373449,23546.467727,18555.883888,12855.492152,1680.864289,21388.390984,16219.36107
1042,480,6298.403879,39741.499576,7783.727536,29287.650788,4378.24387,4867.732662,25528.089873,21367.377902,12968.949208,2176.636617,22754.254689,15063.735338
1042,540,6626.138806,39049.993008,9407.745125,28699.221128,5268.98995,5042.100732,25278.019965,21901.112112,12279.805453,2531.662158,20619.316262,13742.14288
1042,600,6756.392853,35203.742498,10321.665345,27303.821795,5306.80489,4720.675587,23899.499208,20831.546429,10353.180047,2600.98688,18150.34876,10716.650614
1042,660,6157.646396,30685.190856,10487.642929,23626.319932,4945.462953,4269.002199,21508.165669,18982.433708,8277.441744,2340.494337,14887.241434,7733.305854
1042,720,5016.890864,24891.358992,9596.831098,19785.11079,4611.433387,3630.361961,18999.243606,17026.209142,6663.954473,2300.580242,11447.799382,5401.34233
1042,780,4445.469598,18705.070971,8609.387703,15904.188542,3825.734843,3025.339689,16385.352499,14168.66366,4983.277721,1972.865366,8350.973942,3590.447138
1042,840,3411.881099,13885.016549,6953.875253,12504.616854,3197.602448,2323.6884,13393.364253,12090.712304,3766.912843,1645.15201,5613.526821,2426.62483
1042,900,2506.453185,10008.620077,5451.762349,9876.259072,2584.18088,1884.634698,10498.147852,9180.842625,2962.316834,1386.763703,3724.897159,1638.849845
1042,960,2044.290274,7128.248469,4460.175234,7540.023071,2058.995411,1376.260133,8403.496988,7361.447056,2077.90202,1038.046023,2359.401022,1212.404648
1042,1020,1584.231104,5256.384974,3516.919891,6006.384935,1445.583722,1006.535474,6132.43613,5819.409411,1552.720312,863.687828,1546.418155,848.982939
1042,1080,1256.519549,3577.842462,2643.001896,4306.816605,1239.713869,848.982939,5208.065922,4525.300233,1216.606066,685.128676,1237.613159,666.222439
1042,1140,987.629151,2621.994385,1893.037614,3502.214451,970.823535,584.295472,3720.695592,3695.486195,949.816521,521.274792,813.27108,445.650051
1042,1200,788.06272,1926.649288,1390.965132,2790.054649,750.250197,445.650051,3063.15343,3000.13054,617.906524,409.938396,605.302377,430.94525
1042,1260,643.114823,1334.24587,1147.282702,2136.722614,573.792021,456.153482,2382.509199,2172.435142,435.146621,319.608995,430.94525,252.387191
1042,1320,500.267912,1080.06011,949.816521,1897.239072,483.462411,374.226758,1762.792527,1777.497605,391.032233,267.091955,311.206266,246.08515
1042,1380,355.320605,743.948111,662.021054,1447.684438,328.011725,342.716505,1489.698769,1353.152286,315.407631,237.68243,273.393998,155.755959
1042,1440,376.327442,651.517592,548.583746,1229.210321,307.004902,292.300129,1164.088359,1094.765046,248.18583,176.762737,151.554604,157.856636
1042,1500,338.515139,519.174104,451.95211,981.327045,283.897404,191.467486,926.708812,1035.945319,199.8702,164.158669,155.755959,122.145126
1042,1560,227.179031,456.153482,302.803538,809.069686,225.078351,210.373595,743.948111,874.191321,187.266129,141.051218,155.755959,138.950541
1042,1620,269.192636,313.306948,349.018555,653.618284,162.057992,218.776312,630.510672,678.826596,168.360025,145.252572,138.950541,113.742421
1042,1680,120.04445,309.105584,264.991274,573.792021,220.876992,208.272916,466.656915,613.705141,145.252572,107.440392,141.051218,96.937013
1042,1740,141.051218,254.487871,250.28651,479.261037,143.151895,126.34648,487.663786,559.087193,134.749187,111.641745,109.541068,113.742421
1042,1800,164.158669,264.991274,229.27971,420.441822,176.762737,149.453926,386.830864,407.837711,130.547833,134.749187,78.030933,115.843097
1042,1860,187.266129,176.762737,166.259347,391.032233,145.252572,189.366807,338.515139,449.851423,122.145126,101.138364,78.030933,132.64851
1042,1920,195.668843,201.970879,132.64851,336.414456,141.051218,185.16545,227.179031,374.226758,111.641745,111.641745,86.433635,65.426883
1042,1980,159.957314,162.057992,157.856636,342.716505,105.339716,162.057992,271.293317,367.924707,86.433635,101.138364,105.339716,109.541068
1042,2040,149.453926,210.373595,141.051218,300.702856,109.541068,138.950541,241.88379,309.105584,88.53431,111.641745,73.829583,105.339716
1042,2100,128.447156,201.970879,113.742421,260.789913,120.04445,145.252572,187.266129,267.091955,138.950541,99.037688,86.433635,67.527558
1042,2160,145.252572,187.266129,145.252572,218.776312,109.541068,103.23904,172.561381,254.487871,80.131608,99.037688,61.225534,90.634986
1042,2220,124.245803,132.64851,105.339716,304.90422,126.34648,138.950541,164.158669,231.38039,105.339716,126.34648,69.628233,105.339716
1042,2280,113.742421,195.668843,136.849864,210.373595,111.641745,103.23904,208.272916,222.977671,96.937013,50.722161,84.332959,103.23904
1042,2340,113.742421,235.58175,103.23904,212.474275,78.030933,59.124859,162.057992,195.668843,113.742421,65.426883,63.326208,94.836337
1042,2400,105.339716,325.911043,136.849864,180.964093,124.245803,84.332959,172.561381,206.172237,94.836337,75.930258,94.836337,69.628233
1042,2460,80.131608,393.132917,96.937013,218.776312,90.634986,115.843097,113.742421,178.863415,90.634986,82.232284,86.433635,103.23904
1042,2520,94.836337,374.226758,92.735661,208.272916,107.440392,103.23904,147.353249,210.373595,103.23904,80.131608,124.245803,92.735661
1042,2580,78.030933,355.320605,149.453926,151.554604,86.433635,101.138364,166.259347,145.252572,132.64851,61.225534,92.735661,115.843097
1042,2640,84.332959,233.48107,88.53431,231.38039,65.426883,138.950541,149.453926,212.474275,199.8702,96.937013,136.849864,96.937013
1042,2700,90.634986,222.977671,109.541068,185.16545,103.23904,126.34648,132.64851,208.272916,151.554604,94.836337,113.742421,65.426883
1042,2760,86.433635,183.064772,120.04445,145.252572,86.433635,120.04445,105.339716,187.266129,170.460703,86.433635,109.541068,132.64851
1042,2820,73.829583,141.051218,143.151895,155.755959,69.628233,92.735661,113.742421,214.574954,111.641745,109.541068,71.728908,96.937013
1042,2880,71.728908,111.641745,105.339716,159.957314,67.527558,61.225534,115.843097,254.487871,90.634986,103.23904,99.037688,128.447156
1042,2940,78.030933,141.051218,155.755959,199.8702,67.527558,69.628233,107.440392,185.16545,103.23904,67.527558,115.843097,92.735661
1943,0,754.451587,443.549365,332.213091,227.179031,170.460703,229.27971,172.561381,126.34648,111.641745,82.232284,117.943773,82.232284
1943,60,67.527558,94.836337,57.024184,57.024184,46.520812,69.628233,59.124859,67.527558,71.728908,54.92351,75.930258,73.829583
1943,120,67.527558,63.326208,61.225534,44.420138,40.21879,61.225534,59.124859,57.024184,48.621486,54.92351,90.634986,86.433635
1943,180,75.930258,622.107906,69.628233,111.641745,65.426883,535.979612,206.172237,178.863415,575.892711,57.024184,1500.202356,559.087193
1943,240,271.293317,4937.059674,722.941164,1178.793313,157.856636,3212.307825,3147.184036,989.729853,4382.445476,111.641745,6277.395282,2458.136012
1943,300,1504.403791,15486.061824,3216.509362,3561.03623,283.897404,9164.035061,9676.667549,4090.434446,10252.333052,317.508313,12046.590642,5865.628034
1943,360,3302.640921,23739.794272,6905.55504,6934.96734,601.100996,14849.421369,17524.190282,8993.858704,15254.937564,720.84047,18471.834966,9290.091885
1943,420,5365.628171,29554.547284,10397.300652,10302.756532,1010.736879,20272.604984,21749.816966,11987.761803,18213.385156,1334.24587,22531.512038,12540.334619
1943,480,6661.853602,33066.326502,12267.199227,11006.588014,1493.900203,22098.636818,23462.412872,15118.364492,19604.40259,2050.592475,24618.175884,13710.626668
1943,540,7552.628453,33915.400441,13952.251317,11578.062312,1781.699057,23084.167263,23245.972082,15990.33556,19137.925416,2546.367396,24244.126878,14177.068036
1943,600,7958.102799,32564.032609,14601.490333,11309.132655,2113.614518,22418.039636,21991.46909,16099.595344,18209.182728,3138.780971,22937.072294,14593.085907
1943,660,9029.574696,30622.14334,14649.815806,10683.034761,2130.420406,21140.437018,18482.341076,15101.555517,15677.265193,3359.361762,20302.022845,13393.364253
1943,720,8850.994919,26448.522864,13244.188377,8983.354004,2256.46469,18562.187561,15223.420678,14654.018023,12977.353441,3714.393242,17213.214307,11786.063295
1943,780,8386.689609,22516.802642,12361.745974,7510.61052,2033.786607,15771.8165,11947.842261,13658.09968,10468.734071,3752.207351,14124.540701,10130.47646
1943,840,7703.893222,18299.534988,11239.799394,6233.277248,2008.577811,13109.720252,8962.344609,11653.698962,7790.030249,3903.463989,11380.566996,8550.561723
1943,900,7390.859545,14712.849081,9611.537806,5201.763439,1838.418677,10712.448632,6550.507535,9895.167772,6119.831001,4002.201135,8502.240419,6619.836197
1943,960,6384.539194,11781.861249,8491.735792,3897.161622,1714.475862,8886.710838,5008.487577,8527.45153,4327.824617,3542.129224,6392.942645,5065.209786
1943,1020,5590.417588,8884.609901,7119.84493,2935.006947,1344.749434,6855.133984,3527.423779,6836.226097,2993.828255,3361.462535,4437.066379,4012.705095
1943,1080,4552.610734,6189.159241,5714.367198,2266.96839,1134.678461,5235.376686,2882.487964,5403.443163,2014.880009,3428.687295,3159.788636,2821.565993
1943,1140,3989.596385,4758.490234,4697.566646,1651.454175,918.306011,4084.132063,2052.693209,4088.333652,1277.526654,2960.216073,2138.823351,2016.980742
1943,1200,3168.191703,3630.361961,3903.463989,1117.87281,641.014131,3069.455722,1691.367904,2813.162966,928.809513,2645.102647,1529.612406,1416.173707
1943,1260,2460.236758,2432.927065,3014.835876,796.465506,683.027983,2277.472092,1437.18086,2319.486916,697.732836,2290.076537,977.125641,1214.505357
1943,1320,1733.382379,1756.490351,2424.524085,596.899614,538.080301,1701.87152,893.097614,1691.367904,489.764474,2048.491741,752.350892,886.795516
1943,1380,1409.871562,1256.519549,1918.246368,409.938396,405.737026,1330.044445,750.250197,1241.814579,317.508313,1788.001235,571.691331,634.712056
1943,1440,1246.015999,945.615119,1342.648721,372.126074,372.126074,998.132663,569.590641,886.795516,328.011725,1414.072992,363.723339,466.656915
1943,1500,817.472474,752.350892,939.313016,283.897404,370.025391,750.250197,565.389262,739.746721,256.588552,1264.92239,330.112408,374.226758
1943,1560,741.847416,554.885814,779.659935,262.890593,208.272916,607.403068,353.219921,609.503759,208.272916,1086.362225,256.588552,330.112408
1943,1620,674.62521,462.455542,594.798924,185.16545,214.574954,464.556229,418.341136,546.483057,195.668843,790.163416,204.071558,294.400811
1943,1680,481.361724,430.94525,380.528811,136.849864,195.668843,475.059663,267.091955,403.636341,136.849864,781.760631,143.151895,183.064772
1943,1740,302.803538,344.817188,321.709678,143.151895,201.970879,325.911043,281.796722,342.716505,111.641745,552.785125,151.554604,212.474275
1943,1800,271.293317,460.354855,252.387191,105.339716,111.641745,288.098766,214.574954,361.622655,122.145126,420.441822,126.34648,145.252572
1943,1860,269.192636,533.878924,248.18583,115.843097,69.628233,271.293317,246.08515,279.696041,99.037688,416.240451,143.151895,151.554604
1943,1920,210.373595,748.149501,210.373595,117.943773,115.843097,229.27971,264.991274,220.876992,115.843097,323.81036,109.541068,155.755959
1943,1980,258.689232,838.479449,212.474275,99.037688,78.030933,134.749187,319.608995,145.252572,73.829583,288.098766,99.037688,111.641745
1943,2040,216.675633,903.601111,153.655281,101.138364,92.735661,149.453926,315.407631,185.16545,80.131608,290.199448,143.151895,141.051218
1943,2100,164.158669,1033.844615,180.964093,65.426883,111.641745,153.655281,325.911043,157.856636,59.124859,208.272916,117.943773,99.037688
1943,2160,159.957314,914.104611,113.742421,67.527558,122.145126,147.353249,485.563099,138.950541,48.621486,208.272916,122.145126,73.829583
1943,2220,159.957314,979.226343,88.53431,63.326208,138.950541,143.151895,435.146621,178.863415,80.131608,164.158669,111.641745,109.541068
1943,2280,166.259347,760.753673,149.453926,59.124859,132.64851,109.541068,382.629495,122.145126,73.829583,138.950541,183.064772,101.138364
1943,2340,115.843097,626.309289,120.04445,54.92351,111.641745,107.440392,472.958976,122.145126,44.420138,134.749187,145.252572,84.332959
1943,2400,105.339716,540.18099,130.547833,69.628233,94.836337,103.23904,519.174104,128.447156,71.728908,166.259347,90.634986,82.232284
1943,2460,126.34648,601.100996,107.440392,52.822835,117.943773,90.634986,510.771351,134.749187,38.118115,159.957314,117.943773,82.232284
1943,2520,96.937013,601.100996,191.467486,75.930258,92.735661,159.957314,443.549365,80.131608,59.124859,109.541068,92.735661,88.53431
1943,2580,145.252572,611.60445,180.964093,65.426883,86.433635,124.245803,466.656915,109.541068,75.930258,122.145126,117.943773,69.628233
1943,2640,143.151895,546.483057,267.091955,63.326208,69.628233,132.64851,359.521972,82.232284,63.326208,122.145126,82.232284,109.541068
1943,2700,145.252572,523.375481,334.313773,48.621486,124.245803,117.943773,351.119238,113.742421,103.23904,105.339716,71.728908,94.836337
1943,2760,113.742421,414.139766,309.105584,48.621486,57.024184,103.23904,357.421288,78.030933,61.225534,126.34648,109.541068,115.843097
1943,2820,113.742421,330.112408,311.206266,33.916768,52.822835,86.433635,346.917872,130.547833,57.024184,71.728908,120.04445,65.426883
1943,2880,103.23904,330.112408,309.105584,92.735661,115.843097,130.547833,292.300129,153.655281,65.426883,75.930258,88.53431,99.037688
1943,2940,162.057992,395.233602,252.387191,92.735661,80.131608,164.158669,388.931548,170.460703,65.426883,86.433635,96.937013,67.527558
306,0,798.566202,456.153482,262.890593,155.755959,109.541068,172.561381,128.447156,78.030933,122.145126,75.930258,115.843097,75.930258
306,60,78.030933,90.634986,57.024184,57.024184,63.326208,52.822835,73.829583,65.426883,80.131608,73.829583,75.930258,50.722161
306,120,71.728908,54.92351,82.232284,46.520812,50.722161,71.728908,54.92351,42.319464,52.822835,46.520812,73.829583,57.024184
306,180,69.628233,46.520812,40.21879,65.426883,54.92351,48.621486,63.326208,52.822835,40.21879,50.722161,44.420138,67.527558
306,240,46.520812,48.621486,46.520812,59.124859,42.319464,31.816094,33.916768,42.319464,36.017441,48.621486,65.426883,48.621486
306,300,31.816094,36.017441,52.822835,61.225534,33.916768,57.024184,42.319464,54.92351,40.21879,48.621486,67.527558,42.319464
306,360,52.822835,31.816094,42.319464,38.118115,46.520812,61.225534,40.21879,44.420138,40.21879,50.722161,48.621486,52.822835
306,420,42.319464,46.520812,33.916768,42.319464,27.614746,80.131608,50.722161,31.816094,36.017441,67.527558,78.030933,44.420138
306,480,61.225534,54.92351,46.520812,31.816094,36.017441,44.420138,40.21879,44.420138,38.118115,50.722161,46.520812,36.017441
306,540,57.024184,38.118115,36.017441,38.118115,42.319464,48.621486,42.319464,36.017441,42.319464,42.319464,71.728908,36.017441
306,600,67.527558,63.326208,46.520812,31.816094,50.722161,38.118115,46.520812,31.816094,50.722161,65.426883,33.916768,27.614746
306,660,65.426883,44.420138,44.420138,27.614746,48.621486,44.420138,38.118115,52.822835,61.225534,40.21879,54.92351,31.816094
306,720,65.426883,40.21879,38.118115,50.722161,36.017441,40.21879,52.822835,33.916768,78.030933,46.520812,40.21879,42.319464
306,780,57.024184,40.21879,44.420138,33.916768,31.816094,23.413399,40.21879,44.420138,54.92351,44.420138,52.822835,40.21879
306,840,50.722161,57.024184,46.520812,27.614746,33.916768,50.722161,46.520812,46.520812,65.426883,33.916768,46.520812,46.520812
306,900,67.527558,38.118115,61.225534,27.614746,50.722161,44.420138,50.722161,33.916768,48.621486,46.520812,57.024184,54.92351
306,960,52.822835,46.520812,42.319464,42.319464,31.816094,36.017441,29.71542,63.326208,50.722161,36.017441,42.319464,40.21879
306,1020,46.520812,50.722161,31.816094,42.319464,40.21879,27.614746,31.816094,65.426883,54.92351,48.621486,57.024184,42.319464
306,1080,40.21879,44.420138,29.71542,27.614746,33.916768,36.017441,36.017441,50.722161,33.916768,38.118115,54.92351,33.916768
306,1140,33.916768,50.722161,36.017441,23.413399,38.118115,44.420138,31.816094,31.816094,57.024184,46.520812,48.621486,36.017441
306,1200,42.319464,50.722161,31.816094,31.816094,48.621486,46.520812,50.722161,46.520812,38.118115,31.816094,38.118115,65.426883
306,1260,46.520812,38.118115,73.829583,31.816094,42.319464,42.319464,44.420138,44.420138,50.722161,36.017441,50.722161,44.420138
306,1320,54.92351,46.520812,61.225534,31.816094,38.118115,38.118115,48.621486,36.017441,40.21879,59.124859,63.326208,50.722161
306,1380,48.621486,25.514072,33.916768,65.426883,48.621486,54.92351,40.21879,63.326208,44.420138,40.21879,40.21879,44.420138
306,1440,36.017441,40.21879,54.92351,42.319464,40.21879,48.621486,44.420138,25.514072,59.124859,42.319464,63.326208,42.319464
306,1500,52.822835,42.319464,31.816094,31.816094,36.017441,52.822835,38.118115,48.621486,46.520812,57.024184,54.92351,31.816094
306,1560,40.21879,29.71542,42.319464,31.816094,33.916768,31.816094,40.21879,46.520812,31.816094,38.118115,48.621486,38.118115
306,1620,57.024184,27.614746,27.614746,50.722161,40.21879,38.118115,36.017441,46.520812,29.71542,42.319464,50.722161,38.118115
306,1680,40.21879,29.71542,36.017441,40.21879,38.118115,33.916768,59.124859,48.621486,33.916768,42.319464,48.621486,59.124859
306,1740,52.822835,33.916768,40.21879,36.017441,44.420138,33.916768,25.514072,38.118115,65.426883,33.916768,57.024184,48.621486
306,1800,54.92351,50.722161,31.816094,31.816094,42.319464,40.21879,42.319464,52.822835,38.118115,50.722161,63.326208,36.017441
306,1860,38.118115,44.420138,50.722161,54.92351,29.71542,59.124859,36.017441,57.024184,38.118115,59.124859,65.426883,54.92351
306,1920,27.614746,36.017441,36.017441,36.017441,33.916768,31.816094,36.017441,54.92351,40.21879,48.621486,57.024184,52.822835
306,1980,23.413399,57.024184,44.420138,59.124859,29.71542,40.21879,42.319464,33.916768,36.017441,57.024184,52.822835,42.319464
306,2040,25.514072,38.118115,40.21879,65.426883,52.822835,42.319464,27.614746,48.621486,50.722161,31.816094,36.017441,42.319464
306,2100,33.916768,57.024184,54.92351,36.017441,40.21879,63.326208,29.71542,42.319464,27.614746,54.92351,57.024184,48.621486
306,2160,25.514072,75.930258,59.124859,33.916768,44.420138,25.514072,44.420138,38.118115,48.621486,31.816094,42.319464,42.319464
306,2220,54.92351,36.017441,29.71542,31.816094,31.816094,33.916768,40.21879,31.816094,48.621486,52.822835,42.319464,42.319464
306,2280,46.520812,46.520812,31.816094,46.520812,40.21879,42.319464,44.420138,40.21879,27.614746,33.916768,61.225534,50.722161
306,2340,44.420138,36.017441,42.319464,44.420138,33.916768,63.326208,25.514072,52.822835,48.621486,44.420138,57.024184,42.319464
306,2400,59.124859,44.420138,40.21879,46.520812,40.21879,27.614746,29.71542,27.614746,46.520812,33.916768,54.92351,40.21879
306,2460,27.614746,44.420138,46.520812,40.21879,38.118115,42.319464,44.420138,36.017441,31.816094,63.326208,42.319464,44.420138
306,2520,57.024184,33.916768,46.520812,33.916768,44.420138,42.319464,44.420138,36.017441,48.621486,36.017441,52.822835,42.319464
306,2580,29.71542,46.520812,25.514072,27.614746,36.017441,38.118115,31.816094,36.017441,84.332959,40.21879,44.420138,38.118115
306,2640,38.118115,38.118115,46.520812,38.118115,36.017441,57.024184,29.71542,52.822835,46.520812,23.413399,59.124859,40.21879
306,2700,54.92351,33.916768,52.822835,31.816094,46.520812,57.024184,57.024184,36.017441,31.816094,42.319464,33.916768,54.92351
306,2760,31.816094,36.017441,38.118115,48.621486,61.225534,23.413399,38.118115,38.118115,40.21879,40.21879,46.520812,33.916768
306,2820,42.319464,29.71542,38.118115,29.71542,33.916768,48.621486,52.822835,36.017441,29.71542,46.520812,46.520812,36.017441
306,2880,61.225534,31.816094,29.71542,33.916768,42.319464,33.916768,36.017441,42.319464,44.420138,50.722161,31.816094,48.621486
306,2940,38.118115,63.326208,33.916768,52.822835,44.420138,29.71542,33.916768,33.916768,42.319464,38.118115,48.621486,27.614746
255,0,617.906524,527.576858,332.213091,185.16545,149.453926,141.051218,117.943773,90.634986,80.131608,99.037688,86.433635,86.433635
255,60,86.433635,65.426883,78.030933,71.728908,50.722161,78.030933,107.440392,65.426883,48.621486,96.937013,54.92351,44.420138
255,120,69.628233,63.326208,67.527558,65.426883,54.92351,40.21879,67.527558,80.131608,63.326208,78.030933,46.520812,63.326208
255,180,44.420138,63.326208,44.420138,38.118115,44.420138,36.017441,46.520812,44.420138,71.728908,44.420138,46.520812,40.21879
255,240,42.319464,27.614746,54.92351,38.118115,54.92351,78.030933,52.822835,31.816094,48.621486,36.017441,48.621486,36.017441
255,300,33.916768,59.124859,42.319464,50.722161,40.21879,44.420138,63.326208,42.319464,52.822835,52.822835,69.628233,48.621486
255,360,54.92351,46.520812,31.816094,67.527558,48.621486,67.527558,69.628233,59.124859,46.520812,57.024184,44.420138,75.930258
255,420,54.92351,36.017441,40.21879,36.017441,36.017441,50.722161,67.527558,31.816094,40.21879,50.722161,44.420138,50.722161
255,480,44.420138,33.916768,44.420138,36.017441,48.621486,31.816094,75.930258,50.722161,67.527558,44.420138,42.319464,50.722161
255,540,36.017441,42.319464,65.426883,33.916768,59.124859,57.024184,61.225534,57.024184,48.621486,46.520812,44.420138,42.319464
255,600,36.017441,46.520812,40.21879,36.017441,48.621486,40.21879,38.118115,36.017441,52.822835,52.822835,50.722161,94.836337
255,660,50.722161,40.21879,46.520812,40.21879,59.124859,36.017441,63.326208,31.816094,69.628233,44.420138,54.92351,63.326208
255,720,36.017441,48.621486,29.71542,54.92351,42.319464,33.916768,40.21879,33.916768,48.621486,42.319464,67.527558,38.118115
255,780,29.71542,42.319464,54.92351,36.017441,50.722161,44.420138,31.816094,46.520812,82.232284,33.916768,44.420138,46.520812
255,840,29.71542,48.621486,44.420138,36.017441,44.420138,38.118115,75.930258,54.92351,44.420138,57.024184,29.71542,31.816094
255,900,52.822835,50.722161,50.722161,48.621486,29.71542,42.319464,40.21879,46.520812,57.024184,88.53431,38.118115,59.124859
255,960,54.92351,42.319464,50.722161,40.21879,33.916768,50.722161,44.420138,33.916768,63.326208,67.527558,42.319464,31.816094
255,1020,65.426883,44.420138,38.118115,50.722161,42.319464,27.614746,61.225534,29.71542,48.621486,50.722161,46.520812,38.118115
255,1080,40.21879,27.614746,65.426883,40.21879,44.420138,29.71542,61.225534,38.118115,33.916768,44.420138,40.21879,42.319464
255,1140,59.124859,38.118115,50.722161,27.614746,61.225534,50.722161,57.024184,52.822835,42.319464,82.232284,46.520812,61.225534
255,1200,61.225534,59.124859,40.21879,52.822835,25.514072,69.628233,50.722161,33.916768,33.916768,73.829583,52.822835,42.319464
255,1260,71.728908,42.319464,38.118115,50.722161,27.614746,40.21879,46.520812,31.816094,50.722161,57.024184,33.916768,48.621486
255,1320,29.71542,42.319464,82.232284,38.118115,36.017441,36.017441,69.628233,38.118115,90.634986,42.319464,48.621486,31.816094
255,1380,42.319464,31.816094,33.916768,61.225534,27.614746,36.017441,31.816094,29.71542,48.621486,42.319464,48.621486,50.722161
255,1440,44.420138,40.21879,33.916768,48.621486,25.514072,23.413399,54.92351,38.118115,48.621486,42.319464,69.628233,31.816094
255,1500,29.71542,36.017441,33.916768,48.621486,50.722161,48.621486,46.520812,38.118115,42.319464,38.118115,61.225534,40.21879
255,1560,27.614746,29.71542,44.420138,33.916768,48.621486,48.621486,50.722161,42.319464,48.621486,46.520812,25.514072,44.420138
255,1620,33.916768,29.71542,29.71542,36.017441,42.319464,38.118115,40.21879,46.520812,48.621486,50.722161,36.017441,33.916768
255,1680,40.21879,40.21879,59.124859,38.118115,63.326208,25.514072,69.628233,38.118115,38.118115,31.816094,33.916768,38.118115
255,1740,31.816094,38.118115,48.621486,42.319464,38.118115,38.118115,52.822835,29.71542,46.520812,36.017441,42.319464,44.420138
255,1800,65.426883,61.225534,29.71542,33.916768,38.118115,48.621486,50.722161,31.816094,33.916768,61.225534,36.017441,42.319464
255,1860,59.124859,33.916768,40.21879,27.614746,48.621486,36.017441,63.326208,57.024184,29.71542,46.520812,38.118115,29.71542
255,1920,46.520812,50.722161,52.822835,40.21879,54.92351,63.326208,40.21879,44.420138,48.621486,42.319464,42.319464,59.124859
255,1980,40.21879,29.71542,54.92351,40.21879,57.024184,46.520812,46.520812,46.520812,57.024184,33.916768,33.916768,42.319464
255,2040,40.21879,57.024184,50.722161,36.017441,48.621486,48.621486,48.621486,31.816094,40.21879,50.722161,36.017441,38.118115
255,2100,48.621486,36.017441,38.118115,40.21879,61.225534,23.413399,46.520812,44.420138,33.916768,33.916768,29.71542,42.319464
255,2160,38.118115,29.71542,38.118115,40.21879,57.024184,38.118115,59.124859,48.621486,31.816094,46.520812,27.614746,33.916768
255,2220,38.118115,48.621486,36.017441,38.118115,44.420138,42.319464,57.024184,38.118115,42.319464,48.621486,36.017441,36.017441
255,2280,44.420138,44.420138,23.413399,33.916768,40.21879,38.118115,48.621486,29.71542,31.816094,36.017441,31.816094,48.621486
255,2340,31.816094,48.621486,27.614746,59.124859,46.520812,25.514072,50.722161,40.21879,40.21879,61.225534,40.21879,40.21879
255,2400,42.319464,42.319464,36.017441,36.017441,59.124859,42.319464,52.822835,57.024184,46.520812,38.118115,38.118115,40.21879
255,2460,31.816094,36.017441,52.822835,36.017441,50.722161,36.017441,52.822835,38.118115,52.822835,63.326208,31.816094,44.420138
255,2520,57.024184,25.514072,73.829583,57.024184,31.816094,36.017441,50.722161,52.822835,44.420138,42.319464,38.118115,54.92351
255,2580,38.118115,36.017441,42.319464,36.017441,48.621486,71.728908,31.816094,36.017441,54.92351,38.118115,36.017441,25.514072
255,2640,42.319464,50.722161,46.520812,31.816094,33.916768,29.71542,59.124859,48.621486,44.420138,46.520812,42.319464,40.21879
255,2700,31.816094,27.614746,33.916768,48.621486,36.017441,33.916768,54.92351,52.822835,40.21879,31.816094,48.621486,46.520812
255,2760,38.118115,48.621486,38.118115,44.420138,36.017441,40.21879,38.118115,36.017441,36.017441,33.916768,46.520812,29.71542
255,2820,38.118115,31.816094,40.21879,33.916768,50.722161,40.21879,59.124859,57.024184,46.520812,31.816094,44.420138,27.614746
255,2880,40.21879,31.816094,33.916768,40.21879,52.822835,63.326208,57.024184,31.816094,50.722161,40.21879,48.621486,40.21879
255,2940,54.92351,44.420138,33.916768,44.420138,42.319464,29.71542,52.822835,54.92351,46.520812,59.124859,31.816094,50.722161
1635,0,695.632143,332.213091,311.206266,267.091955,172.561381,147.353249,90.634986,90.634986,78.030933,96.937013,61.225534,75.930258
1635,60,73.829583,84.332959,92.735661,57.024184,78.030933,67.527558,67.527558,42.319464,92.735661,67.527558,48.621486,71.728908
1635,120,80.131608,63.326208,86.433635,92.735661,50.722161,99.037688,65.426883,38.118115,52.822835,69.628233,69.628233,46.520812
1635,180,117.943773,46.520812,1166.189067,407.837711,155.755959,603.201687,269.192636,470.858289,57.024184,94.836337,861.587129,90.634986
1635,240,647.316207,46.520812,7327.832798,1630.446959,1262.82168,3817.331697,783.861328,3050.548847,498.167224,309.105584,8350.973942,472.958976
1635,300,1691.367904,59.124859,18102.020895,3638.765085,3691.28463,10491.844898,1935.052209,7044.21313,2445.531537,1143.081288,17320.374793,1842.620132
1635,360,2897.193275,155.755959,25780.262103,5760.585752,7432.877408,17173.291814,3117.773313,10958.265032,4874.035115,2338.393595,23552.771845,4287.909399
1635,420,3682.8815,246.08515,30668.378179,6937.068219,10111.567697,21085.80321,4027.410641,13569.854427,7012.699904,3985.394803,26713.307177,6338.320231
1635,480,4552.610734,363.723339,32492.576864,7642.967096,11792.366365,22598.755028,4590.425291,14826.309117,8166.093132,5044.201555,27112.586984,7346.740816
1635,540,4485.384904,470.858289,31651.926463,7588.343717,12513.021032,21090.005809,4502.191355,14225.393219,9416.148935,5678.652881,25603.741447,7867.763754
1635,600,4430.763965,607.403068,29088.004462,6659.752731,12729.42897,17715.399162,4611.433387,14492.232865,9632.547394,5859.325492,22340.290133,7350.942599
1635,660,3863.549011,790.163416,24853.533576,5586.21591,11374.263963,13616.078117,3817.331697,12588.658683,9216.55871,5783.695041,18574.794909,6497.985866
1635,720,3315.245549,1059.053063,20112.90824,4825.716323,9975.004561,9695.576196,3245.920126,10451.926201,7947.598253,5317.309044,14372.470064,4777.397565
1635,780,2706.024467,1092.664341,15788.625634,3329.95095,8065.249258,6796.309464,2462.337504,9355.221333,7052.61666,4735.381281,10613.702114,3586.245579
1635,840,2071.599816,1132.577754,11796.568412,2432.927065,6168.150676,3884.556891,1834.217222,7350.942599,5338.317356,4155.559104,7317.328345,2443.430792
1635,900,1565.324627,1134.678461,8437.111757,1573.727505,4733.280467,2414.020361,1437.18086,5918.149233,4229.087015,3485.408237,4603.030148,1783.799783
1635,960,941.413717,1113.671398,6124.03271,1174.591898,3411.881099,1365.756565,1061.153768,4264.8006,3153.486336,2890.890999,2956.014551,1042.24743
1635,1020,830.076659,1187.196145,4021.108264,750.250197,2216.550642,691.430756,693.531449,3252.222435,2189.241043,2212.349165,1878.332511,809.069686
1635,1080,556.986504,1061.153768,2655.606405,538.080301,1636.749123,449.851423,542.281679,2699.722207,1590.533264,1584.231104,1227.109612,628.409981
1635,1140,340.615822,842.680845,1781.699057,388.931548,1122.074222,344.817188,367.924707,1968.663903,1056.952359,1138.879874,912.003911,330.112408
1635,1200,216.675633,672.524517,1256.519549,235.58175,760.753673,227.179031,363.723339,1344.749434,809.069686,848.982939,601.100996,298.602174
1635,1260,178.863415,542.281679,857.385732,227.179031,483.462411,193.568164,311.206266,1052.75095,605.302377,620.007215,397.334286,279.696041
1635,1320,117.943773,433.045935,666.222439,153.655281,361.622655,130.547833,201.970879,756.552282,603.201687,443.549365,359.521972,155.755959
1635,1380,164.158669,462.455542,496.066536,149.453926,344.817188,174.662059,212.474275,645.215515,388.931548,422.542507,311.206266,170.460703
1635,1440,82.232284,300.702856,346.917872,120.04445,273.393998,191.467486,201.970879,548.583746,317.508313,281.796722,239.783109,185.16545
1635,1500,105.339716,328.011725,346.917872,141.051218,233.48107,227.179031,229.27971,512.872039,225.078351,264.991274,393.132917,218.776312
1635,1560,96.937013,262.890593,189.366807,113.742421,204.071558,206.172237,155.755959,418.341136,300.702856,183.064772,592.698233,260.789913
1635,1620,78.030933,199.8702,254.487871,107.440392,145.252572,256.588552,178.863415,428.844564,243.98447,174.662059,649.4169,214.574954
1635,1680,88.53431,199.8702,281.796722,105.339716,187.266129,235.58175,166.259347,391.032233,246.08515,151.554604,739.746721,208.272916
1635,1740,86.433635,168.360025,302.803538,141.051218,204.071558,260.789913,162.057992,260.789913,210.373595,128.447156,487.663786,214.574954
1635,1800,67.527558,164.158669,315.407631,73.829583,227.179031,250.28651,197.769522,262.890593,166.259347,176.762737,376.327442,178.863415
1635,1860,50.722161,143.151895,294.400811,120.04445,235.58175,231.38039,216.675633,258.689232,214.574954,111.641745,323.81036,136.849864
1635,1920,63.326208,80.131608,302.803538,120.04445,239.783109,115.843097,231.38039,269.192636,187.266129,122.145126,239.783109,136.849864
1635,1980,67.527558,122.145126,346.917872,159.957314,210.373595,162.057992,212.474275,264.991274,189.366807,94.836337,201.970879,134.749187
1635,2040,61.225534,86.433635,315.407631,103.23904,271.293317,143.151895,168.360025,246.08515,222.977671,96.937013,231.38039,96.937013
1635,2100,75.930258,73.829583,216.675633,117.943773,176.762737,109.541068,191.467486,155.755959,239.783109,111.641745,204.071558,115.843097
1635,2160,75.930258,63.326208,206.172237,78.030933,193.568164,134.749187,193.568164,164.158669,206.172237,103.23904,157.856636,126.34648
1635,2220,71.728908,92.735661,185.16545,109.541068,193.568164,164.158669,155.755959,195.668843,248.18583,113.742421,262.890593,141.051218
1635,2280,82.232284,69.628233,157.856636,94.836337,178.863415,187.266129,225.078351,197.769522,199.8702,145.252572,500.267912,250.28651
1635,2340,50.722161,86.433635,155.755959,67.527558,153.655281,279.696041,180.964093,164.158669,241.88379,96.937013,657.819669,485.563099
1635,2400,84.332959,82.232284,134.749187,90.634986,164.158669,483.462411,201.970879,162.057992,264.991274,94.836337,1014.938285,533.878924
1635,2460,84.332959,67.527558,201.970879,86.433635,149.453926,651.517592,191.467486,130.547833,330.112408,84.332959,1134.678461,466.656915
1635,2520,86.433635,67.527558,342.716505,82.232284,128.447156,926.708812,185.16545,162.057992,250.28651,78.030933,1212.404648,439.347993
1635,2580,61.225534,65.426883,472.958976,42.319464,218.776312,960.320027,180.964093,155.755959,237.68243,63.326208,1189.296854,414.139766
1635,2640,44.420138,59.124859,529.677546,78.030933,170.460703,947.71582,143.151895,191.467486,227.179031,84.332959,1059.053063,393.132917
1635,2700,46.520812,71.728908,575.892711,90.634986,208.272916,762.854369,153.655281,157.856636,187.266129,90.634986,922.507412,288.098766
1635,2760,61.225534,38.118115,714.538387,94.836337,220.876992,567.489952,164.158669,193.568164,248.18583,90.634986,855.285034,206.172237
1635,2820,65.426883,96.937013,718.739776,78.030933,233.48107,454.052796,162.057992,239.783109,233.48107,73.829583,655.718976,252.387191
1635,2880,65.426883,84.332959,842.680845,88.53431,178.863415,351.119238,155.755959,225.078351,271.293317,71.728908,575.892711,313.306948
1635,2940,63.326208,101.138364,823.774566,103.23904,193.568164,275.494679,147.353249,388.931548,214.574954,143.151895,380.528811,168.360025
