##BLOCKS= 1          
Plate:	Plate#1	1.3	PlateFormat	Kinetic	Luminescence	Raw	FALSE	50	3000	60				1	450	1	12	96	405	Automatic	435			6	Automatic			1	8	None	
Time(hh:mm:ss)	Temperature(¡C)	1	2	3	4	5	6	7	8	9	10	11	12		
0:00	23.80	1155.68553	470.070531	343.241676	183.327357	198.032106	163.10833	161.270237	130.022664	172.298796	104.289378	104.289378	262.365423		
		1060.103415	479.261037	414.927523	255.013041	174.136889	172.298796	137.375033	133.698848	163.10833	102.451287	118.994112	109.803653		
		1028.855445	552.785125	293.613055	286.26067	192.517825	111.641745	148.403588	196.194013	115.317928	104.289378	87.746557	104.289378		
		1100.541987	435.146621	376.327442	120.832204	242.146375	152.079773	135.536941	104.289378	98.775104	93.26083	60.175196	109.803653		
		1115.246927	561.975641	282.584478	203.546388	201.708294	159.432145	82.232284	89.584648	76.718011	142.88931	67.527558	84.070375		
		775.195956	313.832119	280.746382	271.555902	150.24168	144.727403	144.727403	164.946423	111.641745	122.670296	135.536941	137.375033		
		740.271895	424.118021	311.994022	278.908286	247.66066	115.317928	107.965561	177.813076	91.422739	62.013287	62.013287	85.908466		
		666.747612	521.537378	323.022604	359.784557	163.10833	124.508388	95.098921	139.213125	98.775104	78.556102	78.556102	102.451287		
		
1:00	24.10	106.12747	87.746557	60.175196	87.746557	87.746557	78.556102	67.527558	106.12747	89.584648	65.689467	54.660925	74.87992		
		74.87992	43.632385	93.26083	74.87992	52.822835	62.013287	52.822835	74.87992	74.87992	93.26083	56.499016	45.470475		
		65.689467	78.556102	63.851377	47.308565	89.584648	41.794295	67.527558	69.365649	100.613195	71.203739	69.365649	82.232284		
		85.908466	85.908466	62.013287	63.851377	84.070375	67.527558	67.527558	62.013287	65.689467	41.794295	50.984745	73.04183		
		89.584648	60.175196	78.556102	74.87992	82.232284	65.689467	54.660925	52.822835	56.499016	71.203739	52.822835	52.822835		
		85.908466	73.04183	60.175196	67.527558	60.175196	71.203739	69.365649	67.527558	56.499016	69.365649	62.013287	50.984745		
		76.718011	62.013287	71.203739	84.070375	58.337106	45.470475	87.746557	50.984745	54.660925	52.822835	65.689467	50.984745		
		80.394193	91.422739	113.479836	65.689467	80.394193	56.499016	63.851377	69.365649	67.527558	91.422739	49.146655	91.422739		
		
2:00	24.30	449.851423	96.937013	62.013287	104.289378	124.508388	78.556102	91.422739	82.232284	96.937013	146.565495	449.851423	95.098921		
		71.203739	41.794295	74.87992	47.308565	43.632385	52.822835	65.689467	52.822835	34.441936	65.689467	47.308565	60.175196		
		67.527558	54.660925	62.013287	71.203739	38.118115	47.308565	52.822835	192.517825	39.956205	84.070375	54.660925	43.632385		
		39.956205	207.222577	52.822835	41.794295	54.660925	43.632385	47.308565	50.984745	73.04183	76.718011	71.203739	39.956205		
		71.203739	73.04183	54.660925	56.499016	41.794295	43.632385	58.337106	50.984745	43.632385	67.527558	56.499016	49.146655		
		96.937013	30.765757	65.689467	78.556102	60.175196	36.280026	49.146655	41.794295	45.470475	63.851377	54.660925	50.984745		
		74.87992	65.689467	49.146655	177.813076	96.937013	71.203739	49.146655	913.054261	144.727403	38.118115	65.689467	117.15602		
		102.451287	104.289378	142.88931	115.317928	109.803653	78.556102	50.984745	69.365649	49.146655	49.146655	67.527558	137.375033		
		
3:00	24.50	1995.710825	326.698799	144.727403	357.946459	1567.425347	359.784557	604.252032	459.041926	571.166159	1036.207907	4319.158811	172.298796		
		62.013287	89.584648	54.660925	56.499016	50.984745	58.337106	50.984745	39.956205	62.013287	54.660925	52.822835	43.632385		
		232.9559	71.203739	52.822835	115.317928	60.175196	45.470475	150.24168	1378.098258	161.270237	672.261931	74.87992	49.146655		
		41.794295	45.470475	34.441936	49.146655	30.765757	52.822835	65.689467	39.956205	32.603846	43.632385	47.308565	58.337106		
		27.089578	47.308565	41.794295	49.146655	39.956205	50.984745	45.470475	54.660925	34.441936	54.660925	50.984745	47.308565		
		49.146655	47.308565	50.984745	45.470475	47.308565	52.822835	73.04183	113.479836	49.146655	54.660925	62.013287	60.175196		
		223.765426	229.27971	227.441615	2140.924087	475.584835	350.594067	69.365649	5600.396574	563.813745	115.317928	102.451287	1039.884139		
		311.994022	549.108919	1174.066721	561.975641	490.289645	214.574954	58.337106	528.889788	80.394193	85.908466	111.641745	1273.325233		
		
4:00	24.70	4429.450962	900.187474	381.841738	868.939574	5730.911336	1697.932664	2427.675202	1512.281482	1890.936885	3764.024264	10501.29933	490.289645		
		45.470475	49.146655	43.632385	69.365649	41.794295	62.013287	43.632385	56.499016	45.470475	60.175196	39.956205	54.660925		
		1806.38259	242.146375	78.556102	436.984721	326.698799	155.755959	1069.293998	4960.693899	1146.494936	3776.891572	198.032106	161.270237		
		39.956205	45.470475	45.470475	58.337106	71.203739	56.499016	45.470475	39.956205	60.175196	36.280026	50.984745	54.660925		
		71.203739	47.308565	43.632385	38.118115	47.308565	38.118115	36.280026	54.660925	43.632385	56.499016	63.851377	36.280026		
		62.013287	49.146655	50.984745	54.660925	38.118115	50.984745	47.308565	38.118115	41.794295	34.441936	38.118115	47.308565		
		633.66171	762.329195	692.481103	7591.232452	1957.109882	1368.907636	122.670296	13428.031931	1927.699653	378.165541	210.898765	3411.093309		
		797.253267	1861.526684	4765.843085	2014.092234	2113.351926	629.9855	181.489263	2140.924087	188.841637	98.775104	212.736859	4670.256089		
		
5:00	24.80	7306.298672	1957.109882	1223.695959	2438.704115	11764.265184	4809.960203	5664.734807	3780.567946	4350.408236	7920.28644	15902.612683	1152.009292		
		52.822835	78.556102	78.556102	71.203739	63.851377	41.794295	38.118115	71.203739	30.765757	74.87992	60.175196	30.765757		
		5159.221696	788.06272	266.041615	1635.436172	1240.239047	681.452463	3137.205396	9201.589466	3311.831795	8425.819294	411.251324	453.527624		
		65.689467	47.308565	41.794295	34.441936	32.603846	60.175196	49.146655	47.308565	62.013287	38.118115	50.984745	49.146655		
		50.984745	49.146655	34.441936	60.175196	62.013287	38.118115	50.984745	52.822835	56.499016	47.308565	34.441936	36.280026		
		62.013287	45.470475	30.765757	39.956205	56.499016	54.660925	47.308565	50.984745	67.527558	36.280026	62.013287	49.146655		
		1365.231387	1767.78175	2052.693209	15433.796158	4804.445562	3565.500385	427.794221	21228.954383	4894.51809	863.42524	519.699276	7387.182983		
		1848.659725	3578.367657	9433.219178	4611.433387	5495.617291	1927.699653	337.727383	4241.954408	528.889788	238.470185	539.918404	8365.155161		
		
6:00	24.90	10521.521313	2859.642219	2429.513354	3710.716871	17426.747494	9256.739329	9299.020919	6684.963185	7530.569035	11258.708458	19914.33845	1984.681982		
		63.851377	43.632385	118.994112	80.394193	89.584648	43.632385	65.689467	58.337106	87.746557	58.337106	84.070375	49.146655		
		8782.451918	1710.799596	918.568599	3541.60403	3036.1061	1593.159165	4951.502811	11793.679504	5558.117195	13150.428349	944.302181	992.093143		
		63.851377	50.984745	32.603846	54.660925	41.794295	52.822835	36.280026	47.308565	58.337106	50.984745	32.603846	45.470475		
		39.956205	60.175196	34.441936	38.118115	32.603846	49.146655	45.470475	34.441936	63.851377	36.280026	39.956205	41.794295		
		41.794295	45.470475	39.956205	47.308565	32.603846	36.280026	41.794295	47.308565	34.441936	47.308565	36.280026	54.660925		
		2232.831369	2843.098752	4436.803778	22764.236097	8679.506234	6359.591455	822.986805	27934.795267	8736.494005	1879.908058	1019.664867	11791.841109		
		3631.674949	5241.941776	13696.444377	6984.600623	8756.715483	3718.069613	661.233294	6512.166712	1043.56037	420.441822	1170.390482	11977.519286		
		
7:00	24.90	13990.596174	3835.71358	4151.88271	5455.176206	22267.794052	12773.551058	13078.729588	9740.221631	9356.00919	14578.903439	23058.425621	3118.823695		
		106.12747	67.527558	267.87971	85.908466	93.26083	69.365649	56.499016	84.070375	91.422739	58.337106	120.832204	54.660925		
		11845.154595	2835.746102	2049.016925	5374.294105	5488.264365	2942.359608	6530.549296	13143.074626	7298.945557	16573.669197	1436.91827	2061.88392		
		41.794295	56.499016	34.441936	54.660925	41.794295	50.984745	28.927667	38.118115	34.441936	45.470475	41.794295	52.822835		
		56.499016	32.603846	41.794295	71.203739	50.984745	49.146655	36.280026	30.765757	56.499016	47.308565	56.499016	71.203739		
		63.851377	41.794295	39.956205	45.470475	67.527558	54.660925	45.470475	45.470475	47.308565	43.632385	43.632385	39.956205		
		3738.289656	3887.182877	6806.28862	28469.892502	12350.715514	9482.854214	1264.134624	33661.097523	12718.398452	3267.715612	1705.285196	16336.500551		
		5333.853089	6688.63971	15884.227663	9080.259921	12023.479306	5828.338006	1163.038006	8148.235352	1857.850409	699.83353	1791.677505	14371.156877		
		
8:00	25.00	15889.743169	4541.581492	5447.823284	7037.910484	25209.723716	15876.873656	15257.301331	12626.477539	11716.466939	16878.864129	25869.835998	4343.055429		
		84.070375	82.232284	497.642052	174.136889	100.613195	65.689467	84.070375	155.755959	152.079773	87.746557	141.051218	49.146655		
		13582.460885	3846.742712	4115.118785	6541.578848	7756.6784	4545.257905	7486.450219	12332.331417	8617.00357	19029.974211	2137.247798	2866.994872		
		43.632385	47.308565	52.822835	47.308565	38.118115	52.822835	34.441936	38.118115	36.280026	60.175196	60.175196	63.851377		
		32.603846	32.603846	58.337106	38.118115	54.660925	38.118115	38.118115	32.603846	63.851377	54.660925	39.956205	28.927667		
		56.499016	62.013287	36.280026	39.956205	27.089578	45.470475	49.146655	41.794295	47.308565	65.689467	60.175196	58.337106		
		5528.705469	4809.960203	8955.25394	31660.332917	16114.040761	12878.341128	1843.145314	37741.876548	16141.618383	5254.809352	2622.519572	20155.196323		
		7010.336413	7262.179996	17244.73208	10572.995477	14521.910959	7751.163529	1846.821588	8992.020382	3131.690886	1050.912834	2390.912174	14876.735858		
		
9:00	25.10	18237.549123	5484.587902	7047.101843	8359.640242	27782.173773	17336.658998	17099.487793	15086.322387	13551.207379	18862.663302	27647.940684	5537.896632		
		170.460703	78.556102	780.710283	223.765426	170.460703	89.584648	76.718011	262.365423	236.63209	188.841637	175.974983	67.527558		
		14586.257311	4374.304865	6280.546571	8065.511872	9821.108727	6026.868239	7968.082119	12196.28925	8753.03885	20166.228001	2714.42748	3841.228145		
		38.118115	47.308565	52.822835	67.527558	43.632385	41.794295	47.308565	47.308565	50.984745	63.851377	49.146655	58.337106		
		32.603846	32.603846	47.308565	41.794295	36.280026	30.765757	41.794295	41.794295	32.603846	36.280026	74.87992	56.499016		
		41.794295	49.146655	62.013287	63.851377	47.308565	58.337106	58.337106	41.794295	34.441936	45.470475	36.280026	43.632385		
		7293.430722	5651.867155	11613.516982	34141.068775	18005.890566	15246.270419	2368.854366	41421.951774	19173.383876	7229.091007	3626.1604	23052.909556		
		9098.643172	7559.981594	17415.716244	11117.153223	16913.796164	10122.597808	2398.264778	9356.00919	4023.209056	1398.317632	2810.011831	15398.864855		
		
10:00	25.20	19561.326866	5990.103339	8093.086355	9716.323188	29964.876341	19114.549107	18733.962872	17472.711057	14384.026115	20322.510291	28703.42418	6907.393309		
		187.003544	106.12747	977.388228	334.051188	264.203519	104.289378	71.203739	271.555902	275.232094	188.841637	253.174946	50.984745		
		14895.120617	5335.691317	8278.754818	8582.075635	11247.67817	7422.110328	8389.053146	10271.504475	8565.530829	20486.147411	3120.661865	4740.108112		
		60.175196	78.556102	50.984745	60.175196	39.956205	34.441936	62.013287	43.632385	38.118115	45.470475	41.794295	45.470475		
		43.632385	43.632385	63.851377	50.984745	43.632385	36.280026	47.308565	28.927667	39.956205	39.956205	30.765757	56.499016		
		71.203739	43.632385	39.956205	39.956205	50.984745	45.470475	50.984745	45.470475	28.927667	43.632385	43.632385	39.956205		
		9104.158148	6587.535335	13240.511511	36351.553144	19581.55144	17441.455831	3155.587102	43529.667316	21221.59982	8832.086498	4357.761044	25524.149689		
		9850.522239	6863.274881	16546.091407	10431.441615	17434.101662	10389.159347	2883.538343	8824.733225	4732.755264	1618.892992	3210.732249	13891.319806		
		
11:00	25.30	20943.965637	6629.815329	9427.704176	10778.89251	30527.572173	20370.314354	19283.699202	18882.887676	16266.63707	21118.636022	29347.01941	7673.955378		
		223.765426	159.432145	1074.808348	414.927523	317.508313	113.479836	102.451287	348.755969	356.108361	302.803538	324.860701	62.013287		
		14384.026115	5655.543627	9348.655862	8613.326944	12304.755281	7821.018595	7977.273599	8677.667919	7251.150331	19656.933996	3552.633116	5188.633269		
		45.470475	32.603846	36.280026	69.365649	41.794295	38.118115	45.470475	52.822835	38.118115	36.280026	39.956205	49.146655		
		47.308565	43.632385	56.499016	43.632385	36.280026	52.822835	36.280026	45.470475	52.822835	45.470475	41.794295	63.851377		
		41.794295	50.984745	36.280026	47.308565	50.984745	41.794295	34.441936	38.118115	39.956205	41.794295	63.851377	47.308565		
		10492.107521	6802.612089	14819.743138	37561.647898	20958.674705	19337.018337	3734.613284	44188.111401	23227.585152	10780.730879	5699.661301	27168.013504		
		10769.700666	6673.93361	14645.088313	9012.241933	18143.782472	11028.911142	3322.860845	8172.133265	5534.220166	1832.116495	3346.757127	12159.521141		
		
12:00	25.30	21648.165722	7392.697826	10109.729346	11929.720897	31382.657744	21423.850573	19439.979541	20385.023303	16354.885689	21153.570151	30218.640574	8563.692518		
		308.317828	157.594052	1243.915289	530.727891	475.584835	141.051218	98.775104	538.080301	359.784557	264.203519	321.184507	74.87992		
		12861.795317	5699.661301	10240.252433	8628.033448	12823.18844	8576.560699	8111.469349	6607.756198	6159.222038	17728.269009	3633.513133	5328.338407		
		71.203739	36.280026	49.146655	54.660925	39.956205	47.308565	47.308565	45.470475	43.632385	45.470475	32.603846	50.984745		
		34.441936	45.470475	60.175196	52.822835	43.632385	43.632385	58.337106	32.603846	52.822835	39.956205	38.118115	47.308565		
		74.87992	47.308565	50.984745	45.470475	43.632385	60.175196	52.822835	41.794295	28.927667	49.146655	39.956205	47.308565		
		11766.103578	7102.250025	15588.229494	38617.279382	21708.841253	20057.749909	4528.714045	45293.501988	24442.971503	12117.23784	6094.883355	27826.305256		
		10933.315678	5580.175998	12668.761144	7824.69518	17217.154028	10429.603255	3582.04402	7192.325481	5918.411839	2120.704501	3037.944267	10054.578818		
		
13:00	25.40	22190.570047	7903.74179	10367.099044	12688.983747	31204.284202	21547.039952	20134.971585	21239.986228	17013.076776	21876.158897	29385.63531	9201.589466		
		363.460754	142.88931	1409.346383	602.413928	449.851423	135.536941	107.965561	519.699276	416.765622	304.641635	357.946459	80.394193		
		11380.041743	5629.80833	10578.510569	7622.483324	12760.682113	8471.777005	6986.438893	4484.597102	4659.226829	15064.260618	3653.733151	5352.235366		
		39.956205	50.984745	36.280026	56.499016	49.146655	39.956205	34.441936	50.984745	67.527558	47.308565	50.984745	32.603846		
		47.308565	47.308565	47.308565	38.118115	47.308565	30.765757	45.470475	38.118115	39.956205	36.280026	30.765757	43.632385		
		58.337106	58.337106	85.908466	47.308565	62.013287	36.280026	41.794295	62.013287	41.794295	41.794295	41.794295	45.470475		
		12631.99279	7749.325239	16820.031269	38396.58857	22328.470115	20684.718808	5251.132902	45560.196148	25288.789764	13225.804048	6980.924082	29262.432274		
		10074.800673	4572.831015	10479.238991	6238.266786	16507.482518	10558.288569	3784.24432	6179.442779	6054.441927	2142.762232	2940.521443	8199.707789		
		
14:00	25.40	21809.967255	7826.533472	10578.510569	13738.728623	31928.814585	22144.603417	20009.946057	21833.869785	17481.903773	21690.454723	28902.018654	9712.646506		
		385.517936	137.375033	1403.832007	611.60445	563.813745	122.670296	106.12747	523.375481	460.880027	310.155925	453.527624	109.803653		
		9690.586413	5495.617291	10334.008602	6370.62098	11716.466939	8411.112833	5830.176246	2973.608425	3403.740599	12957.393388	3572.853111	5309.956136		
		74.87992	45.470475	30.765757	52.822835	39.956205	63.851377	41.794295	47.308565	45.470475	47.308565	67.527558	34.441936		
		43.632385	41.794295	41.794295	45.470475	43.632385	32.603846	80.394193	39.956205	50.984745	56.499016	56.499016	50.984745		
		34.441936	34.441936	45.470475	25.251488	38.118115	56.499016	54.660925	28.927667	45.470475	39.956205	41.794295	54.660925		
		13036.445737	7822.856888	17651.049962	38773.602457	22563.820185	21611.392698	5708.852486	45790.105714	25748.477846	13950.150229	7613.29189	29060.159098		
		9679.55637	3644.542233	8151.911954	4510.331982	15066.099098	9446.087517	3782.406133	4723.564205	6082.015625	2157.467389	2635.386672	6265.840556		
		
15:00	25.40	21067.154179	7708.882864	11071.193792	14148.70327	31665.849654	21958.898538	19487.783008	22094.959491	17601.409191	21010.156469	28199.585145	10231.060658		
		391.032233	130.022664	1146.494936	626.309289	497.642052	107.965561	106.12747	554.623228	442.499022	350.594067	297.289248	153.917866		
		8012.201236	5383.485248	9284.314276	5916.573596	11010.527389	8039.775698	4822.827701	1857.850409	2554.507797	10561.965296	3341.2426	4938.635289		
		41.794295	34.441936	39.956205	49.146655	52.822835	32.603846	39.956205	32.603846	63.851377	45.470475	47.308565	49.146655		
		60.175196	36.280026	49.146655	47.308565	54.660925	38.118115	38.118115	50.984745	32.603846	50.984745	39.956205	62.013287		
		38.118115	52.822835	43.632385	41.794295	45.470475	67.527558	28.927667	49.146655	43.632385	30.765757	49.146655	63.851377		
		13867.41996	7946.022571	17739.300309	38094.978908	22775.268183	21787.903387	6096.721602	45352.358544	25941.547731	15110.222644	7854.107862	29006.83263		
		8890.912712	2758.543319	6078.339132	3350.433478	13179.843246	8142.720451	3321.02267	3795.273444	6056.280173	2049.016925	2104.161208	4350.408236		
		
16:00	25.50	21059.799634	8137.205549	10984.790143	14389.541504	30612.160822	21855.933667	18599.746959	21559.910497	17454.325628	20598.303409	27668.167572	9957.146324		
		403.898926	130.022664	1155.68553	587.709093	598.737719	141.051218	115.317928	580.356678	403.898926	291.774959	310.155925	185.16545		
		6363.267963	5082.016375	8385.376533	4666.579669	10107.890994	7401.889232	3868.800981	1229.210321	1712.637729	7604.100457	3032.429764	4144.529924		
		69.365649	47.308565	80.394193	49.146655	39.956205	58.337106	50.984745	39.956205	27.089578	45.470475	34.441936	45.470475		
		47.308565	41.794295	32.603846	41.794295	60.175196	50.984745	45.470475	49.146655	34.441936	32.603846	27.089578	49.146655		
		52.822835	30.765757	58.337106	36.280026	38.118115	49.146655	41.794295	45.470475	43.632385	39.956205	54.660925	54.660925		
		13963.019391	7942.34598	17794.456831	36986.022735	22573.013563	21683.100112	6394.518292	44651.600858	26068.422514	14843.643305	8258.533477	28795.365997		
		7958.89064	2179.525131	4639.006522	2208.935464	11426.001375	7048.940115	2923.977958	2593.109067	5475.396745	1920.347098	1756.752942	2929.492452		
		
17:00	25.50	20831.809091	8124.337448	10742.125139	14407.926136	30156.118867	21815.483222	18303.737421	22015.897013	16985.498814	20412.602591	26368.142109	9892.804184		
		381.841738	107.965561	925.92105	604.252032	563.813745	95.098921	91.422739	560.137538	343.241676	363.460754	229.27971	164.946423		
		4786.063427	4168.426483	7061.808021	3534.251307	8620.680196	6907.393309	2865.156708	705.347851	1129.951871	5673.925988	2563.698574	3354.10983		
		63.851377	41.794295	43.632385	52.822835	28.927667	45.470475	49.146655	60.175196	56.499016	38.118115	36.280026	36.280026		
		36.280026	65.689467	47.308565	52.822835	54.660925	52.822835	52.822835	56.499016	39.956205	38.118115	28.927667	41.794295		
		52.822835	34.441936	39.956205	36.280026	58.337106	39.956205	60.175196	38.118115	54.660925	39.956205	54.660925	43.632385		
		14369.318415	7390.859545	17027.785027	37000.735141	22354.211491	21815.483222	6740.111084	43511.275111	26197.136295	15384.156944	8449.7173	28274.976889		
		6626.138806	1659.331883	3332.051722	1378.098258	9648.304589	5718.043673	2457.085639	1997.548966	4653.712199	1543.529667	1367.069511	1874.393645		
		
18:00	25.50	19796.667726	8096.762953	11242.163027	14404.249209	29012.349159	20815.261418	18283.513212	21515.782925	17059.040069	19513.523349	24994.590961	9898.319223		
		420.441822	96.937013	811.958145	414.927523	396.54653	104.289378	124.508388	611.60445	291.774959	255.013041	187.003544	144.727403		
		3802.626194	3642.70405	6449.665965	2685.016937	7177.619277	6082.015625	1969.976861	653.880871	828.501136	4109.604198	2254.889135	2854.127729		
		34.441936	30.765757	49.146655	38.118115	54.660925	36.280026	28.927667	45.470475	47.308565	43.632385	49.146655	27.089578		
		34.441936	36.280026	52.822835	54.660925	38.118115	47.308565	38.118115	43.632385	47.308565	36.280026	50.984745	38.118115		
		41.794295	39.956205	50.984745	38.118115	80.394193	28.927667	43.632385	34.441936	43.632385	38.118115	45.470475	56.499016		
		14179.957041	7651.895922	17106.841927	35867.888845	21059.799634	20897.999818	6817.318216	43082.738092	25816.511935	15498.14334	8574.722387	26371.819657		
		5379.808791	1122.599399	2302.680983	995.769373	7929.477914	4830.180558	1962.624301	1335.821405	4052.620157	1418.537011	1027.017329	1185.095437		
		
19:00	25.60	18996.879714	7878.005675	10527.0364	14496.172434	28030.413719	21015.672374	16935.85851	20947.642904	15759.209652	18583.199809	24358.390234	9769.63511		
		383.679837	104.289378	584.032885	389.194134	466.39433	113.479836	78.556102	523.375481	225.603521	280.746382	148.403588	153.917866		
		2661.120879	3060.002284	4815.474845	2078.427204	5918.411839	4896.356306	1282.515843	431.470421	521.537378	2946.035939	1857.850409	2346.796565		
		67.527558	47.308565	47.308565	39.956205	50.984745	50.984745	43.632385	54.660925	49.146655	36.280026	36.280026	60.175196		
		41.794295	45.470475	47.308565	49.146655	49.146655	65.689467	47.308565	43.632385	43.632385	60.175196	52.822835	41.794295		
		56.499016	49.146655	30.765757	52.822835	41.794295	43.632385	43.632385	38.118115	45.470475	39.956205	45.470475	27.089578		
		14010.819155	7622.483324	16509.321036	34363.585289	20892.483921	21162.763346	6877.981021	40708.359002	25305.338483	15010.944704	9133.571362	25930.515152		
		4420.259943	852.396574	1335.821405	571.166159	6076.500885	3526.898584	1552.720312	1095.027635	3047.135107	1262.296502	900.187474	845.04413		
		
20:00	25.60	17991.182112	7552.628453	10163.041563	13415.162866	26862.774157	19737.832437	16444.972934	20191.96859	15365.772058	18165.845202	22960.975206	9550.872655		
		332.213091	118.994112	508.670663	328.536896	453.527624	82.232284	82.232284	532.565993	220.089237	243.98447	137.375033	137.375033		
		2120.704501	2460.761944	3455.209582	1289.868332	4644.521151	3868.800981	688.804889	440.660922	357.946459	2047.178783	1523.310252	1764.10548		
		39.956205	43.632385	41.794295	56.499016	41.794295	34.441936	50.984745	47.308565	50.984745	58.337106	45.470475	52.822835		
		58.337106	43.632385	50.984745	62.013287	49.146655	56.499016	47.308565	45.470475	47.308565	32.603846	49.146655	28.927667		
		39.956205	80.394193	49.146655	47.308565	52.822835	56.499016	49.146655	32.603846	54.660925	39.956205	60.175196	30.765757		
		14284.749195	7001.145058	15542.267156	33719.944398	19905.145417	20717.814095	7245.635499	38801.188918	24345.51918	14827.097035	8795.320139	25035.043224		
		3409.255131	622.633079	1034.369791	438.822821	5150.030582	2769.572283	1269.648989	846.882241	2572.889352	935.111615	751.300544	692.481103		
		
21:00	25.60	17323.789222	7291.592443	9727.353238	13266.249578	25286.951018	19526.393524	15056.906696	19844.471434	13924.411913	16882.541185	21900.06145	9690.586413		
		328.536896	50.984745	319.34641	300.965441	356.108361	82.232284	102.451287	521.537378	192.517825	159.432145	102.451287	141.051218		
		1580.292254	2043.502499	2727.294597	966.359544	3594.911295	3032.429764	499.480154	391.032233	278.908286	1359.717014	1225.53408	1289.868332		
		34.441936	47.308565	43.632385	45.470475	43.632385	39.956205	43.632385	38.118115	45.470475	36.280026	69.365649	39.956205		
		43.632385	45.470475	52.822835	41.794295	47.308565	36.280026	41.794295	56.499016	54.660925	47.308565	30.765757	39.956205		
		49.146655	47.308565	43.632385	30.765757	34.441936	56.499016	63.851377	52.822835	47.308565	39.956205	49.146655	58.337106		
		13786.528235	6922.099457	15483.435408	31886.51946	19241.41164	19888.597962	7468.067387	37486.246252	24321.6158	14257.172297	8914.810875	24591.908333		
		2508.553932	438.822821	664.909506	334.051188	4155.559104	2061.88392	975.550114	475.584835	2179.525131	786.224611	674.100037	493.965849		
		
22:00	25.60	16586.538836	7208.869965	9381.745843	13328.756352	23907.904741	18546.428379	14764.588936	19077.7774	13402.293804	15523.88223	20787.681974	8909.295914		
		288.098766	65.689467	315.670216	240.30828	280.746382	76.718011	62.013287	376.327442	148.403588	159.432145	91.422739	131.860756		
		1129.951871	1409.346383	2010.415952	709.024066	2685.016937	2256.727282	346.917872	446.175222	203.546388	892.835026	938.787841	1010.474292		
		39.956205	43.632385	41.794295	34.441936	45.470475	34.441936	49.146655	47.308565	67.527558	41.794295	50.984745	38.118115		
		38.118115	30.765757	36.280026	34.441936	45.470475	45.470475	34.441936	32.603846	32.603846	28.927667	38.118115	52.822835		
		36.280026	41.794295	39.956205	47.308565	50.984745	27.089578	38.118115	56.499016	41.794295	28.927667	71.203739	41.794295		
		13494.215727	6767.68505	14720.465605	31185.895202	18038.984599	19607.291816	7236.444114	35735.479424	22479.241164	14042.072864	8442.364067	23016.135802		
		2015.930376	315.670216	484.775341	232.9559	2861.480382	1523.310252	707.185958	459.041926	1644.626829	565.651848	506.832561	286.26067		
		
23:00	25.60	15676.477266	7175.781001	8936.870726	12275.340747	22468.209125	17757.685811	13898.673606	18423.244228	12212.834905	14878.574334	19298.407925	8727.302426		
		291.774959	62.013287	179.65117	207.222577	277.07019	67.527558	63.851377	300.965441	91.422739	163.10833	102.451287	139.213125		
		701.671637	1056.427183	1482.871439	460.880027	2014.092234	1710.799596	220.089237	453.527624	161.270237	635.499815	705.347851	732.919463		
		49.146655	39.956205	36.280026	32.603846	54.660925	56.499016	28.927667	50.984745	34.441936	36.280026	43.632385	63.851377		
		30.765757	38.118115	45.470475	50.984745	69.365649	38.118115	23.413399	36.280026	43.632385	69.365649	38.118115	43.632385		
		47.308565	45.470475	36.280026	52.822835	32.603846	41.794295	45.470475	47.308565	60.175196	45.470475	45.470475	82.232284		
		12874.66428	6374.297489	13898.673606	28381.628762	17018.592369	18448.984182	7265.856551	33225.264381	21719.873174	13117.336604	8361.478548	21692.293376		
		1786.163099	236.63209	356.108361	133.698848	2442.380419	1049.074718	528.889788	302.803538	1354.202642	385.517936	368.975049	236.63209		
		
24:00	25.60	14446.533878	6561.799698	8780.613601	11734.850875	21499.235093	16809.000113	12505.142115	18042.661715	11604.325029	13183.520109	17856.967608	8256.695173		
		315.670216	84.070375	181.489263	163.10833	168.62261	80.394193	56.499016	284.422574	100.613195	102.451287	56.499016	106.12747		
		543.59461	775.195956	883.644467	343.241676	1379.936383	1220.019718	155.755959	425.956121	122.670296	405.737026	595.06151	516.023071		
		34.441936	50.984745	58.337106	69.365649	36.280026	47.308565	49.146655	47.308565	43.632385	49.146655	62.013287	36.280026		
		47.308565	60.175196	38.118115	38.118115	47.308565	39.956205	47.308565	38.118115	36.280026	30.765757	28.927667	34.441936		
		71.203739	30.765757	56.499016	60.175196	50.984745	45.470475	45.470475	45.470475	34.441936	60.175196	41.794295	43.632385		
		12424.251949	6146.354297	13317.725741	26734.059164	16018.438421	17798.133934	6752.978934	31803.768202	20199.323045	12470.212259	8037.9374	20361.121263		
		1453.461407	166.784517	266.041615	155.755959	2105.999351	788.06272	448.013323	277.07019	1080.322698	330.374993	391.032233	220.089237		
		
25:00	25.60	13578.784001	6291.576084	8241.988747	11409.455904	19796.667726	15674.638769	11486.668134	16910.119107	10653.883526	11920.528903	16516.675109	7539.760459		
		256.851137	69.365649	179.65117	122.670296	205.384483	63.851377	65.689467	242.146375	69.365649	111.641745	54.660925	109.803653		
		446.175222	547.270816	697.995423	260.527328	1023.341098	933.273502	115.317928	587.709093	95.098921	321.184507	396.54653	422.279922		
		47.308565	45.470475	39.956205	52.822835	41.794295	34.441936	49.146655	62.013287	39.956205	52.822835	38.118115	32.603846		
		50.984745	32.603846	45.470475	50.984745	67.527558	58.337106	54.660925	39.956205	49.146655	58.337106	36.280026	41.794295		
		52.822835	43.632385	63.851377	49.146655	38.118115	41.794295	41.794295	49.146655	54.660925	38.118115	49.146655	52.822835		
		12085.984982	5618.77892	12619.123871	24595.585789	14979.690567	16957.920863	6668.418824	29036.254124	19428.947976	12089.661788	7536.083889	18862.663302		
		1172.228601	141.051218	207.222577	141.051218	1519.633995	723.728925	262.365423	231.117805	927.759163	289.936863	343.241676	194.355919		
		
26:00	25.70	12381.968489	5951.500215	7677.631954	10536.228213	17991.182112	14920.859286	10585.864024	16055.208537	9186.882844	11030.749518	14884.089761	7221.7379		
		210.898765	60.175196	87.746557	135.536941	187.003544	80.394193	93.26083	212.736859	96.937013	82.232284	60.175196	117.15602		
		361.622655	444.337122	521.537378	177.813076	731.081356	650.204659	84.070375	574.842366	95.098921	243.98447	299.127345	315.670216		
		34.441936	49.146655	54.660925	36.280026	32.603846	47.308565	32.603846	49.146655	58.337106	39.956205	36.280026	47.308565		
		47.308565	47.308565	30.765757	38.118115	52.822835	50.984745	30.765757	38.118115	47.308565	47.308565	49.146655	34.441936		
		54.660925	49.146655	54.660925	63.851377	43.632385	50.984745	49.146655	38.118115	41.794295	41.794295	27.089578	74.87992		
		11326.728607	5477.234977	11650.284806	22995.910245	13518.115446	15854.81164	6639.006635	26853.580221	18259.611882	11172.30458	7593.070738	17667.596894		
		935.111615	133.698848	203.546388	115.317928	1321.116418	512.346867	275.232094	168.62261	611.60445	209.060671	253.174946	212.736859		
		
27:00	25.60	11354.304362	5387.161706	7543.437028	9674.041349	15989.022343	13891.319806	9799.0486	14907.98995	8971.798836	10164.879916	13348.979144	6887.172359		
		210.898765	85.908466	98.775104	98.775104	166.784517	65.689467	69.365649	148.403588	78.556102	82.232284	62.013287	100.613195		
		275.232094	304.641635	326.698799	139.213125	602.413928	448.013323	65.689467	710.862173	227.441615	190.679731	282.584478	227.441615		
		39.956205	47.308565	50.984745	60.175196	41.794295	45.470475	47.308565	47.308565	74.87992	54.660925	36.280026	56.499016		
		36.280026	43.632385	67.527558	28.927667	38.118115	47.308565	27.089578	43.632385	39.956205	39.956205	58.337106	34.441936		
		45.470475	34.441936	36.280026	47.308565	45.470475	30.765757	52.822835	41.794295	50.984745	69.365649	52.822835	58.337106		
		10629.984775	4934.958855	10561.965296	21479.00997	12527.203086	14806.87382	6063.633159	24503.649433	17093.972193	10617.11622	6990.115434	15992.699352		
		652.042765	113.479836	194.355919	137.375033	1017.826752	365.298852	234.793995	161.270237	585.870989	155.755959	271.555902	137.375033		
		
28:00	25.70	10210.838758	5350.397138	6951.511764	9205.266123	14378.510727	12915.10961	9076.583271	14045.749772	7993.818267	9276.960956	11734.850875	6422.092123		
		221.927332	73.04183	76.718011	96.937013	98.775104	60.175196	65.689467	181.489263	56.499016	84.070375	49.146655	104.289378		
		164.946423	243.98447	242.146375	107.965561	383.679837	376.327442	98.775104	839.529798	221.927332	177.813076	251.336851	212.736859		
		36.280026	91.422739	43.632385	28.927667	39.956205	34.441936	58.337106	47.308565	52.822835	43.632385	38.118115	36.280026		
		49.146655	63.851377	36.280026	39.956205	54.660925	32.603846	69.365649	41.794295	67.527558	45.470475	39.956205	49.146655		
		49.146655	54.660925	28.927667	47.308565	27.089578	50.984745	58.337106	65.689467	49.146655	47.308565	62.013287	39.956205		
		10032.518619	4626.139058	10065.60892	19734.155234	11016.042514	13422.516617	5644.514213	22159.312735	15281.201646	9707.131482	6598.564896	15211.339208		
		580.356678	67.527558	164.946423	128.184572	815.634364	380.00364	172.298796	148.403588	460.880027	148.403588	181.489263	124.508388		
		
29:00	25.70	8993.858704	4912.900253	6352.238438	8429.49591	12984.969779	11802.871482	7993.818267	13060.345301	7374.315018	8646.416581	10749.478612	6076.500885		
		177.813076	69.365649	62.013287	91.422739	82.232284	65.689467	63.851377	115.317928	63.851377	87.746557	63.851377	87.746557		
		139.213125	210.898765	231.117805	84.070375	315.670216	231.117805	65.689467	879.968243	286.26067	152.079773	205.384483	124.508388		
		43.632385	34.441936	62.013287	36.280026	41.794295	38.118115	54.660925	28.927667	49.146655	58.337106	38.118115	38.118115		
		60.175196	36.280026	84.070375	45.470475	36.280026	49.146655	54.660925	39.956205	65.689467	49.146655	36.280026	36.280026		
		65.689467	30.765757	45.470475	50.984745	45.470475	60.175196	49.146655	50.984745	52.822835	32.603846	41.794295	34.441936		
		9526.974276	4256.660002	9424.027508	17415.716244	10620.792949	12703.691098	5398.19108	19748.86405	14091.711137	9464.470863	6458.857248	13209.258156		
		492.127747	126.34648	131.860756	85.908466	817.472474	302.803538	190.679731	100.613195	389.194134	137.375033	181.489263	113.479836		
		
30:00	25.70	8251.180263	4578.345638	5616.940685	7949.699162	11131.860247	10584.02566	7080.190747	12076.792967	6390.841782	7563.658165	9782.50351	5458.852667		
		179.65117	69.365649	93.26083	60.175196	87.746557	73.04183	52.822835	96.937013	49.146655	50.984745	60.175196	63.851377		
		146.565495	157.594052	196.194013	87.746557	229.27971	175.974983	93.26083	841.367909	343.241676	113.479836	216.413048	113.479836		
		62.013287	45.470475	63.851377	52.822835	41.794295	39.956205	45.470475	52.822835	38.118115	38.118115	49.146655	62.013287		
		49.146655	38.118115	41.794295	38.118115	41.794295	62.013287	50.984745	32.603846	54.660925	45.470475	47.308565	54.660925		
		45.470475	38.118115	34.441936	54.660925	41.794295	32.603846	41.794295	65.689467	58.337106	56.499016	43.632385	39.956205		
		8740.170637	3848.5809	8602.297069	15507.3358	9188.721171	11650.284806	5118.780803	17389.976666	12688.983747	8462.585461	5754.808431	12025.317708		
		405.737026	76.718011	135.536941	85.908466	512.346867	243.98447	141.051218	113.479836	381.841738	111.641745	177.813076	128.184572		
		
31:00	25.70	7473.582236	4247.469005	5543.41133	7355.932216	9887.289147	9745.736657	6293.414337	11299.152863	5901.867657	6756.655462	8170.294963	5010.325796		
		130.022664	38.118115	60.175196	54.660925	84.070375	89.584648	62.013287	67.527558	56.499016	62.013287	45.470475	60.175196		
		170.460703	131.860756	107.965561	58.337106	175.974983	152.079773	133.698848	832.177356	368.975049	150.24168	174.136889	120.832204		
		38.118115	67.527558	38.118115	38.118115	38.118115	38.118115	62.013287	49.146655	45.470475	43.632385	56.499016	38.118115		
		45.470475	38.118115	65.689467	39.956205	56.499016	45.470475	43.632385	47.308565	36.280026	38.118115	45.470475	47.308565		
		36.280026	45.470475	41.794295	58.337106	38.118115	36.280026	50.984745	38.118115	47.308565	73.04183	38.118115	30.765757		
		8322.874129	3800.788007	7876.167381	14146.864814	8153.750254	10196.131926	4736.431688	15272.009216	11595.133077	7753.001819	5578.337764	10968.244775		
		326.698799	65.689467	115.317928	133.698848	543.59461	212.736859	196.194013	111.641745	284.422574	111.641745	148.403588	115.317928		
		
32:00	25.80	6688.63971	3767.700638	5137.163024	6868.789683	8613.326944	8681.344548	5784.220252	10152.011446	5212.530181	6036.059467	7525.054182	4898.194522		
		117.15602	30.765757	50.984745	63.851377	73.04183	41.794295	54.660925	96.937013	58.337106	54.660925	36.280026	67.527558		
		131.860756	124.508388	120.832204	71.203739	126.34648	133.698848	166.784517	718.214602	459.041926	107.965561	170.460703	107.965561		
		52.822835	34.441936	47.308565	47.308565	50.984745	43.632385	34.441936	39.956205	30.765757	52.822835	34.441936	39.956205		
		52.822835	34.441936	47.308565	43.632385	45.470475	41.794295	34.441936	47.308565	43.632385	36.280026	50.984745	32.603846		
		39.956205	43.632385	49.146655	45.470475	50.984745	49.146655	69.365649	54.660925	65.689467	36.280026	43.632385	43.632385		
		7469.90567	3365.138887	7170.266175	11968.327286	7240.120668	9481.015879	4934.958855	13812.266501	10003.105031	7425.786892	4826.50413	9885.450801		
		313.832119	95.098921	106.12747	93.26083	539.918404	166.784517	113.479836	84.070375	163.10833	139.213125	144.727403	128.184572		
		
33:00	25.70	6070.986145	3804.464382	4817.313059	6161.060287	7484.611936	7653.734209	5166.574588	9545.357644	4765.843085	5214.368405	6398.194802	4616.948013		
		124.508388	54.660925	41.794295	63.851377	71.203739	62.013287	58.337106	63.851377	49.146655	74.87992	54.660925	56.499016		
		102.451287	131.860756	120.832204	89.584648	120.832204	118.994112	346.917872	850.558463	567.489952	137.375033	175.974983	62.013287		
		71.203739	38.118115	43.632385	43.632385	39.956205	45.470475	41.794295	52.822835	45.470475	41.794295	49.146655	54.660925		
		47.308565	43.632385	62.013287	38.118115	43.632385	32.603846	54.660925	39.956205	43.632385	23.413399	50.984745	32.603846		
		27.089578	58.337106	43.632385	47.308565	38.118115	36.280026	39.956205	39.956205	30.765757	34.441936	39.956205	41.794295		
		7085.705566	3045.296939	6815.47995	10826.690122	6447.827708	8352.287018	4337.540824	12089.661788	8944.224011	6797.097292	4479.082486	9251.224341		
		255.013041	65.689467	82.232284	91.422739	413.089423	142.88931	172.298796	96.937013	203.546388	104.289378	139.213125	107.965561		
		
34:00	25.80	5043.413746	3466.238655	4499.302746	5995.618073	6449.665965	7080.190747	4830.180558	8282.431426	4433.12737	4934.958855	5830.176246	4058.134739		
		120.832204	47.308565	50.984745	63.851377	65.689467	25.251488	39.956205	63.851377	60.175196	69.365649	49.146655	69.365649		
		120.832204	107.965561	93.26083	104.289378	107.965561	128.184572	481.099138	1194.286036	576.68047	181.489263	174.136889	58.337106		
		45.470475	54.660925	41.794295	47.308565	43.632385	47.308565	47.308565	56.499016	58.337106	54.660925	38.118115	50.984745		
		39.956205	39.956205	36.280026	62.013287	32.603846	38.118115	62.013287	30.765757	45.470475	54.660925	39.956205	47.308565		
		36.280026	49.146655	49.146655	49.146655	34.441936	67.527558	39.956205	50.984745	41.794295	49.146655	43.632385	41.794295		
		6650.036204	2747.514356	6159.222038	9775.150138	5412.896914	7624.321611	4105.927807	10799.114573	7787.929345	6390.841782	4052.620157	8085.733158		
		267.87971	62.013287	107.965561	98.775104	372.651245	174.136889	128.184572	130.022664	205.384483	117.15602	85.908466	115.317928		
		
35:00	25.80	4806.283775	3072.869463	4234.601612	5295.250323	5513.99961	6458.857248	4280.556599	7357.770496	3666.600439	4412.907128	4995.620045	3758.509704		
		58.337106	58.337106	69.365649	49.146655	52.822835	41.794295	43.632385	73.04183	41.794295	63.851377	54.660925	39.956205		
		69.365649	80.394193	98.775104	107.965561	102.451287	185.16545	438.822821	1881.746196	468.23243	128.184572	139.213125	106.12747		
		52.822835	34.441936	54.660925	56.499016	38.118115	32.603846	73.04183	47.308565	54.660925	49.146655	41.794295	47.308565		
		39.956205	30.765757	54.660925	38.118115	49.146655	41.794295	43.632385	39.956205	36.280026	41.794295	38.118115	36.280026		
		32.603846	36.280026	43.632385	65.689467	32.603846	28.927667	28.927667	45.470475	71.203739	41.794295	58.337106	47.308565		
		6230.913782	2558.184108	5534.220166	8550.824339	5100.398587	6797.097292	3900.050207	8957.092261	7047.101843	5495.617291	3828.360826	7102.250025		
		225.603521	93.26083	117.15602	85.908466	335.889286	137.375033	106.12747	128.184572	172.298796	87.746557	106.12747	130.022664		
		
36:00	25.80	4556.287148	2903.758148	4085.707659	4969.884988	4894.51809	5945.985484	3857.771845	7153.7217	3451.533225	3833.875391	4265.851	3462.562297		
		60.175196	49.146655	58.337106	82.232284	45.470475	47.308565	49.146655	76.718011	45.470475	52.822835	45.470475	63.851377		
		177.813076	95.098921	67.527558	146.565495	109.803653	135.536941	413.089423	2764.0578	334.051188	137.375033	170.460703	69.365649		
		52.822835	50.984745	38.118115	41.794295	67.527558	47.308565	32.603846	54.660925	52.822835	43.632385	43.632385	38.118115		
		41.794295	67.527558	52.822835	41.794295	32.603846	30.765757	30.765757	69.365649	54.660925	34.441936	30.765757	34.441936		
		43.632385	47.308565	41.794295	47.308565	58.337106	43.632385	45.470475	47.308565	52.822835	38.118115	30.765757	52.822835		
		5622.45539	2194.230296	4859.591994	7418.433765	4616.948013	5984.588606	3624.322217	7725.427469	6177.60453	5262.162254	3545.280392	6183.119278		
		216.413048	69.365649	80.394193	73.04183	354.270263	148.403588	96.937013	84.070375	148.403588	104.289378	102.451287	194.355919		
		
37:00	25.80	3868.800981	2613.328788	3510.354962	4714.373148	4194.161248	5146.354136	3390.87336	6300.767347	3192.350528	3629.836766	3850.419089	3181.321499		
		78.556102	43.632385	52.822835	95.098921	36.280026	73.04183	50.984745	87.746557	56.499016	56.499016	41.794295	63.851377		
		142.88931	76.718011	117.15602	128.184572	113.479836	227.441615	367.13695	2604.138005	380.00364	98.775104	144.727403	109.803653		
		47.308565	28.927667	47.308565	47.308565	36.280026	36.280026	41.794295	41.794295	45.470475	56.499016	41.794295	49.146655		
		52.822835	34.441936	41.794295	50.984745	41.794295	39.956205	36.280026	60.175196	56.499016	34.441936	43.632385	39.956205		
		39.956205	34.441936	52.822835	28.927667	34.441936	28.927667	54.660925	28.927667	45.470475	50.984745	39.956205	41.794295		
		5126.133691	2275.108759	4626.139058	6570.990996	3866.962791	5539.734865	3302.640921	7251.150331	5473.558514	5102.236808	3118.823695	5784.220252		
		249.498755	71.203739	102.451287	95.098921	310.155925	113.479836	89.584648	100.613195	135.536941	91.422739	137.375033	201.708294		
		
38:00	25.80	3526.898584	2444.218571	3333.889897	4179.455667	3444.180511	4482.758896	2925.816122	5515.837842	2922.139793	3208.894076	3275.068307	3089.412984		
		65.689467	47.308565	36.280026	49.146655	45.470475	45.470475	41.794295	49.146655	45.470475	65.689467	47.308565	73.04183		
		137.375033	104.289378	65.689467	146.565495	71.203739	240.30828	234.793995	2587.594598	346.917872	98.775104	179.65117	89.584648		
		39.956205	38.118115	56.499016	36.280026	41.794295	69.365649	49.146655	41.794295	32.603846	60.175196	27.089578	38.118115		
		45.470475	28.927667	47.308565	47.308565	50.984745	41.794295	36.280026	32.603846	43.632385	41.794295	38.118115	36.280026		
		58.337106	47.308565	27.089578	49.146655	54.660925	39.956205	43.632385	45.470475	41.794295	34.441936	47.308565	36.280026		
		4427.612758	1859.688547	4251.145404	5962.529677	3675.79136	4852.239134	3192.350528	5971.720896	4631.653685	4286.071199	2716.26564	5240.103551		
		277.07019	84.070375	95.098921	118.994112	357.946459	146.565495	87.746557	85.908466	150.24168	85.908466	91.422739	220.089237		
		
39:00	25.80	3135.367226	2117.028214	3071.031295	3839.389957	2971.770259	4313.644208	2512.23024	5422.088062	2521.421011	2870.671198	3030.591597	2668.473511		
		41.794295	47.308565	39.956205	60.175196	60.175196	50.984745	50.984745	58.337106	50.984745	47.308565	52.822835	49.146655		
		164.946423	120.832204	78.556102	207.222577	67.527558	218.251143	207.222577	2162.981824	580.356678	89.584648	161.270237	73.04183		
		43.632385	52.822835	47.308565	45.470475	49.146655	30.765757	54.660925	41.794295	60.175196	28.927667	38.118115	45.470475		
		39.956205	41.794295	52.822835	47.308565	52.822835	34.441936	41.794295	39.956205	28.927667	47.308565	43.632385	49.146655		
		39.956205	39.956205	50.984745	34.441936	60.175196	41.794295	39.956205	43.632385	28.927667	50.984745	34.441936	30.765757		
		4256.660002	1844.983451	3602.264024	5010.325796	2979.122923	4297.100401	2872.509362	5455.176206	3984.607006	3900.050207	2753.028837	4422.098146		
		231.117805	58.337106	87.746557	98.775104	269.717806	124.508388	109.803653	106.12747	122.670296	52.822835	106.12747	172.298796		
		
40:00	25.90	2953.3886	2052.693209	2863.318545	3326.537196	2571.051196	3887.182877	2453.409334	4493.788129	2322.900622	2736.485396	2703.398525	2418.484443		
		80.394193	54.660925	56.499016	60.175196	39.956205	58.337106	58.337106	36.280026	56.499016	49.146655	54.660925	52.822835		
		148.403588	120.832204	104.289378	161.270237	89.584648	179.65117	192.517825	1912.994544	725.567032	135.536941	201.708294	82.232284		
		74.87992	30.765757	41.794295	41.794295	63.851377	50.984745	36.280026	38.118115	45.470475	39.956205	28.927667	50.984745		
		45.470475	36.280026	27.089578	45.470475	30.765757	45.470475	39.956205	39.956205	47.308565	41.794295	43.632385	43.632385		
		71.203739	49.146655	56.499016	36.280026	34.441936	54.660925	45.470475	43.632385	38.118115	28.927667	32.603846	56.499016		
		3879.830118	1707.123329	3436.827798	4352.246438	2688.693254	3854.095467	2640.901144	4468.053255	3521.384043	3297.126398	2411.131837	3990.121583		
		223.765426	76.718011	80.394193	111.641745	227.441615	98.775104	63.851377	96.937013	87.746557	58.337106	89.584648	172.298796		
		
41:00	25.90	2528.773629	1936.890348	2714.42748	3148.234419	2260.403577	3401.902422	1990.196403	4172.102877	2087.617918	2267.756168	2344.958415	2052.693209		
		49.146655	54.660925	52.822835	65.689467	45.470475	52.822835	47.308565	49.146655	43.632385	69.365649	41.794295	60.175196		
		74.87992	91.422739	157.594052	164.946423	93.26083	190.679731	168.62261	1719.990262	927.759163	159.432145	163.10833	82.232284		
		43.632385	47.308565	49.146655	60.175196	49.146655	32.603846	36.280026	47.308565	50.984745	50.984745	62.013287	39.956205		
		36.280026	47.308565	41.794295	38.118115	47.308565	45.470475	30.765757	36.280026	43.632385	34.441936	36.280026	54.660925		
		52.822835	41.794295	36.280026	34.441936	50.984745	47.308565	45.470475	28.927667	45.470475	49.146655	39.956205	38.118115		
		3749.318772	1661.170015	3223.599456	3762.186078	2414.80814	3479.105908	2618.843258	3940.490402	3025.077094	3440.504155	2045.340641	3482.782267		
		174.136889	67.527558	56.499016	91.422739	238.470185	87.746557	80.394193	91.422739	120.832204	89.584648	109.803653	174.136889		
		
42:00	25.90	2174.010695	1946.081045	2571.051196	2903.758148	1859.688547	3071.031295	1966.300581	3672.114992	1979.167561	2172.17255	1922.185237	1999.387107		
		74.87992	62.013287	47.308565	67.527558	69.365649	49.146655	32.603846	52.822835	38.118115	45.470475	49.146655	52.822835		
		100.613195	91.422739	133.698848	141.051218	84.070375	164.946423	273.393998	2023.282941	1063.779648	128.184572	168.62261	91.422739		
		58.337106	50.984745	52.822835	45.470475	49.146655	47.308565	47.308565	41.794295	27.089578	49.146655	62.013287	45.470475		
		45.470475	30.765757	54.660925	30.765757	39.956205	45.470475	67.527558	43.632385	38.118115	36.280026	36.280026	43.632385		
		74.87992	43.632385	32.603846	43.632385	47.308565	45.470475	45.470475	36.280026	30.765757	34.441936	45.470475	32.603846		
		3254.848397	1604.187947	2914.787134	3412.931486	2293.490241	3054.487779	2517.744703	3379.844299	2655.606405	3173.968813	1874.393645	3004.857255		
		144.727403	87.746557	124.508388	93.26083	164.946423	117.15602	65.689467	71.203739	102.451287	56.499016	76.718011	175.974983		
		
43:00	25.90	2247.536545	1615.216731	2407.455534	2775.086765	1767.78175	2854.127729	1725.504663	3418.446019	1732.857198	1841.307178	1727.342797	1815.573269		
		45.470475	78.556102	41.794295	60.175196	54.660925	49.146655	43.632385	45.470475	56.499016	41.794295	45.470475	49.146655		
		91.422739	130.022664	98.775104	135.536941	62.013287	183.327357	356.108361	2365.178065	918.568599	185.16545	166.784517	78.556102		
		41.794295	28.927667	38.118115	62.013287	54.660925	28.927667	69.365649	49.146655	69.365649	34.441936	43.632385	32.603846		
		49.146655	32.603846	27.089578	50.984745	45.470475	25.251488	36.280026	28.927667	38.118115	30.765757	38.118115	34.441936		
		60.175196	76.718011	36.280026	41.794295	34.441936	30.765757	47.308565	36.280026	27.089578	52.822835	60.175196	38.118115		
		3060.002284	1306.411435	2637.224829	2968.093927	1828.440222	2574.727507	2321.062472	2832.069777	2286.137648	2800.821023	1795.353776	2591.270911		
		192.517825	104.289378	67.527558	109.803653	159.432145	63.851377	102.451287	69.365649	120.832204	45.470475	98.775104	174.136889		
		
44:00	25.80	1751.238539	1701.60893	2219.964343	2361.501765	1536.177151	2561.860418	1416.698885	3111.471016	1602.349816	1721.828396	1486.547693	1714.475862		
		50.984745	65.689467	62.013287	58.337106	54.660925	65.689467	38.118115	52.822835	41.794295	67.527558	36.280026	85.908466		
		109.803653	130.022664	142.88931	102.451287	62.013287	212.736859	405.737026	2484.657934	949.816521	267.87971	139.213125	87.746557		
		52.822835	50.984745	39.956205	47.308565	71.203739	36.280026	32.603846	25.251488	39.956205	49.146655	36.280026	47.308565		
		30.765757	32.603846	82.232284	45.470475	54.660925	45.470475	41.794295	34.441936	28.927667	50.984745	32.603846	43.632385		
		32.603846	41.794295	32.603846	34.441936	49.146655	32.603846	63.851377	45.470475	38.118115	39.956205	32.603846	38.118115		
		2482.819781	1299.058944	2245.698398	2545.317022	1808.220726	2561.860418	2164.819969	2466.276403	2107.837495	2436.865962	1473.680802	2390.912174		
		183.327357	113.479836	69.365649	137.375033	231.117805	73.04183	102.451287	63.851377	85.908466	85.908466	67.527558	135.536941		
		
45:00	25.90	1468.166421	1556.39657	2205.259172	2466.276403	1288.030209	2295.328389	1376.260133	2773.248604	1460.813914	1543.529667	1350.526394	1401.993882		
		71.203739	62.013287	56.499016	54.660925	54.660925	56.499016	47.308565	56.499016	50.984745	56.499016	38.118115	49.146655		
		111.641745	130.022664	152.079773	71.203739	91.422739	203.546388	584.032885	2692.369571	740.271895	319.34641	131.860756	95.098921		
		54.660925	30.765757	49.146655	41.794295	43.632385	54.660925	47.308565	45.470475	49.146655	39.956205	25.251488	54.660925		
		41.794295	43.632385	45.470475	47.308565	41.794295	25.251488	56.499016	45.470475	41.794295	58.337106	27.089578	62.013287		
		28.927667	49.146655	36.280026	49.146655	60.175196	36.280026	43.632385	69.365649	39.956205	52.822835	50.984745	49.146655		
		2287.975796	1109.732574	2186.877713	2126.218933	1470.004548	2159.305534	1942.404766	2065.560205	1734.695332	2253.050987	1484.709566	2072.912776		
		98.775104	100.613195	60.175196	128.184572	161.270237	85.908466	56.499016	96.937013	102.451287	56.499016	78.556102	150.24168		
		
46:00	25.90	1418.537011	1313.763926	1946.081045	1997.548966	1052.75095	2083.941632	1265.972746	2510.392086	1416.698885	1473.680802	1179.581079	1385.450757		
		60.175196	89.584648	47.308565	36.280026	71.203739	63.851377	76.718011	63.851377	34.441936	73.04183	60.175196	38.118115		
		104.289378	98.775104	187.003544	76.718011	107.965561	161.270237	554.623228	2773.248604	683.290569	289.936863	120.832204	109.803653		
		32.603846	34.441936	58.337106	45.470475	47.308565	34.441936	69.365649	30.765757	45.470475	45.470475	30.765757	47.308565		
		47.308565	47.308565	49.146655	34.441936	58.337106	43.632385	36.280026	30.765757	36.280026	34.441936	65.689467	52.822835		
		36.280026	43.632385	34.441936	30.765757	38.118115	54.660925	60.175196	41.794295	50.984745	41.794295	32.603846	30.765757		
		2175.84884	1124.437517	1997.548966	1890.936885	1337.659528	1729.180931	1927.699653	1857.850409	1536.177151	2058.207636	1236.562805	1856.012272		
		126.34648	106.12747	74.87992	142.88931	159.432145	71.203739	87.746557	71.203739	96.937013	78.556102	60.175196	157.594052		
		
47:00	25.80	1352.364518	1436.91827	1666.684411	2015.930376	947.978407	1905.64199	1146.494936	2251.21284	1300.897067	1425.889514	1106.056339	1311.925803		
		49.146655	65.689467	43.632385	50.984745	58.337106	43.632385	38.118115	54.660925	41.794295	65.689467	50.984745	45.470475		
		96.937013	107.965561	253.174946	91.422739	111.641745	209.060671	681.452463	2278.785055	641.014131	278.908286	120.832204	89.584648		
		58.337106	30.765757	56.499016	36.280026	60.175196	50.984745	39.956205	47.308565	65.689467	38.118115	34.441936	41.794295		
		38.118115	39.956205	50.984745	30.765757	50.984745	43.632385	34.441936	34.441936	43.632385	47.308565	52.822835	36.280026		
		43.632385	52.822835	39.956205	67.527558	50.984745	52.822835	65.689467	67.527558	36.280026	107.965561	49.146655	30.765757		
		1940.566627	1001.283717	1981.005701	1675.875072	1126.275635	1663.008147	1745.724136	1663.008147	1332.145158	1797.191912	1277.001477	1604.187947		
		93.26083	188.841637	62.013287	146.565495	144.727403	93.26083	71.203739	104.289378	78.556102	73.04183	80.394193	172.298796		
		
48:00	25.90	1164.876125	1256.782138	1686.903867	1646.464961	731.081356	1707.123329	968.197658	2137.247798	973.712	1229.210321	931.435389	1150.171174		
		36.280026	50.984745	45.470475	45.470475	65.689467	41.794295	38.118115	43.632385	34.441936	69.365649	49.146655	56.499016		
		85.908466	120.832204	234.793995	80.394193	87.746557	181.489263	686.966782	2089.456062	549.108919	280.746382	100.613195	91.422739		
		50.984745	52.822835	41.794295	34.441936	71.203739	34.441936	43.632385	27.089578	47.308565	45.470475	28.927667	43.632385		
		34.441936	43.632385	32.603846	39.956205	32.603846	43.632385	28.927667	45.470475	43.632385	32.603846	25.251488	49.146655		
		47.308565	54.660925	39.956205	34.441936	38.118115	36.280026	67.527558	54.660925	38.118115	32.603846	47.308565	27.089578		
		1583.968514	911.216148	1635.436172	1278.839599	981.064457	1457.137661	1938.728487	1405.670133	1199.800396	1556.39657	1225.53408	1464.490168		
		102.451287	183.327357	80.394193	144.727403	109.803653	78.556102	62.013287	73.04183	74.87992	80.394193	76.718011	243.98447		
		
49:00	25.90	1212.667237	1231.048442	1591.321035	1631.75991	767.843521	1475.51893	883.644467	1990.196403	1063.779648	1074.808348	784.386502	973.712		
		47.308565	38.118115	45.470475	50.984745	45.470475	36.280026	45.470475	58.337106	32.603846	52.822835	62.013287	52.822835		
		93.26083	117.15602	251.336851	84.070375	113.479836	185.16545	856.072796	1666.684411	799.091377	284.422574	146.565495	130.022664		
		38.118115	41.794295	38.118115	47.308565	41.794295	34.441936	34.441936	52.822835	43.632385	63.851377	52.822835	67.527558		
		25.251488	45.470475	49.146655	56.499016	39.956205	34.441936	39.956205	38.118115	47.308565	41.794295	49.146655	45.470475		
		39.956205	34.441936	60.175196	43.632385	60.175196	62.013287	62.013287	41.794295	41.794295	56.499016	50.984745	36.280026		
		1567.425347	892.835026	1688.742	1164.876125	900.187474	1405.670133	1578.454125	1122.599399	962.683316	1495.738331	1269.648989	1350.526394		
		113.479836	256.851137	63.851377	170.460703	155.755959	100.613195	76.718011	84.070375	73.04183	38.118115	67.527558	269.717806		
		
~End
Original Filename: data_10-29-18-121934_pta_ptada_1943_457_1952_336_1843_1983.pda   Date Last Saved: 10/29/2018
