##BLOCKS= 1          
Plate:	Plate#1	1.3	PlateFormat	Kinetic	Luminescence	Raw	FALSE	50	3000	60				1	450	1	12	96	405	Automatic	435			6	Automatic			1	8	None	
Time(hh:mm:ss)	Temperature(¡C)	1	2	3	4	5	6	7	8	9	10	11	12		
0:00	23.20	1754.389626	401.535656	449.851423	243.98447	210.373595	199.8702	96.937013	107.440392	96.937013	101.138364	109.541068	109.541068		
		1006.535474	319.608995	344.817188	307.004902	189.366807	103.23904	141.051218	149.453926	103.23904	90.634986	124.245803	71.728908		
		819.573172	483.462411	370.025391	250.28651	189.366807	134.749187	136.849864	136.849864	134.749187	107.440392	113.742421	59.124859		
		561.187883	548.583746	288.098766	237.68243	151.554604	159.957314	147.353249	84.332959	86.433635	86.433635	80.131608	80.131608		
		710.336999	641.014131	302.803538	269.192636	193.568164	120.04445	149.453926	128.447156	94.836337	103.23904	99.037688	82.232284		
		634.712056	693.531449	248.18583	235.58175	193.568164	174.662059	96.937013	172.561381	134.749187	124.245803	96.937013	63.326208		
		716.639082	334.313773	2395.113662	271.293317	193.568164	1092.664341	128.447156	101.138364	67.527558	96.937013	101.138364	63.326208		
		525.476169	458.254169	256.588552	229.27971	208.272916	145.252572	115.843097	117.943773	126.34648	63.326208	105.339716	92.735661		
		
1:00	23.20	241.88379	59.124859	57.024184	65.426883	65.426883	67.527558	82.232284	50.722161	75.930258	36.017441	48.621486	48.621486		
		78.030933	67.527558	107.440392	90.634986	50.722161	67.527558	44.420138	59.124859	59.124859	111.641745	73.829583	73.829583		
		103.23904	69.628233	82.232284	82.232284	71.728908	54.92351	52.822835	71.728908	52.822835	75.930258	63.326208	57.024184		
		80.131608	82.232284	80.131608	59.124859	69.628233	67.527558	75.930258	82.232284	52.822835	52.822835	84.332959	52.822835		
		71.728908	69.628233	59.124859	75.930258	63.326208	71.728908	80.131608	50.722161	57.024184	54.92351	67.527558	46.520812		
		57.024184	67.527558	80.131608	65.426883	59.124859	69.628233	69.628233	82.232284	71.728908	54.92351	42.319464	59.124859		
		88.53431	88.53431	1869.929597	107.440392	90.634986	225.078351	65.426883	92.735661	75.930258	46.520812	44.420138	50.722161		
		145.252572	63.326208	75.930258	59.124859	54.92351	71.728908	75.930258	99.037688	50.722161	54.92351	44.420138	63.326208		
		
2:00	23.30	126.34648	40.21879	145.252572	40.21879	52.822835	71.728908	103.23904	63.326208	59.124859	73.829583	113.742421	59.124859		
		50.722161	86.433635	80.131608	54.92351	69.628233	50.722161	61.225534	52.822835	42.319464	50.722161	78.030933	69.628233		
		132.64851	138.950541	86.433635	258.689232	159.957314	332.213091	52.822835	113.742421	105.339716	412.039081	141.051218	157.856636		
		46.520812	67.527558	46.520812	61.225534	48.621486	31.816094	46.520812	38.118115	40.21879	48.621486	61.225534	52.822835		
		48.621486	61.225534	63.326208	59.124859	46.520812	67.527558	46.520812	67.527558	61.225534	59.124859	50.722161	61.225534		
		61.225534	75.930258	57.024184	63.326208	42.319464	46.520812	57.024184	50.722161	48.621486	54.92351	65.426883	42.319464		
		65.426883	48.621486	727.142553	44.420138	48.621486	384.730179	42.319464	50.722161	50.722161	48.621486	40.21879	31.816094		
		101.138364	52.822835	44.420138	65.426883	65.426883	57.024184	78.030933	54.92351	50.722161	48.621486	59.124859	71.728908		
		
3:00	23.40	418.341136	42.319464	905.701811	78.030933	214.574954	90.634986	594.798924	344.817188	220.876992	212.474275	510.771351	556.986504		
		67.527558	63.326208	59.124859	52.822835	46.520812	44.420138	48.621486	48.621486	50.722161	38.118115	63.326208	31.816094		
		544.382368	620.007215	374.226758	1453.986586	924.608112	1985.469757	239.783109	1193.49827	657.819669	2481.244221	1155.68553	1248.116709		
		38.118115	36.017441	59.124859	63.326208	54.92351	59.124859	57.024184	57.024184	54.92351	59.124859	48.621486	48.621486		
		52.822835	59.124859	65.426883	65.426883	48.621486	67.527558	52.822835	33.916768	54.92351	48.621486	48.621486	42.319464		
		63.326208	59.124859	36.017441	46.520812	42.319464	36.017441	52.822835	52.822835	50.722161	88.53431	36.017441	59.124859		
		52.822835	54.92351	401.535656	65.426883	48.621486	252.387191	82.232284	38.118115	73.829583	59.124859	54.92351	44.420138		
		94.836337	50.722161	42.319464	52.822835	65.426883	65.426883	38.118115	46.520812	29.71542	61.225534	38.118115	48.621486		
		
4:00	23.40	1191.397562	75.930258	2871.984172	315.407631	922.507412	397.334286	2892.991758	1519.108815	641.014131	893.097614	1853.123771	2084.204224		
		36.017441	44.420138	75.930258	38.118115	33.916768	52.822835	48.621486	52.822835	63.326208	63.326208	54.92351	63.326208		
		1296.433055	1332.145158	1283.828787	4025.309849	2105.211576	6979.085812	517.073416	4817.313059	2329.990626	5838.317026	2962.316834	3311.044006		
		44.420138	69.628233	42.319464	59.124859	65.426883	54.92351	44.420138	40.21879	38.118115	61.225534	61.225534	50.722161		
		59.124859	52.822835	54.92351	38.118115	29.71542	52.822835	61.225534	61.225534	33.916768	71.728908	36.017441	54.92351		
		61.225534	52.822835	63.326208	52.822835	67.527558	46.520812	65.426883	57.024184	40.21879	52.822835	44.420138	40.21879		
		59.124859	61.225534	428.844564	38.118115	36.017441	128.447156	67.527558	36.017441	52.822835	46.520812	59.124859	54.92351		
		82.232284	50.722161	59.124859	40.21879	52.822835	71.728908	52.822835	48.621486	52.822835	42.319464	31.816094	52.822835		
		
5:00	23.50	2846.775078	86.433635	5884.535661	657.819669	2426.62483	1180.894021	6222.772958	4113.543189	1674.562121	2061.096145	4325.723815	4487.48571		
		40.21879	69.628233	46.520812	44.420138	44.420138	44.420138	50.722161	52.822835	61.225534	52.822835	46.520812	52.822835		
		2334.19211	2397.214406	2968.619117	7407.666687	3271.129363	12307.118949	1279.627365	8840.49024	4470.679262	9071.593532	4993.781826	5653.442786		
		57.024184	59.124859	46.520812	48.621486	38.118115	48.621486	42.319464	48.621486	54.92351	40.21879	50.722161	42.319464		
		52.822835	90.634986	50.722161	63.326208	57.024184	50.722161	38.118115	54.92351	54.92351	48.621486	33.916768	44.420138		
		36.017441	50.722161	40.21879	59.124859	54.92351	36.017441	48.621486	46.520812	57.024184	78.030933	65.426883	54.92351		
		38.118115	44.420138	460.354855	54.92351	67.527558	107.440392	42.319464	38.118115	36.017441	63.326208	42.319464	33.916768		
		52.822835	71.728908	48.621486	48.621486	57.024184	52.822835	44.420138	73.829583	59.124859	59.124859	40.21879	44.420138		
		
6:00	23.50	5613.526821	191.467486	9157.732226	1256.519549	3876.153739	2117.815989	9140.924667	8380.386843	2964.417595	3861.448224	6556.810137	7140.853778		
		44.420138	50.722161	63.326208	46.520812	42.319464	52.822835	71.728908	80.131608	67.527558	65.426883	63.326208	80.131608		
		3621.958839	3911.867145	4590.425291	10828.003243	4489.586517	16622.783955	2355.199536	12525.627302	6401.346097	11515.031832	6382.438331	7218.586569		
		52.822835	44.420138	38.118115	63.326208	54.92351	59.124859	59.124859	46.520812	48.621486	44.420138	65.426883	67.527558		
		48.621486	46.520812	40.21879	52.822835	48.621486	50.722161	48.621486	73.829583	57.024184	61.225534	54.92351	40.21879		
		42.319464	36.017441	48.621486	63.326208	59.124859	48.621486	54.92351	46.520812	52.822835	124.245803	42.319464	44.420138		
		44.420138	54.92351	199.8702	50.722161	71.728908	73.829583	57.024184	54.92351	33.916768	42.319464	48.621486	40.21879		
		42.319464	44.420138	33.916768	44.420138	54.92351	52.822835	42.319464	46.520812	52.822835	44.420138	67.527558	57.024184		
		
7:00	23.50	8995.959644	239.783109	11613.779609	1861.526684	5170.251034	3422.384971	11790.265342	12386.958461	4472.780068	5960.16622	8947.638036	9351.019431		
		59.124859	42.319464	50.722161	57.024184	59.124859	52.822835	117.943773	48.621486	63.326208	54.92351	63.326208	159.957314		
		5042.100732	5590.417588	5714.367198	13483.710358	5266.88912	19686.3516	3926.57267	15275.948829	8121.973919	13256.794777	7754.314884	8334.166576		
		59.124859	57.024184	40.21879	63.326208	40.21879	52.822835	36.017441	36.017441	40.21879	61.225534	63.326208	48.621486		
		38.118115	52.822835	69.628233	50.722161	61.225534	50.722161	61.225534	52.822835	61.225534	59.124859	57.024184	40.21879		
		63.326208	42.319464	54.92351	50.722161	42.319464	65.426883	46.520812	48.621486	46.520812	120.04445	40.21879	52.822835		
		46.520812	59.124859	71.728908	42.319464	71.728908	65.426883	94.836337	46.520812	63.326208	33.916768	50.722161	50.722161		
		67.527558	38.118115	42.319464	67.527558	44.420138	59.124859	38.118115	33.916768	36.017441	31.816094	69.628233	88.53431		
		
8:00	23.50	12010.873127	376.327442	13410.172822	2435.02781	6584.121423	5004.285933	14233.797602	16421.072225	6004.284084	7840.451972	10849.013193	11075.921047		
		115.843097	54.92351	44.420138	48.621486	82.232284	65.426883	237.68243	59.124859	134.749187	40.21879	57.024184	178.863415		
		6254.285832	6909.756797	7428.67562	16421.072225	6193.360955	21579.610314	5247.981658	18083.11	9395.139411	14691.837983	8874.105217	9119.915225		
		63.326208	57.024184	63.326208	40.21879	38.118115	44.420138	50.722161	54.92351	48.621486	46.520812	63.326208	29.71542		
		48.621486	38.118115	40.21879	44.420138	50.722161	63.326208	52.822835	38.118115	78.030933	44.420138	48.621486	50.722161		
		48.621486	38.118115	29.71542	54.92351	52.822835	44.420138	44.420138	46.520812	54.92351	99.037688	57.024184	46.520812		
		46.520812	42.319464	78.030933	71.728908	44.420138	80.131608	33.916768	52.822835	50.722161	57.024184	46.520812	57.024184		
		46.520812	40.21879	42.319464	46.520812	46.520812	31.816094	48.621486	48.621486	61.225534	50.722161	44.420138	44.420138		
		
9:00	23.60	14998.600631	514.972727	14149.753817	3037.944267	7079.928137	6325.715065	15353.690564	19698.959149	7004.29638	9577.922477	12122.227794	13292.512922		
		111.641745	67.527558	59.124859	33.916768	153.655281	52.822835	395.233602	88.53431	225.078351	63.326208	71.728908	248.18583		
		7432.877408	8876.206154	8754.351933	17633.452436	6842.528726	24097.029496	6743.787612	18644.135364	10029.629784	15259.139816	9979.206499	9989.711347		
		54.92351	46.520812	75.930258	25.514072	54.92351	63.326208	33.916768	42.319464	36.017441	38.118115	48.621486	67.527558		
		54.92351	40.21879	42.319464	42.319464	50.722161	75.930258	36.017441	38.118115	46.520812	46.520812	40.21879	61.225534		
		61.225534	38.118115	57.024184	42.319464	42.319464	42.319464	63.326208	48.621486	48.621486	84.332959	50.722161	46.520812		
		52.822835	54.92351	38.118115	42.319464	54.92351	40.21879	48.621486	40.21879	44.420138	63.326208	29.71542	38.118115		
		63.326208	36.017441	44.420138	36.017441	48.621486	61.225534	46.520812	33.916768	54.92351	42.319464	52.822835	42.319464		
		
10:00	23.60	16431.57803	664.121746	15782.322208	3540.028446	7542.123968	8025.331931	16334.924682	21980.962458	8695.525833	11292.324586	13958.55458	14643.512482		
		174.662059	80.131608	42.319464	42.319464	187.266129	59.124859	643.114823	101.138364	273.393998	71.728908	101.138364	281.796722		
		8603.084917	10216.616443	9140.924667	18957.218869	7542.123968	25557.50992	7794.232058	20432.302089	10491.844898	16295.002686	10407.805562	10706.145658		
		44.420138	29.71542	38.118115	44.420138	65.426883	46.520812	59.124859	50.722161	38.118115	63.326208	42.319464	50.722161		
		42.319464	59.124859	54.92351	46.520812	67.527558	59.124859	42.319464	57.024184	57.024184	61.225534	40.21879	80.131608		
		52.822835	59.124859	69.628233	33.916768	44.420138	50.722161	80.131608	46.520812	61.225534	113.742421	36.017441	57.024184		
		52.822835	44.420138	33.916768	29.71542	67.527558	48.621486	48.621486	75.930258	31.816094	67.527558	42.319464	61.225534		
		33.916768	57.024184	31.816094	40.21879	52.822835	33.916768	46.520812	67.527558	69.628233	52.822835	44.420138	42.319464		
		
11:00	23.70	17929.721818	853.184336	15801.232488	3886.65768	7733.305854	8632.497922	17032.512679	24382.818975	9731.292542	12279.805453	14343.054671	15534.387901		
		176.762737	67.527558	71.728908	82.232284	208.272916	54.92351	750.250197	105.339716	349.018555	88.53431	101.138364	418.341136		
		9554.811949	11937.337122	9443.461325	20257.896059	7464.390821	25950.478868	8859.398663	21102.613608	11325.940729	16507.219873	11372.162952	10954.063035		
		50.722161	36.017441	65.426883	46.520812	31.816094	73.829583	82.232284	50.722161	42.319464	46.520812	71.728908	38.118115		
		61.225534	48.621486	36.017441	52.822835	42.319464	61.225534	61.225534	52.822835	48.621486	48.621486	52.822835	44.420138		
		71.728908	65.426883	46.520812	44.420138	48.621486	44.420138	44.420138	61.225534	40.21879	69.628233	63.326208	54.92351		
		73.829583	73.829583	50.722161	48.621486	48.621486	78.030933	54.92351	52.822835	42.319464	48.621486	63.326208	69.628233		
		48.621486	54.92351	38.118115	48.621486	52.822835	33.916768	31.816094	63.326208	61.225534	57.024184	69.628233	73.829583		
		
12:00	23.70	19469.922368	1182.994729	15570.107197	4426.562356	8579.974707	10040.134639	18406.69712	25713.016087	10454.027184	13637.088895	14862.028055	17055.625652		
		155.755959	57.024184	65.426883	84.332959	269.192636	48.621486	901.500412	99.037688	374.226758	138.950541	155.755959	447.750737		
		10542.268548	12573.951356	9706.081001	21258.109978	7739.608562	26524.175424	9611.537806	21598.522144	11886.912477	17377.10688	11382.668007	11349.051837		
		52.822835	48.621486	59.124859	33.916768	50.722161	52.822835	48.621486	36.017441	59.124859	59.124859	67.527558	38.118115		
		44.420138	44.420138	48.621486	50.722161	44.420138	25.514072	50.722161	65.426883	38.118115	52.822835	69.628233	46.520812		
		57.024184	67.527558	46.520812	42.319464	63.326208	42.319464	44.420138	63.326208	46.520812	59.124859	46.520812	42.319464		
		38.118115	44.420138	50.722161	52.822835	42.319464	33.916768	52.822835	42.319464	63.326208	36.017441	31.816094	36.017441		
		52.822835	46.520812	54.92351	63.326208	54.92351	61.225534	38.118115	50.722161	42.319464	48.621486	46.520812	40.21879		
		
13:00	23.80	20585.6957	1279.627365	15891.581671	4737.482094	8712.333285	10914.144076	18066.30032	26456.9287	11172.567206	14252.707467	15187.701557	17194.30365		
		225.078351	61.225534	78.030933	126.34648	304.90422	38.118115	1040.146727	153.655281	563.288572	117.943773	174.662059	416.240451		
		11683.113237	13246.289444	10214.515467	20972.333129	7951.800071	27383.678243	10344.776125	21674.169515	12246.188856	17860.382064	11863.801193	11746.143867		
		48.621486	65.426883	78.030933	65.426883	59.124859	42.319464	29.71542	44.420138	57.024184	78.030933	33.916768	61.225534		
		36.017441	48.621486	54.92351	46.520812	46.520812	40.21879	52.822835	63.326208	59.124859	61.225534	71.728908	50.722161		
		40.21879	36.017441	42.319464	54.92351	44.420138	38.118115	38.118115	52.822835	65.426883	48.621486	71.728908	40.21879		
		52.822835	82.232284	33.916768	63.326208	50.722161	46.520812	42.319464	50.722161	40.21879	48.621486	48.621486	57.024184		
		42.319464	36.017441	46.520812	33.916768	50.722161	52.822835	52.822835	50.722161	42.319464	44.420138	52.822835	54.92351		
		
14:00	23.80	21079.499312	1485.497335	16742.550567	4840.422039	8600.983988	11344.849816	18452.923972	27518.173517	11638.99183	14509.041695	15914.694271	17562.011778		
		288.098766	115.843097	73.829583	109.541068	399.434971	50.722161	1098.966457	180.964093	552.785125	143.151895	147.353249	464.556229		
		12449.989719	13511.02432	10025.427842	20758.00125	8016.928286	27018.02051	10535.96559	22008.279703	12008.772097	17717.500362	11655.799982	11739.840802		
		27.614746	63.326208	48.621486	40.21879	44.420138	63.326208	44.420138	48.621486	31.816094	57.024184	46.520812	48.621486		
		50.722161	48.621486	48.621486	57.024184	84.332959	44.420138	46.520812	50.722161	42.319464	59.124859	61.225534	63.326208		
		63.326208	25.514072	48.621486	38.118115	46.520812	48.621486	42.319464	42.319464	36.017441	63.326208	50.722161	61.225534		
		73.829583	42.319464	44.420138	38.118115	48.621486	29.71542	40.21879	40.21879	44.420138	54.92351	50.722161	63.326208		
		52.822835	50.722161	75.930258	75.930258	50.722161	29.71542	48.621486	40.21879	46.520812	40.21879	54.92351	88.53431		
		
15:00	23.90	21617.433979	1678.763566	16183.641446	5115.629566	8470.726543	11720.931608	18436.114204	28453.343042	11970.953572	15366.29734	15488.162957	18505.454523		
		307.004902	92.735661	75.930258	122.145126	298.602174	57.024184	1046.448838	164.158669	521.274792	243.98447	204.071558	540.18099		
		12832.380552	14109.833055	10241.828166	21060.587621	8315.258294	28070.867719	11260.809466	22369.708854	12311.321027	17904.507354	11821.780697	11842.790942		
		42.319464	50.722161	44.420138	46.520812	44.420138	54.92351	38.118115	46.520812	33.916768	38.118115	48.621486	57.024184		
		38.118115	50.722161	42.319464	88.53431	69.628233	54.92351	54.92351	44.420138	57.024184	67.527558	65.426883	61.225534		
		42.319464	36.017441	33.916768	48.621486	38.118115	48.621486	48.621486	31.816094	61.225534	69.628233	59.124859	59.124859		
		44.420138	50.722161	57.024184	52.822835	40.21879	67.527558	69.628233	48.621486	73.829583	63.326208	67.527558	73.829583		
		42.319464	42.319464	61.225534	42.319464	61.225534	69.628233	57.024184	38.118115	50.722161	40.21879	52.822835	69.628233		
		
16:00	23.90	21833.869785	1756.490351	15755.007369	5357.224842	8296.350016	12031.883428	18255.409451	28400.805101	12349.139734	15114.162248	16015.549342	18053.693063		
		351.119238	109.541068	78.030933	138.950541	346.917872	54.92351	1273.325233	296.501493	485.563099	214.574954	225.078351	540.18099		
		13296.715058	15004.903987	9748.10024	21155.146127	7985.414626	27106.282548	10498.147852	22523.106668	12624.37649	17963.341117	11697.820379	11162.062182		
		54.92351	54.92351	33.916768	57.024184	40.21879	50.722161	42.319464	69.628233	36.017441	50.722161	63.326208	50.722161		
		67.527558	57.024184	59.124859	46.520812	46.520812	57.024184	59.124859	86.433635	40.21879	65.426883	46.520812	84.332959		
		57.024184	36.017441	36.017441	42.319464	57.024184	57.024184	36.017441	40.21879	67.527558	46.520812	44.420138	48.621486		
		52.822835	61.225534	33.916768	59.124859	57.024184	46.520812	46.520812	40.21879	38.118115	67.527558	57.024184	40.21879		
		36.017441	63.326208	54.92351	54.92351	33.916768	67.527558	61.225534	50.722161	65.426883	48.621486	48.621486	38.118115		
		
17:00	24.00	21619.535294	1983.369025	16131.112621	5271.090779	8208.111456	11872.205296	18173.462099	28405.008134	11991.963861	15240.229682	15673.062915	17929.721818		
		328.011725	78.030933	138.950541	168.360025	409.938396	42.319464	1178.793313	248.18583	466.656915	248.18583	193.568164	523.375481		
		13790.467765	14895.645895	9382.5337	20394.479058	7926.589165	27057.948561	10685.135751	21877.997555	12353.341814	17070.333912	11660.00202	11437.294317		
		50.722161	38.118115	52.822835	54.92351	44.420138	59.124859	42.319464	69.628233	36.017441	40.21879	29.71542	73.829583		
		65.426883	61.225534	78.030933	50.722161	50.722161	42.319464	46.520812	36.017441	42.319464	69.628233	48.621486	84.332959		
		54.92351	46.520812	42.319464	67.527558	48.621486	44.420138	57.024184	65.426883	50.722161	65.426883	40.21879	38.118115		
		33.916768	50.722161	57.024184	61.225534	69.628233	38.118115	99.037688	46.520812	40.21879	52.822835	40.21879	48.621486		
		44.420138	31.816094	38.118115	54.92351	48.621486	57.024184	33.916768	36.017441	61.225534	40.21879	54.92351	42.319464		
		
18:00	24.00	20610.91112	2136.722614	16141.618383	5235.376686	7865.662847	11834.386843	18331.053245	27974.19846	11868.003244	15145.679086	15252.836438	18087.312421		
		370.025391	99.037688	162.057992	199.8702	424.643193	126.34648	1088.46293	233.48107	441.448679	227.179031	315.407631	481.361724		
		14431.300888	14231.696506	9182.94357	20608.809835	7764.819401	26156.420686	10691.438723	21741.41169	12370.150135	16656.402633	11630.587755	10903.639091		
		44.420138	52.822835	38.118115	33.916768	46.520812	54.92351	46.520812	42.319464	40.21879	78.030933	40.21879	57.024184		
		82.232284	65.426883	57.024184	59.124859	65.426883	38.118115	57.024184	63.326208	84.332959	57.024184	59.124859	67.527558		
		57.024184	65.426883	44.420138	52.822835	57.024184	48.621486	61.225534	27.614746	40.21879	52.822835	38.118115	42.319464		
		31.816094	50.722161	52.822835	50.722161	52.822835	38.118115	80.131608	75.930258	44.420138	50.722161	46.520812	57.024184		
		52.822835	63.326208	46.520812	40.21879	36.017441	46.520812	44.420138	42.319464	63.326208	29.71542	46.520812	44.420138		
		
19:00	24.10	20896.686509	2298.479501	16421.072225	5298.401568	7670.278801	12435.28242	17950.733878	28211.668834	11819.679673	14977.589449	15299.061228	17414.928297		
		412.039081	115.843097	122.145126	187.266129	418.341136	94.836337	937.212315	222.977671	386.830864	195.668843	256.588552	328.011725		
		14658.220239	14488.030658	8645.1035	19562.377493	7556.830248	25746.639087	9649.355069	21100.512308	12124.328827	16326.520049	11739.840802	10760.771446		
		42.319464	38.118115	27.614746	42.319464	54.92351	52.822835	48.621486	44.420138	50.722161	44.420138	52.822835	90.634986		
		46.520812	61.225534	71.728908	65.426883	44.420138	42.319464	46.520812	63.326208	61.225534	50.722161	40.21879	107.440392		
		50.722161	90.634986	63.326208	50.722161	75.930258	46.520812	80.131608	61.225534	65.426883	57.024184	59.124859	46.520812		
		80.131608	54.92351	42.319464	48.621486	48.621486	50.722161	54.92351	52.822835	33.916768	42.319464	44.420138	44.420138		
		46.520812	54.92351	59.124859	44.420138	46.520812	52.822835	48.621486	46.520812	44.420138	40.21879	48.621486	54.92351		
		
20:00	24.10	20547.872587	2319.486916	16082.786136	5363.527339	7203.880359	11475.112557	17068.232732	27442.519894	11989.862832	14897.747011	15288.555591	17043.018575		
		428.844564	101.138364	126.34648	206.172237	307.004902	120.04445	1056.952359	180.964093	346.917872	214.574954	323.81036	359.521972		
		14338.852473	14269.51624	8245.927968	18995.041131	7437.079195	24355.500813	10004.418137	20770.608989	12218.875383	15637.343567	11082.224053	10258.635985		
		36.017441	63.326208	50.722161	46.520812	44.420138	54.92351	40.21879	61.225534	46.520812	46.520812	33.916768	94.836337		
		69.628233	40.21879	54.92351	42.319464	61.225534	54.92351	48.621486	33.916768	63.326208	67.527558	44.420138	57.024184		
		46.520812	33.916768	57.024184	59.124859	31.816094	50.722161	57.024184	38.118115	44.420138	73.829583	46.520812	48.621486		
		90.634986	65.426883	40.21879	44.420138	46.520812	36.017441	40.21879	46.520812	54.92351	46.520812	46.520812	36.017441		
		42.319464	44.420138	57.024184	31.816094	33.916768	48.621486	38.118115	36.017441	38.118115	40.21879	33.916768	65.426883		
		
21:00	24.20	20131.819678	2388.81143	16093.29189	5126.133691	7371.951515	11395.274075	17463.255693	26774.249739	11475.112557	14198.078981	14756.972407	17148.07762		
		330.112408	90.634986	132.64851	225.078351	328.011725	90.634986	851.083637	170.460703	374.226758	243.98447	241.88379	285.998085		
		14212.786646	14074.114497	8241.726132	18971.927524	6903.454162	23319.519849	9479.177544	19858.654958	12019.277246	15799.131345	10164.092051	9970.802622		
		33.916768	54.92351	38.118115	48.621486	42.319464	48.621486	52.822835	57.024184	57.024184	46.520812	46.520812	86.433635		
		57.024184	48.621486	82.232284	29.71542	46.520812	50.722161	48.621486	75.930258	105.339716	82.232284	44.420138	61.225534		
		50.722161	52.822835	61.225534	54.92351	71.728908	46.520812	61.225534	46.520812	46.520812	65.426883	42.319464	50.722161		
		82.232284	65.426883	42.319464	38.118115	54.92351	61.225534	46.520812	50.722161	84.332959	42.319464	57.024184	36.017441		
		65.426883	31.816094	46.520812	33.916768	31.816094	33.916768	44.420138	42.319464	59.124859	50.722161	42.319464	73.829583		
		
22:00	24.30	19501.441147	2372.005481	15902.087397	4926.555577	6808.914714	10958.265032	16536.636167	26272.00054	11376.364974	14351.459068	14462.817421	15809.637058		
		382.629495	105.339716	183.064772	208.272916	271.293317	67.527558	827.975961	193.568164	254.487871	166.259347	277.59536	273.393998		
		14322.043683	13639.189973	7678.682405	18276.421608	6483.279805	21848.579039	9285.889988	18936.20651	11781.861249	14693.939092	10191.40473	9645.15315		
		67.527558	57.024184	31.816094	57.024184	50.722161	38.118115	33.916768	48.621486	54.92351	40.21879	48.621486	40.21879		
		67.527558	46.520812	57.024184	84.332959	48.621486	94.836337	67.527558	44.420138	52.822835	73.829583	65.426883	94.836337		
		78.030933	42.319464	33.916768	50.722161	57.024184	63.326208	65.426883	48.621486	40.21879	42.319464	50.722161	38.118115		
		54.92351	40.21879	54.92351	40.21879	33.916768	38.118115	65.426883	31.816094	50.722161	48.621486	42.319464	44.420138		
		33.916768	31.816094	67.527558	44.420138	59.124859	52.822835	50.722161	101.138364	44.420138	59.124859	44.420138	42.319464		
		
23:00	24.30	19041.268368	2594.684629	15126.768981	4838.321222	6413.951276	10603.197173	16563.951308	25658.378746	11447.799382	13401.768537	13803.074262	16055.47118		
		376.327442	115.843097	107.440392	193.568164	241.88379	73.829583	641.014131	145.252572	298.602174	183.064772	246.08515	183.064772		
		14174.966942	12977.353441	7050.515777	17227.922599	6332.017648	21058.486322	9014.868109	18091.514842	11351.152847	13817.781845	9531.701428	8687.122108		
		44.420138	50.722161	46.520812	73.829583	38.118115	46.520812	59.124859	54.92351	54.92351	86.433635	46.520812	42.319464		
		42.319464	65.426883	57.024184	63.326208	46.520812	63.326208	63.326208	42.319464	75.930258	63.326208	90.634986	82.232284		
		44.420138	52.822835	40.21879	54.92351	42.319464	48.621486	42.319464	40.21879	33.916768	42.319464	36.017441	59.124859		
		52.822835	67.527558	36.017441	48.621486	33.916768	44.420138	44.420138	59.124859	54.92351	29.71542	52.822835	67.527558		
		63.326208	40.21879	42.319464	40.21879	54.92351	33.916768	40.21879	40.21879	57.024184	48.621486	52.822835	59.124859		
		
24:00	24.30	18511.758191	2542.165899	14624.602512	4890.841658	5949.661971	10678.83278	15607.927648	24328.182662	10792.286343	13414.374964	12981.555558	15046.926375		
		351.119238	107.440392	80.131608	191.467486	216.675633	84.332959	588.496852	170.460703	206.172237	187.266129	193.568164	149.453926		
		13908.128493	12241.986782	6327.815926	15950.413759	5945.460272	19640.123942	8407.698833	17099.75044	10870.023149	13521.529693	8909.821148	8579.974707		
		33.916768	50.722161	46.520812	36.017441	38.118115	46.520812	31.816094	42.319464	59.124859	44.420138	36.017441	67.527558		
		40.21879	59.124859	36.017441	48.621486	52.822835	54.92351	88.53431	80.131608	46.520812	75.930258	46.520812	63.326208		
		31.816094	86.433635	59.124859	52.822835	42.319464	46.520812	44.420138	75.930258	27.614746	57.024184	42.319464	52.822835		
		73.829583	61.225534	52.822835	59.124859	44.420138	36.017441	65.426883	46.520812	36.017441	61.225534	44.420138	38.118115		
		48.621486	65.426883	63.326208	61.225534	54.92351	40.21879	67.527558	42.319464	59.124859	44.420138	44.420138	54.92351		
		
25:00	24.40	17129.166981	2491.747955	14130.843979	4563.114775	6235.378106	9869.956174	14569.973739	22537.816065	10388.896725	12479.404325	12101.217466	14462.817421		
		294.400811	88.53431	78.030933	176.762737	189.366807	75.930258	510.771351	147.353249	126.34648	145.252572	201.970879	178.863415		
		13313.523604	11762.952045	6168.150676	15444.039175	5750.081533	17902.406149	7722.801341	16326.520049	10704.044667	12338.634535	8773.260333	7535.821277		
		67.527558	59.124859	31.816094	46.520812	40.21879	38.118115	69.628233	38.118115	46.520812	33.916768	57.024184	59.124859		
		80.131608	52.822835	36.017441	69.628233	40.21879	52.822835	54.92351	44.420138	71.728908	63.326208	54.92351	48.621486		
		40.21879	31.816094	42.319464	59.124859	57.024184	92.735661	38.118115	44.420138	36.017441	67.527558	52.822835	50.722161		
		36.017441	54.92351	44.420138	33.916768	46.520812	42.319464	48.621486	46.520812	38.118115	54.92351	33.916768	42.319464		
		44.420138	40.21879	44.420138	38.118115	36.017441	48.621486	50.722161	48.621486	40.21879	46.520812	52.822835	88.53431		
		
26:00	24.40	16129.011468	2300.580242	13359.747126	4315.219809	5836.216179	9353.120382	13679.11047	22499.991908	9676.667549	11428.890267	11494.021684	13340.8375		
		330.112408	88.53431	277.59536	130.547833	120.04445	71.728908	405.737026	149.453926	332.213091	111.641745	193.568164	101.138364		
		13107.61919	10912.043079	5768.989129	14315.740388	5273.191609	16156.326452	7182.871492	14784.28686	9977.10553	11891.114529	7913.983716	7290.016776		
		50.722161	36.017441	40.21879	33.916768	42.319464	57.024184	52.822835	59.124859	36.017441	46.520812	59.124859	78.030933		
		40.21879	61.225534	52.822835	57.024184	44.420138	67.527558	46.520812	80.131608	50.722161	65.426883	57.024184	65.426883		
		40.21879	50.722161	88.53431	38.118115	40.21879	33.916768	61.225534	38.118115	38.118115	63.326208	52.822835	48.621486		
		44.420138	44.420138	44.420138	48.621486	50.722161	36.017441	40.21879	42.319464	44.420138	46.520812	46.520812	61.225534		
		48.621486	42.319464	63.326208	48.621486	67.527558	29.71542	54.92351	73.829583	57.024184	46.520812	31.816094	27.614746		
		
27:00	24.50	15233.926305	2338.393595	12639.083828	4441.267988	5569.409201	8964.445548	12342.836615	21241.299543	9292.192834	11180.971226	10657.822881	12525.627302		
		210.373595	109.541068	101.138364	134.749187	166.259347	61.225534	302.803538	143.151895	138.950541	75.930258	149.453926	120.04445		
		12300.815834	9914.076477	5378.233166	13279.906516	4819.413875	14280.021726	6756.392853	13571.955503	9411.94703	10510.753763	7430.776514	6680.761442		
		54.92351	59.124859	44.420138	59.124859	54.92351	40.21879	42.319464	31.816094	50.722161	75.930258	63.326208	86.433635		
		57.024184	36.017441	42.319464	31.816094	71.728908	52.822835	38.118115	71.728908	44.420138	54.92351	65.426883	71.728908		
		38.118115	38.118115	40.21879	57.024184	25.514072	88.53431	52.822835	50.722161	42.319464	36.017441	59.124859	50.722161		
		113.742421	103.23904	96.937013	46.520812	48.621486	31.816094	82.232284	59.124859	80.131608	73.829583	36.017441	44.420138		
		42.319464	88.53431	69.628233	57.024184	82.232284	52.822835	33.916768	31.816094	67.527558	48.621486	57.024184	63.326208		
		
28:00	24.50	14313.639289	2397.214406	11567.557228	4107.240804	5317.309044	8548.460796	11834.386843	20323.03561	8886.710838	10145.183279	10166.193026	11882.710425		
		191.467486	90.634986	99.037688	128.447156	143.151895	92.735661	313.306948	99.037688	147.353249	88.53431	113.742421	75.930258		
		11910.023768	8592.580275	4630.340679	12441.585548	4548.409117	12998.364029	6128.23442	11809.174553	8323.661974	9666.162748	6567.314477	6046.301123		
		75.930258	52.822835	44.420138	65.426883	36.017441	42.319464	44.420138	67.527558	46.520812	50.722161	63.326208	46.520812		
		57.024184	40.21879	65.426883	48.621486	46.520812	73.829583	38.118115	29.71542	50.722161	57.024184	78.030933	59.124859		
		54.92351	46.520812	57.024184	78.030933	38.118115	38.118115	50.722161	57.024184	42.319464	59.124859	52.822835	44.420138		
		52.822835	29.71542	48.621486	61.225534	38.118115	50.722161	42.319464	50.722161	36.017441	46.520812	61.225534	38.118115		
		40.21879	40.21879	44.420138	44.420138	80.131608	52.822835	33.916768	44.420138	71.728908	44.420138	46.520812	48.621486		
		
29:00	24.60	13187.459606	2327.889884	10895.235104	4191.272651	4754.288606	8105.166608	10657.822881	19329.13866	7987.515536	9275.385244	8878.307091	10897.336101		
		187.266129	109.541068	50.722161	94.836337	117.943773	71.728908	220.876992	92.735661	107.440392	101.138364	206.172237	65.426883		
		10773.377403	7842.552878	4103.039214	11590.668415	4182.869462	11342.748806	5636.636061	11061.214034	7748.012174	8533.754309	6113.528437	5237.477515		
		88.53431	67.527558	57.024184	38.118115	42.319464	33.916768	42.319464	59.124859	31.816094	75.930258	50.722161	67.527558		
		86.433635	48.621486	73.829583	33.916768	80.131608	42.319464	96.937013	36.017441	46.520812	42.319464	59.124859	78.030933		
		33.916768	46.520812	23.413399	46.520812	44.420138	57.024184	90.634986	44.420138	61.225534	48.621486	54.92351	80.131608		
		61.225534	61.225534	63.326208	57.024184	36.017441	57.024184	54.92351	52.822835	78.030933	50.722161	52.822835	44.420138		
		69.628233	61.225534	44.420138	31.816094	59.124859	69.628233	44.420138	46.520812	46.520812	48.621486	42.319464	50.722161		
		
30:00	24.60	12676.902711	2067.398348	10115.769644	3783.719124	4699.667459	7617.7563	9830.037827	17900.304945	7899.277361	8550.561723	7922.387349	10113.668671		
		162.057992	63.326208	92.735661	105.339716	90.634986	75.930258	180.964093	65.426883	82.232284	90.634986	126.34648	59.124859		
		9748.10024	6703.871031	3802.626194	10825.902249	3184.997842	9790.119504	5399.241496	9565.316734	7210.18302	7649.269796	5487.476551	5012.68922		
		59.124859	40.21879	50.722161	33.916768	42.319464	46.520812	59.124859	59.124859	42.319464	42.319464	69.628233	40.21879		
		46.520812	57.024184	59.124859	50.722161	48.621486	46.520812	61.225534	54.92351	57.024184	63.326208	48.621486	57.024184		
		44.420138	44.420138	52.822835	59.124859	40.21879	63.326208	61.225534	46.520812	50.722161	69.628233	42.319464	44.420138		
		86.433635	46.520812	44.420138	67.527558	33.916768	73.829583	54.92351	29.71542	44.420138	61.225534	59.124859	65.426883		
		46.520812	27.614746	27.614746	69.628233	61.225534	54.92351	73.829583	42.319464	36.017441	36.017441	38.118115	65.426883		
		
31:00	24.70	11353.253857	2006.477079	9399.341315	3573.640904	4317.32061	6970.682291	9056.886937	16370.644382	7434.978302	7998.020088	7348.841707	9489.682317		
		195.668843	78.030933	78.030933	153.655281	75.930258	63.326208	149.453926	69.628233	128.447156	88.53431	166.259347	90.634986		
		8960.24367	5779.493351	3516.919891	9920.37938	3462.2997	8388.790531	4558.913158	8235.423379	6428.657322	6827.822594	5046.302378	4166.063087		
		94.836337	80.131608	46.520812	42.319464	38.118115	46.520812	40.21879	71.728908	57.024184	61.225534	59.124859	48.621486		
		67.527558	52.822835	54.92351	52.822835	69.628233	73.829583	94.836337	63.326208	50.722161	63.326208	50.722161	73.829583		
		38.118115	40.21879	40.21879	63.326208	27.614746	36.017441	50.722161	50.722161	38.118115	46.520812	61.225534	48.621486		
		84.332959	52.822835	42.319464	29.71542	40.21879	65.426883	52.822835	63.326208	113.742421	71.728908	48.621486	67.527558		
		80.131608	48.621486	44.420138	27.614746	63.326208	50.722161	65.426883	50.722161	31.816094	50.722161	57.024184	36.017441		
		
32:00	24.70	10590.591246	1903.54126	8357.276706	3460.198924	4016.906679	6336.21937	7995.919178	15517.578827	6962.278772	7109.340509	6592.524898	8460.221921		
		126.34648	59.124859	46.520812	78.030933	67.527558	65.426883	170.460703	94.836337	90.634986	57.024184	96.937013	54.92351		
		7991.717357	4708.070709	3014.835876	8836.288369	2909.79783	7161.862632	4042.116191	7247.998999	5479.073208	6021.090897	4201.776639	3968.588474		
		61.225534	59.124859	40.21879	36.017441	48.621486	46.520812	48.621486	80.131608	61.225534	78.030933	46.520812	38.118115		
		80.131608	42.319464	54.92351	50.722161	38.118115	50.722161	63.326208	67.527558	52.822835	42.319464	42.319464	63.326208		
		46.520812	48.621486	52.822835	50.722161	71.728908	44.420138	73.829583	38.118115	59.124859	88.53431	52.822835	33.916768		
		44.420138	52.822835	75.930258	40.21879	50.722161	29.71542	40.21879	31.816094	59.124859	69.628233	84.332959	44.420138		
		40.21879	46.520812	57.024184	42.319464	82.232284	149.453926	38.118115	44.420138	48.621486	42.319464	50.722161	36.017441		
		
33:00	24.80	9792.220468	1592.633985	8012.726463	3325.749406	3569.439345	5924.451779	7409.76758	14254.808563	6256.386691	6210.167812	5726.972255	8191.304123		
		134.749187	141.051218	73.829583	52.822835	71.728908	50.722161	162.057992	61.225534	153.655281	40.21879	71.728908	65.426883		
		7466.491716	3897.161622	2676.613927	7590.444615	2653.505654	6474.876344	3584.1448	6079.914772	4615.635007	4890.841658	4002.201135	3119.874078		
		86.433635	36.017441	44.420138	36.017441	36.017441	33.916768	65.426883	65.426883	52.822835	50.722161	42.319464	90.634986		
		115.843097	65.426883	46.520812	38.118115	25.514072	48.621486	54.92351	38.118115	75.930258	44.420138	44.420138	29.71542		
		54.92351	31.816094	25.514072	46.520812	54.92351	29.71542	48.621486	44.420138	31.816094	54.92351	46.520812	57.024184		
		75.930258	50.722161	46.520812	36.017441	40.21879	50.722161	33.916768	38.118115	48.621486	48.621486	59.124859	40.21879		
		48.621486	54.92351	59.124859	59.124859	67.527558	59.124859	31.816094	54.92351	27.614746	63.326208	145.252572	50.722161		
		
34:00	24.70	9044.281286	1756.490351	6657.65186	3010.634351	3495.91212	5378.233166	6338.320231	12979.4545	6010.586638	5697.560458	4985.378542	7098.836089		
		109.541068	86.433635	82.232284	90.634986	115.843097	99.037688	75.930258	86.433635	145.252572	120.04445	88.53431	44.420138		
		6069.410505	3380.369492	2203.946211	7292.117666	2369.904738	5172.351861	2993.828255	5361.426506	4140.853531	4432.864769	3523.222224	2708.12522		
		57.024184	40.21879	50.722161	36.017441	65.426883	40.21879	52.822835	48.621486	33.916768	59.124859	75.930258	92.735661		
		90.634986	31.816094	67.527558	50.722161	46.520812	71.728908	33.916768	73.829583	44.420138	73.829583	73.829583	38.118115		
		27.614746	78.030933	42.319464	42.319464	44.420138	54.92351	40.21879	44.420138	50.722161	44.420138	84.332959	65.426883		
		50.722161	44.420138	61.225534	54.92351	57.024184	57.024184	52.822835	63.326208	42.319464	54.92351	57.024184	65.426883		
		84.332959	42.319464	61.225534	67.527558	40.21879	61.225534	33.916768	36.017441	120.04445	44.420138	50.722161	38.118115		
		
35:00	24.80	8397.19422	1535.914562	5884.535661	2918.200868	3353.059444	4844.623673	5762.686596	11712.527524	5386.636497	4907.648206	4552.610734	6502.187598		
		96.937013	115.843097	65.426883	71.728908	86.433635	44.420138	141.051218	88.53431	99.037688	59.124859	80.131608	52.822835		
		5378.233166	2510.65468	2042.18954	6550.507535	1926.649288	4426.562356	2727.032003	4315.219809	3533.726112	3716.494025	2855.178108	2430.82632		
		82.232284	52.822835	46.520812	38.118115	57.024184	31.816094	40.21879	78.030933	42.319464	67.527558	42.319464	147.353249		
		31.816094	52.822835	50.722161	50.722161	73.829583	57.024184	42.319464	63.326208	44.420138	82.232284	88.53431	90.634986		
		63.326208	33.916768	42.319464	46.520812	40.21879	33.916768	61.225534	52.822835	46.520812	61.225534	54.92351	96.937013		
		96.937013	57.024184	54.92351	44.420138	50.722161	44.420138	50.722161	80.131608	38.118115	50.722161	52.822835	59.124859		
		54.92351	50.722161	44.420138	44.420138	40.21879	92.735661	57.024184	61.225534	101.138364	40.21879	141.051218	44.420138		
		
36:00	24.80	7290.016776	1659.857064	5159.746902	2720.729741	2928.704667	4659.752032	5119.831215	10733.458547	5128.234516	4439.167183	4016.906679	5699.661301		
		96.937013	99.037688	75.930258	113.742421	78.030933	80.131608	115.843097	57.024184	187.266129	69.628233	57.024184	61.225534		
		4787.90164	2073.700551	1741.785277	6256.386691	1830.015768	3724.897159	2598.886129	3775.315983	2792.155404	3201.803984	2615.692132	2109.413047		
		31.816094	50.722161	48.621486	36.017441	38.118115	44.420138	40.21879	46.520812	40.21879	31.816094	46.520812	298.602174		
		84.332959	63.326208	63.326208	46.520812	57.024184	36.017441	44.420138	46.520812	65.426883	48.621486	65.426883	88.53431		
		109.541068	40.21879	29.71542	75.930258	40.21879	44.420138	86.433635	40.21879	44.420138	40.21879	50.722161	36.017441		
		57.024184	42.319464	67.527558	42.319464	57.024184	31.816094	38.118115	48.621486	50.722161	57.024184	40.21879	42.319464		
		25.514072	50.722161	36.017441	52.822835	50.722161	174.662059	48.621486	84.332959	113.742421	33.916768	67.527558	27.614746		
		
37:00	24.80	6890.848895	1380.461561	4661.852843	2350.99805	3107.269486	4279.506199	4653.449598	9735.494466	4544.207501	4252.195803	3441.291945	5222.771717		
		92.735661	71.728908	96.937013	63.326208	69.628233	59.124859	147.353249	69.628233	105.339716	61.225534	103.23904	59.124859		
		4178.667868	1643.051288	1577.928945	5281.594928	1533.813843	3035.843504	2214.449903	3252.222435	2611.490631	2674.513174	2315.285433	1806.907771		
		63.326208	33.916768	33.916768	40.21879	75.930258	73.829583	57.024184	59.124859	38.118115	65.426883	54.92351	246.08515		
		69.628233	61.225534	50.722161	38.118115	75.930258	65.426883	33.916768	52.822835	67.527558	59.124859	67.527558	101.138364		
		52.822835	48.621486	36.017441	69.628233	48.621486	138.950541	61.225534	73.829583	65.426883	38.118115	46.520812	59.124859		
		69.628233	50.722161	78.030933	65.426883	42.319464	36.017441	61.225534	63.326208	52.822835	48.621486	44.420138	59.124859		
		48.621486	147.353249	42.319464	50.722161	54.92351	50.722161	48.621486	90.634986	107.440392	73.829583	27.614746	69.628233		
		
38:00	24.90	5913.947536	1302.735189	3934.975829	2327.889884	2664.009413	4075.728887	4147.155919	8823.682757	4124.047165	3304.741692	3168.191703	4943.362133		
		88.53431	65.426883	57.024184	88.53431	57.024184	57.024184	109.541068	115.843097	122.145126	90.634986	80.131608	63.326208		
		3455.997373	1180.894021	1267.023101	4867.732662	1279.627365	2653.505654	1876.231783	2775.34936	2155.629244	2271.169871	2122.017461	1567.425347		
		38.118115	44.420138	57.024184	63.326208	48.621486	40.21879	67.527558	44.420138	23.413399	46.520812	36.017441	338.515139		
		59.124859	80.131608	33.916768	54.92351	80.131608	38.118115	46.520812	90.634986	63.326208	50.722161	94.836337	65.426883		
		52.822835	42.319464	50.722161	48.621486	42.319464	40.21879	46.520812	38.118115	69.628233	82.232284	48.621486	46.520812		
		159.957314	57.024184	88.53431	71.728908	67.527558	65.426883	38.118115	54.92351	42.319464	33.916768	46.520812	31.816094		
		38.118115	46.520812	44.420138	48.621486	54.92351	63.326208	48.621486	63.326208	50.722161	82.232284	40.21879	52.822835		
		
39:00	24.90	5495.879895	1075.8587	3689.183847	2222.852859	2432.927065	3672.377589	3621.958839	7832.048349	4056.821743	3140.881737	2575.777882	4323.623014		
		63.326208	88.53431	67.527558	50.722161	65.426883	52.822835	67.527558	67.527558	120.04445	84.332959	75.930258	57.024184		
		2781.651626	1117.87281	1208.20323	4607.231767	1040.146727	2161.931455	1727.080206	2338.393595	1966.563172	2061.096145	1760.691802	1338.447295		
		122.145126	52.822835	63.326208	67.527558	71.728908	44.420138	61.225534	52.822835	67.527558	44.420138	44.420138	103.23904		
		103.23904	61.225534	46.520812	59.124859	50.722161	44.420138	59.124859	50.722161	31.816094	86.433635	63.326208	44.420138		
		75.930258	42.319464	52.822835	73.829583	63.326208	44.420138	33.916768	44.420138	50.722161	52.822835	67.527558	61.225534		
		92.735661	61.225534	73.829583	67.527558	52.822835	50.722161	59.124859	54.92351	29.71542	69.628233	57.024184	71.728908		
		33.916768	27.614746	38.118115	38.118115	31.816094	128.447156	61.225534	36.017441	94.836337	94.836337	63.326208	57.024184		
		
40:00	25.00	5048.403201	1103.167869	3170.29247	2176.636617	2321.587658	3142.982503	3321.547863	7323.631017	3504.315228	2790.054649	2329.990626	3905.564778		
		92.735661	63.326208	67.527558	42.319464	46.520812	90.634986	69.628233	61.225534	82.232284	61.225534	115.843097	57.024184		
		2508.553932	924.608112	1065.355177	3985.394803	1180.894021	1781.699057	1435.080144	1834.217222	1624.144795	1724.979482	1575.828225	1254.418839		
		80.131608	52.822835	54.92351	57.024184	67.527558	57.024184	82.232284	42.319464	42.319464	42.319464	44.420138	69.628233		
		88.53431	61.225534	33.916768	44.420138	94.836337	33.916768	57.024184	50.722161	44.420138	52.822835	40.21879	38.118115		
		54.92351	38.118115	31.816094	54.92351	52.822835	69.628233	61.225534	52.822835	42.319464	42.319464	48.621486	54.92351		
		69.628233	29.71542	84.332959	50.722161	40.21879	57.024184	78.030933	82.232284	69.628233	33.916768	38.118115	67.527558		
		50.722161	136.849864	57.024184	38.118115	44.420138	71.728908	48.621486	44.420138	48.621486	65.426883	54.92351	33.916768		
		
41:00	25.00	4594.62691	1006.535474	2928.704667	1993.872685	2075.801286	2897.193275	3029.541215	6384.539194	3040.04503	2243.860251	1922.447828	3554.733894		
		90.634986	54.92351	57.024184	57.024184	67.527558	46.520812	111.641745	38.118115	222.977671	44.420138	38.118115	63.326208		
		2021.182208	701.934224	916.205311	3458.098148	1027.542505	1714.475862	1258.620259	1809.008498	1372.058706	1527.511688	1414.072992	985.528449		
		94.836337	65.426883	31.816094	36.017441	67.527558	40.21879	78.030933	75.930258	67.527558	48.621486	46.520812	103.23904		
		69.628233	71.728908	59.124859	57.024184	54.92351	75.930258	78.030933	27.614746	42.319464	46.520812	84.332959	84.332959		
		61.225534	40.21879	50.722161	80.131608	52.822835	48.621486	50.722161	33.916768	33.916768	48.621486	42.319464	50.722161		
		103.23904	54.92351	59.124859	40.21879	42.319464	38.118115	44.420138	33.916768	40.21879	42.319464	46.520812	36.017441		
		38.118115	88.53431	52.822835	42.319464	46.520812	191.467486	48.621486	48.621486	54.92351	33.916768	40.21879	36.017441		
		
42:00	25.00	4079.930475	890.996914	2508.553932	1968.663903	2044.290274	2477.042728	2733.334265	6014.788341	2905.596312	2037.988073	1794.303413	3031.641978		
		90.634986	88.53431	50.722161	63.326208	75.930258	59.124859	88.53431	46.520812	78.030933	69.628233	52.822835	67.527558		
		1762.792527	601.100996	897.299013	2949.712269	1006.535474	1430.878713	1250.217419	1512.806661	1348.95086	1411.972277	1388.864417	964.52143		
		54.92351	50.722161	42.319464	52.822835	71.728908	50.722161	50.722161	63.326208	84.332959	52.822835	52.822835	84.332959		
		67.527558	48.621486	44.420138	42.319464	96.937013	46.520812	54.92351	54.92351	92.735661	69.628233	50.722161	115.843097		
		40.21879	48.621486	71.728908	36.017441	36.017441	44.420138	44.420138	44.420138	59.124859	52.822835	48.621486	96.937013		
		65.426883	40.21879	57.024184	61.225534	63.326208	63.326208	52.822835	38.118115	46.520812	54.92351	71.728908	61.225534		
		40.21879	40.21879	54.92351	46.520812	82.232284	52.822835	50.722161	73.829583	82.232284	27.614746	52.822835	65.426883		
		
43:00	25.10	3802.626194	939.313016	2323.6884	1970.764635	1903.54126	2472.841235	2470.740488	5096.722144	2472.841235	1756.490351	1565.324627	2636.699642		
		86.433635	59.124859	46.520812	67.527558	73.829583	65.426883	92.735661	75.930258	86.433635	124.245803	50.722161	44.420138		
		1538.01528	628.409981	767.05576	2752.241054	842.680845	1239.713869	1052.75095	1474.99375	1189.296854	1300.634478	1130.477048	897.299013		
		36.017441	88.53431	48.621486	71.728908	50.722161	38.118115	54.92351	54.92351	40.21879	82.232284	63.326208	73.829583		
		52.822835	57.024184	57.024184	52.822835	59.124859	31.816094	67.527558	42.319464	59.124859	59.124859	71.728908	46.520812		
		42.319464	25.514072	42.319464	52.822835	57.024184	162.057992	42.319464	50.722161	40.21879	63.326208	42.319464	103.23904		
		82.232284	54.92351	57.024184	38.118115	31.816094	46.520812	36.017441	59.124859	59.124859	50.722161	82.232284	59.124859		
		52.822835	67.527558	65.426883	80.131608	48.621486	88.53431	48.621486	33.916768	57.024184	75.930258	40.21879	73.829583		
		
44:00	25.10	3245.920126	792.264113	1995.973417	1720.778034	1613.64119	2151.427771	2332.091368	4884.539204	2210.248426	1682.965012	1369.957992	2395.113662		
		73.829583	78.030933	40.21879	65.426883	67.527558	80.131608	69.628233	44.420138	73.829583	80.131608	92.735661	73.829583		
		1264.92239	561.187883	626.309289	2586.28163	781.760631	1075.8587	1040.146727	1052.75095	1048.549542	1054.851655	968.722833	781.760631		
		75.930258	38.118115	38.118115	69.628233	48.621486	42.319464	50.722161	61.225534	33.916768	57.024184	92.735661	109.541068		
		82.232284	36.017441	38.118115	54.92351	73.829583	65.426883	71.728908	88.53431	84.332959	42.319464	50.722161	94.836337		
		57.024184	38.118115	36.017441	27.614746	44.420138	75.930258	40.21879	40.21879	38.118115	48.621486	33.916768	48.621486		
		80.131608	65.426883	48.621486	44.420138	67.527558	48.621486	42.319464	170.460703	27.614746	31.816094	33.916768	57.024184		
		44.420138	50.722161	52.822835	63.326208	48.621486	254.487871	42.319464	67.527558	117.943773	61.225534	42.319464	42.319464		
		
45:00	25.10	3000.13054	722.941164	1756.490351	1766.993978	1613.64119	2025.383674	2157.729981	4208.079033	1977.066829	1456.087302	1399.367989	2304.781725		
		82.232284	80.131608	50.722161	65.426883	57.024184	130.547833	84.332959	36.017441	50.722161	105.339716	88.53431	40.21879		
		1082.160815	502.368599	582.194782	2227.054337	710.336999	884.694816	901.500412	1063.254472	1012.837582	945.615119	838.479449	832.177356		
		48.621486	54.92351	46.520812	40.21879	61.225534	54.92351	71.728908	57.024184	44.420138	48.621486	61.225534	109.541068		
		54.92351	73.829583	155.755959	84.332959	75.930258	42.319464	73.829583	92.735661	109.541068	63.326208	46.520812	103.23904		
		59.124859	27.614746	59.124859	48.621486	42.319464	36.017441	71.728908	42.319464	36.017441	36.017441	54.92351	63.326208		
		92.735661	31.816094	31.816094	50.722161	40.21879	67.527558	134.749187	78.030933	33.916768	44.420138	42.319464	54.92351		
		71.728908	50.722161	52.822835	63.326208	40.21879	78.030933	107.440392	36.017441	111.641745	36.017441	40.21879	94.836337		
		
46:00	25.20	2685.016937	662.021054	1777.497605	1554.821031	1550.619593	1783.799783	2008.577811	4035.813812	1855.224499	1189.296854	1214.505357	2025.383674		
		73.829583	96.937013	73.829583	50.722161	52.822835	82.232284	54.92351	69.628233	172.561381	42.319464	57.024184	54.92351		
		1002.334068	458.254169	552.785125	1947.656593	750.250197	764.955064	781.760631	1023.341098	874.191321	909.903211	569.590641	687.229369		
		86.433635	65.426883	42.319464	50.722161	59.124859	50.722161	36.017441	80.131608	73.829583	57.024184	78.030933	92.735661		
		80.131608	59.124859	134.749187	52.822835	82.232284	44.420138	103.23904	67.527558	109.541068	75.930258	54.92351	73.829583		
		46.520812	36.017441	69.628233	36.017441	38.118115	50.722161	36.017441	42.319464	46.520812	57.024184	57.024184	111.641745		
		46.520812	50.722161	38.118115	59.124859	40.21879	136.849864	69.628233	36.017441	54.92351	42.319464	36.017441	36.017441		
		52.822835	61.225534	57.024184	42.319464	61.225534	92.735661	27.614746	67.527558	67.527558	40.21879	46.520812	78.030933		
		
47:00	25.30	2453.93452	680.927289	1512.806661	1676.662843	1248.116709	1762.792527	1798.504866	3544.230002	1743.886002	1153.584823	1126.275635	1855.224499		
		88.53431	99.037688	42.319464	46.520812	84.332959	52.822835	67.527558	73.829583	42.319464	71.728908	44.420138	61.225534		
		933.010914	374.226758	477.16035	1930.850749	548.583746	739.746721	689.330062	830.076659	792.264113	752.350892	716.639082	556.986504		
		65.426883	105.339716	44.420138	67.527558	59.124859	52.822835	59.124859	44.420138	46.520812	50.722161	92.735661	109.541068		
		90.634986	57.024184	65.426883	44.420138	54.92351	29.71542	57.024184	73.829583	86.433635	155.755959	57.024184	65.426883		
		50.722161	48.621486	44.420138	33.916768	61.225534	63.326208	36.017441	38.118115	36.017441	69.628233	57.024184	36.017441		
		166.259347	63.326208	52.822835	73.829583	50.722161	52.822835	84.332959	71.728908	59.124859	29.71542	117.943773	54.92351		
		38.118115	94.836337	65.426883	50.722161	40.21879	166.259347	46.520812	54.92351	48.621486	48.621486	86.433635	48.621486		
		
48:00	25.30	2369.904738	617.906524	1477.094467	1552.720312	1174.591898	1689.267181	1573.727505	3403.478003	1504.403791	1071.657291	979.226343	1882.533969		
		71.728908	94.836337	42.319464	78.030933	40.21879	69.628233	40.21879	33.916768	59.124859	73.829583	117.943773	50.722161		
		790.163416	380.528811	424.643193	1628.346237	573.792021	649.4169	712.437693	819.573172	863.687828	662.021054	544.382368	605.302377		
		96.937013	82.232284	54.92351	48.621486	65.426883	40.21879	65.426883	73.829583	40.21879	44.420138	59.124859	50.722161		
		111.641745	31.816094	57.024184	84.332959	82.232284	65.426883	46.520812	67.527558	59.124859	117.943773	50.722161	69.628233		
		59.124859	46.520812	48.621486	61.225534	57.024184	48.621486	88.53431	40.21879	59.124859	31.816094	33.916768	48.621486		
		128.447156	48.621486	54.92351	75.930258	48.621486	59.124859	50.722161	42.319464	65.426883	59.124859	42.319464	138.950541		
		61.225534	84.332959	59.124859	71.728908	40.21879	172.561381	109.541068	38.118115	86.433635	40.21879	59.124859	71.728908		
		
49:00	25.30	2069.499082	565.389262	1216.606066	1386.763703	1105.268574	1506.504508	1670.360675	2840.472806	1559.022469	1035.945319	827.975961	1624.144795		
		42.319464	73.829583	69.628233	48.621486	71.728908	59.124859	44.420138	54.92351	63.326208	61.225534	86.433635	50.722161		
		651.517592	311.206266	376.327442	1382.562275	538.080301	538.080301	622.107906	758.652978	643.114823	540.18099	521.274792	535.979612		
		63.326208	44.420138	40.21879	48.621486	44.420138	71.728908	54.92351	69.628233	36.017441	46.520812	69.628233	94.836337		
		99.037688	48.621486	153.655281	48.621486	69.628233	42.319464	94.836337	42.319464	57.024184	71.728908	65.426883	111.641745		
		59.124859	52.822835	80.131608	54.92351	38.118115	44.420138	73.829583	38.118115	42.319464	27.614746	29.71542	48.621486		
		52.822835	63.326208	44.420138	59.124859	36.017441	96.937013	73.829583	36.017441	84.332959	44.420138	48.621486	75.930258		
		54.92351	78.030933	52.822835	80.131608	48.621486	218.776312	38.118115	38.118115	50.722161	57.024184	44.420138	50.722161		
		
~End
Original Filename: data_10-24-18-104953_pta_ptada_pa_pa20_118_373_445_457.pda   Date Last Saved: 10/24/2018
