##BLOCKS= 1          
Plate:	Plate#1	1.3	PlateFormat	Kinetic	Luminescence	Raw	FALSE	50	3000	60				1	450	1	12	96	405	Automatic	435			6	Automatic			1	8	None	
Time(hh:mm:ss)	Temperature(¡C)	1	2	3	4	5	6	7	8	9	10	11	12		
0:00	23.10	1029.643208	487.663786	397.334286	239.783109	239.783109	141.051218	126.34648	157.856636	145.252572	151.554604	126.34648	132.64851		
		888.896215	571.691331	372.126074	294.400811	208.272916	222.977671	185.16545	136.849864	136.849864	132.64851	88.53431	84.332959		
		962.420729	451.95211	380.528811	262.890593	241.88379	174.662059	115.843097	138.950541	138.950541	143.151895	162.057992	107.440392		
		890.996914	573.792021	321.709678	204.071558	212.474275	149.453926	157.856636	168.360025	157.856636	138.950541	113.742421	101.138364		
		638.913439	542.281679	250.28651	277.59536	178.863415	141.051218	143.151895	153.655281	168.360025	136.849864	128.447156	159.957314		
		769.156456	479.261037	336.414456	279.696041	191.467486	183.064772	149.453926	109.541068	159.957314	128.447156	166.259347	111.641745		
		680.927289	523.375481	321.709678	267.091955	197.769522	172.561381	111.641745	151.554604	126.34648	147.353249	115.843097	103.23904		
		531.778235	435.146621	328.011725	294.400811	191.467486	166.259347	105.339716	227.179031	132.64851	115.843097	65.426883	111.641745		
		
1:00	23.20	101.138364	78.030933	80.131608	99.037688	94.836337	86.433635	71.728908	78.030933	84.332959	78.030933	73.829583	109.541068		
		80.131608	115.843097	107.440392	84.332959	67.527558	92.735661	84.332959	84.332959	75.930258	82.232284	69.628233	115.843097		
		122.145126	103.23904	88.53431	65.426883	107.440392	99.037688	124.245803	59.124859	164.158669	71.728908	126.34648	84.332959		
		105.339716	92.735661	75.930258	92.735661	65.426883	84.332959	80.131608	65.426883	78.030933	69.628233	61.225534	82.232284		
		80.131608	84.332959	90.634986	109.541068	80.131608	113.742421	86.433635	52.822835	90.634986	75.930258	46.520812	73.829583		
		103.23904	88.53431	90.634986	80.131608	75.930258	86.433635	50.722161	69.628233	61.225534	86.433635	78.030933	84.332959		
		63.326208	103.23904	90.634986	101.138364	75.930258	113.742421	69.628233	92.735661	73.829583	126.34648	69.628233	73.829583		
		111.641745	90.634986	86.433635	84.332959	46.520812	67.527558	99.037688	65.426883	80.131608	80.131608	63.326208	65.426883		
		
2:00	23.20	212.474275	134.749187	113.742421	120.04445	105.339716	67.527558	115.843097	71.728908	172.561381	153.655281	99.037688	176.762737		
		46.520812	48.621486	80.131608	82.232284	78.030933	90.634986	50.722161	82.232284	67.527558	88.53431	84.332959	71.728908		
		1710.274415	212.474275	204.071558	159.957314	571.691331	113.742421	2750.1403	256.588552	3277.431674	183.064772	84.332959	86.433635		
		94.836337	84.332959	73.829583	61.225534	84.332959	73.829583	63.326208	42.319464	63.326208	48.621486	48.621486	63.326208		
		52.822835	69.628233	73.829583	54.92351	63.326208	57.024184	52.822835	86.433635	86.433635	120.04445	69.628233	67.527558		
		65.426883	59.124859	88.53431	52.822835	80.131608	73.829583	61.225534	73.829583	80.131608	46.520812	57.024184	61.225534		
		124.245803	317.508313	134.749187	422.542507	201.970879	285.998085	84.332959	155.755959	130.547833	172.561381	107.440392	69.628233		
		113.742421	50.722161	54.92351	71.728908	57.024184	73.829583	210.373595	54.92351	40.21879	57.024184	61.225534	65.426883		
		
3:00	23.30	1012.837582	472.958976	107.440392	143.151895	273.393998	86.433635	212.474275	174.662059	716.639082	676.725903	391.032233	792.264113		
		65.426883	65.426883	69.628233	61.225534	52.822835	111.641745	52.822835	63.326208	61.225534	71.728908	90.634986	59.124859		
		7672.379702	529.677546	1197.699687	365.824023	4596.727719	346.917872	9111.51145	2615.692132	10433.017352	445.650051	346.917872	281.796722		
		73.829583	61.225534	50.722161	67.527558	73.829583	48.621486	90.634986	61.225534	78.030933	63.326208	27.614746	59.124859		
		52.822835	52.822835	54.92351	54.92351	80.131608	57.024184	44.420138	59.124859	69.628233	48.621486	59.124859	61.225534		
		67.527558	50.722161	50.722161	80.131608	52.822835	46.520812	78.030933	54.92351	73.829583	54.92351	54.92351	57.024184		
		271.293317	1596.835425	922.507412	1899.339802	1225.008903	1067.455881	271.293317	716.639082	586.396162	1716.576586	380.528811	113.742421		
		78.030933	71.728908	59.124859	61.225534	67.527558	46.520812	88.53431	96.937013	73.829583	54.92351	75.930258	61.225534		
		
4:00	23.40	2836.271291	1521.209533	380.528811	273.393998	748.149501	168.360025	783.861328	691.430756	2216.550642	2386.710686	1731.281655	2710.225973		
		73.829583	40.21879	69.628233	50.722161	50.722161	40.21879	29.71542	204.071558	84.332959	86.433635	69.628233	52.822835		
		16000.841302	1441.382291	3970.689265	1199.800396	11657.901001	989.729853	15881.075946	6594.625767	16641.694459	1073.757995	773.357847	855.285034		
		71.728908	63.326208	65.426883	59.124859	38.118115	63.326208	84.332959	65.426883	42.319464	42.319464	61.225534	67.527558		
		54.92351	36.017441	84.332959	67.527558	44.420138	71.728908	71.728908	67.527558	138.950541	42.319464	84.332959	44.420138		
		61.225534	54.92351	48.621486	52.822835	63.326208	46.520812	48.621486	48.621486	36.017441	40.21879	57.024184	52.822835		
		676.725903	4518.997811	2928.704667	4518.997811	3529.524557	3304.741692	704.034918	2298.479501	2023.282941	5147.141946	1143.081288	254.487871		
		48.621486	54.92351	46.520812	52.822835	67.527558	78.030933	88.53431	38.118115	69.628233	42.319464	71.728908	59.124859		
		
5:00	23.40	4768.994306	3132.478673	947.71582	546.483057	1447.684438	315.407631	1573.727505	2035.88734	5218.570061	4319.421411	4518.997811	5306.80489		
		109.541068	54.92351	86.433635	86.433635	40.21879	101.138364	80.131608	57.024184	57.024184	84.332959	36.017441	101.138364		
		22188.994048	3592.547918	7279.51233	2569.475634	18167.15846	2096.808634	21073.195414	9626.244517	22016.685011	2542.165899	1653.554897	1592.633985		
		44.420138	80.131608	44.420138	52.822835	57.024184	57.024184	96.937013	59.124859	69.628233	38.118115	63.326208	71.728908		
		44.420138	42.319464	59.124859	69.628233	57.024184	57.024184	67.527558	71.728908	54.92351	54.92351	46.520812	48.621486		
		48.621486	50.722161	57.024184	48.621486	61.225534	75.930258	54.92351	48.621486	71.728908	80.131608	59.124859	94.836337		
		1550.619593	9456.067047	6042.099418	8334.166576	6787.905965	7287.915887	1706.072967	5369.829836	4594.62691	8565.268213	2035.88734	378.428127		
		40.21879	174.662059	44.420138	48.621486	75.930258	54.92351	61.225534	69.628233	44.420138	46.520812	61.225534	48.621486		
		
6:00	23.40	6867.739245	5334.115693	2157.729981	1038.046023	2571.576383	691.430756	3107.269486	4166.063087	8058.94652	6176.554101	8136.680321	8766.957532		
		183.064772	54.92351	69.628233	29.71542	61.225534	225.078351	73.829583	109.541068	63.326208	73.829583	172.561381	187.266129		
		27072.658902	6594.625767	9630.446435	4216.482225	22252.034044	3191.300145	24344.993831	12968.949208	24435.353931	4523.199425	2525.359914	3103.067955		
		65.426883	52.822835	57.024184	71.728908	71.728908	67.527558	94.836337	82.232284	52.822835	42.319464	38.118115	65.426883		
		44.420138	61.225534	75.930258	67.527558	52.822835	40.21879	109.541068	69.628233	84.332959	86.433635	105.339716	50.722161		
		36.017441	33.916768	86.433635	38.118115	38.118115	46.520812	50.722161	50.722161	50.722161	67.527558	54.92351	71.728908		
		2846.775078	13166.448961	9472.87468	12809.268959	10443.522267	12588.658683	2882.487964	8926.628651	8241.726132	12012.974156	3920.270302	563.288572		
		103.23904	94.836337	57.024184	61.225534	90.634986	86.433635	57.024184	57.024184	52.822835	54.92351	52.822835	59.124859		
		
7:00	23.50	9342.615629	7311.025675	4168.163883	1372.058706	4340.429427	941.413717	5031.596619	6340.421093	11292.324586	8058.94652	12313.422065	12214.673311		
		346.917872	75.930258	155.755959	101.138364	92.735661	281.796722	183.064772	82.232284	46.520812	61.225534	88.53431	485.563099		
		29813.038551	9836.340723	10802.791312	6582.020555	26515.76958	4516.897004	26585.117823	14885.140319	26047.145361	7519.014104	3626.1604	4766.893492		
		99.037688	44.420138	63.326208	59.124859	44.420138	40.21879	86.433635	78.030933	52.822835	44.420138	67.527558	57.024184		
		54.92351	38.118115	40.21879	52.822835	48.621486	86.433635	63.326208	99.037688	143.151895	94.836337	59.124859	170.460703		
		50.722161	50.722161	52.822835	92.735661	57.024184	117.943773	50.722161	63.326208	54.92351	48.621486	48.621486	71.728908		
		4882.438386	16637.492125	13256.794777	17082.940994	13769.456941	16725.741206	4174.466274	11794.467388	11542.345033	14187.573508	5899.241597	857.385732		
		59.124859	67.527558	50.722161	61.225534	73.829583	54.92351	101.138364	48.621486	59.124859	48.621486	109.541068	65.426883		
		
8:00	23.50	10819.599265	9615.739723	5960.16622	2077.90202	5573.610878	1464.490168	7155.559975	8311.056454	13840.893767	9640.951231	15572.208333	15259.139816		
		542.281679	71.728908	281.796722	42.319464	138.950541	470.858289	176.762737	107.440392	96.937013	105.339716	71.728908	945.615119		
		31780.125003	12876.502704	12498.313721	8558.965431	28564.723608	5531.59412	27993.112	17423.333059	28457.546079	10548.571507	4603.030148	6325.715065		
		78.030933	46.520812	36.017441	52.822835	40.21879	57.024184	92.735661	63.326208	174.662059	59.124859	31.816094	113.742421		
		46.520812	52.822835	90.634986	96.937013	61.225534	63.326208	101.138364	61.225534	210.373595	86.433635	105.339716	113.742421		
		46.520812	67.527558	71.728908	57.024184	57.024184	54.92351	71.728908	67.527558	82.232284	86.433635	52.822835	78.030933		
		7462.289926	19946.90806	15465.050497	20554.176438	15851.659924	19587.592548	5754.28322	13842.994852	14105.63087	15654.15267	8031.634665	1050.650246		
		94.836337	50.722161	82.232284	44.420138	50.722161	65.426883	65.426883	54.92351	73.829583	73.829583	124.245803	36.017441		
		
9:00	23.50	11786.063295	12227.279527	7424.473833	2806.860697	7224.889231	2029.58514	8882.508964	10128.375486	16005.043598	10714.549623	19108.508039	18137.741488		
		741.847416	88.53431	571.691331	99.037688	155.755959	746.048806	197.769522	109.541068	120.04445	96.937013	143.151895	1407.770847		
		33217.645863	15656.253808	13321.927878	9775.412759	30227.046858	6464.372018	28856.835735	18366.773954	29251.924562	12882.805871	5670.249515	7369.850623		
		67.527558	48.621486	57.024184	46.520812	54.92351	65.426883	105.339716	54.92351	52.822835	78.030933	65.426883	57.024184		
		59.124859	59.124859	57.024184	126.34648	101.138364	88.53431	78.030933	109.541068	151.554604	109.541068	59.124859	50.722161		
		52.822835	50.722161	65.426883	65.426883	57.024184	103.23904	82.232284	48.621486	105.339716	103.23904	96.937013	63.326208		
		9664.061788	22369.708854	17700.690768	23676.752949	17900.304945	22413.836958	6508.490196	15418.825598	16574.457134	17141.774073	9355.221333	1529.612406		
		46.520812	99.037688	44.420138	38.118115	78.030933	71.728908	57.024184	33.916768	73.829583	65.426883	82.232284	59.124859		
		
10:00	23.60	12968.949208	14120.338516	9632.547394	3527.423779	8537.956162	2422.42334	10449.825217	11975.155629	17902.406149	11466.708502	21228.69172	19892.275174		
		1071.657291	260.789913	653.618284	117.943773	254.487871	998.132663	248.18583	204.071558	132.64851	153.655281	159.957314	1884.634698		
		34999.876042	17988.555602	13538.338292	11384.769018	31796.937944	7974.910076	29178.370624	19646.427711	29823.546346	15733.995962	6231.17639	8481.231167		
		52.822835	88.53431	50.722161	61.225534	63.326208	57.024184	124.245803	48.621486	157.856636	50.722161	86.433635	48.621486		
		69.628233	48.621486	63.326208	82.232284	63.326208	109.541068	101.138364	99.037688	80.131608	162.057992	67.527558	44.420138		
		38.118115	44.420138	67.527558	42.319464	73.829583	103.23904	117.943773	59.124859	107.440392	92.735661	67.527558	36.017441		
		11956.246373	24435.353931	19686.3516	25786.566421	19209.367666	24263.03942	7647.168896	16250.8784	18097.818474	17137.571709	10832.205233	1857.325227		
		107.440392	40.21879	36.017441	50.722161	54.92351	44.420138	99.037688	90.634986	73.829583	52.822835	128.447156	69.628233		
		
11:00	23.60	14017.385059	15967.222936	10470.835055	4294.211801	9825.835897	3113.571782	11781.861249	13391.263182	19030.762175	12328.129338	23348.938977	21798.147325		
		1172.49119	323.81036	769.156456	130.547833	271.293317	1191.397562	325.911043	216.675633	141.051218	216.675633	174.662059	2218.651381		
		35825.854081	18881.574405	13836.691599	12389.059502	32715.350896	8254.33164	29825.647905	20167.541296	30491.84532	16753.05642	7344.639925	9458.168001		
		57.024184	52.822835	65.426883	78.030933	44.420138	162.057992	109.541068	57.024184	65.426883	50.722161	57.024184	54.92351		
		59.124859	88.53431	113.742421	84.332959	105.339716	57.024184	172.561381	103.23904	117.943773	40.21879	103.23904	65.426883		
		59.124859	38.118115	42.319464	75.930258	59.124859	134.749187	44.420138	50.722161	126.34648	50.722161	92.735661	109.541068		
		14523.749425	26108.087348	20957.624057	27791.36783	20934.509809	25853.812507	8367.781313	16784.573988	19369.062369	18114.628161	12204.168133	1712.375138		
		84.332959	48.621486	80.131608	54.92351	54.92351	115.843097	50.722161	57.024184	96.937013	52.822835	107.440392	50.722161		
		
12:00	23.70	14156.057098	16931.656158	11666.305079	5178.654341	10834.306227	3588.346359	12622.275442	14126.641794	20281.010086	12649.589071	23968.844885	23214.451633		
		1306.936612	315.407631	838.479449	199.8702	346.917872	1298.533766	441.448679	187.266129	162.057992	166.259347	229.27971	2769.047094		
		36244.101094	19946.90806	14280.021726	13204.268126	32664.911431	8817.379952	29808.835433	21188.76696	30294.297167	17849.876047	7689.186911	9800.624324		
		73.829583	96.937013	57.024184	59.124859	73.829583	136.849864	168.360025	75.930258	90.634986	59.124859	103.23904	65.426883		
		63.326208	65.426883	166.259347	113.742421	54.92351	115.843097	96.937013	90.634986	258.689232	141.051218	42.319464	84.332959		
		42.319464	61.225534	65.426883	82.232284	71.728908	67.527558	65.426883	36.017441	84.332959	73.829583	65.426883	214.574954		
		15813.839344	26929.758582	21619.535294	28232.683949	21632.143188	26835.192353	9008.565287	17246.833265	20115.009511	18728.184491	13469.002845	2094.707899		
		54.92351	73.829583	59.124859	82.232284	65.426883	65.426883	44.420138	90.634986	50.722161	57.024184	88.53431	105.339716		
		
13:00	23.70	14385.076665	18686.159915	12941.635455	5834.115333	11655.799982	3947.580569	13498.417875	14996.499513	21171.956541	13061.395832	25786.566421	24313.472892		
		1275.425944	355.320605	983.427747	162.057992	454.052796	1523.310252	399.434971	174.662059	246.08515	231.38039	346.917872	2754.341809		
		36109.589222	21058.486322	14498.536176	13277.805448	33421.507181	9674.566589	29399.032668	21283.325638	30084.140163	18459.227636	8016.928286	10647.317934		
		38.118115	75.930258	50.722161	82.232284	59.124859	71.728908	96.937013	65.426883	99.037688	67.527558	75.930258	38.118115		
		52.822835	59.124859	33.916768	86.433635	136.849864	101.138364	48.621486	94.836337	141.051218	86.433635	120.04445	73.829583		
		86.433635	44.420138	80.131608	90.634986	115.843097	126.34648	96.937013	75.930258	117.943773	69.628233	69.628233	54.92351		
		18076.80637	28238.988485	22724.835808	29741.585586	22283.554063	27154.616568	9720.787732	17667.071594	21329.554371	18410.89956	14452.311909	2357.300279		
		75.930258	61.225534	46.520812	105.339716	69.628233	46.520812	84.332959	63.326208	80.131608	99.037688	115.843097	84.332959		
		
14:00	23.80	14887.241434	19200.962692	13933.341532	6771.09897	12561.345078	4546.308309	14074.114497	15656.253808	21409.404072	12998.364029	26185.840994	24511.004337		
		1233.41174	332.213091	1035.945319	199.8702	563.288572	1325.843021	601.100996	241.88379	279.696041	262.890593	414.139766	2670.31167		
		35754.39504	21382.087059	14271.617337	13864.005697	32772.095337	10031.730755	28547.911436	21346.364827	28938.79547	19295.518711	8311.056454	10878.427133		
		65.426883	63.326208	65.426883	48.621486	50.722161	69.628233	63.326208	42.319464	134.749187	42.319464	36.017441	29.71542		
		63.326208	86.433635	170.460703	86.433635	88.53431	75.930258	159.957314	54.92351	132.64851	71.728908	109.541068	67.527558		
		50.722161	40.21879	65.426883	36.017441	176.762737	92.735661	96.937013	82.232284	86.433635	170.460703	162.057992	145.252572		
		18654.641499	29081.69985	22993.808889	30214.437432	22714.329068	27375.272297	9781.715649	17732.208759	21871.693586	18244.903375	14345.15577	2485.445714		
		40.21879	115.843097	46.520812	164.158669	63.326208	143.151895	75.930258	69.628233	96.937013	71.728908	69.628233	71.728908		
		
15:00	23.80	14553.164894	20020.452395	14387.177766	6930.765582	12588.658683	4588.324482	13996.374168	16183.641446	21867.490941	13197.96493	27320.633671	24912.373121		
		1189.296854	424.643193	1031.743912	174.662059	569.590641	1382.562275	481.361724	264.991274	307.004902	212.474275	445.650051	2796.356916		
		34638.382327	21529.178792	13242.087311	13737.940717	31794.836326	10132.577434	27963.690939	21132.031814	28873.647981	19119.014244	8735.443538	10718.751606		
		88.53431	42.319464	67.527558	59.124859	69.628233	73.829583	65.426883	73.829583	86.433635	63.326208	52.822835	48.621486		
		44.420138	42.319464	319.608995	61.225534	126.34648	80.131608	71.728908	128.447156	67.527558	96.937013	187.266129	80.131608		
		27.614746	44.420138	78.030933	109.541068	159.957314	168.360025	69.628233	52.822835	103.23904	124.245803	96.937013	82.232284		
		19648.528968	29626.00006	22813.092487	30208.13272	22718.531763	28196.958256	10103.163804	17755.321961	21613.231349	18238.59973	15143.577963	2575.777882		
		44.420138	78.030933	82.232284	44.420138	57.024184	143.151895	88.53431	88.53431	67.527558	71.728908	94.836337	73.829583		
		
16:00	23.90	14095.125411	20304.124121	13779.962352	7399.263116	13496.316801	4790.002456	14250.606371	15820.142772	22121.751447	12733.631073	27024.324938	25383.091247		
		857.385732	370.025391	928.809513	218.776312	613.705141	1292.231632	437.247307	355.320605	294.400811	311.206266	666.222439	2594.684629		
		34331.534461	21972.557155	13935.442619	14011.081791	32503.085058	9970.802622	26269.899087	20995.44739	27986.807486	18938.307745	8909.821148	11029.699017		
		69.628233	61.225534	31.816094	90.634986	67.527558	71.728908	67.527558	73.829583	162.057992	80.131608	94.836337	61.225534		
		48.621486	59.124859	185.16545	88.53431	73.829583	59.124859	92.735661	57.024184	120.04445	126.34648	94.836337	82.232284		
		42.319464	38.118115	54.92351	54.92351	105.339716	124.245803	96.937013	67.527558	90.634986	69.628233	65.426883	52.822835		
		20079.287919	29560.851937	22968.592619	30405.680632	22424.343654	27341.648522	10338.473184	17242.630895	21728.803777	18253.308236	15078.443183	2542.165899		
		69.628233	69.628233	33.916768	96.937013	33.916768	122.145126	94.836337	145.252572	44.420138	65.426883	73.829583	103.23904		
		
17:00	23.90	13819.882929	19959.515655	14221.191028	7857.259221	13821.984012	5243.780001	14237.999793	15847.457637	21844.376394	12899.614319	26553.595886	25231.788651		
		758.652978	334.313773	859.486431	254.487871	638.913439	981.327045	445.650051	277.59536	241.88379	227.179031	575.892711	2399.31515		
		33396.287193	21264.413892	13744.243961	13677.009391	32053.335783	10149.385228	26148.014885	20503.745647	26639.75588	19526.65618	8640.901641	10926.750061		
		54.92351	90.634986	78.030933	69.628233	73.829583	113.742421	107.440392	84.332959	54.92351	61.225534	50.722161	78.030933		
		33.916768	65.426883	147.353249	105.339716	99.037688	107.440392	141.051218	50.722161	90.634986	65.426883	157.856636	103.23904		
		50.722161	40.21879	105.339716	86.433635	197.769522	136.849864	113.742421	84.332959	197.769522	69.628233	88.53431	162.057992		
		20407.086733	28753.860819	23283.796638	30071.530763	22384.418219	26961.280687	9689.273313	16660.604969	21739.310371	17896.102535	15481.859558	2806.860697		
		61.225534	63.326208	65.426883	103.23904	67.527558	44.420138	168.360025	80.131608	67.527558	88.53431	75.930258	103.23904		
		
18:00	24.00	13590.865192	20030.958735	14403.986571	7840.451972	13834.590515	5441.258175	14109.833055	15597.421965	21707.790594	12471.00015	26087.072864	24794.694079		
		725.041859	309.105584	764.955064	275.494679	550.684436	1000.233366	458.254169	164.158669	321.709678	269.192636	561.187883	1911.944179		
		32131.095967	20793.723184	12653.791169	13752.648287	31073.985109	9607.335889	24735.854632	20495.340519	25200.267317	18553.782664	8758.553799	10966.669026		
		38.118115	88.53431	69.628233	57.024184	52.822835	42.319464	50.722161	61.225534	86.433635	54.92351	61.225534	71.728908		
		71.728908	54.92351	132.64851	92.735661	149.453926	92.735661	78.030933	130.547833	172.561381	151.554604	92.735661	132.64851		
		48.621486	54.92351	105.339716	75.930258	134.749187	94.836337	157.856636	90.634986	46.520812	113.742421	143.151895	78.030933		
		20615.113691	28823.211256	22731.139853	29836.155702	22434.850351	27335.344066	10138.880356	16295.002686	21806.552608	17223.72023	14540.558263	2911.89859		
		57.024184	73.829583	61.225534	50.722161	92.735661	92.735661	149.453926	166.259347	99.037688	50.722161	86.433635	50.722161		
		
19:00	24.10	13229.480913	20291.516465	13874.511122	8321.561054	13479.508211	5315.208213	13962.756755	15395.71316	21001.75128	12010.873127	25897.942785	24349.196623		
		481.361724	309.105584	779.659935	206.172237	601.100996	783.861328	285.998085	218.776312	304.90422	220.876992	514.972727	1514.907379		
		31689.755516	20012.047325	12126.42986	13271.502246	30294.297167	9983.408438	23754.503922	19375.366115	23321.621215	18658.843954	8689.223039	10569.581373		
		82.232284	57.024184	71.728908	52.822835	54.92351	65.426883	57.024184	50.722161	107.440392	59.124859	48.621486	94.836337		
		82.232284	52.822835	254.487871	75.930258	107.440392	54.92351	69.628233	90.634986	132.64851	61.225534	57.024184	124.245803		
		61.225534	61.225534	67.527558	61.225534	149.453926	54.92351	130.547833	54.92351	69.628233	107.440392	132.64851	40.21879		
		20289.415189	28600.449487	22869.828982	29251.924562	22218.412706	26335.044177	10000.216197	15572.208333	20629.822691	17484.267614	14803.196873	2802.659184		
		126.34648	61.225534	128.447156	71.728908	46.520812	67.527558	130.547833	115.843097	71.728908	75.930258	52.822835	96.937013		
		
20:00	24.20	12826.077389	19606.503845	14515.345008	8516.946899	13693.818027	5367.729003	13750.547205	15330.578148	20657.139414	11359.556888	24645.494147	24103.333663		
		449.851423	300.702856	636.812748	220.876992	512.872039	638.913439	338.515139	159.957314	271.293317	225.078351	489.764474	1311.138036		
		30136.679356	19770.401966	11844.891967	12939.534398	29237.213768	9565.316734	22485.282519	18721.880803	22554.626809	17492.672385	8061.047433	10418.310473		
		71.728908	96.937013	42.319464	101.138364	96.937013	67.527558	65.426883	65.426883	132.64851	40.21879	111.641745	75.930258		
		71.728908	65.426883	126.34648	63.326208	46.520812	69.628233	52.822835	82.232284	212.474275	46.520812	145.252572	80.131608		
		46.520812	42.319464	113.742421	69.628233	52.822835	101.138364	153.655281	84.332959	57.024184	46.520812	101.138364	155.755959		
		20165.440024	27650.567552	22136.46076	28306.236904	21697.284005	26221.565671	9714.484847	15351.589435	20379.770107	16467.297779	14322.043683	2876.185689		
		44.420138	63.326208	80.131608	170.460703	90.634986	94.836337	57.024184	134.749187	75.930258	44.420138	101.138364	44.420138		
		
21:00	24.20	12496.212677	18814.33495	13391.263182	8426.60714	13861.904612	5239.578343	13290.411854	14859.92694	20115.009511	11321.73871	24073.914221	23741.895651		
		403.636341	222.977671	487.663786	134.749187	512.872039	468.757602	229.27971	105.339716	260.789913	183.064772	527.576858	922.507412		
		28459.647598	18700.868513	11054.91103	12334.432456	27841.803818	9159.833171	20734.887066	17908.709764	20879.87616	16910.6444	7977.010986	9479.177544		
		42.319464	117.943773	57.024184	67.527558	71.728908	86.433635	99.037688	86.433635	54.92351	33.916768	90.634986	63.326208		
		61.225534	59.124859	92.735661	90.634986	44.420138	88.53431	130.547833	73.829583	88.53431	59.124859	71.728908	96.937013		
		33.916768	38.118115	88.53431	107.440392	199.8702	103.23904	88.53431	52.822835	124.245803	75.930258	90.634986	65.426883		
		19688.452858	27518.173517	21358.972671	28022.533073	21186.665657	25565.91565	9514.89378	14319.942584	19780.908269	15904.188542	14156.057098	2745.938791		
		113.742421	46.520812	63.326208	214.574954	75.930258	105.339716	155.755959	69.628233	44.420138	61.225534	57.024184	44.420138		
		
22:00	24.30	11872.205296	18959.320105	13118.124502	8304.753694	13431.183539	5161.847728	13124.427691	14723.354632	19379.568613	10611.601125	23710.374981	22430.647672		
		197.769522	231.38039	401.535656	138.950541	412.039081	386.830864	206.172237	99.037688	252.387191	162.057992	498.167224	731.343942		
		26490.552054	17595.630902	10380.492799	11962.549458	26145.913435	8769.058466	20241.085862	17435.940204	18497.049632	15483.960691	7308.924785	9636.749312		
		73.829583	67.527558	63.326208	38.118115	42.319464	65.426883	122.145126	61.225534	170.460703	44.420138	69.628233	88.53431		
		44.420138	80.131608	113.742421	103.23904	101.138364	86.433635	153.655281	86.433635	134.749187	80.131608	78.030933	147.353249		
		75.930258	69.628233	92.735661	78.030933	90.634986	178.863415	109.541068	73.829583	88.53431	82.232284	120.04445	73.829583		
		19539.2637	27064.252993	21300.136083	27585.42125	20690.76001	24317.675683	9535.90334	13817.781845	18877.371937	15284.353337	13597.168422	2727.032003		
		50.722161	65.426883	103.23904	88.53431	44.420138	92.735661	57.024184	99.037688	48.621486	54.92351	82.232284	61.225534		
		
23:00	24.30	11403.678121	18305.838638	12821.875281	7966.506437	12655.892218	5149.242772	12672.700612	13897.623063	19278.708743	10269.140875	22680.707509	22384.418219		
		220.876992	159.957314	344.817188	193.568164	399.434971	285.998085	180.964093	162.057992	178.863415	143.151895	365.824023	517.073416		
		24555.133778	16614.379288	9949.792933	11363.758909	25156.137474	8743.847269	18150.34876	16387.453659	17015.703249	15198.207179	7136.652008	9138.823723		
		44.420138	69.628233	54.92351	82.232284	38.118115	99.037688	65.426883	59.124859	138.950541	54.92351	120.04445	63.326208		
		46.520812	80.131608	54.92351	94.836337	54.92351	90.634986	67.527558	155.755959	84.332959	80.131608	138.950541	82.232284		
		71.728908	40.21879	94.836337	78.030933	149.453926	111.641745	59.124859	48.621486	128.447156	67.527558	48.621486	42.319464		
		18593.705935	26570.407584	20547.872587	26034.53668	20249.49096	23634.725432	9157.732226	12960.544975	18484.442298	14738.062406	13260.996911	2703.923713		
		69.628233	75.930258	73.829583	122.145126	71.728908	82.232284	69.628233	54.92351	38.118115	105.339716	48.621486	52.822835		
		
24:00	24.40	10527.561646	17975.948359	12376.453257	7811.039296	12321.826221	4855.127758	12176.854676	13691.716948	18375.178829	10193.505706	21745.614328	20724.380622		
		130.547833	164.158669	290.199448	136.849864	288.098766	197.769522	136.849864	120.04445	267.091955	155.755959	328.011725	325.911043		
		22739.545247	15782.322208	9527.499515	10983.477018	22829.903296	8130.377577	17082.940994	15204.510553	15408.319943	14534.254948	6993.791975	8277.441744		
		73.829583	73.829583	59.124859	86.433635	33.916768	71.728908	63.326208	71.728908	107.440392	65.426883	80.131608	75.930258		
		42.319464	69.628233	86.433635	94.836337	86.433635	94.836337	134.749187	59.124859	126.34648	50.722161	124.245803	84.332959		
		59.124859	75.930258	105.339716	71.728908	71.728908	115.843097	122.145126	84.332959	136.849864	101.138364	54.92351	69.628233		
		18263.814313	25723.523273	19617.010124	24611.87167	19114.811762	22859.32222	8752.251	12382.756379	18032.680972	13973.262195	12502.51581	2714.42748		
		44.420138	44.420138	134.749187	176.762737	50.722161	82.232284	99.037688	61.225534	50.722161	99.037688	94.836337	42.319464		
		
25:00	24.40	9928.783251	17179.595364	11563.355195	7748.012174	12210.471239	4825.716323	11075.921047	12384.85742	17891.900126	9275.385244	20860.964522	20136.02222		
		170.460703	126.34648	218.776312	128.447156	336.414456	212.474275	134.749187	59.124859	166.259347	111.641745	325.911043	317.508313		
		20608.809835	14725.455742	8953.940853	10138.880356	21722.499822	7823.644727	15446.140307	14410.289874	14727.556853	13508.923246	6811.015589	8126.175748		
		65.426883	48.621486	143.151895	42.319464	36.017441	46.520812	50.722161	86.433635	189.366807	59.124859	65.426883	105.339716		
		48.621486	63.326208	172.561381	84.332959	48.621486	185.16545	82.232284	40.21879	103.23904	128.447156	174.662059	92.735661		
		59.124859	54.92351	99.037688	109.541068	80.131608	126.34648	52.822835	61.225534	99.037688	69.628233	103.23904	63.326208		
		17078.738633	25175.05026	18957.218869	24195.794847	18820.638646	21737.209052	8302.652775	11693.618338	16965.274982	13290.411854	11870.10427	2514.856175		
		52.822835	117.943773	67.527558	120.04445	46.520812	86.433635	63.326208	48.621486	105.339716	42.319464	157.856636	48.621486		
		
26:00	24.50	9330.009927	16601.77229	11199.880274	7210.18302	11903.720688	4880.337568	10966.669026	11977.256658	16568.153638	9101.006733	19816.62971	19238.785084		
		113.742421	128.447156	157.856636	138.950541	292.300129	149.453926	86.433635	115.843097	136.849864	243.98447	321.709678	189.366807		
		18547.478991	13353.443917	8115.671177	9401.442268	19411.087351	6932.866461	13983.767636	13393.364253	12916.42277	12456.292848	6086.217333	7365.648839		
		48.621486	48.621486	78.030933	92.735661	38.118115	84.332959	57.024184	44.420138	130.547833	59.124859	120.04445	59.124859		
		48.621486	57.024184	134.749187	46.520812	82.232284	96.937013	126.34648	31.816094	113.742421	117.943773	61.225534	227.179031		
		44.420138	31.816094	63.326208	73.829583	99.037688	107.440392	132.64851	73.829583	88.53431	80.131608	61.225534	57.024184		
		16355.936268	23737.692894	18194.474231	22657.592697	17904.507354	20919.800745	7829.947444	10783.882369	16299.205	12122.227794	11109.537087	2350.99805		
		59.124859	63.326208	67.527558	88.53431	36.017441	46.520812	193.568164	44.420138	42.319464	54.92351	90.634986	54.92351		
		
27:00	24.50	8533.754309	15910.491979	10361.583969	6857.234861	11464.607488	4634.5423	10628.409033	11725.133651	15343.18492	8365.680391	18759.702939	17562.011778		
		96.937013	96.937013	132.64851	168.360025	252.387191	159.957314	115.843097	113.742421	96.937013	105.339716	298.602174	134.749187		
		16771.966959	12588.658683	7170.266175	8630.396993	17383.410448	6567.314477	12851.290042	12319.725182	11603.27452	11059.113032	5434.955672	6991.691095		
		44.420138	71.728908	90.634986	82.232284	225.078351	61.225534	78.030933	38.118115	59.124859	57.024184	138.950541	59.124859		
		63.326208	138.950541	216.675633	90.634986	105.339716	136.849864	101.138364	69.628233	159.957314	50.722161	96.937013	256.588552		
		46.520812	59.124859	57.024184	86.433635	113.742421	96.937013	57.024184	69.628233	80.131608	117.943773	48.621486	54.92351		
		15868.469078	23504.440287	16986.286756	22483.181178	16580.760631	19913.287817	7367.749731	9962.398746	15275.948829	11716.729566	10325.867305	2174.535879		
		69.628233	99.037688	48.621486	109.541068	86.433635	73.829583	96.937013	46.520812	46.520812	94.836337	73.829583	57.024184		
		
28:00	24.60	8523.249678	15824.345059	10302.756532	6642.945767	11071.719043	4567.316392	9477.076589	10464.532103	15212.915052	8185.001375	17402.321156	17396.017586		
		90.634986	101.138364	128.447156	101.138364	162.057992	94.836337	82.232284	50.722161	117.943773	130.547833	185.16545	134.749187		
		14448.109704	11063.315036	6668.156215	7911.882808	14994.398394	6327.815926	11500.324728	11191.476252	10428.815386	10258.635985	5321.510706	6596.726636		
		73.829583	88.53431	48.621486	67.527558	54.92351	63.326208	78.030933	63.326208	78.030933	38.118115	67.527558	71.728908		
		52.822835	52.822835	78.030933	61.225534	84.332959	92.735661	73.829583	63.326208	109.541068	113.742421	130.547833	153.655281		
		59.124859	86.433635	107.440392	71.728908	103.23904	99.037688	78.030933	69.628233	111.641745	86.433635	71.728908	59.124859		
		15586.916284	21913.720056	16723.640036	20892.483921	15452.443703	19543.466207	6945.471735	9420.35084	14460.716319	10794.387337	10193.505706	2164.032193		
		65.426883	99.037688	59.124859	59.124859	80.131608	54.92351	143.151895	63.326208	59.124859	52.822835	63.326208	90.634986		
		
29:00	24.50	7819.442916	14504.839487	9584.22535	6628.239676	10638.913977	4323.623014	8920.325837	9848.946515	14658.220239	7846.75469	16133.213773	16019.751639		
		82.232284	103.23904	80.131608	162.057992	143.151895	103.23904	105.339716	120.04445	113.742421	86.433635	189.366807	78.030933		
		12615.972299	9865.754241	6424.455595	7348.841707	13740.041798	6266.890985	10319.564366	9939.288091	8748.049134	9290.091885	5021.092508	5937.056874		
		48.621486	80.131608	75.930258	36.017441	73.829583	38.118115	65.426883	50.722161	122.145126	61.225534	63.326208	48.621486		
		71.728908	54.92351	71.728908	42.319464	65.426883	88.53431	61.225534	107.440392	172.561381	80.131608	111.641745	120.04445		
		86.433635	48.621486	75.930258	71.728908	80.131608	111.641745	61.225534	115.843097	69.628233	71.728908	111.641745	88.53431		
		14943.971569	20875.673573	16063.875781	20009.946057	14977.589449	17717.500362	6691.2658	8733.342606	13803.074262	10353.180047	9523.297604	1888.836156		
		54.92351	50.722161	71.728908	42.319464	59.124859	86.433635	44.420138	54.92351	71.728908	67.527558	86.433635	61.225534		
		
30:00	24.60	7374.052407	14452.311909	9054.785995	6258.48755	9928.783251	4374.042264	8678.718385	9145.126557	13758.951532	7222.788344	15336.881533	15200.308304		
		78.030933	65.426883	115.843097	96.937013	141.051218	65.426883	124.245803	99.037688	99.037688	73.829583	178.863415	86.433635		
		10426.714404	9014.868109	5619.82934	6634.542286	11855.397092	5640.837742	9122.016169	9035.87752	7995.919178	8359.377627	4537.905078	5563.106686		
		71.728908	92.735661	103.23904	63.326208	44.420138	46.520812	126.34648	57.024184	111.641745	86.433635	143.151895	57.024184		
		54.92351	57.024184	82.232284	67.527558	94.836337	36.017441	134.749187	75.930258	176.762737	67.527558	88.53431	80.131608		
		38.118115	63.326208	40.21879	73.829583	101.138364	63.326208	82.232284	61.225534	109.541068	57.024184	113.742421	96.937013		
		14057.30577	19927.996671	14742.264628	19087.495635	14431.300888	17429.636631	5932.855176	7756.415787	12931.130169	9351.019431	9082.098245	2014.880009		
		96.937013	78.030933	65.426883	59.124859	48.621486	46.520812	54.92351	82.232284	29.71542	52.822835	23.413399	61.225534		
		
31:00	24.70	6666.055344	13256.794777	8495.937643	5943.359422	9103.107676	4075.728887	7777.424824	8498.038568	13004.667207	6983.287572	13855.601358	14019.486149		
		46.520812	92.735661	107.440392	80.131608	132.64851	103.23904	71.728908	115.843097	69.628233	92.735661	197.769522	59.124859		
		8857.297727	7605.150906	5300.502399	5792.09842	10573.783347	5090.419671	8155.588555	8357.276706	6613.533589	7460.189032	4233.288613	4743.784536		
		82.232284	57.024184	61.225534	46.520812	38.118115	50.722161	75.930258	57.024184	73.829583	48.621486	126.34648	71.728908		
		75.930258	63.326208	124.245803	48.621486	54.92351	54.92351	90.634986	73.829583	99.037688	63.326208	138.950541	233.48107		
		54.92351	42.319464	103.23904	48.621486	69.628233	78.030933	75.930258	122.145126	136.849864	52.822835	67.527558	71.728908		
		12895.412206	18385.684924	14036.294867	18129.336641	13437.486755	16131.112621	5680.753723	7401.364008	12002.469008	8727.039809	8065.249258	1834.217222		
		103.23904	46.520812	65.426883	88.53431	75.930258	44.420138	115.843097	59.124859	168.360025	78.030933	71.728908	94.836337		
		
32:00	24.70	6342.521954	12496.212677	7684.985108	5504.283241	9195.549246	3880.355315	7222.788344	7943.396435	12151.642263	6420.253867	12395.362626	13021.475684		
		54.92351	80.131608	57.024184	63.326208	151.554604	54.92351	94.836337	63.326208	69.628233	99.037688	176.762737	63.326208		
		7775.32392	6668.156215	4718.574774	5182.855994	9218.659657	4674.457713	7218.586569	7369.850623	6317.311622	6432.85905	3804.72698	4497.989742		
		42.319464	103.23904	63.326208	54.92351	54.92351	52.822835	105.339716	69.628233	126.34648	67.527558	134.749187	61.225534		
		57.024184	92.735661	73.829583	46.520812	69.628233	124.245803	46.520812	99.037688	153.655281	38.118115	88.53431	75.930258		
		46.520812	71.728908	120.04445	69.628233	73.829583	143.151895	80.131608	63.326208	113.742421	46.520812	69.628233	138.950541		
		13017.273564	17461.154501	12905.917487	16618.581622	12187.35985	14916.657054	5054.70567	6569.415345	11273.415512	8256.432559	7483.298876	1689.267181		
		122.145126	92.735661	54.92351	44.420138	99.037688	73.829583	59.124859	143.151895	52.822835	46.520812	50.722161	88.53431		
		
33:00	24.70	5892.939052	11779.760226	6979.085812	4724.877214	8308.955534	3474.904356	6346.723677	7002.195499	11147.355151	6107.225873	11244.001408	12017.176216		
		46.520812	80.131608	99.037688	115.843097	113.742421	65.426883	38.118115	229.27971	82.232284	71.728908	172.561381	75.930258		
		6430.758186	6067.309652	4279.506199	4535.80427	7773.223016	4243.792607	6579.919686	6163.948964	5289.998247	6319.412483	3619.858058	3836.238776		
		86.433635	63.326208	71.728908	67.527558	31.816094	44.420138	52.822835	78.030933	71.728908	59.124859	105.339716	120.04445		
		52.822835	168.360025	94.836337	149.453926	78.030933	109.541068	73.829583	86.433635	136.849864	54.92351	162.057992	86.433635		
		50.722161	42.319464	78.030933	90.634986	124.245803	99.037688	75.930258	82.232284	69.628233	65.426883	86.433635	59.124859		
		12218.875383	15910.491979	12147.440196	15605.826511	11073.820045	13519.428618	4991.681005	6170.251532	10741.862515	7136.652008	7004.29638	1716.576586		
		59.124859	128.447156	65.426883	80.131608	52.822835	153.655281	75.930258	65.426883	46.520812	57.024184	54.92351	71.728908		
		
34:00	24.80	5504.283241	10960.36603	6600.928373	4640.844732	7865.662847	3399.276455	5987.477276	6548.406667	10659.923871	5836.216179	10527.561646	11344.849816		
		78.030933	124.245803	94.836337	109.541068	120.04445	94.836337	52.822835	90.634986	78.030933	71.728908	126.34648	65.426883		
		5300.502399	5199.662612	3737.501862	4271.102999	6321.513344	3970.689265	5947.561122	5687.056248	4979.076079	5197.561784	3287.935526	3697.586978		
		75.930258	61.225534	73.829583	42.319464	50.722161	54.92351	71.728908	63.326208	109.541068	69.628233	69.628233	29.71542		
		59.124859	48.621486	176.762737	189.366807	117.943773	63.326208	94.836337	71.728908	107.440392	71.728908	67.527558	54.92351		
		36.017441	88.53431	69.628233	52.822835	63.326208	59.124859	103.23904	99.037688	149.453926	52.822835	67.527558	90.634986		
		11449.900395	15399.915421	11117.941099	14460.716319	10294.352616	12660.094316	4241.691808	5764.787441	9884.662938	6869.840122	6611.432719	1544.317436		
		46.520812	78.030933	63.326208	107.440392	54.92351	52.822835	78.030933	54.92351	107.440392	96.937013	82.232284	69.628233		
		
35:00	24.80	5115.629566	10059.043383	6388.740919	4500.090549	7056.818425	3124.075609	5582.014232	6079.914772	9848.946515	5546.299982	9729.19158	10504.450807		
		52.822835	128.447156	94.836337	122.145126	99.037688	86.433635	59.124859	65.426883	88.53431	57.024184	185.16545	94.836337		
		4565.215584	4113.543189	3445.493496	3649.268991	5811.006028	3554.733894	5325.712368	5174.452687	4241.691808	4554.711542	2985.425208	3195.50168		
		52.822835	57.024184	124.245803	61.225534	63.326208	69.628233	42.319464	61.225534	136.849864	57.024184	61.225534	78.030933		
		48.621486	94.836337	50.722161	69.628233	80.131608	111.641745	80.131608	132.64851	46.520812	63.326208	90.634986	82.232284		
		36.017441	57.024184	67.527558	94.836337	54.92351	71.728908	88.53431	105.339716	143.151895	105.339716	103.23904	61.225534		
		10580.086309	13998.475257	10735.559539	13613.97704	9126.218057	11725.133651	4210.179831	5142.940295	9096.804846	5630.33354	5642.938582	1458.188019		
		88.53431	57.024184	90.634986	113.742421	141.051218	122.145126	54.92351	67.527558	57.024184	31.816094	84.332959	54.92351		
		
36:00	24.80	4611.433387	9294.293784	5579.913393	4151.357511	7105.138741	3092.564131	4649.247976	5548.40082	9355.221333	5199.662612	8638.800711	9416.148935		
		78.030933	63.326208	117.943773	94.836337	73.829583	63.326208	65.426883	75.930258	61.225534	69.628233	153.655281	94.836337		
		3857.246648	4025.309849	2991.727493	3250.121665	5155.54525	2956.014551	4764.792677	4399.251903	3876.153739	4239.591009	2682.916184	2926.603907		
		86.433635	50.722161	52.822835	44.420138	65.426883	31.816094	88.53431	101.138364	159.957314	29.71542	84.332959	99.037688		
		59.124859	46.520812	132.64851	71.728908	132.64851	99.037688	109.541068	54.92351	176.762737	33.916768	92.735661	147.353249		
		59.124859	36.017441	67.527558	44.420138	50.722161	107.440392	88.53431	78.030933	107.440392	103.23904	107.440392	96.937013		
		10124.173538	12931.130169	9815.331074	12735.732124	8386.689609	10970.871024	3642.966647	4886.640022	7861.461034	5592.518427	5556.804171	1338.447295		
		65.426883	50.722161	80.131608	52.822835	61.225534	50.722161	61.225534	50.722161	94.836337	40.21879	67.527558	57.024184		
		
37:00	24.90	4084.132063	8806.875278	5214.368405	4063.124124	6871.940999	3090.463366	4046.317777	4985.378542	8378.285921	4760.591049	8069.451083	8334.166576		
		44.420138	103.23904	78.030933	65.426883	88.53431	71.728908	48.621486	84.332959	84.332959	69.628233	204.071558	96.937013		
		2928.704667	3353.059444	2653.505654	2943.409988	4096.73683	2695.520701	4275.304599	3890.859257	3533.726112	3800.525408	2594.684629	2760.644074		
		75.930258	44.420138	48.621486	61.225534	105.339716	59.124859	78.030933	63.326208	59.124859	57.024184	86.433635	40.21879		
		40.21879	71.728908	82.232284	75.930258	143.151895	155.755959	52.822835	86.433635	130.547833	65.426883	101.138364	90.634986		
		46.520812	57.024184	69.628233	71.728908	61.225534	128.447156	50.722161	90.634986	94.836337	44.420138	63.326208	69.628233		
		9353.120382	11981.458715	8863.600535	11428.890267	7926.589165	9514.89378	3308.943235	4264.8006	7323.631017	4974.874437	4997.983469	1382.562275		
		46.520812	52.822835	50.722161	82.232284	52.822835	65.426883	96.937013	65.426883	67.527558	80.131608	71.728908	31.816094		
		
38:00	24.90	3924.471881	7960.203708	4964.370334	3516.919891	6113.528437	2647.203399	3720.695592	4323.623014	7972.809166	4567.316392	6972.783171	7855.158315		
		73.829583	80.131608	96.937013	82.232284	88.53431	84.332959	73.829583	90.634986	57.024184	63.326208	191.467486	134.749187		
		2504.352437	2899.294034	2481.244221	2592.583879	3462.2997	2542.165899	4117.744779	3327.850178	3367.764853	3594.648697	2363.602508	2466.538996		
		75.930258	59.124859	57.024184	75.930258	54.92351	78.030933	84.332959	71.728908	90.634986	36.017441	71.728908	38.118115		
		59.124859	61.225534	149.453926	178.863415	130.547833	86.433635	172.561381	46.520812	92.735661	67.527558	65.426883	80.131608		
		50.722161	73.829583	67.527558	75.930258	57.024184	67.527558	130.547833	71.728908	88.53431	82.232284	107.440392	50.722161		
		9044.281286	11103.234078	8388.790531	10764.973432	7298.420335	9056.886937	2649.30415	3989.596385	6775.300719	4346.731833	4684.961772	1105.268574		
		84.332959	69.628233	57.024184	57.024184	50.722161	48.621486	44.420138	48.621486	44.420138	57.024184	82.232284	61.225534		
		
39:00	25.00	3523.222224	7519.014104	4479.082486	3550.532337	5502.182404	2588.38238	3361.462535	3838.339563	7472.7944	4237.49021	6367.732295	7107.239625		
		48.621486	59.124859	48.621486	73.829583	71.728908	65.426883	63.326208	78.030933	59.124859	63.326208	220.876992	59.124859		
		2340.494337	2514.856175	2126.218933	2231.255815	2756.442564	2384.609942	3590.447138	2985.425208	2819.465236	3044.246557	2187.140306	2245.960991		
		46.520812	90.634986	61.225534	73.829583	63.326208	61.225534	71.728908	44.420138	48.621486	29.71542	80.131608	96.937013		
		36.017441	71.728908	134.749187	120.04445	157.856636	59.124859	191.467486	50.722161	69.628233	48.621486	63.326208	59.124859		
		46.520812	40.21879	46.520812	78.030933	71.728908	94.836337	50.722161	44.420138	69.628233	103.23904	54.92351	71.728908		
		8554.763577	10052.740468	7691.287813	9827.936862	6674.458828	8224.918792	2582.080131	3642.966647	6304.70646	4226.986217	4252.195803	1044.348134		
		75.930258	86.433635	57.024184	67.527558	107.440392	82.232284	59.124859	90.634986	73.829583	40.21879	99.037688	42.319464		
		
40:00	25.00	3378.268719	6930.765582	4266.9014	3100.96719	5422.350667	2384.609942	3090.463366	3577.842462	6708.072776	4090.434446	5859.325492	6624.037937		
		67.527558	86.433635	78.030933	61.225534	73.829583	59.124859	86.433635	82.232284	61.225534	46.520812	227.179031	59.124859		
		1712.375138	2220.75212	1981.268293	2350.99805	2403.516639	2130.420406	3117.773313	2462.337504	2483.344967	2832.069777	1922.447828	2010.678544		
		44.420138	107.440392	71.728908	65.426883	130.547833	61.225534	48.621486	57.024184	52.822835	48.621486	145.252572	59.124859		
		40.21879	69.628233	46.520812	136.849864	94.836337	94.836337	69.628233	73.829583	105.339716	80.131608	126.34648	86.433635		
		38.118115	86.433635	71.728908	59.124859	63.326208	63.326208	75.930258	40.21879	59.124859	33.916768	96.937013	96.937013		
		7993.818267	9628.345476	6930.765582	8953.940853	5876.13227	7432.877408	2355.199536	3264.827053	5850.922105	3584.1448	4094.636035	1025.441801		
		88.53431	109.541068	63.326208	82.232284	103.23904	141.051218	82.232284	33.916768	105.339716	42.319464	204.071558	52.822835		
		
41:00	25.00	3037.944267	6405.547823	3722.796376	3037.944267	4966.471155	2325.789142	2554.770391	3063.15343	6546.3058	3571.540124	5371.930668	6145.041262		
		61.225534	50.722161	71.728908	86.433635	54.92351	88.53431	59.124859	50.722161	54.92351	69.628233	216.675633	46.520812		
		1441.382291	1907.742719	1643.051288	1920.347098	2164.032193	1918.246368	2907.697071	2378.307711	2388.81143	2477.042728	2000.174881	1710.274415		
		65.426883	46.520812	52.822835	117.943773	67.527558	65.426883	52.822835	52.822835	71.728908	42.319464	78.030933	57.024184		
		54.92351	40.21879	88.53431	57.024184	88.53431	155.755959	92.735661	61.225534	84.332959	75.930258	63.326208	69.628233		
		75.930258	78.030933	96.937013	75.930258	86.433635	78.030933	101.138364	38.118115	84.332959	96.937013	103.23904	134.749187		
		7229.091007	8266.93715	6344.622815	8189.203207	5159.746902	6737.484993	2058.995411	2989.626731	5361.426506	3258.524744	3567.338567	878.392719		
		52.822835	65.426883	54.92351	107.440392	52.822835	84.332959	120.04445	65.426883	88.53431	57.024184	61.225534	73.829583		
		
42:00	25.10	2951.81303	6161.848108	3598.850257	2878.286447	4245.893406	2231.255815	2418.22185	2832.069777	6300.504739	3537.927668	4708.070709	5836.216179		
		80.131608	75.930258	57.024184	80.131608	78.030933	101.138364	46.520812	57.024184	50.722161	42.319464	159.957314	80.131608		
		1290.130921	1651.454175	1752.288901	1682.965012	1863.627412	1676.662843	2491.747955	2012.779276	2014.880009	2239.658772	1773.296154	1624.144795		
		44.420138	63.326208	61.225534	67.527558	65.426883	61.225534	75.930258	48.621486	78.030933	52.822835	52.822835	52.822835		
		54.92351	52.822835	180.964093	122.145126	80.131608	132.64851	67.527558	63.326208	99.037688	105.339716	159.957314	69.628233		
		54.92351	46.520812	96.937013	61.225534	61.225534	99.037688	122.145126	48.621486	67.527558	59.124859	65.426883	31.816094		
		6829.92347	7737.507659	5773.190818	7556.830248	5266.88912	6298.403879	1981.268293	2790.054649	4943.362133	3002.231303	3693.385413	951.917222		
		105.339716	109.541068	90.634986	107.440392	63.326208	84.332959	67.527558	36.017441	25.514072	52.822835	117.943773	71.728908		
		
43:00	25.10	2787.953893	5491.678223	3294.237838	2676.613927	4439.167183	2201.845472	2193.442519	2649.30415	5441.258175	3449.695046	4464.376845	5113.528741		
		75.930258	99.037688	59.124859	71.728908	94.836337	105.339716	65.426883	88.53431	61.225534	50.722161	115.843097	57.024184		
		1044.348134	1441.382291	1550.619593	1514.907379	1645.15201	1529.612406	2342.59508	1827.91504	1817.411405	1987.570488	1622.044074	1567.425347		
		46.520812	86.433635	80.131608	101.138364	54.92351	63.326208	90.634986	69.628233	54.92351	54.92351	73.829583	42.319464		
		36.017441	42.319464	61.225534	103.23904	92.735661	143.151895	61.225534	143.151895	145.252572	50.722161	136.849864	103.23904		
		59.124859	61.225534	90.634986	63.326208	73.829583	71.728908	101.138364	103.23904	75.930258	94.836337	96.937013	80.131608		
		6552.608402	7161.862632	5348.821514	6924.462946	4802.607348	6063.107945	1703.972244	2414.020361	4485.384904	2695.520701	3397.175681	905.701811		
		57.024184	90.634986	33.916768	69.628233	113.742421	239.783109	170.460703	63.326208	92.735661	54.92351	59.124859	36.017441		
		
44:00	25.10	2302.680983	5266.88912	3229.113974	2495.949449	4054.72095	2107.312311	2048.491741	2565.274136	5544.199145	3193.400912	3806.827766	4953.866233		
		75.930258	86.433635	84.332959	117.943773	69.628233	61.225534	46.520812	48.621486	78.030933	67.527558	201.970879	57.024184		
		1027.542505	1311.138036	1554.821031	1470.792317	1510.705944	1512.806661	2080.002755	1779.598331	1609.439748	1848.922316	1351.051573	1290.130921		
		71.728908	99.037688	42.319464	59.124859	50.722161	67.527558	46.520812	46.520812	149.453926	38.118115	65.426883	54.92351		
		67.527558	115.843097	73.829583	141.051218	126.34648	107.440392	96.937013	132.64851	65.426883	111.641745	96.937013	67.527558		
		57.024184	42.319464	63.326208	80.131608	50.722161	61.225534	92.735661	82.232284	61.225534	54.92351	65.426883	54.92351		
		6048.401975	6401.346097	4792.103271	6609.33185	3874.05295	5329.91403	1363.655852	2353.098793	4237.49021	2495.949449	3132.478673	867.889225		
		107.440392	101.138364	38.118115	67.527558	71.728908	86.433635	82.232284	65.426883	67.527558	50.722161	48.621486	44.420138		
		
45:00	25.20	2250.16247	4346.731833	2790.054649	2380.408455	3771.114413	2096.808634	1785.900509	2010.678544	4808.909795	2787.953893	3603.051817	4239.591009		
		61.225534	73.829583	103.23904	86.433635	65.426883	61.225534	80.131608	36.017441	57.024184	71.728908	231.38039	59.124859		
		848.982939	1248.116709	1380.461561	1288.030209	1432.979428	1374.15942	1790.101961	1426.677282	1395.16656	1588.432544	1323.742308	1304.835901		
		67.527558	67.527558	52.822835	42.319464	61.225534	54.92351	69.628233	54.92351	162.057992	50.722161	46.520812	75.930258		
		54.92351	65.426883	162.057992	191.467486	111.641745	170.460703	65.426883	101.138364	75.930258	143.151895	92.735661	159.957314		
		57.024184	80.131608	67.527558	50.722161	52.822835	36.017441	71.728908	71.728908	75.930258	71.728908	67.527558	84.332959		
		5779.493351	6025.2926	4474.880874	6130.335275	3850.944286	4668.155277	1544.317436	2176.636617	3773.215198	2449.733029	2892.991758	817.472474		
		54.92351	111.641745	54.92351	149.453926	78.030933	63.326208	88.53431	40.21879	75.930258	57.024184	65.426883	67.527558		
		
46:00	25.20	2380.408455	4247.994205	2628.296637	2046.391008	3216.509362	1897.239072	1582.130384	1947.656593	4542.106694	2939.208468	3283.733985	4098.837625		
		92.735661	44.420138	71.728908	94.836337	82.232284	86.433635	84.332959	50.722161	50.722161	65.426883	185.16545	44.420138		
		758.652978	985.528449	1185.095437	1206.102522	1157.786237	1172.49119	1514.907379	1418.274422	1250.217419	1432.979428	1359.454425	1201.901104		
		38.118115	92.735661	42.319464	46.520812	44.420138	61.225534	75.930258	42.319464	86.433635	38.118115	120.04445	57.024184		
		42.319464	90.634986	99.037688	105.339716	78.030933	50.722161	57.024184	128.447156	120.04445	107.440392	92.735661	71.728908		
		63.326208	33.916768	117.943773	50.722161	82.232284	65.426883	99.037688	101.138364	67.527558	63.326208	59.124859	65.426883		
		5588.316749	5638.736901	4382.445476	5302.603229	3762.711274	4464.376845	1145.181995	1991.771952	3491.710567	2107.312311	2661.908661	748.149501		
		92.735661	63.326208	65.426883	63.326208	78.030933	67.527558	48.621486	50.722161	61.225534	65.426883	113.742421	67.527558		
		
47:00	25.30	2056.894677	3756.40892	2514.856175	2138.823351	3142.982503	1809.008498	1563.223908	1878.332511	4342.530229	2621.994385	2819.465236	3453.896597		
		92.735661	80.131608	61.225534	96.937013	73.829583	36.017441	42.319464	90.634986	63.326208	136.849864	126.34648	61.225534		
		737.646027	918.306011	1145.181995	1061.153768	1119.973516	1073.757995	1659.857064	1222.908193	1241.814579	1552.720312	1187.196145	945.615119		
		75.930258	82.232284	96.937013	46.520812	52.822835	54.92351	54.92351	61.225534	111.641745	38.118115	50.722161	59.124859		
		50.722161	84.332959	82.232284	128.447156	59.124859	84.332959	69.628233	44.420138	50.722161	69.628233	69.628233	208.272916		
		46.520812	42.319464	128.447156	46.520812	78.030933	78.030933	69.628233	44.420138	54.92351	94.836337	50.722161	88.53431		
		4997.983469	5014.790042	3808.928552	5100.923793	3407.679551	4084.132063	1132.577754	1920.347098	3376.167946	1924.548558	2552.669642	739.746721		
		57.024184	96.937013	65.426883	44.420138	46.520812	33.916768	65.426883	57.024184	52.822835	38.118115	92.735661	52.822835		
		
48:00	25.30	2023.282941	3645.067428	2332.091368	1848.922316	2731.233511	1678.763566	1479.195184	1529.612406	3981.19322	2451.833774	2664.009413	3344.656354		
		40.21879	94.836337	73.829583	99.037688	44.420138	63.326208	61.225534	67.527558	42.319464	50.722161	216.675633	54.92351		
		647.316207	825.875264	1077.959405	985.528449	1002.334068	1000.233366	1485.497335	1128.376341	1206.102522	1267.023101	1063.254472	1010.736879		
		61.225534	84.332959	82.232284	54.92351	42.319464	40.21879	33.916768	82.232284	128.447156	57.024184	52.822835	44.420138		
		44.420138	101.138364	92.735661	65.426883	96.937013	38.118115	44.420138	86.433635	86.433635	136.849864	54.92351	124.245803		
		33.916768	52.822835	84.332959	59.124859	52.822835	99.037688	67.527558	59.124859	44.420138	69.628233	94.836337	99.037688		
		4840.422039	4556.81235	3584.1448	4689.163397	3071.556486	3712.292459	1195.598979	1731.281655	2867.782656	1836.31795	2281.673573	590.597543		
		44.420138	92.735661	46.520812	54.92351	48.621486	101.138364	180.964093	31.816094	50.722161	75.930258	88.53431	61.225534		
		
49:00	25.30	1766.993978	3245.920126	2218.651381	1685.065735	2311.083949	1491.799486	1351.051573	1552.720312	3552.633116	2189.241043	2395.113662	3061.052666		
		88.53431	40.21879	90.634986	88.53431	57.024184	107.440392	59.124859	61.225534	111.641745	113.742421	199.8702	71.728908		
		577.993401	758.652978	975.024939	926.708812	821.673869	890.996914	1233.41174	1059.053063	1063.254472	1180.894021	1014.938285	893.097614		
		57.024184	61.225534	82.232284	46.520812	69.628233	63.326208	120.04445	48.621486	124.245803	48.621486	42.319464	61.225534		
		40.21879	73.829583	96.937013	88.53431	136.849864	59.124859	73.829583	90.634986	145.252572	88.53431	61.225534	174.662059		
		50.722161	38.118115	88.53431	65.426883	59.124859	61.225534	59.124859	88.53431	103.23904	46.520812	90.634986	84.332959		
		4750.086978	4367.739856	3283.733985	4336.227823	3040.04503	3239.617819	1023.341098	1710.274415	2861.480382	1603.137587	2187.140306	531.778235		
		73.829583	101.138364	44.420138	101.138364	61.225534	42.319464	73.829583	48.621486	52.822835	73.829583	90.634986	86.433635		
		
~End
Original Filename: data_10-29-18-111538_pta_ptada_pa_pa20_204_321_1787_253.pda   Date Last Saved: 10/29/2018
