##BLOCKS= 1          
Plate:	Plate#1	1.3	PlateFormat	Kinetic	Luminescence	Raw	FALSE	50	3000	60				1	450	1	12	96	405	Automatic	435			6	Automatic			1	8	None	
Time(hh:mm:ss)	Temperature(¡C)	1	2	3	4	5	6	7	8	9	10	11	12		
0:00	24.60	1025.441801	601.100996	395.233602	304.90422	237.68243	195.668843	159.957314	136.849864	82.232284	147.353249	86.433635	103.23904		
		943.514418	470.858289	370.025391	281.796722	220.876992	246.08515	103.23904	134.749187	138.950541	111.641745	111.641745	86.433635		
		1019.139692	451.95211	430.94525	269.192636	178.863415	128.447156	105.339716	187.266129	113.742421	90.634986	109.541068	99.037688		
		928.809513	491.865161	353.219921	264.991274	174.662059	178.863415	143.151895	151.554604	168.360025	71.728908	90.634986	78.030933		
		615.805833	506.569975	275.494679	206.172237	185.16545	222.977671	107.440392	99.037688	136.849864	82.232284	96.937013	92.735661		
		798.566202	454.052796	336.414456	225.078351	178.863415	180.964093	115.843097	120.04445	103.23904	78.030933	57.024184	103.23904		
		886.795516	426.743878	346.917872	231.38039	130.547833	216.675633	153.655281	138.950541	128.447156	134.749187	94.836337	73.829583		
		760.753673	433.045935	372.126074	216.675633	210.373595	197.769522	99.037688	69.628233	88.53431	143.151895	86.433635	84.332959		
		
1:00	24.70	103.23904	124.245803	73.829583	52.822835	69.628233	73.829583	50.722161	46.520812	57.024184	65.426883	52.822835	63.326208		
		96.937013	120.04445	80.131608	57.024184	82.232284	46.520812	31.816094	54.92351	59.124859	73.829583	96.937013	54.92351		
		61.225534	92.735661	78.030933	54.92351	59.124859	38.118115	48.621486	80.131608	44.420138	54.92351	44.420138	48.621486		
		71.728908	86.433635	94.836337	46.520812	52.822835	71.728908	52.822835	71.728908	61.225534	71.728908	44.420138	52.822835		
		80.131608	78.030933	61.225534	46.520812	78.030933	59.124859	57.024184	59.124859	46.520812	52.822835	69.628233	69.628233		
		78.030933	86.433635	54.92351	50.722161	42.319464	38.118115	54.92351	50.722161	88.53431	46.520812	54.92351	57.024184		
		84.332959	69.628233	73.829583	88.53431	54.92351	46.520812	59.124859	46.520812	61.225534	88.53431	44.420138	80.131608		
		75.930258	82.232284	78.030933	78.030933	86.433635	57.024184	52.822835	61.225534	73.829583	67.527558	61.225534	46.520812		
		
2:00	24.80	273.393998	78.030933	92.735661	61.225534	65.426883	101.138364	69.628233	61.225534	69.628233	80.131608	46.520812	36.017441		
		67.527558	138.950541	42.319464	44.420138	103.23904	67.527558	69.628233	50.722161	63.326208	50.722161	48.621486	29.71542		
		48.621486	44.420138	73.829583	65.426883	52.822835	40.21879	88.53431	38.118115	46.520812	46.520812	52.822835	73.829583		
		57.024184	57.024184	73.829583	31.816094	67.527558	59.124859	44.420138	50.722161	44.420138	54.92351	71.728908	75.930258		
		73.829583	88.53431	54.92351	54.92351	46.520812	46.520812	44.420138	61.225534	40.21879	46.520812	92.735661	50.722161		
		80.131608	59.124859	38.118115	52.822835	61.225534	46.520812	73.829583	38.118115	27.614746	52.822835	61.225534	52.822835		
		54.92351	57.024184	246.08515	40.21879	59.124859	67.527558	46.520812	86.433635	29.71542	59.124859	48.621486	36.017441		
		65.426883	44.420138	54.92351	52.822835	71.728908	75.930258	52.822835	71.728908	65.426883	44.420138	59.124859	44.420138		
		
3:00	25.00	628.409981	141.051218	52.822835	122.145126	103.23904	113.742421	393.132917	210.373595	187.266129	491.865161	63.326208	44.420138		
		54.92351	90.634986	57.024184	36.017441	59.124859	54.92351	52.822835	42.319464	50.722161	40.21879	48.621486	54.92351		
		36.017441	40.21879	52.822835	78.030933	46.520812	38.118115	46.520812	46.520812	63.326208	25.514072	29.71542	61.225534		
		69.628233	50.722161	44.420138	44.420138	29.71542	61.225534	71.728908	65.426883	65.426883	71.728908	67.527558	65.426883		
		33.916768	44.420138	40.21879	48.621486	40.21879	78.030933	36.017441	75.930258	31.816094	46.520812	46.520812	48.621486		
		31.816094	36.017441	67.527558	57.024184	40.21879	46.520812	86.433635	50.722161	63.326208	71.728908	166.259347	178.863415		
		189.366807	46.520812	577.993401	92.735661	57.024184	57.024184	48.621486	342.716505	44.420138	69.628233	48.621486	59.124859		
		57.024184	40.21879	61.225534	78.030933	63.326208	84.332959	44.420138	38.118115	54.92351	65.426883	61.225534	36.017441		
		
4:00	25.10	1825.814313	672.524517	61.225534	905.701811	227.179031	214.574954	1561.123188	737.646027	508.670663	2122.017461	250.28651	134.749187		
		29.71542	61.225534	67.527558	38.118115	63.326208	44.420138	44.420138	73.829583	73.829583	71.728908	36.017441	59.124859		
		48.621486	38.118115	63.326208	48.621486	59.124859	48.621486	59.124859	80.131608	48.621486	33.916768	36.017441	59.124859		
		149.453926	212.474275	210.373595	54.92351	54.92351	193.568164	115.843097	384.730179	296.501493	44.420138	88.53431	42.319464		
		40.21879	54.92351	59.124859	44.420138	59.124859	59.124859	36.017441	46.520812	52.822835	33.916768	36.017441	50.722161		
		67.527558	54.92351	73.829583	50.722161	46.520812	239.783109	73.829583	105.339716	73.829583	61.225534	391.032233	458.254169		
		334.313773	63.326208	884.694816	483.462411	80.131608	183.064772	80.131608	588.496852	63.326208	96.937013	80.131608	36.017441		
		78.030933	46.520812	462.455542	44.420138	162.057992	412.039081	117.943773	86.433635	145.252572	136.849864	99.037688	50.722161		
		
5:00	25.20	4128.248756	1090.563636	191.467486	2285.875055	477.16035	561.187883	3218.61013	1586.331824	1088.46293	5523.190771	521.274792	603.201687		
		59.124859	88.53431	46.520812	46.520812	48.621486	54.92351	36.017441	75.930258	78.030933	84.332959	52.822835	38.118115		
		48.621486	78.030933	52.822835	61.225534	50.722161	31.816094	48.621486	25.514072	33.916768	46.520812	40.21879	54.92351		
		643.114823	769.156456	628.409981	155.755959	162.057992	773.357847	449.851423	1838.418677	964.52143	117.943773	117.943773	88.53431		
		50.722161	38.118115	29.71542	40.21879	61.225534	69.628233	54.92351	36.017441	46.520812	42.319464	40.21879	42.319464		
		75.930258	67.527558	162.057992	90.634986	107.440392	722.941164	267.091955	269.192636	174.662059	94.836337	806.968989	878.392719		
		1189.296854	111.641745	1989.67122	1172.49119	136.849864	811.170383	130.547833	1294.332343	96.937013	136.849864	204.071558	44.420138		
		210.373595	120.04445	1655.655619	67.527558	426.743878	2164.032193	214.574954	168.360025	349.018555	355.320605	212.474275	78.030933		
		
6:00	25.30	6012.68749	1466.590884	349.018555	3561.03623	773.357847	977.125641	4544.207501	2422.42334	1813.209951	8937.133343	1010.736879	1279.627365		
		73.829583	86.433635	38.118115	46.520812	54.92351	75.930258	27.614746	78.030933	147.353249	180.964093	73.829583	52.822835		
		57.024184	36.017441	42.319464	42.319464	48.621486	31.816094	38.118115	38.118115	42.319464	54.92351	38.118115	48.621486		
		1577.928945	1212.404648	1760.691802	395.233602	388.931548	1722.878758	893.097614	3819.432483	1930.850749	252.387191	256.588552	172.561381		
		59.124859	48.621486	61.225534	25.514072	63.326208	40.21879	40.21879	57.024184	59.124859	44.420138	42.319464	33.916768		
		252.387191	105.339716	298.602174	136.849864	220.876992	2092.607164	416.240451	613.705141	468.757602	189.366807	1258.620259	1487.598052		
		3582.04402	183.064772	3525.323001	2073.700551	317.508313	2350.99805	428.844564	2548.468145	159.957314	212.474275	502.368599	61.225534		
		481.361724	349.018555	3422.384971	290.199448	1187.196145	5039.999909	307.004902	363.723339	514.972727	1384.662989	399.434971	136.849864		
		
7:00	25.30	7140.853778	1601.036866	563.288572	4321.522212	1348.95086	1806.907771	5561.005848	3138.780971	2109.413047	10783.882369	1365.756565	2019.081475		
		42.319464	71.728908	29.71542	61.225534	69.628233	73.829583	50.722161	120.04445	180.964093	206.172237	90.634986	31.816094		
		31.816094	36.017441	44.420138	61.225534	44.420138	36.017441	29.71542	42.319464	42.319464	40.21879	33.916768	57.024184		
		2756.442564	1288.030209	3000.13054	609.503759	687.229369	2374.106224	2067.398348	5039.999909	2514.856175	487.663786	281.796722	264.991274		
		63.326208	36.017441	44.420138	50.722161	75.930258	36.017441	40.21879	48.621486	94.836337	48.621486	90.634986	52.822835		
		500.267912	210.373595	584.295472	277.59536	416.240451	3615.656498	472.958976	1094.765046	580.094091	382.629495	1712.375138	2550.568893		
		5111.427916	418.341136	4455.973624	3046.34732	529.677546	4691.264209	859.486431	3920.270302	189.366807	374.226758	960.320027	80.131608		
		739.746721	733.444637	4947.563773	846.882241	1754.389626	6796.309464	304.90422	701.934224	628.409981	2882.487964	714.538387	189.366807		
		
8:00	25.40	7703.893222	2168.233667	970.823535	4287.909399	1479.195184	2287.975796	6275.294422	3195.50168	2334.19211	13052.991588	1538.01528	2735.435019		
		48.621486	90.634986	50.722161	65.426883	94.836337	109.541068	122.145126	94.836337	180.964093	283.897404	90.634986	46.520812		
		63.326208	54.92351	31.816094	36.017441	29.71542	42.319464	42.319464	46.520812	73.829583	40.21879	31.816094	71.728908		
		3596.749477	1206.102522	3775.315983	788.06272	865.788526	2495.949449	2712.326727	5392.938996	2733.334265	748.149501	491.865161	376.327442		
		38.118115	99.037688	46.520812	50.722161	52.822835	71.728908	40.21879	27.614746	109.541068	65.426883	149.453926	59.124859		
		922.507412	267.091955	853.184336	428.844564	590.597543	4573.618818	611.60445	1367.857279	825.875264	567.489952	2287.975796	3630.361961		
		6033.696009	758.652978	4756.38942	3798.424623	701.934224	6008.485787	1508.605226	5279.494098	220.876992	645.215515	1445.583722	216.675633		
		916.205311	1376.260133	5995.880679	1246.015999	2561.072637	7705.994124	470.858289	1008.636177	613.705141	3552.633116	1082.160815	330.112408		
		
9:00	25.40	8605.185845	3086.261837	1077.959405	4701.768271	2027.484407	2621.994385	6647.147507	3638.765085	2588.38238	14004.778524	1788.001235	2977.022162		
		82.232284	52.822835	52.822835	149.453926	88.53431	170.460703	111.641745	124.245803	225.078351	447.750737	113.742421	42.319464		
		50.722161	38.118115	52.822835	36.017441	52.822835	71.728908	59.124859	50.722161	31.816094	42.319464	36.017441	40.21879		
		3376.167946	1105.268574	4063.124124	983.427747	1061.153768	2613.591382	2836.271291	5145.04112	2613.591382	773.357847	586.396162	407.837711		
		75.930258	78.030933	50.722161	52.822835	44.420138	65.426883	52.822835	40.21879	174.662059	27.614746	176.762737	52.822835		
		1464.490168	296.501493	914.104611	475.059663	739.746721	5117.73039	739.746721	1647.252731	920.406711	731.343942	2787.953893	4411.856726		
		6426.556458	922.507412	4989.580184	3867.750587	880.493418	6203.86524	2080.002755	6413.951276	302.803538	733.444637	1926.649288	380.528811		
		1250.217419	2025.383674	5947.561122	1695.56935	3437.090395	7437.079195	544.382368	1374.15942	599.000305	4079.930475	1502.303073	546.483057		
		
10:00	25.50	8781.664068	3332.051722	1172.49119	4504.292162	2138.823351	2899.294034	7067.322838	3832.037203	2628.296637	15122.566737	2113.614518	3594.648697		
		67.527558	75.930258	67.527558	214.574954	92.735661	183.064772	178.863415	111.641745	246.08515	567.489952	151.554604	71.728908		
		31.816094	33.916768	33.916768	40.21879	40.21879	31.816094	42.319464	50.722161	40.21879	54.92351	44.420138	36.017441		
		2674.513174	1056.952359	3598.850257	853.184336	1271.224522	2311.083949	2479.143474	4136.651939	2281.673573	922.507412	504.469287	535.979612		
		48.621486	67.527558	42.319464	44.420138	67.527558	73.829583	29.71542	48.621486	180.964093	50.722161	298.602174	57.024184		
		1790.101961	409.938396	970.823535	714.538387	848.982939	4594.62691	846.882241	1949.757323	977.125641	962.420729	3172.393238	4750.086978		
		5703.862985	1084.26152	4565.215584	3441.291945	1006.535474	5714.367198	2485.445714	7252.200775	332.213091	842.680845	2500.150943	416.240451		
		1275.425944	2357.300279	6195.461812	1724.979482	3682.8815	7056.818425	722.941164	1878.332511	712.437693	4491.687323	1842.620132	630.510672		
		
11:00	25.50	8661.91094	3869.851375	1451.88587	4632.441489	2327.889884	3260.625513	7021.10343	4084.132063	2832.069777	15280.151083	2342.59508	3781.618339		
		71.728908	69.628233	61.225534	250.28651	63.326208	166.259347	153.655281	109.541068	334.313773	699.83353	117.943773	115.843097		
		63.326208	50.722161	44.420138	27.614746	42.319464	33.916768	27.614746	38.118115	40.21879	42.319464	38.118115	44.420138		
		2063.196879	962.420729	2884.588723	714.538387	1164.088359	1834.217222	2170.334405	3493.811343	1462.389451	804.868293	561.187883	596.899614		
		59.124859	59.124859	42.319464	82.232284	96.937013	143.151895	96.937013	71.728908	199.8702	63.326208	210.373595	50.722161		
		2126.218933	508.670663	1182.994729	641.014131	716.639082	4115.643984	1059.053063	1781.699057	1010.736879	1243.915289	3355.160217	4832.018773		
		4913.950663	1304.835901	4258.498201	2876.185689	947.71582	4943.362133	2456.035266	7193.375925	393.132917	884.694816	2861.480382	596.899614		
		1159.886945	2405.617383	5951.762821	2214.449903	3855.145861	5981.174724	848.982939	1970.764635	626.309289	4264.8006	2037.988073	735.545332		
		
12:00	25.50	8699.727695	3800.525408	1395.16656	4298.413402	2577.878631	3558.935451	7046.314013	4502.191355	2821.565993	15656.253808	2353.098793	3802.626194		
		69.628233	109.541068	103.23904	325.911043	69.628233	193.568164	180.964093	166.259347	540.18099	739.746721	126.34648	71.728908		
		38.118115	52.822835	69.628233	46.520812	27.614746	46.520812	31.816094	52.822835	25.514072	46.520812	86.433635	48.621486		
		1432.979428	838.479449	2393.012918	565.389262	918.306011	1292.231632	1315.33946	2554.770391	970.823535	674.62521	454.052796	657.819669		
		52.822835	73.829583	46.520812	78.030933	124.245803	193.568164	61.225534	63.326208	183.064772	42.319464	126.34648	59.124859		
		2206.046949	655.718976	1262.82168	720.84047	878.392719	3403.478003	1023.341098	1832.116495	945.615119	1300.634478	3386.671812	4443.368793		
		4203.877437	1210.303939	3611.454937	2248.06173	874.191321	3758.509704	2344.695822	6970.682291	458.254169	741.847416	2752.241054	781.760631		
		1126.275635	2558.971889	5233.275858	2220.75212	3687.083065	5004.285933	954.017923	2239.658772	655.718976	3951.78215	2300.580242	920.406711		
		
13:00	25.60	8655.60815	4016.906679	1559.022469	4010.604303	2785.853137	3642.966647	7447.583666	4266.9014	3035.843504	15899.986252	2733.334265	4231.187814		
		57.024184	84.332959	42.319464	332.213091	103.23904	149.453926	214.574954	147.353249	424.643193	916.205311	147.353249	63.326208		
		27.614746	31.816094	48.621486	67.527558	40.21879	31.816094	38.118115	27.614746	80.131608	36.017441	36.017441	46.520812		
		817.472474	743.948111	1819.512132	346.917872	865.788526	769.156456	920.406711	1886.735427	538.080301	580.094091	336.414456	548.583746		
		99.037688	63.326208	23.413399	132.64851	107.440392	176.762737	54.92351	138.950541	145.252572	48.621486	134.749187	57.024184		
		2103.11084	746.048806	1241.814579	819.573172	546.483057	2834.170534	1075.8587	1867.828869	865.788526	1317.440172	3464.400476	3527.423779		
		3477.005132	1164.088359	2878.286447	1456.087302	817.472474	2647.203399	1840.519405	6409.749549	382.629495	685.128676	2863.58114	727.142553		
		1042.24743	2342.59508	4657.65122	2296.37876	3403.478003	4170.26468	960.320027	2208.147688	632.611364	3432.888845	2113.614518	1023.341098		
		
14:00	25.60	8724.938877	4205.978235	1491.799486	3500.113674	3054.750375	3876.153739	7008.498142	4575.719627	2794.25616	15521.781096	2724.931249	4300.514202		
		67.527558	63.326208	99.037688	235.58175	86.433635	147.353249	218.776312	138.950541	460.354855	1157.786237	96.937013	96.937013		
		33.916768	65.426883	27.614746	38.118115	40.21879	42.319464	29.71542	52.822835	29.71542	54.92351	36.017441	33.916768		
		464.556229	798.566202	1185.095437	313.306948	668.323132	395.233602	720.84047	1292.231632	340.615822	332.213091	246.08515	472.958976		
		59.124859	57.024184	54.92351	117.943773	96.937013	149.453926	36.017441	73.829583	212.474275	67.527558	99.037688	57.024184		
		1935.052209	907.802511	1468.691601	670.423825	449.851423	2241.759512	1149.383409	1630.446959	739.746721	1208.20323	3227.013205	2871.984172		
		2670.31167	1029.643208	2260.66617	1107.36928	699.83353	1857.325227	1601.036866	5405.543996	428.844564	577.993401	2766.946339	848.982939		
		933.010914	2107.312311	3724.897159	2176.636617	2857.278866	3283.733985	895.198313	2096.808634	561.187883	2584.18088	2012.779276	1077.959405		
		
15:00	25.60	8040.038312	3922.371091	1430.878713	3531.625334	2850.976593	4134.551143	7037.910484	4821.514691	2546.367396	15712.98456	2892.991758	4115.643984		
		71.728908	96.937013	48.621486	330.112408	86.433635	134.749187	262.890593	128.447156	449.851423	1067.455881	107.440392	71.728908		
		27.614746	40.21879	38.118115	36.017441	42.319464	31.816094	42.319464	44.420138	50.722161	31.816094	31.816094	38.118115		
		304.90422	653.618284	859.486431	204.071558	420.441822	349.018555	493.965849	916.205311	239.783109	235.58175	193.568164	363.723339		
		54.92351	33.916768	65.426883	96.937013	134.749187	149.453926	46.520812	88.53431	132.64851	59.124859	75.930258	50.722161		
		1640.950566	798.566202	1380.461561	704.034918	349.018555	1615.741911	935.111615	1449.785154	580.094091	1098.966457	3048.448084	2294.278019		
		1970.764635	928.809513	1914.044908	622.107906	481.361724	1235.51245	1117.87281	4537.905078	380.528811	641.014131	2451.833774	830.076659		
		815.371777	1760.691802	2916.100109	1909.843449	2443.430792	2302.680983	958.219326	1987.570488	575.892711	2306.882466	1882.533969	1155.68553		
		
16:00	25.70	7874.066474	3672.377589	1283.828787	3586.245579	2958.115312	4239.591009	6834.125221	4874.035115	2548.468145	15023.814059	2848.875835	4138.752735		
		75.930258	109.541068	84.332959	264.991274	63.326208	141.051218	220.876992	94.836337	342.716505	1088.46293	122.145126	71.728908		
		31.816094	36.017441	46.520812	38.118115	25.514072	27.614746	44.420138	50.722161	36.017441	36.017441	38.118115	50.722161		
		222.977671	487.663786	561.187883	162.057992	241.88379	126.34648	277.59536	693.531449	86.433635	151.554604	143.151895	296.501493		
		67.527558	69.628233	86.433635	141.051218	111.641745	101.138364	36.017441	101.138364	113.742421	54.92351	36.017441	44.420138		
		1363.655852	918.306011	1288.030209	628.409981	365.824023	1269.123812	998.132663	1393.065846	586.396162	890.996914	2647.203399	1779.598331		
		1313.238748	832.177356	1445.583722	500.267912	437.247307	762.854369	888.896215	3867.750587	363.723339	466.656915	2182.93883	731.343942		
		704.034918	1462.389451	2535.863654	1859.425956	2077.90202	1947.656593	802.767596	1819.512132	519.174104	1867.828869	1592.633985	996.031961		
		
17:00	25.60	7432.877408	3743.804214	1174.591898	3067.354958	3063.15343	4296.312601	6214.369527	4699.667459	2329.990626	14311.538191	2678.714679	3934.975829		
		73.829583	73.829583	71.728908	220.876992	61.225534	132.64851	311.206266	90.634986	435.146621	1025.441801	113.742421	84.332959		
		33.916768	40.21879	42.319464	46.520812	65.426883	40.21879	33.916768	27.614746	46.520812	42.319464	42.319464	65.426883		
		126.34648	416.240451	426.743878	84.332959	225.078351	96.937013	204.071558	504.469287	69.628233	126.34648	130.547833	147.353249		
		59.124859	50.722161	75.930258	109.541068	92.735661	94.836337	33.916768	105.339716	50.722161	44.420138	54.92351	42.319464		
		1178.793313	1094.765046	1170.390482	399.434971	285.998085	912.003911	769.156456	1292.231632	428.844564	710.336999	2254.36395	1252.318129		
		987.629151	678.826596	1033.844615	376.327442	315.407631	508.670663	565.389262	2953.913791	330.112408	386.830864	1859.425956	823.774566		
		489.764474	1170.390482	2161.931455	1462.389451	1611.540469	1325.843021	695.632143	1506.504508	485.563099	1409.871562	1304.835901	928.809513		
		
18:00	25.70	6687.064057	3348.857899	1161.987652	2775.34936	3058.951902	4359.336646	6279.496141	4598.828528	2256.46469	13595.067345	2542.165899	3712.292459		
		52.822835	90.634986	90.634986	199.8702	73.829583	122.145126	288.098766	84.332959	328.011725	872.090622	57.024184	48.621486		
		42.319464	31.816094	31.816094	78.030933	48.621486	54.92351	46.520812	27.614746	44.420138	25.514072	38.118115	40.21879		
		92.735661	443.549365	292.300129	67.527558	157.856636	73.829583	136.849864	330.112408	63.326208	99.037688	101.138364	141.051218		
		50.722161	42.319464	31.816094	71.728908	38.118115	65.426883	40.21879	96.937013	71.728908	71.728908	48.621486	59.124859		
		914.104611	912.003911	972.924237	386.830864	214.574954	626.309289	607.403068	1010.736879	294.400811	563.288572	1943.455131	1010.736879		
		645.215515	485.563099	769.156456	220.876992	241.88379	489.764474	422.542507	2124.118197	235.58175	416.240451	1336.346583	615.805833		
		477.16035	966.622132	1592.633985	1159.886945	1292.231632	1145.181995	680.927289	1340.548008	479.261037	1132.577754	1134.678461	741.847416		
		
19:00	25.70	6832.024345	2888.79024	930.910213	2624.095135	3103.067955	4533.703463	5806.804337	4537.905078	2025.383674	12779.854216	2500.150943	3621.958839		
		63.326208	88.53431	80.131608	227.179031	73.829583	69.628233	246.08515	84.332959	302.803538	748.149501	84.332959	65.426883		
		44.420138	52.822835	57.024184	42.319464	38.118115	29.71542	29.71542	59.124859	71.728908	50.722161	33.916768	61.225534		
		92.735661	344.817188	159.957314	59.124859	94.836337	46.520812	90.634986	248.18583	86.433635	86.433635	71.728908	78.030933		
		57.024184	42.319464	63.326208	92.735661	63.326208	75.930258	63.326208	65.426883	44.420138	57.024184	36.017441	65.426883		
		712.437693	834.278054	970.823535	292.300129	210.373595	477.16035	647.316207	979.226343	264.991274	519.174104	1699.770797	769.156456		
		416.240451	428.844564	523.375481	159.957314	162.057992	246.08515	279.696041	1397.267274	185.16545	338.515139	1107.36928	485.563099		
		332.213091	748.149501	1317.440172	1014.938285	979.226343	693.531449	443.549365	1056.952359	361.622655	813.27108	937.212315	790.163416		
		
20:00	25.70	6212.26867	2407.718127	861.587129	2296.37876	3073.65725	4455.973624	5804.703492	4220.683822	1861.526684	11241.900401	2502.25169	3371.966399		
		69.628233	94.836337	29.71542	120.04445	99.037688	103.23904	214.574954	59.124859	285.998085	641.014131	69.628233	54.92351		
		50.722161	33.916768	42.319464	44.420138	50.722161	50.722161	46.520812	36.017441	33.916768	46.520812	33.916768	52.822835		
		99.037688	336.414456	159.957314	48.621486	69.628233	54.92351	84.332959	172.561381	69.628233	78.030933	54.92351	88.53431		
		73.829583	50.722161	54.92351	65.426883	57.024184	42.319464	40.21879	65.426883	65.426883	48.621486	54.92351	50.722161		
		554.885814	657.819669	777.559239	220.876992	141.051218	399.434971	447.750737	708.236305	218.776312	292.300129	1477.094467	475.059663		
		355.320605	353.219921	399.434971	107.440392	134.749187	193.568164	210.373595	1113.671398	170.460703	298.602174	907.802511	397.334286		
		283.897404	626.309289	989.729853	785.962024	838.479449	458.254169	491.865161	947.71582	304.90422	632.611364	758.652978	533.878924		
		
21:00	25.70	5724.871412	2058.995411	731.343942	1890.936885	2953.913791	4220.683822	5264.788291	4061.02333	1596.835425	10624.207056	2145.12556	3237.517049		
		59.124859	78.030933	46.520812	126.34648	57.024184	69.628233	187.266129	52.822835	235.58175	636.812748	82.232284	78.030933		
		54.92351	27.614746	42.319464	33.916768	46.520812	40.21879	46.520812	52.822835	40.21879	42.319464	46.520812	48.621486		
		57.024184	260.789913	90.634986	57.024184	71.728908	46.520812	48.621486	172.561381	57.024184	59.124859	57.024184	50.722161		
		54.92351	46.520812	48.621486	46.520812	57.024184	27.614746	46.520812	44.420138	46.520812	42.319464	42.319464	36.017441		
		361.622655	683.027983	628.409981	214.574954	145.252572	243.98447	458.254169	609.503759	170.460703	258.689232	1157.786237	407.837711		
		212.474275	302.803538	346.917872	117.943773	90.634986	128.447156	157.856636	760.753673	164.158669	195.668843	641.014131	290.199448		
		248.18583	563.288572	779.659935	561.187883	582.194782	422.542507	384.730179	771.257152	298.602174	464.556229	533.878924	422.542507		
		
22:00	25.80	5111.427916	1884.634698	714.538387	1643.051288	2928.704667	3903.463989	4640.844732	3701.788544	1468.691601	9643.05219	2233.356554	3044.246557		
		50.722161	92.735661	59.124859	107.440392	52.822835	63.326208	168.360025	61.225534	183.064772	477.16035	54.92351	54.92351		
		52.822835	36.017441	46.520812	59.124859	50.722161	59.124859	44.420138	52.822835	29.71542	61.225534	48.621486	33.916768		
		42.319464	243.98447	73.829583	57.024184	54.92351	71.728908	36.017441	115.843097	54.92351	42.319464	46.520812	61.225534		
		36.017441	59.124859	38.118115	57.024184	46.520812	63.326208	46.520812	54.92351	31.816094	52.822835	44.420138	59.124859		
		296.501493	479.261037	575.892711	183.064772	168.360025	214.574954	451.95211	521.274792	132.64851	189.366807	792.264113	403.636341		
		157.856636	214.574954	206.172237	78.030933	84.332959	111.641745	157.856636	582.194782	147.353249	187.266129	489.764474	170.460703		
		189.366807	372.126074	529.677546	523.375481	554.885814	262.890593	300.702856	735.545332	229.27971	317.508313	441.448679	430.94525		
		
23:00	25.80	4737.482094	1525.41097	575.892711	1556.92175	3048.448084	3693.385413	4117.744779	3859.347436	1180.894021	8008.524642	1878.332511	2682.916184		
		61.225534	120.04445	69.628233	59.124859	57.024184	59.124859	193.568164	40.21879	191.467486	328.011725	54.92351	59.124859		
		46.520812	36.017441	50.722161	33.916768	46.520812	63.326208	44.420138	36.017441	48.621486	25.514072	42.319464	33.916768		
		48.621486	193.568164	90.634986	63.326208	48.621486	48.621486	59.124859	134.749187	86.433635	50.722161	48.621486	59.124859		
		52.822835	54.92351	25.514072	59.124859	50.722161	52.822835	33.916768	67.527558	23.413399	33.916768	40.21879	48.621486		
		246.08515	527.576858	388.931548	147.353249	103.23904	183.064772	307.004902	363.723339	124.245803	208.272916	733.444637	309.105584		
		107.440392	214.574954	208.272916	67.527558	94.836337	75.930258	113.742421	439.347993	78.030933	122.145126	342.716505	168.360025		
		151.554604	315.407631	414.139766	420.441822	363.723339	201.970879	250.28651	519.174104	185.16545	307.004902	384.730179	367.924707		
		
24:00	25.80	4203.877437	1390.965132	540.18099	1208.20323	2468.639742	3262.726283	4031.612227	3598.850257	993.931258	7016.901667	1729.180931	2481.244221		
		52.822835	86.433635	57.024184	61.225534	46.520812	63.326208	187.266129	42.319464	170.460703	317.508313	71.728908	75.930258		
		31.816094	48.621486	48.621486	42.319464	48.621486	31.816094	42.319464	36.017441	63.326208	33.916768	29.71542	42.319464		
		67.527558	143.151895	67.527558	36.017441	48.621486	48.621486	50.722161	101.138364	82.232284	50.722161	54.92351	65.426883		
		48.621486	63.326208	54.92351	80.131608	42.319464	36.017441	42.319464	40.21879	44.420138	48.621486	52.822835	27.614746		
		189.366807	349.018555	296.501493	122.145126	84.332959	138.950541	227.179031	321.709678	124.245803	143.151895	599.000305	237.68243		
		61.225534	132.64851	178.863415	65.426883	73.829583	65.426883	92.735661	254.487871	99.037688	109.541068	346.917872	136.849864		
		145.252572	262.890593	342.716505	307.004902	294.400811	218.776312	193.568164	433.045935	170.460703	248.18583	294.400811	370.025391		
		
25:00	25.80	3659.772898	1336.346583	458.254169	993.931258	2445.531537	3094.664895	3455.997373	2829.96902	914.104611	6029.494304	1462.389451	2044.290274		
		46.520812	73.829583	61.225534	44.420138	44.420138	42.319464	220.876992	42.319464	117.943773	300.702856	63.326208	52.822835		
		40.21879	65.426883	40.21879	27.614746	44.420138	48.621486	50.722161	42.319464	59.124859	27.614746	42.319464	71.728908		
		44.420138	145.252572	103.23904	42.319464	54.92351	63.326208	54.92351	86.433635	61.225534	54.92351	44.420138	48.621486		
		40.21879	52.822835	40.21879	48.621486	48.621486	61.225534	27.614746	54.92351	54.92351	44.420138	33.916768	54.92351		
		183.064772	380.528811	248.18583	75.930258	90.634986	69.628233	212.474275	229.27971	117.943773	126.34648	405.737026	204.071558		
		86.433635	88.53431	143.151895	75.930258	80.131608	67.527558	92.735661	166.259347	117.943773	128.447156	292.300129	94.836337		
		157.856636	218.776312	332.213091	254.487871	201.970879	113.742421	155.755959	351.119238	149.453926	176.762737	218.776312	269.192636		
		
26:00	25.80	3243.819357	1176.692605	403.636341	819.573172	2191.341781	2672.412422	3119.874078	2846.775078	790.163416	4731.179654	1302.735189	1916.145638		
		48.621486	94.836337	40.21879	48.621486	38.118115	42.319464	145.252572	48.621486	90.634986	159.957314	40.21879	44.420138		
		46.520812	42.319464	36.017441	23.413399	65.426883	38.118115	54.92351	38.118115	25.514072	44.420138	29.71542	57.024184		
		36.017441	120.04445	71.728908	42.319464	29.71542	57.024184	67.527558	65.426883	48.621486	42.319464	57.024184	59.124859		
		36.017441	48.621486	38.118115	40.21879	29.71542	31.816094	27.614746	57.024184	29.71542	42.319464	25.514072	50.722161		
		166.259347	271.293317	201.970879	63.326208	73.829583	92.735661	162.057992	172.561381	117.943773	99.037688	363.723339	195.668843		
		90.634986	90.634986	101.138364	65.426883	73.829583	61.225534	69.628233	153.655281	71.728908	94.836337	212.474275	96.937013		
		111.641745	195.668843	283.897404	206.172237	231.38039	113.742421	176.762737	346.917872	111.641745	145.252572	170.460703	262.890593		
		
27:00	25.80	2895.092516	941.413717	317.508313	861.587129	2122.017461	2519.05767	2918.200868	2533.762906	725.041859	4031.612227	1258.620259	1659.857064		
		61.225534	84.332959	44.420138	59.124859	38.118115	61.225534	136.849864	33.916768	107.440392	126.34648	73.829583	67.527558		
		59.124859	38.118115	48.621486	36.017441	50.722161	31.816094	31.816094	52.822835	33.916768	38.118115	44.420138	44.420138		
		48.621486	92.735661	69.628233	52.822835	71.728908	38.118115	48.621486	65.426883	80.131608	57.024184	36.017441	57.024184		
		50.722161	52.822835	48.621486	59.124859	46.520812	31.816094	44.420138	63.326208	57.024184	44.420138	46.520812	57.024184		
		90.634986	233.48107	153.655281	103.23904	57.024184	65.426883	145.252572	147.353249	80.131608	84.332959	279.696041	126.34648		
		67.527558	82.232284	105.339716	54.92351	57.024184	65.426883	80.131608	147.353249	128.447156	73.829583	151.554604	105.339716		
		111.641745	141.051218	208.272916	189.366807	191.467486	86.433635	113.742421	279.696041	176.762737	90.634986	132.64851	260.789913		
		
28:00	25.90	2558.971889	823.774566	290.199448	573.792021	1788.001235	1995.973417	2361.501765	2054.793943	548.583746	3455.997373	985.528449	1529.612406		
		48.621486	84.332959	31.816094	92.735661	36.017441	48.621486	109.541068	38.118115	84.332959	96.937013	69.628233	38.118115		
		33.916768	48.621486	52.822835	27.614746	46.520812	38.118115	36.017441	50.722161	80.131608	38.118115	46.520812	33.916768		
		61.225534	82.232284	59.124859	61.225534	46.520812	57.024184	63.326208	92.735661	88.53431	50.722161	44.420138	50.722161		
		52.822835	63.326208	31.816094	36.017441	52.822835	27.614746	69.628233	40.21879	46.520812	80.131608	23.413399	27.614746		
		80.131608	218.776312	172.561381	59.124859	61.225534	88.53431	136.849864	124.245803	59.124859	82.232284	193.568164	105.339716		
		42.319464	92.735661	82.232284	61.225534	44.420138	57.024184	57.024184	124.245803	63.326208	115.843097	159.957314	61.225534		
		78.030933	105.339716	155.755959	166.259347	147.353249	101.138364	99.037688	231.38039	147.353249	88.53431	113.742421	195.668843		
		
29:00	25.90	1941.354401	773.357847	304.90422	502.368599	1603.137587	1916.145638	2157.729981	1953.958785	527.576858	2781.651626	907.802511	1264.92239		
		57.024184	90.634986	57.024184	33.916768	38.118115	36.017441	130.547833	29.71542	57.024184	103.23904	54.92351	36.017441		
		52.822835	27.614746	61.225534	31.816094	33.916768	25.514072	33.916768	42.319464	46.520812	31.816094	38.118115	38.118115		
		71.728908	71.728908	50.722161	44.420138	61.225534	36.017441	52.822835	105.339716	103.23904	69.628233	44.420138	67.527558		
		57.024184	46.520812	50.722161	48.621486	52.822835	54.92351	48.621486	38.118115	33.916768	33.916768	44.420138	78.030933		
		99.037688	199.8702	132.64851	59.124859	44.420138	52.822835	84.332959	111.641745	61.225534	84.332959	176.762737	136.849864		
		29.71542	63.326208	69.628233	69.628233	38.118115	107.440392	65.426883	111.641745	82.232284	78.030933	94.836337	103.23904		
		80.131608	96.937013	199.8702	141.051218	117.943773	67.527558	73.829583	254.487871	92.735661	105.339716	132.64851	189.366807		
		
30:00	25.90	1634.648401	720.84047	237.68243	416.240451	1544.317436	1720.778034	1960.260978	1712.375138	447.750737	2273.270611	783.861328	1161.987652		
		29.71542	115.843097	54.92351	50.722161	48.621486	36.017441	101.138364	38.118115	63.326208	80.131608	61.225534	42.319464		
		50.722161	36.017441	48.621486	29.71542	52.822835	29.71542	23.413399	50.722161	27.614746	59.124859	42.319464	46.520812		
		101.138364	42.319464	29.71542	31.816094	44.420138	27.614746	75.930258	57.024184	63.326208	48.621486	42.319464	75.930258		
		63.326208	27.614746	42.319464	29.71542	48.621486	73.829583	44.420138	44.420138	50.722161	40.21879	48.621486	36.017441		
		59.124859	201.970879	113.742421	67.527558	65.426883	73.829583	88.53431	78.030933	101.138364	71.728908	153.655281	145.252572		
		67.527558	84.332959	90.634986	54.92351	57.024184	71.728908	61.225534	153.655281	69.628233	63.326208	88.53431	63.326208		
		59.124859	92.735661	111.641745	88.53431	105.339716	86.433635	107.440392	197.769522	82.232284	69.628233	128.447156	222.977671		
		
31:00	25.90	1382.562275	651.517592	225.078351	351.119238	1292.231632	1451.88587	1523.310252	1464.490168	386.830864	1823.713586	668.323132	821.673869		
		78.030933	88.53431	29.71542	46.520812	31.816094	54.92351	82.232284	29.71542	61.225534	84.332959	54.92351	38.118115		
		33.916768	29.71542	42.319464	36.017441	27.614746	42.319464	42.319464	36.017441	29.71542	40.21879	44.420138	27.614746		
		94.836337	90.634986	36.017441	71.728908	61.225534	50.722161	46.520812	57.024184	80.131608	50.722161	71.728908	54.92351		
		50.722161	63.326208	33.916768	44.420138	44.420138	36.017441	54.92351	36.017441	33.916768	31.816094	59.124859	54.92351		
		61.225534	153.655281	86.433635	63.326208	50.722161	67.527558	94.836337	59.124859	50.722161	50.722161	92.735661	101.138364		
		29.71542	33.916768	65.426883	57.024184	29.71542	75.930258	61.225534	120.04445	54.92351	71.728908	134.749187	80.131608		
		65.426883	88.53431	151.554604	117.943773	71.728908	50.722161	73.829583	183.064772	73.829583	57.024184	92.735661	168.360025		
		
32:00	25.90	1218.706775	575.892711	195.668843	304.90422	1140.980581	1218.706775	1487.598052	1098.966457	374.226758	1546.418155	540.18099	815.371777		
		48.621486	67.527558	33.916768	63.326208	50.722161	36.017441	107.440392	40.21879	61.225534	52.822835	36.017441	46.520812		
		38.118115	31.816094	50.722161	65.426883	48.621486	29.71542	46.520812	40.21879	31.816094	61.225534	44.420138	46.520812		
		99.037688	75.930258	63.326208	36.017441	36.017441	38.118115	57.024184	42.319464	78.030933	25.514072	40.21879	54.92351		
		31.816094	46.520812	40.21879	40.21879	75.930258	48.621486	29.71542	31.816094	52.822835	42.319464	36.017441	42.319464		
		40.21879	164.158669	99.037688	42.319464	57.024184	71.728908	128.447156	71.728908	57.024184	78.030933	107.440392	126.34648		
		44.420138	63.326208	86.433635	54.92351	44.420138	69.628233	44.420138	124.245803	78.030933	46.520812	78.030933	65.426883		
		99.037688	65.426883	92.735661	92.735661	96.937013	46.520812	73.829583	197.769522	57.024184	78.030933	71.728908	164.158669		
		
33:00	25.90	1157.786237	514.972727	180.964093	235.58175	1056.952359	1017.038989	1103.167869	1105.268574	311.206266	1315.33946	554.885814	771.257152		
		40.21879	111.641745	40.21879	63.326208	36.017441	29.71542	57.024184	33.916768	54.92351	57.024184	65.426883	84.332959		
		57.024184	42.319464	31.816094	46.520812	42.319464	61.225534	46.520812	50.722161	40.21879	31.816094	54.92351	44.420138		
		65.426883	90.634986	59.124859	44.420138	48.621486	57.024184	33.916768	59.124859	88.53431	50.722161	52.822835	50.722161		
		67.527558	27.614746	23.413399	40.21879	36.017441	40.21879	36.017441	54.92351	44.420138	40.21879	36.017441	71.728908		
		42.319464	172.561381	75.930258	38.118115	44.420138	54.92351	82.232284	54.92351	69.628233	50.722161	71.728908	69.628233		
		73.829583	46.520812	71.728908	65.426883	48.621486	65.426883	63.326208	63.326208	86.433635	69.628233	73.829583	61.225534		
		84.332959	65.426883	124.245803	73.829583	99.037688	50.722161	73.829583	168.360025	52.822835	63.326208	80.131608	141.051218		
		
34:00	25.90	867.889225	412.039081	189.366807	191.467486	836.378752	918.306011	951.917222	813.27108	300.702856	1111.570692	479.261037	750.250197		
		31.816094	84.332959	23.413399	40.21879	44.420138	38.118115	65.426883	48.621486	42.319464	31.816094	48.621486	50.722161		
		57.024184	46.520812	46.520812	25.514072	36.017441	50.722161	59.124859	48.621486	40.21879	65.426883	33.916768	44.420138		
		65.426883	73.829583	40.21879	48.621486	67.527558	57.024184	52.822835	73.829583	61.225534	50.722161	42.319464	44.420138		
		50.722161	46.520812	69.628233	38.118115	36.017441	44.420138	36.017441	36.017441	46.520812	33.916768	59.124859	50.722161		
		80.131608	159.957314	69.628233	50.722161	40.21879	57.024184	94.836337	57.024184	128.447156	44.420138	96.937013	73.829583		
		52.822835	48.621486	54.92351	44.420138	69.628233	63.326208	44.420138	96.937013	59.124859	103.23904	88.53431	50.722161		
		90.634986	82.232284	73.829583	57.024184	90.634986	61.225534	71.728908	166.259347	71.728908	44.420138	78.030933	132.64851		
		
35:00	25.90	750.250197	351.119238	151.554604	193.568164	727.142553	815.371777	979.226343	743.948111	222.977671	832.177356	334.313773	529.677546		
		36.017441	111.641745	48.621486	50.722161	40.21879	23.413399	69.628233	52.822835	40.21879	42.319464	48.621486	44.420138		
		48.621486	31.816094	27.614746	40.21879	44.420138	27.614746	38.118115	40.21879	50.722161	27.614746	36.017441	40.21879		
		65.426883	46.520812	42.319464	33.916768	40.21879	48.621486	57.024184	50.722161	86.433635	63.326208	46.520812	44.420138		
		42.319464	40.21879	44.420138	38.118115	42.319464	36.017441	38.118115	59.124859	80.131608	29.71542	44.420138	54.92351		
		57.024184	147.353249	46.520812	57.024184	46.520812	48.621486	75.930258	52.822835	124.245803	73.829583	86.433635	82.232284		
		40.21879	63.326208	54.92351	36.017441	36.017441	71.728908	52.822835	73.829583	67.527558	101.138364	57.024184	48.621486		
		107.440392	84.332959	117.943773	61.225534	69.628233	65.426883	48.621486	153.655281	80.131608	54.92351	52.822835	164.158669		
		
36:00	26.00	554.885814	403.636341	172.561381	183.064772	647.316207	622.107906	720.84047	731.343942	153.655281	863.687828	302.803538	529.677546		
		46.520812	96.937013	40.21879	36.017441	50.722161	48.621486	67.527558	36.017441	50.722161	42.319464	46.520812	31.816094		
		33.916768	27.614746	63.326208	54.92351	33.916768	33.916768	59.124859	59.124859	48.621486	61.225534	46.520812	52.822835		
		46.520812	54.92351	42.319464	31.816094	46.520812	40.21879	33.916768	63.326208	82.232284	44.420138	61.225534	52.822835		
		38.118115	50.722161	44.420138	33.916768	42.319464	40.21879	38.118115	46.520812	52.822835	40.21879	48.621486	42.319464		
		48.621486	138.950541	61.225534	23.413399	48.621486	113.742421	61.225534	69.628233	88.53431	48.621486	54.92351	61.225534		
		40.21879	38.118115	57.024184	42.319464	54.92351	78.030933	36.017441	69.628233	40.21879	99.037688	71.728908	57.024184		
		122.145126	88.53431	109.541068	59.124859	71.728908	71.728908	57.024184	128.447156	84.332959	54.92351	57.024184	153.655281		
		
37:00	25.90	523.375481	292.300129	103.23904	141.051218	701.934224	714.538387	668.323132	615.805833	134.749187	825.875264	250.28651	538.080301		
		42.319464	107.440392	61.225534	61.225534	65.426883	46.520812	84.332959	54.92351	36.017441	42.319464	29.71542	46.520812		
		40.21879	33.916768	50.722161	57.024184	50.722161	73.829583	36.017441	27.614746	48.621486	40.21879	52.822835	44.420138		
		65.426883	71.728908	92.735661	42.319464	36.017441	65.426883	75.930258	50.722161	69.628233	57.024184	46.520812	33.916768		
		59.124859	46.520812	38.118115	38.118115	73.829583	42.319464	50.722161	31.816094	48.621486	40.21879	44.420138	38.118115		
		48.621486	134.749187	69.628233	48.621486	46.520812	48.621486	46.520812	50.722161	71.728908	61.225534	75.930258	96.937013		
		75.930258	61.225534	63.326208	54.92351	38.118115	59.124859	61.225534	59.124859	65.426883	88.53431	69.628233	48.621486		
		124.245803	59.124859	88.53431	69.628233	96.937013	52.822835	63.326208	136.849864	48.621486	52.822835	48.621486	166.259347		
		
38:00	26.00	445.650051	254.487871	126.34648	99.037688	454.052796	586.396162	599.000305	527.576858	199.8702	683.027983	311.206266	491.865161		
		44.420138	94.836337	40.21879	40.21879	42.319464	29.71542	54.92351	48.621486	44.420138	33.916768	31.816094	69.628233		
		71.728908	63.326208	50.722161	38.118115	99.037688	25.514072	54.92351	33.916768	54.92351	23.413399	50.722161	33.916768		
		63.326208	57.024184	63.326208	50.722161	44.420138	54.92351	42.319464	46.520812	78.030933	40.21879	40.21879	54.92351		
		42.319464	54.92351	48.621486	69.628233	38.118115	40.21879	57.024184	33.916768	36.017441	40.21879	42.319464	40.21879		
		69.628233	107.440392	80.131608	44.420138	46.520812	44.420138	63.326208	33.916768	73.829583	61.225534	84.332959	59.124859		
		63.326208	31.816094	44.420138	52.822835	46.520812	59.124859	48.621486	54.92351	86.433635	113.742421	92.735661	50.722161		
		107.440392	50.722161	94.836337	50.722161	50.722161	38.118115	73.829583	155.755959	54.92351	44.420138	36.017441	138.950541		
		
39:00	26.00	363.723339	260.789913	96.937013	80.131608	479.261037	460.354855	498.167224	424.643193	147.353249	506.569975	231.38039	466.656915		
		40.21879	105.339716	65.426883	42.319464	48.621486	65.426883	57.024184	42.319464	38.118115	38.118115	36.017441	44.420138		
		40.21879	50.722161	31.816094	27.614746	48.621486	78.030933	33.916768	42.319464	54.92351	44.420138	52.822835	40.21879		
		44.420138	52.822835	38.118115	61.225534	25.514072	44.420138	90.634986	69.628233	73.829583	29.71542	80.131608	31.816094		
		71.728908	40.21879	48.621486	38.118115	50.722161	23.413399	59.124859	48.621486	31.816094	40.21879	42.319464	65.426883		
		52.822835	157.856636	52.822835	27.614746	42.319464	57.024184	61.225534	57.024184	111.641745	46.520812	80.131608	71.728908		
		75.930258	52.822835	52.822835	73.829583	63.326208	63.326208	31.816094	65.426883	65.426883	90.634986	75.930258	63.326208		
		113.742421	44.420138	99.037688	54.92351	61.225534	46.520812	99.037688	120.04445	78.030933	46.520812	65.426883	120.04445		
		
40:00	26.00	285.998085	138.950541	117.943773	73.829583	353.219921	405.737026	382.629495	361.622655	162.057992	420.441822	145.252572	380.528811		
		40.21879	115.843097	36.017441	36.017441	78.030933	50.722161	59.124859	40.21879	71.728908	40.21879	38.118115	42.319464		
		50.722161	44.420138	46.520812	57.024184	59.124859	36.017441	23.413399	29.71542	52.822835	33.916768	40.21879	40.21879		
		57.024184	69.628233	50.722161	36.017441	33.916768	48.621486	40.21879	44.420138	71.728908	31.816094	36.017441	33.916768		
		46.520812	54.92351	63.326208	36.017441	48.621486	54.92351	50.722161	57.024184	40.21879	40.21879	44.420138	48.621486		
		40.21879	113.742421	46.520812	33.916768	44.420138	82.232284	71.728908	48.621486	71.728908	54.92351	52.822835	92.735661		
		84.332959	33.916768	73.829583	52.822835	31.816094	84.332959	44.420138	128.447156	90.634986	86.433635	67.527558	40.21879		
		94.836337	48.621486	69.628233	67.527558	69.628233	71.728908	65.426883	92.735661	50.722161	61.225534	65.426883	117.943773		
		
41:00	26.00	311.206266	185.16545	92.735661	80.131608	409.938396	321.709678	359.521972	283.897404	120.04445	477.16035	134.749187	340.615822		
		25.514072	132.64851	48.621486	59.124859	84.332959	44.420138	63.326208	40.21879	44.420138	57.024184	36.017441	44.420138		
		46.520812	38.118115	46.520812	44.420138	23.413399	36.017441	40.21879	40.21879	50.722161	40.21879	80.131608	44.420138		
		63.326208	63.326208	52.822835	54.92351	48.621486	36.017441	59.124859	69.628233	59.124859	54.92351	27.614746	44.420138		
		54.92351	59.124859	31.816094	27.614746	52.822835	42.319464	36.017441	36.017441	50.722161	52.822835	29.71542	36.017441		
		38.118115	153.655281	59.124859	33.916768	42.319464	69.628233	52.822835	63.326208	78.030933	42.319464	63.326208	78.030933		
		67.527558	33.916768	61.225534	52.822835	38.118115	86.433635	54.92351	42.319464	80.131608	96.937013	61.225534	40.21879		
		103.23904	94.836337	84.332959	52.822835	80.131608	65.426883	52.822835	88.53431	103.23904	50.722161	61.225534	109.541068		
		
42:00	26.00	239.783109	138.950541	101.138364	67.527558	281.796722	283.897404	279.696041	315.407631	149.453926	336.414456	153.655281	277.59536		
		65.426883	117.943773	46.520812	54.92351	82.232284	48.621486	40.21879	40.21879	42.319464	31.816094	67.527558	40.21879		
		23.413399	36.017441	59.124859	33.916768	46.520812	33.916768	36.017441	44.420138	29.71542	38.118115	33.916768	44.420138		
		48.621486	65.426883	57.024184	52.822835	40.21879	46.520812	42.319464	57.024184	54.92351	31.816094	59.124859	67.527558		
		59.124859	36.017441	40.21879	52.822835	57.024184	61.225534	59.124859	67.527558	33.916768	61.225534	59.124859	67.527558		
		67.527558	164.158669	67.527558	40.21879	44.420138	59.124859	73.829583	61.225534	61.225534	42.319464	67.527558	75.930258		
		63.326208	44.420138	54.92351	69.628233	38.118115	63.326208	36.017441	57.024184	65.426883	84.332959	63.326208	38.118115		
		84.332959	48.621486	57.024184	61.225534	50.722161	69.628233	48.621486	145.252572	71.728908	61.225534	71.728908	105.339716		
		
43:00	26.00	195.668843	199.8702	61.225534	73.829583	317.508313	281.796722	241.88379	237.68243	96.937013	304.90422	130.547833	298.602174		
		38.118115	90.634986	44.420138	48.621486	31.816094	44.420138	42.319464	33.916768	44.420138	59.124859	27.614746	33.916768		
		38.118115	44.420138	69.628233	33.916768	42.319464	38.118115	42.319464	40.21879	36.017441	50.722161	27.614746	50.722161		
		67.527558	61.225534	61.225534	36.017441	57.024184	36.017441	52.822835	59.124859	59.124859	38.118115	54.92351	29.71542		
		25.514072	46.520812	48.621486	33.916768	38.118115	38.118115	29.71542	73.829583	33.916768	42.319464	40.21879	63.326208		
		88.53431	159.957314	50.722161	33.916768	33.916768	48.621486	61.225534	59.124859	86.433635	63.326208	50.722161	54.92351		
		61.225534	48.621486	80.131608	73.829583	44.420138	90.634986	38.118115	94.836337	48.621486	105.339716	69.628233	33.916768		
		73.829583	50.722161	78.030933	67.527558	80.131608	67.527558	61.225534	107.440392	67.527558	57.024184	99.037688	138.950541		
		
44:00	26.00	143.151895	176.762737	82.232284	54.92351	233.48107	332.213091	235.58175	237.68243	134.749187	300.702856	101.138364	323.81036		
		59.124859	120.04445	29.71542	33.916768	52.822835	48.621486	46.520812	31.816094	29.71542	50.722161	27.614746	48.621486		
		31.816094	31.816094	44.420138	38.118115	38.118115	42.319464	63.326208	23.413399	54.92351	38.118115	36.017441	54.92351		
		78.030933	78.030933	50.722161	36.017441	54.92351	57.024184	65.426883	88.53431	75.930258	38.118115	65.426883	59.124859		
		42.319464	48.621486	50.722161	40.21879	44.420138	46.520812	36.017441	38.118115	52.822835	29.71542	48.621486	61.225534		
		48.621486	159.957314	40.21879	52.822835	44.420138	82.232284	54.92351	71.728908	107.440392	38.118115	52.822835	69.628233		
		84.332959	36.017441	69.628233	69.628233	52.822835	59.124859	46.520812	65.426883	57.024184	65.426883	40.21879	73.829583		
		82.232284	42.319464	82.232284	59.124859	59.124859	65.426883	44.420138	92.735661	61.225534	52.822835	80.131608	149.453926		
		
45:00	26.00	145.252572	151.554604	99.037688	63.326208	183.064772	258.689232	208.272916	218.776312	86.433635	229.27971	67.527558	222.977671		
		36.017441	88.53431	33.916768	44.420138	33.916768	27.614746	29.71542	46.520812	36.017441	36.017441	38.118115	38.118115		
		57.024184	29.71542	54.92351	54.92351	38.118115	50.722161	29.71542	38.118115	33.916768	46.520812	59.124859	52.822835		
		59.124859	44.420138	42.319464	38.118115	44.420138	46.520812	57.024184	61.225534	65.426883	46.520812	40.21879	48.621486		
		59.124859	42.319464	59.124859	42.319464	23.413399	48.621486	38.118115	54.92351	57.024184	50.722161	33.916768	38.118115		
		57.024184	105.339716	40.21879	44.420138	46.520812	67.527558	69.628233	38.118115	117.943773	61.225534	38.118115	82.232284		
		54.92351	52.822835	67.527558	71.728908	50.722161	50.722161	38.118115	73.829583	80.131608	69.628233	63.326208	44.420138		
		73.829583	88.53431	75.930258	40.21879	59.124859	65.426883	86.433635	80.131608	67.527558	63.326208	50.722161	92.735661		
		
46:00	26.00	130.547833	107.440392	96.937013	65.426883	183.064772	183.064772	176.762737	180.964093	57.024184	231.38039	96.937013	216.675633		
		50.722161	132.64851	73.829583	29.71542	48.621486	36.017441	69.628233	50.722161	23.413399	48.621486	38.118115	44.420138		
		33.916768	25.514072	59.124859	40.21879	29.71542	50.722161	40.21879	46.520812	54.92351	50.722161	31.816094	36.017441		
		90.634986	71.728908	52.822835	40.21879	40.21879	31.816094	61.225534	52.822835	99.037688	46.520812	50.722161	27.614746		
		36.017441	54.92351	40.21879	54.92351	52.822835	36.017441	36.017441	42.319464	36.017441	44.420138	46.520812	46.520812		
		48.621486	111.641745	57.024184	52.822835	38.118115	44.420138	54.92351	50.722161	63.326208	59.124859	82.232284	59.124859		
		44.420138	54.92351	50.722161	36.017441	33.916768	80.131608	48.621486	75.930258	65.426883	99.037688	67.527558	44.420138		
		86.433635	75.930258	69.628233	44.420138	50.722161	31.816094	42.319464	103.23904	31.816094	80.131608	44.420138	122.145126		
		
47:00	26.10	103.23904	86.433635	75.930258	59.124859	206.172237	214.574954	134.749187	155.755959	71.728908	201.970879	61.225534	201.970879		
		29.71542	67.527558	40.21879	40.21879	71.728908	46.520812	40.21879	38.118115	33.916768	50.722161	48.621486	33.916768		
		46.520812	38.118115	33.916768	38.118115	27.614746	48.621486	33.916768	40.21879	63.326208	57.024184	40.21879	40.21879		
		63.326208	80.131608	57.024184	46.520812	33.916768	36.017441	75.930258	71.728908	63.326208	44.420138	44.420138	57.024184		
		48.621486	44.420138	52.822835	36.017441	33.916768	36.017441	42.319464	54.92351	33.916768	29.71542	44.420138	57.024184		
		44.420138	113.742421	57.024184	25.514072	29.71542	57.024184	71.728908	54.92351	107.440392	50.722161	69.628233	78.030933		
		48.621486	48.621486	54.92351	54.92351	48.621486	54.92351	33.916768	42.319464	63.326208	59.124859	54.92351	40.21879		
		52.822835	57.024184	99.037688	46.520812	42.319464	54.92351	31.816094	99.037688	40.21879	44.420138	92.735661	122.145126		
		
48:00	26.00	122.145126	120.04445	101.138364	59.124859	155.755959	164.158669	109.541068	157.856636	73.829583	225.078351	103.23904	239.783109		
		84.332959	126.34648	27.614746	27.614746	57.024184	59.124859	48.621486	50.722161	69.628233	44.420138	40.21879	48.621486		
		42.319464	52.822835	67.527558	25.514072	25.514072	23.413399	33.916768	36.017441	38.118115	48.621486	46.520812	42.319464		
		50.722161	73.829583	36.017441	42.319464	63.326208	42.319464	80.131608	61.225534	59.124859	38.118115	54.92351	46.520812		
		42.319464	38.118115	40.21879	44.420138	57.024184	31.816094	31.816094	61.225534	36.017441	44.420138	48.621486	92.735661		
		54.92351	166.259347	42.319464	52.822835	27.614746	59.124859	105.339716	50.722161	92.735661	33.916768	54.92351	78.030933		
		54.92351	48.621486	63.326208	57.024184	65.426883	42.319464	73.829583	67.527558	109.541068	75.930258	88.53431	50.722161		
		54.92351	54.92351	88.53431	46.520812	73.829583	48.621486	42.319464	86.433635	52.822835	67.527558	69.628233	122.145126	
		
49:00	26.00	94.836337	94.836337	101.138364	44.420138	180.964093	157.856636	130.547833	130.547833	54.92351	143.151895	67.527558	220.876992		
		40.21879	92.735661	27.614746	33.916768	61.225534	38.118115	59.124859	33.916768	40.21879	40.21879	57.024184	54.92351		
		40.21879	44.420138	52.822835	42.319464	29.71542	31.816094	40.21879	50.722161	25.514072	54.92351	23.413399	63.326208		
		61.225534	75.930258	46.520812	31.816094	59.124859	75.930258	65.426883	59.124859	101.138364	46.520812	54.92351	61.225534		
		50.722161	54.92351	48.621486	36.017441	36.017441	52.822835	38.118115	40.21879	27.614746	46.520812	31.816094	42.319464		
		50.722161	130.547833	54.92351	40.21879	48.621486	59.124859	103.23904	57.024184	176.762737	42.319464	59.124859	57.024184		
		63.326208	57.024184	59.124859	54.92351	50.722161	63.326208	46.520812	63.326208	61.225534	54.92351	113.742421	75.930258		
		78.030933	40.21879	88.53431	40.21879	67.527558	33.916768	50.722161	92.735661	67.527558	65.426883	65.426883	113.742421		
		
~End
Original Filename: Data_08-27-18-141714_Plate2_Pta_DA_457_94_236_468_289_470_ROS_At.pda   Date Last Saved: 8/28/2018
