Name,Time,A1,A2,A3,A4,A5,A6,A7,A8,A9,A10,A11,A12
Pta,0,1122.074222,523.375481,433.045935,294.400811,206.172237,216.675633,218.776312,191.467486,115.843097,84.332959,113.742421,115.843097
Pta,60,71.728908,48.621486,63.326208,67.527558,63.326208,80.131608,73.829583,80.131608,78.030933,44.420138,82.232284,59.124859
Pta,120,126.34648,298.602174,63.326208,90.634986,113.742421,443.549365,412.039081,762.854369,107.440392,546.483057,220.876992,222.977671
Pta,180,567.489952,2598.886129,456.153482,475.059663,1374.15942,2727.032003,4991.681005,3792.122266,626.309289,2002.275614,2794.25616,1004.434771
Pta,240,1630.446959,4991.681005,1964.462441,1739.684553,4044.216984,7203.880359,12569.749263,8075.753821,2865.681898,4720.675587,7500.10604,3000.13054
Pta,300,2775.34936,6979.085812,3489.60979,3350.958672,6561.011873,11714.628545,18352.065424,11262.910474,6157.646396,7287.915887,11949.943289,5317.309044
Pta,360,3609.354157,7684.985108,4899.244932,4815.212243,7806.837486,14490.131761,22382.316881,14051.002498,8693.424902,9143.025612,15116.26337,6855.133984
Pta,420,4008.503511,7960.203708,5491.678223,6283.69786,9210.25587,16708.931849,24260.938027,15723.49026,11435.193305,10290.150658,17854.078454,8628.296064
Pta,480,4365.639054,8256.432559,6090.41904,6945.471735,9617.840681,17746.917159,25275.918541,16284.496901,12691.610059,11078.022049,18497.049632,9327.908977
Pta,540,4422.360747,8174.496795,6292.101299,7224.889231,10325.867305,18141.943912,25908.449999,17782.637573,13078.204322,10582.187296,19778.807008,9880.461005
Pta,600,4531.602655,8155.588555,6193.360955,7901.378269,10746.064499,18955.117633,25641.567265,17843.572437,14025.789417,10922.548066,20215.870573,10159.890101
Pta,660,4455.973624,8117.772091,6355.127123,7937.093708,10727.155572,19461.517362,25385.192674,17475.862845,14063.609042,11080.123051,20434.403369,10418.310473
Pta,720,4191.272651,8052.643784,6521.095395,8140.88215,11086.426058,19320.733671,25107.80482,17971.745945,13393.364253,11357.455878,20396.580337,10577.985322
Pta,780,4157.6599,7949.699162,6302.605599,7716.498634,10477.138007,19213.570154,24937.590084,16813.990398,13248.39051,11580.163329,20096.098078,10170.394976
Pta,840,3771.114413,7804.736581,6172.352389,7823.644727,10386.795743,19003.446081,23143.005336,17139.672891,13231.581979,11643.193867,20159.136208,9991.812317
Pta,900,3363.563307,7201.779472,5762.686596,7418.171153,10353.180047,18505.454523,22983.302109,15948.312612,12223.077455,10861.619166,19518.251168,10237.626211
Pta,960,3180.796307,6886.64714,5403.443163,7508.509624,9542.206209,18425.608101,21733.006414,16061.774631,12092.813336,10649.418923,19093.799356,9693.475235
Pta,1020,2905.596312,6691.2658,5090.419671,7189.174152,9580.023435,18141.943912,21285.426943,15546.99471,10605.298161,10498.147852,17967.543531,9094.703903
Pta,1080,2727.032003,6409.749549,4985.378542,6731.182374,8653.50722,17480.065229,20121.313323,15332.679276,9970.802622,9863.653275,17688.083576,8813.178082
Pta,1140,2395.113662,5918.149233,4096.73683,6491.683268,8178.698627,16843.406819,18963.522578,14609.894761,8867.802408,9586.326308,16339.126999,8323.661974
Pta,1200,2073.700551,5539.997469,3739.602646,6184.957528,7405.565794,15723.49026,18062.097901,13899.724149,8222.817875,9077.89636,14876.735858,7895.075546
Pta,1260,1953.958785,4865.631844,3619.858058,5571.510039,6657.65186,14998.600631,16973.679691,12874.401648,6920.261189,8210.212372,14170.764754,6890.848895
Pta,1320,1582.130384,4684.961772,3033.742741,5061.008139,5737.476471,14206.483361,15557.500385,12340.735575,6168.150676,7966.506437,12317.624143,6384.539194
Pta,1380,1502.303073,4149.256715,2523.259166,4642.945543,5340.418187,12550.839848,14128.742887,11695.719359,5271.090779,7130.349353,11418.385205,5613.526821
Pta,1440,1231.311031,3718.594809,2088.405694,4548.409117,4722.7764,12305.017911,12567.648216,10428.815386,4128.248756,6107.225873,9714.484847,4947.563773
Pta,1500,989.729853,3315.245549,1756.490351,3663.974462,3472.80358,10603.197173,11084.325055,9670.364668,3462.2997,5443.35901,8420.304371,4273.203799
Pta,1560,935.111615,2636.699642,1355.252999,3544.230002,3296.338609,9928.783251,9727.090618,8918.224899,2865.681898,4863.531027,7208.082133,3645.067428
Pta,1620,714.538387,2258.56543,1155.68553,2735.435019,2552.669642,8569.470068,8239.625215,7863.56194,2189.241043,4353.034239,6844.629602,3103.067955
Pta,1680,626.309289,2206.046949,876.29202,2615.692132,2388.81143,7911.882808,6844.629602,6693.366672,1895.138343,3676.579153,5926.552628,2537.964402
Pta,1740,592.698233,1869.929597,683.027983,2191.341781,1956.059516,7403.464901,6088.318186,6086.217333,1212.404648,3201.803984,4888.74084,2195.543258
Pta,1800,489.764474,1590.533264,582.194782,1995.973417,1647.252731,5993.779828,5018.991686,5567.308362,1042.24743,2838.372048,4262.6998,1937.15294
Pta,1860,445.650051,1243.915289,519.174104,1733.382379,1384.662989,5413.947331,3968.588474,4703.869084,890.996914,2357.300279,3842.541137,1727.080206
Pta,1920,393.132917,1029.643208,439.347993,1275.425944,1204.001813,4617.735817,3390.87336,3937.076619,813.27108,2189.241043,3084.161072,1338.447295
Pta,1980,374.226758,903.601111,376.327442,1201.901104,872.090622,4000.100343,2874.08493,3405.578777,647.316207,1842.620132,2762.744828,1140.980581
Pta,2040,344.817188,867.889225,218.776312,901.500412,701.934224,3388.772586,2229.155076,2964.417595,527.576858,1580.029664,2321.587658,975.024939
Pta,2100,288.098766,670.423825,214.574954,874.191321,538.080301,3050.548847,1844.72086,2645.102647,351.119238,1397.267274,2016.980742,899.399712
Pta,2160,229.27971,523.375481,208.272916,716.639082,533.878924,2653.505654,1601.036866,2393.012918,359.521972,1344.749434,1762.792527,746.048806
Pta,2220,241.88379,479.261037,172.561381,582.194782,514.972727,2147.226297,1309.037324,1762.792527,277.59536,968.722833,1552.720312,588.496852
Pta,2280,218.776312,454.052796,208.272916,544.382368,439.347993,1905.64199,966.622132,1666.15923,292.300129,834.278054,1342.648721,559.087193
Pta,2340,191.467486,357.421288,138.950541,441.448679,365.824023,1735.483104,876.29202,1372.058706,307.004902,788.06272,1195.598979,447.750737
Pta,2400,138.950541,311.206266,99.037688,391.032233,357.421288,1607.339028,788.06272,1151.484116,222.977671,725.041859,1029.643208,458.254169
Pta,2460,153.655281,346.917872,82.232284,288.098766,336.414456,1330.044445,525.476169,928.809513,254.487871,565.389262,848.982939,281.796722
Pta,2520,189.366807,241.88379,69.628233,405.737026,304.90422,1113.671398,567.489952,838.479449,195.668843,512.872039,718.739776,252.387191
Pta,2580,126.34648,189.366807,94.836337,275.494679,235.58175,1031.743912,363.723339,680.927289,71.728908,481.361724,649.4169,296.501493
Pta,2640,99.037688,172.561381,90.634986,241.88379,235.58175,970.823535,300.702856,678.826596,75.930258,447.750737,628.409981,210.373595
Pta,2700,86.433635,172.561381,88.53431,229.27971,149.453926,844.781543,271.293317,554.885814,187.266129,302.803538,498.167224,237.68243
Pta,2760,103.23904,172.561381,67.527558,237.68243,195.668843,764.955064,323.81036,470.858289,92.735661,363.723339,382.629495,204.071558
Pta,2820,86.433635,174.662059,67.527558,212.474275,164.158669,714.538387,164.158669,370.025391,82.232284,344.817188,391.032233,243.98447
Pta,2880,103.23904,157.856636,73.829583,206.172237,178.863415,649.4169,178.863415,351.119238,120.04445,323.81036,317.508313,199.8702
Pta,2940,94.836337,138.950541,48.621486,120.04445,174.662059,531.778235,183.064772,344.817188,94.836337,248.18583,309.105584,145.252572
PtaDA,0,1180.894021,674.62521,344.817188,239.783109,254.487871,168.360025,267.091955,166.259347,126.34648,107.440392,88.53431,67.527558
PtaDA,60,63.326208,94.836337,78.030933,40.21879,52.822835,61.225534,84.332959,90.634986,94.836337,59.124859,61.225534,59.124859
PtaDA,120,27.614746,50.722161,46.520812,61.225534,61.225534,44.420138,67.527558,57.024184,65.426883,54.92351,40.21879,50.722161
PtaDA,180,78.030933,48.621486,31.816094,57.024184,69.628233,27.614746,57.024184,48.621486,52.822835,109.541068,46.520812,44.420138
PtaDA,240,115.843097,67.527558,50.722161,67.527558,50.722161,59.124859,59.124859,109.541068,65.426883,105.339716,54.92351,50.722161
PtaDA,300,151.554604,101.138364,48.621486,73.829583,59.124859,178.863415,145.252572,237.68243,82.232284,204.071558,69.628233,50.722161
PtaDA,360,149.453926,311.206266,48.621486,50.722161,94.836337,267.091955,367.924707,500.267912,113.742421,285.998085,84.332959,40.21879
PtaDA,420,138.950541,464.556229,82.232284,65.426883,216.675633,567.489952,874.191321,951.917222,204.071558,443.549365,109.541068,63.326208
PtaDA,480,210.373595,727.142553,61.225534,92.735661,264.991274,914.104611,1288.030209,1201.901104,304.90422,586.396162,166.259347,101.138364
PtaDA,540,334.313773,1035.945319,145.252572,147.353249,414.139766,1527.511688,1821.612859,1874.131054,351.119238,796.465506,193.568164,143.151895
PtaDA,600,489.764474,1191.397562,277.59536,178.863415,477.16035,1758.591077,2044.290274,2080.002755,412.039081,1155.68553,332.213091,216.675633
PtaDA,660,424.643193,1166.189067,302.803538,218.776312,426.743878,2294.278019,2401.415894,2092.607164,498.167224,1260.72097,372.126074,235.58175
PtaDA,720,447.750737,1157.786237,418.341136,258.689232,559.087193,2365.703251,2477.042728,1937.15294,493.965849,1481.295901,399.434971,313.306948
PtaDA,780,323.81036,954.017923,454.052796,229.27971,630.510672,2348.897308,2531.662158,1886.735427,548.583746,1548.518874,485.563099,248.18583
PtaDA,840,367.924707,802.767596,498.167224,199.8702,531.778235,2256.46469,2189.241043,1592.633985,472.958976,1609.439748,468.757602,307.004902
PtaDA,900,281.796722,693.531449,504.469287,210.373595,445.650051,2119.916725,1970.764635,1313.238748,382.629495,1462.389451,361.622655,239.783109
PtaDA,960,311.206266,498.167224,460.354855,185.16545,493.965849,1907.742719,1666.15923,1115.772104,328.011725,1401.468703,346.917872,225.078351
PtaDA,1020,210.373595,460.354855,424.643193,193.568164,363.723339,1546.418155,1342.648721,800.666899,248.18583,1250.217419,302.803538,229.27971
PtaDA,1080,204.071558,313.306948,428.844564,191.467486,338.515139,1229.210321,1046.448838,599.000305,210.373595,1210.303939,304.90422,189.366807
PtaDA,1140,155.755959,252.387191,384.730179,143.151895,258.689232,939.313016,832.177356,395.233602,151.554604,966.622132,235.58175,141.051218
PtaDA,1200,128.447156,138.950541,328.011725,94.836337,260.789913,926.708812,622.107906,315.407631,111.641745,727.142553,178.863415,107.440392
PtaDA,1260,113.742421,115.843097,241.88379,82.232284,267.091955,489.764474,542.281679,275.494679,103.23904,672.524517,159.957314,105.339716
PtaDA,1320,73.829583,96.937013,229.27971,73.829583,164.158669,479.261037,357.421288,164.158669,115.843097,449.851423,149.453926,101.138364
PtaDA,1380,80.131608,107.440392,147.353249,80.131608,75.930258,252.387191,267.091955,151.554604,71.728908,340.615822,157.856636,78.030933
PtaDA,1440,78.030933,94.836337,86.433635,82.232284,124.245803,193.568164,172.561381,86.433635,88.53431,256.588552,115.843097,78.030933
PtaDA,1500,42.319464,69.628233,99.037688,57.024184,109.541068,151.554604,153.655281,105.339716,67.527558,201.970879,115.843097,82.232284
PtaDA,1560,44.420138,75.930258,50.722161,65.426883,99.037688,147.353249,138.950541,88.53431,44.420138,155.755959,109.541068,52.822835
PtaDA,1620,48.621486,69.628233,71.728908,78.030933,54.92351,153.655281,71.728908,75.930258,52.822835,170.460703,63.326208,71.728908
PtaDA,1680,40.21879,61.225534,54.92351,46.520812,42.319464,101.138364,69.628233,46.520812,54.92351,151.554604,65.426883,90.634986
PtaDA,1740,44.420138,50.722161,61.225534,38.118115,54.92351,111.641745,67.527558,59.124859,50.722161,61.225534,44.420138,42.319464
PtaDA,1800,57.024184,59.124859,40.21879,52.822835,59.124859,82.232284,82.232284,71.728908,42.319464,82.232284,44.420138,57.024184
PtaDA,1860,57.024184,61.225534,59.124859,52.822835,46.520812,73.829583,73.829583,48.621486,33.916768,75.930258,46.520812,33.916768
PtaDA,1920,31.816094,48.621486,42.319464,42.319464,36.017441,65.426883,33.916768,50.722161,52.822835,78.030933,54.92351,40.21879
PtaDA,1980,57.024184,40.21879,52.822835,40.21879,54.92351,44.420138,46.520812,44.420138,40.21879,92.735661,33.916768,52.822835
PtaDA,2040,36.017441,38.118115,80.131608,33.916768,44.420138,52.822835,44.420138,44.420138,36.017441,65.426883,44.420138,65.426883
PtaDA,2100,63.326208,46.520812,38.118115,38.118115,50.722161,52.822835,67.527558,84.332959,57.024184,54.92351,38.118115,54.92351
PtaDA,2160,44.420138,52.822835,52.822835,46.520812,54.92351,48.621486,48.621486,67.527558,40.21879,54.92351,27.614746,67.527558
PtaDA,2220,38.118115,42.319464,99.037688,38.118115,40.21879,42.319464,36.017441,52.822835,61.225534,67.527558,38.118115,44.420138
PtaDA,2280,29.71542,54.92351,48.621486,33.916768,52.822835,48.621486,33.916768,31.816094,54.92351,73.829583,44.420138,44.420138
PtaDA,2340,36.017441,59.124859,44.420138,52.822835,36.017441,46.520812,48.621486,78.030933,44.420138,48.621486,46.520812,52.822835
PtaDA,2400,50.722161,46.520812,54.92351,31.816094,36.017441,48.621486,29.71542,54.92351,23.413399,82.232284,42.319464,46.520812
PtaDA,2460,33.916768,80.131608,44.420138,69.628233,46.520812,82.232284,71.728908,54.92351,40.21879,44.420138,31.816094,52.822835
PtaDA,2520,40.21879,69.628233,38.118115,40.21879,42.319464,54.92351,61.225534,36.017441,38.118115,48.621486,48.621486,54.92351
PtaDA,2580,31.816094,46.520812,42.319464,38.118115,63.326208,46.520812,40.21879,46.520812,40.21879,73.829583,36.017441,46.520812
PtaDA,2640,36.017441,50.722161,33.916768,54.92351,52.822835,54.92351,46.520812,126.34648,40.21879,54.92351,69.628233,23.413399
PtaDA,2700,33.916768,67.527558,36.017441,42.319464,54.92351,38.118115,42.319464,36.017441,52.822835,61.225534,36.017441,44.420138
PtaDA,2760,67.527558,36.017441,31.816094,50.722161,42.319464,69.628233,63.326208,40.21879,50.722161,40.21879,44.420138,40.21879
PtaDA,2820,38.118115,50.722161,63.326208,162.057992,36.017441,52.822835,61.225534,71.728908,44.420138,38.118115,27.614746,46.520812
PtaDA,2880,36.017441,33.916768,40.21879,52.822835,61.225534,42.319464,57.024184,67.527558,42.319464,38.118115,33.916768,27.614746
PtaDA,2940,36.017441,40.21879,50.722161,36.017441,57.024184,46.520812,52.822835,31.816094,52.822835,48.621486,31.816094,31.816094
1297,0,1115.772104,605.302377,439.347993,269.192636,201.970879,176.762737,153.655281,183.064772,111.641745,90.634986,136.849864,88.53431
1297,60,57.024184,69.628233,86.433635,48.621486,86.433635,67.527558,65.426883,48.621486,69.628233,88.53431,92.735661,40.21879
1297,120,82.232284,57.024184,46.520812,59.124859,80.131608,42.319464,44.420138,52.822835,44.420138,57.024184,57.024184,59.124859
1297,180,27.614746,50.722161,54.92351,31.816094,42.319464,31.816094,46.520812,44.420138,63.326208,54.92351,50.722161,33.916768
1297,240,44.420138,57.024184,46.520812,48.621486,40.21879,33.916768,71.728908,40.21879,71.728908,38.118115,42.319464,44.420138
1297,300,59.124859,38.118115,36.017441,52.822835,48.621486,38.118115,61.225534,44.420138,42.319464,50.722161,36.017441,36.017441
1297,360,36.017441,29.71542,27.614746,42.319464,40.21879,42.319464,36.017441,38.118115,46.520812,42.319464,29.71542,42.319464
1297,420,33.916768,176.762737,29.71542,42.319464,42.319464,29.71542,44.420138,46.520812,36.017441,25.514072,63.326208,29.71542
1297,480,27.614746,67.527558,38.118115,40.21879,36.017441,38.118115,29.71542,40.21879,50.722161,50.722161,42.319464,54.92351
1297,540,46.520812,59.124859,36.017441,29.71542,33.916768,40.21879,57.024184,42.319464,36.017441,48.621486,38.118115,42.319464
1297,600,44.420138,61.225534,54.92351,38.118115,52.822835,36.017441,67.527558,38.118115,42.319464,54.92351,33.916768,33.916768
1297,660,25.514072,42.319464,63.326208,54.92351,61.225534,42.319464,36.017441,46.520812,46.520812,59.124859,48.621486,50.722161
1297,720,54.92351,52.822835,36.017441,44.420138,48.621486,31.816094,29.71542,38.118115,63.326208,86.433635,88.53431,67.527558
1297,780,40.21879,54.92351,33.916768,36.017441,59.124859,50.722161,44.420138,52.822835,29.71542,61.225534,50.722161,36.017441
1297,840,31.816094,54.92351,31.816094,31.816094,50.722161,40.21879,52.822835,46.520812,57.024184,38.118115,48.621486,57.024184
1297,900,31.816094,42.319464,29.71542,80.131608,40.21879,33.916768,46.520812,40.21879,63.326208,50.722161,63.326208,75.930258
1297,960,52.822835,42.319464,31.816094,61.225534,54.92351,52.822835,61.225534,29.71542,48.621486,33.916768,38.118115,42.319464
1297,1020,44.420138,50.722161,59.124859,40.21879,42.319464,25.514072,38.118115,38.118115,38.118115,31.816094,50.722161,29.71542
1297,1080,23.413399,48.621486,46.520812,38.118115,38.118115,31.816094,61.225534,57.024184,61.225534,101.138364,50.722161,50.722161
1297,1140,50.722161,33.916768,33.916768,36.017441,48.621486,27.614746,29.71542,40.21879,48.621486,46.520812,84.332959,31.816094
1297,1200,27.614746,61.225534,42.319464,69.628233,57.024184,42.319464,46.520812,46.520812,61.225534,132.64851,29.71542,36.017441
1297,1260,33.916768,59.124859,38.118115,44.420138,52.822835,36.017441,52.822835,75.930258,38.118115,33.916768,29.71542,46.520812
1297,1320,54.92351,73.829583,61.225534,40.21879,36.017441,52.822835,44.420138,50.722161,48.621486,40.21879,54.92351,42.319464
1297,1380,40.21879,33.916768,59.124859,44.420138,50.722161,63.326208,46.520812,52.822835,42.319464,44.420138,48.621486,61.225534
1297,1440,29.71542,59.124859,71.728908,61.225534,46.520812,57.024184,27.614746,42.319464,46.520812,61.225534,78.030933,42.319464
1297,1500,52.822835,31.816094,42.319464,42.319464,38.118115,65.426883,36.017441,50.722161,54.92351,42.319464,29.71542,31.816094
1297,1560,29.71542,46.520812,40.21879,31.816094,46.520812,40.21879,65.426883,57.024184,57.024184,40.21879,36.017441,57.024184
1297,1620,31.816094,46.520812,63.326208,46.520812,38.118115,52.822835,27.614746,54.92351,57.024184,29.71542,27.614746,40.21879
1297,1680,48.621486,48.621486,52.822835,36.017441,38.118115,50.722161,52.822835,40.21879,46.520812,44.420138,57.024184,42.319464
1297,1740,36.017441,38.118115,42.319464,54.92351,23.413399,65.426883,38.118115,48.621486,36.017441,38.118115,31.816094,40.21879
1297,1800,42.319464,50.722161,27.614746,29.71542,33.916768,31.816094,40.21879,38.118115,61.225534,38.118115,52.822835,31.816094
1297,1860,25.514072,48.621486,38.118115,40.21879,48.621486,25.514072,69.628233,67.527558,38.118115,63.326208,40.21879,33.916768
1297,1920,38.118115,31.816094,44.420138,31.816094,40.21879,40.21879,73.829583,42.319464,48.621486,67.527558,63.326208,54.92351
1297,1980,38.118115,57.024184,44.420138,105.339716,31.816094,69.628233,38.118115,27.614746,36.017441,57.024184,40.21879,42.319464
1297,2040,63.326208,42.319464,36.017441,31.816094,31.816094,23.413399,40.21879,48.621486,27.614746,44.420138,33.916768,38.118115
1297,2100,27.614746,61.225534,38.118115,27.614746,48.621486,33.916768,42.319464,44.420138,50.722161,50.722161,59.124859,42.319464
1297,2160,29.71542,38.118115,52.822835,33.916768,33.916768,46.520812,40.21879,61.225534,48.621486,44.420138,23.413399,36.017441
1297,2220,54.92351,40.21879,36.017441,42.319464,27.614746,69.628233,50.722161,46.520812,46.520812,29.71542,36.017441,31.816094
1297,2280,48.621486,57.024184,31.816094,71.728908,52.822835,50.722161,50.722161,31.816094,40.21879,33.916768,36.017441,33.916768
1297,2340,42.319464,38.118115,46.520812,38.118115,31.816094,69.628233,38.118115,33.916768,48.621486,65.426883,31.816094,65.426883
1297,2400,54.92351,33.916768,46.520812,50.722161,38.118115,40.21879,54.92351,42.319464,36.017441,38.118115,29.71542,42.319464
1297,2460,38.118115,48.621486,38.118115,40.21879,44.420138,73.829583,61.225534,65.426883,54.92351,31.816094,29.71542,42.319464
1297,2520,38.118115,42.319464,42.319464,38.118115,36.017441,52.822835,36.017441,33.916768,40.21879,40.21879,48.621486,36.017441
1297,2580,38.118115,40.21879,38.118115,27.614746,38.118115,29.71542,59.124859,57.024184,40.21879,36.017441,48.621486,42.319464
1297,2640,52.822835,27.614746,59.124859,44.420138,40.21879,65.426883,57.024184,38.118115,42.319464,36.017441,23.413399,38.118115
1297,2700,29.71542,44.420138,52.822835,52.822835,48.621486,38.118115,48.621486,29.71542,46.520812,44.420138,52.822835,33.916768
1297,2760,44.420138,44.420138,48.621486,40.21879,42.319464,52.822835,69.628233,52.822835,75.930258,36.017441,40.21879,40.21879
1297,2820,29.71542,46.520812,38.118115,57.024184,46.520812,36.017441,88.53431,31.816094,50.722161,42.319464,57.024184,48.621486
1297,2880,25.514072,42.319464,75.930258,75.930258,36.017441,31.816094,109.541068,48.621486,46.520812,40.21879,29.71542,36.017441
1297,2940,59.124859,36.017441,42.319464,38.118115,36.017441,40.21879,84.332959,36.017441,42.319464,44.420138,57.024184,36.017441
59,0,937.212315,594.798924,319.608995,229.27971,218.776312,138.950541,155.755959,75.930258,124.245803,101.138364,96.937013,99.037688
59,60,48.621486,86.433635,73.829583,31.816094,75.930258,86.433635,94.836337,52.822835,71.728908,38.118115,61.225534,48.621486
59,120,52.822835,67.527558,52.822835,48.621486,52.822835,67.527558,48.621486,44.420138,65.426883,38.118115,36.017441,42.319464
59,180,48.621486,42.319464,42.319464,38.118115,33.916768,29.71542,50.722161,52.822835,67.527558,44.420138,42.319464,36.017441
59,240,63.326208,38.118115,42.319464,31.816094,46.520812,52.822835,54.92351,69.628233,50.722161,44.420138,59.124859,44.420138
59,300,54.92351,42.319464,33.916768,42.319464,40.21879,63.326208,44.420138,40.21879,52.822835,31.816094,36.017441,36.017441
59,360,42.319464,65.426883,42.319464,67.527558,42.319464,48.621486,54.92351,59.124859,46.520812,40.21879,61.225534,48.621486
59,420,44.420138,50.722161,46.520812,36.017441,31.816094,33.916768,52.822835,29.71542,40.21879,46.520812,42.319464,33.916768
59,480,57.024184,23.413399,40.21879,44.420138,29.71542,63.326208,44.420138,61.225534,92.735661,78.030933,44.420138,38.118115
59,540,38.118115,36.017441,46.520812,27.614746,61.225534,29.71542,42.319464,31.816094,46.520812,48.621486,42.319464,40.21879
59,600,44.420138,46.520812,33.916768,46.520812,40.21879,50.722161,38.118115,42.319464,50.722161,38.118115,36.017441,31.816094
59,660,61.225534,33.916768,36.017441,31.816094,27.614746,48.621486,44.420138,52.822835,57.024184,57.024184,31.816094,23.413399
59,720,33.916768,40.21879,46.520812,31.816094,48.621486,29.71542,50.722161,46.520812,65.426883,57.024184,46.520812,33.916768
59,780,50.722161,29.71542,52.822835,40.21879,52.822835,52.822835,42.319464,52.822835,84.332959,54.92351,78.030933,40.21879
59,840,86.433635,31.816094,71.728908,29.71542,25.514072,52.822835,44.420138,50.722161,99.037688,36.017441,54.92351,33.916768
59,900,48.621486,48.621486,65.426883,27.614746,42.319464,36.017441,48.621486,29.71542,113.742421,40.21879,71.728908,31.816094
59,960,73.829583,52.822835,48.621486,54.92351,54.92351,48.621486,31.816094,36.017441,111.641745,50.722161,38.118115,27.614746
59,1020,57.024184,33.916768,50.722161,48.621486,63.326208,48.621486,38.118115,50.722161,124.245803,42.319464,48.621486,33.916768
59,1080,42.319464,48.621486,31.816094,27.614746,38.118115,44.420138,50.722161,57.024184,75.930258,59.124859,65.426883,38.118115
59,1140,52.822835,40.21879,44.420138,40.21879,27.614746,44.420138,48.621486,82.232284,69.628233,46.520812,42.319464,57.024184
59,1200,50.722161,46.520812,44.420138,63.326208,44.420138,40.21879,40.21879,48.621486,92.735661,33.916768,61.225534,36.017441
59,1260,63.326208,44.420138,61.225534,23.413399,42.319464,46.520812,65.426883,103.23904,52.822835,38.118115,27.614746,46.520812
59,1320,61.225534,50.722161,27.614746,25.514072,38.118115,57.024184,67.527558,59.124859,50.722161,36.017441,36.017441,33.916768
59,1380,82.232284,29.71542,52.822835,36.017441,50.722161,36.017441,42.319464,78.030933,78.030933,40.21879,33.916768,40.21879
59,1440,59.124859,36.017441,33.916768,42.319464,31.816094,42.319464,33.916768,80.131608,71.728908,36.017441,33.916768,61.225534
59,1500,57.024184,48.621486,40.21879,44.420138,40.21879,42.319464,38.118115,48.621486,50.722161,27.614746,31.816094,44.420138
59,1560,48.621486,44.420138,52.822835,31.816094,42.319464,52.822835,46.520812,57.024184,75.930258,46.520812,33.916768,38.118115
59,1620,27.614746,36.017441,52.822835,31.816094,31.816094,27.614746,46.520812,54.92351,46.520812,42.319464,23.413399,42.319464
59,1680,38.118115,38.118115,44.420138,42.319464,36.017441,29.71542,29.71542,73.829583,63.326208,38.118115,46.520812,25.514072
59,1740,46.520812,40.21879,50.722161,40.21879,40.21879,31.816094,57.024184,96.937013,71.728908,25.514072,36.017441,25.514072
59,1800,40.21879,46.520812,33.916768,71.728908,48.621486,40.21879,42.319464,27.614746,166.259347,54.92351,46.520812,40.21879
59,1860,44.420138,69.628233,31.816094,31.816094,40.21879,33.916768,33.916768,31.816094,57.024184,38.118115,38.118115,33.916768
59,1920,38.118115,40.21879,31.816094,52.822835,42.319464,46.520812,40.21879,84.332959,138.950541,38.118115,40.21879,48.621486
59,1980,67.527558,40.21879,48.621486,67.527558,52.822835,50.722161,82.232284,54.92351,101.138364,40.21879,48.621486,33.916768
59,2040,65.426883,27.614746,46.520812,61.225534,31.816094,42.319464,61.225534,48.621486,92.735661,42.319464,48.621486,52.822835
59,2100,38.118115,50.722161,46.520812,31.816094,33.916768,44.420138,65.426883,31.816094,105.339716,46.520812,27.614746,27.614746
59,2160,48.621486,31.816094,25.514072,52.822835,52.822835,44.420138,44.420138,44.420138,96.937013,40.21879,40.21879,36.017441
59,2220,29.71542,52.822835,57.024184,42.319464,33.916768,46.520812,31.816094,59.124859,73.829583,57.024184,54.92351,31.816094
59,2280,50.722161,44.420138,40.21879,40.21879,46.520812,36.017441,52.822835,40.21879,73.829583,38.118115,27.614746,29.71542
59,2340,57.024184,36.017441,65.426883,31.816094,33.916768,31.816094,42.319464,52.822835,59.124859,36.017441,38.118115,38.118115
59,2400,44.420138,36.017441,54.92351,42.319464,33.916768,44.420138,61.225534,33.916768,69.628233,38.118115,48.621486,44.420138
59,2460,61.225534,52.822835,31.816094,52.822835,40.21879,33.916768,48.621486,61.225534,159.957314,33.916768,31.816094,25.514072
59,2520,71.728908,42.319464,36.017441,31.816094,46.520812,27.614746,46.520812,42.319464,52.822835,38.118115,33.916768,38.118115
59,2580,92.735661,44.420138,57.024184,33.916768,44.420138,42.319464,38.118115,38.118115,48.621486,42.319464,38.118115,44.420138
59,2640,44.420138,44.420138,40.21879,46.520812,46.520812,50.722161,63.326208,67.527558,73.829583,57.024184,36.017441,33.916768
59,2700,57.024184,44.420138,46.520812,40.21879,33.916768,65.426883,78.030933,52.822835,48.621486,40.21879,40.21879,40.21879
59,2760,59.124859,54.92351,63.326208,59.124859,40.21879,40.21879,54.92351,40.21879,61.225534,27.614746,33.916768,29.71542
59,2820,50.722161,38.118115,36.017441,71.728908,36.017441,40.21879,44.420138,50.722161,46.520812,65.426883,33.916768,31.816094
59,2880,36.017441,42.319464,69.628233,48.621486,31.816094,42.319464,40.21879,33.916768,38.118115,59.124859,23.413399,67.527558
59,2940,57.024184,40.21879,40.21879,61.225534,67.527558,48.621486,38.118115,31.816094,46.520812,38.118115,48.621486,40.21879
20,0,949.816521,475.059663,309.105584,222.977671,216.675633,195.668843,191.467486,159.957314,103.23904,88.53431,92.735661,75.930258
20,60,109.541068,80.131608,59.124859,88.53431,48.621486,94.836337,50.722161,71.728908,63.326208,67.527558,99.037688,69.628233
20,120,71.728908,29.71542,48.621486,48.621486,54.92351,29.71542,59.124859,61.225534,61.225534,57.024184,50.722161,63.326208
20,180,38.118115,52.822835,36.017441,52.822835,57.024184,40.21879,33.916768,44.420138,67.527558,48.621486,42.319464,40.21879
20,240,69.628233,54.92351,63.326208,44.420138,54.92351,99.037688,46.520812,54.92351,65.426883,27.614746,54.92351,48.621486
20,300,46.520812,44.420138,42.319464,38.118115,57.024184,48.621486,57.024184,40.21879,40.21879,36.017441,31.816094,57.024184
20,360,40.21879,48.621486,69.628233,52.822835,48.621486,48.621486,61.225534,36.017441,36.017441,69.628233,50.722161,40.21879
20,420,44.420138,36.017441,27.614746,42.319464,63.326208,67.527558,50.722161,46.520812,57.024184,42.319464,38.118115,42.319464
20,480,54.92351,42.319464,36.017441,59.124859,31.816094,61.225534,38.118115,71.728908,65.426883,44.420138,44.420138,31.816094
20,540,44.420138,57.024184,42.319464,71.728908,33.916768,65.426883,31.816094,44.420138,50.722161,46.520812,38.118115,31.816094
20,600,31.816094,54.92351,42.319464,36.017441,61.225534,96.937013,50.722161,54.92351,33.916768,59.124859,42.319464,42.319464
20,660,46.520812,57.024184,25.514072,27.614746,57.024184,71.728908,48.621486,33.916768,36.017441,75.930258,38.118115,36.017441
20,720,59.124859,54.92351,38.118115,44.420138,42.319464,113.742421,38.118115,65.426883,61.225534,63.326208,36.017441,44.420138
20,780,40.21879,54.92351,36.017441,33.916768,33.916768,65.426883,50.722161,52.822835,57.024184,42.319464,42.319464,42.319464
20,840,31.816094,36.017441,27.614746,50.722161,33.916768,50.722161,25.514072,40.21879,54.92351,44.420138,38.118115,101.138364
20,900,57.024184,75.930258,36.017441,50.722161,67.527558,38.118115,61.225534,61.225534,90.634986,99.037688,40.21879,71.728908
20,960,46.520812,38.118115,40.21879,38.118115,50.722161,42.319464,44.420138,88.53431,54.92351,189.366807,44.420138,65.426883
20,1020,27.614746,29.71542,63.326208,48.621486,42.319464,36.017441,61.225534,80.131608,71.728908,65.426883,48.621486,33.916768
20,1080,42.319464,36.017441,29.71542,46.520812,65.426883,57.024184,42.319464,80.131608,42.319464,59.124859,29.71542,69.628233
20,1140,29.71542,50.722161,61.225534,78.030933,36.017441,42.319464,44.420138,67.527558,57.024184,57.024184,61.225534,67.527558
20,1200,42.319464,31.816094,61.225534,48.621486,48.621486,69.628233,59.124859,59.124859,46.520812,54.92351,38.118115,63.326208
20,1260,36.017441,42.319464,50.722161,42.319464,65.426883,65.426883,40.21879,50.722161,42.319464,44.420138,44.420138,65.426883
20,1320,38.118115,42.319464,42.319464,50.722161,61.225534,40.21879,44.420138,71.728908,63.326208,67.527558,42.319464,71.728908
20,1380,59.124859,44.420138,27.614746,44.420138,44.420138,44.420138,59.124859,44.420138,63.326208,46.520812,52.822835,46.520812
20,1440,65.426883,52.822835,48.621486,46.520812,42.319464,57.024184,46.520812,57.024184,46.520812,42.319464,44.420138,42.319464
20,1500,44.420138,50.722161,84.332959,59.124859,44.420138,29.71542,78.030933,73.829583,46.520812,63.326208,36.017441,44.420138
20,1560,31.816094,42.319464,42.319464,42.319464,61.225534,44.420138,57.024184,57.024184,27.614746,46.520812,40.21879,46.520812
20,1620,33.916768,36.017441,57.024184,57.024184,52.822835,42.319464,31.816094,80.131608,61.225534,48.621486,63.326208,57.024184
20,1680,33.916768,44.420138,38.118115,42.319464,46.520812,57.024184,25.514072,48.621486,29.71542,54.92351,31.816094,46.520812
20,1740,42.319464,33.916768,27.614746,31.816094,40.21879,52.822835,57.024184,63.326208,48.621486,61.225534,69.628233,40.21879
20,1800,59.124859,52.822835,54.92351,57.024184,50.722161,59.124859,38.118115,69.628233,48.621486,46.520812,59.124859,44.420138
20,1860,29.71542,50.722161,48.621486,36.017441,33.916768,71.728908,40.21879,67.527558,63.326208,105.339716,40.21879,46.520812
20,1920,44.420138,31.816094,29.71542,48.621486,40.21879,40.21879,40.21879,57.024184,38.118115,75.930258,40.21879,46.520812
20,1980,40.21879,48.621486,57.024184,33.916768,44.420138,38.118115,44.420138,57.024184,48.621486,42.319464,48.621486,31.816094
20,2040,38.118115,50.722161,50.722161,61.225534,33.916768,40.21879,52.822835,46.520812,38.118115,59.124859,44.420138,46.520812
20,2100,84.332959,59.124859,29.71542,46.520812,38.118115,31.816094,52.822835,23.413399,86.433635,69.628233,57.024184,57.024184
20,2160,36.017441,61.225534,33.916768,36.017441,46.520812,42.319464,54.92351,80.131608,50.722161,65.426883,29.71542,31.816094
20,2220,38.118115,33.916768,27.614746,38.118115,36.017441,33.916768,44.420138,59.124859,38.118115,48.621486,36.017441,33.916768
20,2280,78.030933,40.21879,63.326208,42.319464,63.326208,44.420138,44.420138,59.124859,42.319464,38.118115,36.017441,48.621486
20,2340,42.319464,44.420138,40.21879,40.21879,65.426883,29.71542,52.822835,67.527558,44.420138,92.735661,29.71542,38.118115
20,2400,38.118115,57.024184,82.232284,42.319464,29.71542,50.722161,46.520812,36.017441,31.816094,57.024184,50.722161,38.118115
20,2460,54.92351,36.017441,38.118115,71.728908,73.829583,27.614746,46.520812,94.836337,50.722161,31.816094,67.527558,50.722161
20,2520,46.520812,57.024184,48.621486,36.017441,48.621486,57.024184,40.21879,59.124859,61.225534,48.621486,42.319464,57.024184
20,2580,46.520812,42.319464,29.71542,52.822835,31.816094,31.816094,38.118115,71.728908,57.024184,38.118115,40.21879,59.124859
20,2640,61.225534,38.118115,38.118115,57.024184,31.816094,31.816094,36.017441,52.822835,44.420138,50.722161,57.024184,31.816094
20,2700,38.118115,33.916768,50.722161,94.836337,38.118115,36.017441,40.21879,54.92351,61.225534,52.822835,40.21879,71.728908
20,2760,50.722161,44.420138,61.225534,176.762737,52.822835,44.420138,78.030933,115.843097,33.916768,44.420138,54.92351,52.822835
20,2820,27.614746,38.118115,48.621486,225.078351,65.426883,38.118115,36.017441,29.71542,33.916768,57.024184,29.71542,31.816094
20,2880,40.21879,27.614746,42.319464,157.856636,48.621486,42.319464,86.433635,50.722161,40.21879,44.420138,40.21879,52.822835
20,2940,40.21879,44.420138,40.21879,40.21879,31.816094,71.728908,40.21879,57.024184,44.420138,29.71542,38.118115,27.614746
Pta_1297,0,941.413717,571.691331,296.501493,210.373595,178.863415,172.561381,122.145126,84.332959,134.749187,105.339716,103.23904,86.433635
Pta_1297,60,86.433635,67.527558,103.23904,71.728908,82.232284,46.520812,57.024184,71.728908,69.628233,57.024184,71.728908,36.017441
Pta_1297,120,328.011725,428.844564,1029.643208,164.158669,96.937013,328.011725,141.051218,191.467486,103.23904,199.8702,101.138364,143.151895
Pta_1297,180,2781.651626,3844.641924,7428.67562,1044.348134,1161.987652,2794.25616,951.917222,1519.108815,743.948111,2876.185689,1300.634478,1756.490351
Pta_1297,240,7109.340509,9806.927216,15351.589435,2995.929016,4130.349552,5628.2327,4105.140009,4399.251903,2600.98688,8035.836488,5195.460957,6882.445385
Pta_1297,300,12359.644934,15275.948829,20978.637017,5193.36013,6689.164928,7525.316794,7113.542277,7930.790982,4901.34575,13859.803528,10151.486202,12979.4545
Pta_1297,360,15981.930969,19656.933996,23849.066031,6634.542286,9546.408122,9266.981451,9178.741679,11120.042103,7012.699904,17978.049566,14057.30577,17427.535441
Pta_1297,420,18532.770424,21646.852399,25692.00172,8357.276706,10493.945883,9512.792825,10237.626211,13557.247971,8640.901641,20869.369694,16853.912687,20539.467454
Pta_1297,480,19564.478747,23111.484933,25673.088795,8958.142731,11040.204021,9928.783251,11292.324586,15212.915052,9752.302165,22865.626277,19352.252384,22350.796818
Pta_1297,540,20554.176438,23527.555376,25689.900284,10021.2259,12195.763991,10075.851159,11338.546787,16574.457134,10502.349822,23491.83206,20797.925766,22861.423573
Pta_1297,600,20598.303409,23834.356362,24752.665897,10101.062831,12597.062871,10243.929143,12004.570037,17024.107964,11191.476252,24452.165126,21583.812943,23409.878639
Pta_1297,660,20827.343845,23725.084625,24727.449,10548.571507,13246.289444,10355.281027,12054.994766,16925.35263,11313.334673,24708.536333,21802.349966,23256.478901
Pta_1297,720,20869.369694,24418.542741,24048.697566,10886.831118,13832.489431,10161.991076,12305.017911,16526.130346,12027.681367,24740.057448,22777.369532,23626.319932
Pta_1297,780,20348.250936,24595.060438,22817.295189,11252.405436,14109.833055,9960.297777,12815.57212,15549.095845,11823.881721,24246.228271,22466.370452,22834.105999
Pta_1297,840,19484.63113,24019.278147,22102.839477,11340.647797,13895.521977,9682.970431,12330.230378,14992.297276,12349.139734,23697.766717,21785.539402,22722.73446
Pta_1297,900,18478.138631,23260.681629,20749.596091,11061.214034,13870.308952,9445.562279,12323.92726,13889.21872,12223.077455,23737.692894,21436.721095,21651.055032
Pta_1297,960,18364.672735,23088.369981,20402.884174,11281.819544,13969.060019,9332.110877,12805.066852,12603.366013,11683.113237,22806.788435,21218.185202,20940.813694
Pta_1297,1020,17896.102535,22474.775814,19436.302352,11405.779133,13893.420892,8712.333285,11941.539177,11180.971226,12105.419531,22025.09032,19904.882759,20108.705699
Pta_1297,1080,17082.940994,21224.489112,18587.402259,10691.438723,13071.901138,8384.588687,12300.815834,9544.307165,11777.659203,21485.05124,19726.275512,18591.60471
Pta_1297,1140,15740.299383,20203.262933,16940.060862,10846.912198,12836.58266,7884.571009,11378.465985,8075.753821,11580.163329,20144.427306,18547.478991,17240.529709
Pta_1297,1200,15038.521896,19194.658962,16017.65049,10096.860885,12529.829392,7121.945815,11185.173236,7115.643162,10899.437097,18833.24604,17549.40461,15067.937579
Pta_1297,1260,14288.426115,18022.174929,14979.690567,9916.177445,11559.153162,6434.959914,10878.427133,6109.326728,10691.438723,16835.002126,16194.147216,14137.147258
Pta_1297,1320,13456.396407,16467.297779,13643.39213,9332.110877,11014.992014,6147.142117,10544.369534,4766.893492,9573.720563,15137.274594,14555.265999,12298.714795
Pta_1297,1380,11937.337122,14706.545751,12109.621596,9197.650192,9872.05714,5647.140264,9861.552309,4084.132063,9327.908977,13729.536393,12708.418462,10693.539713
Pta_1297,1440,10582.187296,13422.779251,10418.310473,8180.799543,9040.079403,4928.656396,9094.703903,3369.865626,8441.313605,12042.388581,11414.183181,9079.997303
Pta_1297,1500,9861.552309,11956.246373,9441.360372,7512.711416,8624.094205,4163.96229,8498.038568,2687.117689,7796.332963,10233.424257,10302.756532,8092.561126
Pta_1297,1560,8582.075635,10004.418137,8229.120627,6596.726636,7977.010986,3674.478371,7760.617594,2201.845472,6903.454162,8863.600535,8989.656824,6382.438331
Pta_1297,1620,7871.965567,9098.90579,7000.094618,6100.92331,6949.673494,2966.518356,7082.02902,1638.849845,6262.689267,7989.616446,7584.14192,5575.711716
Pta_1297,1680,6676.559699,7544.224865,6216.470385,5516.888261,5855.123799,2558.971889,6191.260098,1330.044445,5516.888261,6603.029243,7109.340509,4542.106694
Pta_1297,1740,5918.149233,6571.516213,5000.08429,4943.362133,5439.157341,2122.017461,5995.880679,1042.24743,4775.296751,5481.174044,5855.123799,3846.742712
Pta_1297,1800,5336.216524,5464.367359,4266.9014,4367.739856,4777.397565,1804.807045,4882.438386,743.948111,4088.333652,4693.365021,5241.679172,3323.648635
Pta_1297,1860,4638.743921,4857.228575,3609.354157,3962.286102,4113.543189,1363.655852,4455.973624,710.336999,3420.284197,3699.687761,4634.5423,2479.143474
Pta_1297,1920,3903.463989,3565.237788,3040.04503,3275.330903,3773.215198,1082.160815,4344.63103,535.979612,2869.883414,3281.633214,3930.774249,2224.953598
Pta_1297,1980,3693.385413,3369.865626,2670.31167,3016.936639,3365.66408,962.420729,3552.633116,382.629495,2424.524085,2926.603907,3447.594271,1649.353453
Pta_1297,2040,3294.237838,3094.664895,2046.391008,2699.722207,2815.263723,752.350892,3067.354958,307.004902,1888.836156,2437.128556,3092.564131,1750.188176
Pta_1297,2100,2811.06221,2355.199536,1760.691802,2374.106224,2485.445714,628.409981,2752.241054,292.300129,1580.029664,1922.447828,2489.647208,1304.835901
Pta_1297,2160,2565.274136,2050.592475,1464.490168,1941.354401,2088.405694,460.354855,2348.897308,256.588552,1262.82168,1760.691802,2266.96839,1496.000921
Pta_1297,2220,2220.75212,1842.620132,1376.260133,1813.209951,1920.347098,361.622655,2130.420406,178.863415,1052.75095,1472.893034,2107.312311,1185.095437
Pta_1297,2280,2012.779276,1422.475852,1185.095437,1430.878713,1794.303413,361.622655,1596.835425,199.8702,935.111615,1453.986586,1666.15923,764.955064
Pta_1297,2340,1710.274415,1151.484116,842.680845,1313.238748,1500.202356,325.911043,1466.590884,105.339716,680.927289,1035.945319,1386.763703,855.285034
Pta_1297,2400,1571.626786,1103.167869,802.767596,1140.980581,1422.475852,319.608995,1300.634478,122.145126,704.034918,958.219326,1239.713869,620.007215
Pta_1297,2460,1254.418839,924.608112,588.496852,924.608112,1344.749434,178.863415,1119.973516,73.829583,535.979612,743.948111,1113.671398,638.913439
Pta_1297,2520,1420.375137,846.882241,514.972727,863.687828,1096.865752,199.8702,975.024939,71.728908,468.757602,641.014131,1027.542505,512.872039
Pta_1297,2580,1315.33946,800.666899,416.240451,775.458543,1050.650246,147.353249,865.788526,88.53431,462.455542,569.590641,863.687828,462.455542
Pta_1297,2640,1019.139692,678.826596,420.441822,659.920361,966.622132,143.151895,834.278054,65.426883,416.240451,491.865161,718.739776,565.389262
Pta_1297,2700,922.507412,617.906524,323.81036,533.878924,781.760631,117.943773,680.927289,67.527558,319.608995,464.556229,722.941164,416.240451
Pta_1297,2760,785.962024,470.858289,365.824023,552.785125,798.566202,111.641745,601.100996,88.53431,353.219921,384.730179,498.167224,638.913439
Pta_1297,2820,838.479449,424.643193,262.890593,531.778235,697.732836,111.641745,605.302377,54.92351,353.219921,346.917872,445.650051,556.986504
Pta_1297,2880,670.423825,420.441822,162.057992,496.066536,607.403068,82.232284,504.469287,61.225534,304.90422,275.494679,416.240451,298.602174
Pta_1297,2940,672.524517,332.213091,206.172237,412.039081,582.194782,78.030933,489.764474,69.628233,222.977671,311.206266,391.032233,502.368599
Pta_59,0,733.444637,472.958976,342.716505,254.487871,180.964093,149.453926,147.353249,222.977671,120.04445,88.53431,113.742421,103.23904
Pta_59,60,75.930258,88.53431,65.426883,65.426883,54.92351,57.024184,40.21879,82.232284,73.829583,75.930258,82.232284,48.621486
Pta_59,120,567.489952,159.957314,166.259347,113.742421,92.735661,1447.684438,514.972727,88.53431,233.48107,233.48107,69.628233,63.326208
Pta_59,180,3640.865866,844.781543,1250.217419,848.982939,607.403068,7678.682405,3901.3632,1306.936612,2806.860697,3407.679551,708.236305,1208.20323
Pta_59,240,9561.114819,2487.546461,4010.604303,2498.050196,2046.391008,14588.883694,8863.600535,5289.998247,7533.72038,9294.293784,3012.735114,5430.754003
Pta_59,300,14456.514114,4628.239868,6222.772958,4840.422039,3918.169512,20823.141262,12525.627302,10649.418923,11214.587316,14229.59541,5630.33354,11441.496343
Pta_59,360,16757.258762,6827.822594,7804.736581,6684.963185,5582.014232,24473.179124,15456.645967,13954.352404,14414.492077,17362.398557,8514.845973,17095.548078
Pta_59,420,18024.276138,9065.290705,9363.625137,8254.33164,6699.669287,27060.050038,16923.251454,16799.282191,16576.5583,19545.567461,9855.249412,21085.80321
Pta_59,480,18026.377346,10550.672493,9985.509408,9777.513722,7449.68456,28138.115978,18494.948409,18434.012983,17835.167625,20415.491851,11395.274075,23811.241173
Pta_59,540,17232.124969,12218.875383,10647.317934,10798.589324,7920.28644,28783.282208,18560.086337,19068.584477,18942.510217,20573.087994,11937.337122,25359.975552
Pta_59,600,17513.684315,13271.502246,11025.497016,11552.850113,8619.892347,28783.282208,18684.058687,19927.996671,19369.062369,21281.224332,13227.379847,28144.420505
Pta_59,660,16828.698607,14214.887741,11059.113032,12088.611272,8775.361267,28825.312786,18608.414515,20205.364206,20085.591728,20869.369694,13529.933992,27969.995451
Pta_59,720,15740.299383,14788.489085,11615.880627,12412.170958,8584.176563,27291.212891,19079.090675,20673.94971,20276.807535,19978.427051,13401.768537,28539.505351
Pta_59,780,15196.106055,15269.645449,11994.06489,12769.348953,9094.703903,26175.33374,18131.437853,20554.176438,20806.33093,19249.291308,13536.237217,28507.982543
Pta_59,840,14095.125411,15967.222936,11746.143867,12384.85742,9151.429391,24540.423961,17864.584472,19881.768855,20314.630503,18841.650971,13305.11933,27406.7946
Pta_59,900,13975.363283,15923.098854,11214.587316,12351.240774,9222.861551,23367.85128,17215.315491,19976.325785,19976.325785,18055.794272,13151.741514,27291.212891
Pta_59,960,12628.578587,16095.393042,11084.325055,12069.701985,8773.260333,21957.847875,16164.731065,19312.328683,19986.832118,17288.856986,13183.257476,26526.276885
Pta_59,1020,11998.266949,16345.430474,10930.952056,11970.953572,8800.572475,20724.380622,15698.276583,18791.221402,19434.201102,16412.667582,12550.839848,25750.841963
Pta_59,1080,11525.536908,16255.080712,10382.59378,11702.02242,8367.781313,19039.167129,14916.657054,17612.44047,18177.664525,15387.308639,11952.044317,24687.522265
Pta_59,1140,10033.831726,15639.444705,9432.956558,11594.87045,8115.671177,17505.279542,14292.62831,16637.492125,17557.809388,14116.136331,11342.748806,22182.690051
Pta_59,1200,9626.244517,15544.893575,8678.718385,10725.05458,7693.388714,15469.252762,12910.1196,15397.81429,16467.297779,12634.881731,10783.882369,21430.417166
Pta_59,1260,8890.912712,15044.825255,8567.369141,9941.38906,7311.025675,14078.316679,11956.246373,14660.321348,15141.47684,11760.851022,9884.662938,19461.517362
Pta_59,1320,8174.496795,14855.724712,7386.65776,9525.398559,6458.069423,12210.471239,10762.872439,12939.534398,14401.88547,10397.300652,9296.394733,18055.794272
Pta_59,1380,7523.215897,14452.311909,6722.778883,9348.918481,5997.981531,10554.874466,9710.282924,12290.310642,12979.4545,9304.79853,8445.515452,15257.03869
Pta_59,1440,6399.245233,13628.684583,5825.711948,8306.854614,5432.854837,9634.648353,8794.269672,11195.678263,11159.961177,8554.763577,7224.889231,13466.901772
Pta_59,1500,5815.207719,11994.06489,5092.520495,7773.223016,5151.343598,8134.579406,7716.498634,9979.206499,9895.167772,7046.314013,6403.44696,11183.072231
Pta_59,1560,4865.631844,11380.566996,4611.433387,7161.862632,4367.739856,6937.068219,6634.542286,8760.654733,8844.692111,6037.897713,5844.619565,9928.783251
Pta_59,1620,4142.954327,9846.845549,3792.122266,6365.631433,3947.580569,6002.183233,5806.804337,7876.167381,7199.678585,5327.813199,4987.479363,8191.304123
Pta_59,1680,3577.842462,9029.574696,3124.075609,5243.780001,3203.904752,5413.947331,5094.62132,6897.151529,6859.335737,4857.228575,4304.715804,7096.735205
Pta_59,1740,3140.881737,8905.619273,2853.077351,4829.917956,2947.611509,4315.219809,4367.739856,5989.578127,5768.989129,4109.341599,3611.454937,6126.133565
Pta_59,1800,2708.12522,7657.673397,2678.714679,4184.970259,2729.132757,3729.098726,3846.742712,4934.958855,5369.829836,3296.338609,2932.906187,4993.781826
Pta_59,1860,2437.128556,6808.914714,2151.427771,3634.563523,2172.435142,3153.486336,3235.41628,4497.989742,4285.808599,3124.075609,2451.833774,4107.240804
Pta_59,1920,1983.369025,5699.661301,1821.612859,3344.656354,1958.160247,2808.961453,2806.860697,3886.65768,3579.943241,2567.374885,2014.880009,3806.827766
Pta_59,1980,1785.900509,5163.948555,1588.432544,2741.737282,1710.274415,2269.06913,2159.830718,3388.772586,3346.757127,2096.808634,1722.878758,2878.286447
Pta_59,2040,1483.396618,4521.098618,1437.18086,2531.662158,1386.763703,1867.828869,2113.614518,2825.767506,2792.155404,1930.850749,1468.691601,2609.389881
Pta_59,2100,1361.555139,4092.535241,1264.92239,2159.830718,1178.793313,1743.886002,1703.972244,2260.66617,2346.796565,1447.684438,1197.699687,1830.015768
Pta_59,2160,1103.167869,3313.144777,1048.549542,1794.303413,1140.980581,1380.461561,1493.900203,2071.599816,2035.88734,1330.044445,926.708812,1865.72814
Pta_59,2220,937.212315,3313.144777,947.71582,1628.346237,884.694816,1361.555139,1403.569418,1657.756341,1792.202687,1302.735189,941.413717,1334.24587
Pta_59,2280,806.968989,2869.883414,767.05576,1481.295901,899.399712,1317.440172,1222.908193,1504.403791,1592.633985,874.191321,800.666899,987.629151
Pta_59,2340,792.264113,2554.770391,779.659935,1229.210321,666.222439,878.392719,1017.038989,1193.49827,1416.173707,752.350892,617.906524,912.003911
Pta_59,2400,615.805833,2119.916725,718.739776,1126.275635,617.906524,800.666899,943.514418,1065.355177,1143.081288,668.323132,527.576858,859.486431
Pta_59,2460,388.931548,1987.570488,638.913439,968.722833,561.187883,708.236305,649.4169,878.392719,1021.240395,636.812748,458.254169,550.684436
Pta_59,2520,483.462411,1636.749123,521.274792,834.278054,466.656915,552.785125,676.725903,819.573172,853.184336,577.993401,493.965849,651.517592
Pta_59,2580,493.965849,1470.792317,521.274792,813.27108,523.375481,475.059663,607.403068,722.941164,821.673869,460.354855,391.032233,548.583746
Pta_59,2640,372.126074,1315.33946,468.757602,666.222439,422.542507,462.455542,458.254169,567.489952,739.746721,500.267912,351.119238,388.931548
Pta_59,2700,361.622655,1178.793313,439.347993,548.583746,351.119238,397.334286,479.261037,458.254169,544.382368,424.643193,239.783109,363.723339
Pta_59,2760,304.90422,930.910213,380.528811,535.979612,359.521972,388.931548,399.434971,468.757602,414.139766,338.515139,279.696041,300.702856
Pta_59,2820,231.38039,846.882241,380.528811,487.663786,395.233602,401.535656,376.327442,384.730179,422.542507,290.199448,206.172237,243.98447
Pta_59,2880,189.366807,823.774566,315.407631,443.549365,309.105584,349.018555,290.199448,353.219921,405.737026,309.105584,206.172237,260.789913
Pta_59,2940,235.58175,762.854369,246.08515,403.636341,325.911043,264.991274,357.421288,323.81036,330.112408,201.970879,138.950541,185.16545
Pta_20,0,695.632143,466.656915,340.615822,262.890593,166.259347,185.16545,128.447156,147.353249,109.541068,86.433635,75.930258,94.836337
Pta_20,60,128.447156,57.024184,90.634986,75.930258,63.326208,155.755959,48.621486,80.131608,50.722161,48.621486,69.628233,84.332959
Pta_20,120,1317.440172,147.353249,84.332959,174.662059,151.554604,1972.865366,187.266129,321.709678,189.366807,117.943773,88.53431,88.53431
Pta_20,180,5920.250082,865.788526,407.837711,1241.814579,1220.807484,10382.59378,1103.167869,1525.41097,2911.89859,750.250197,2042.18954,666.222439
Pta_20,240,11388.97104,2266.96839,1872.030326,3556.834673,3046.34732,19144.229141,3726.997943,5588.316749,9107.309563,2107.312311,8569.470068,3042.145794
Pta_20,300,16536.636167,4416.058334,3741.70343,5924.451779,4878.23675,24103.333663,6216.470385,10746.064499,14105.63087,3460.198924,14032.092687,5586.21591
Pta_20,360,19875.465064,5853.022952,5657.644468,7932.891891,6529.498862,28379.789935,7808.938391,14853.623597,17114.458709,4279.506199,18705.070971,7871.965567
Pta_20,420,20749.596091,7605.150906,7121.945815,8640.901641,7825.745633,30052.616667,8855.19679,17417.029488,19495.13739,4766.893492,20930.307219,10031.730755
Pta_20,480,21190.868262,8643.00257,8264.836232,9294.293784,8813.178082,32171.026905,9472.87468,18837.448505,21108.917508,5279.494098,23046.342813,11237.698387
Pta_20,540,21432.518476,9027.473755,8935.032405,9947.691965,9493.884227,31679.247444,9460.268955,19810.325925,21796.046004,5726.972255,24271.444997,12136.935027
Pta_20,600,20642.430408,9559.013862,9535.90334,10216.616443,9735.494466,31973.474061,9479.177544,20924.003335,22607.160407,6119.831001,24437.45533,13176.954283
Pta_20,660,19730.47803,9424.552746,9565.316734,11094.830067,9956.095839,31332.48193,9554.811949,21161.450032,23090.47134,6262.689267,25225.484383,13511.02432
Pta_20,720,19455.213609,10231.32328,10235.525234,10828.003243,10033.831726,31393.428473,9588.427266,21409.404072,23376.25675,6714.375393,25107.80482,13326.130016
Pta_20,780,18707.1722,9731.292542,10554.874466,11235.59738,10424.613421,29777.312059,9300.596631,20510.049494,23475.021094,6758.493727,24521.511344,13391.263182
Pta_20,840,17595.630902,10063.245326,10409.906544,11027.598017,10035.932697,28827.414315,8754.351933,20860.964522,23185.032561,6703.871031,23722.983247,13521.529693
Pta_20,900,16883.329125,10069.548242,10678.83278,10951.962036,9922.480348,27553.898867,8029.533753,20556.277722,22636.579239,6552.608402,22962.288553,12765.146849
Pta_20,960,14998.600631,9670.364668,10031.730755,10956.164033,9911.97551,25326.352735,7811.039296,19671.642796,22224.716705,6474.876344,21369.47921,12769.348953
Pta_20,1020,14603.59144,9783.816613,9779.614685,11294.425594,9708.181963,23620.015807,7348.841707,19070.685716,21447.227646,6182.856671,21043.777233,12376.453257
Pta_20,1080,13574.05658,9294.293784,9567.417691,10626.308044,9495.985182,22144.866084,6958.077012,18005.365264,21058.486322,6065.208798,19806.123402,11647.395905
Pta_20,1140,12405.867833,9516.994736,9180.842625,10124.173538,8926.628651,20619.316262,6338.320231,17305.666481,20199.060386,5710.165513,18671.451319,11010.790014
Pta_20,1200,11762.952045,8960.24367,8567.369141,9453.966093,8308.955534,18459.227636,5434.955672,16267.687648,19213.570154,5792.09842,16576.5583,10197.707657
Pta_20,1260,10449.825217,8224.918792,7987.515536,8905.619273,7752.213981,16597.569957,4649.247976,15185.600433,18381.482486,5281.594928,14561.569316,9416.148935
Pta_20,1320,9651.456028,8065.249258,6997.993737,8206.010539,7262.705218,14748.567961,4126.147961,13447.992117,16893.834999,4472.780068,13290.411854,8079.955647
Pta_20,1380,8617.791418,7867.763754,6474.876344,7653.471597,6594.625767,12410.069916,3653.470554,12578.153449,15544.893575,4290.0102,11157.860173,6983.287572
Pta_20,1440,7850.956502,7052.61666,5739.577315,6962.278772,5878.233118,11078.022049,3256.423974,11031.800018,14200.180076,3863.549011,9552.710992,5953.863671
Pta_20,1500,6737.484993,6626.138806,5302.603229,6004.284084,5218.570061,9584.22535,2592.583879,9790.119504,12624.37649,2987.525969,7718.599537,5079.915551
Pta_20,1560,6073.612211,6294.202159,4260.599001,5258.485803,4760.591049,8380.386843,2323.6884,8409.799756,11120.042103,2743.838036,6817.318216,4155.559104
Pta_20,1620,5483.274879,5346.720682,3911.867145,5067.310609,4441.267988,6737.484993,2096.808634,7508.509624,9706.081001,2172.435142,5508.484914,3850.944286
Pta_20,1680,4676.558524,5374.031501,3447.594271,4418.159138,3556.834673,6012.68749,1693.468627,6353.026262,8519.047825,1855.224499,4563.114775,2979.122923
Pta_20,1740,3964.386893,4416.058334,2985.425208,4002.201135,3203.904752,5159.746902,1506.504508,5481.174044,7714.397732,1764.893252,3525.323001,2542.165899
Pta_20,1800,3596.749477,4296.312601,2590.483129,3357.260989,3056.851138,4313.119008,1267.023101,4712.272335,6666.055344,1542.216717,3092.564131,2021.182208
Pta_20,1860,2846.775078,3588.346359,2342.59508,2884.588723,2481.244221,3817.331697,1187.196145,3962.286102,5586.21591,993.931258,2735.435019,1498.101638
Pta_20,1920,2850.976593,3248.020896,1897.239072,2628.296637,2164.032193,3069.455722,1017.038989,3344.656354,5023.19333,842.680845,2266.96839,1386.763703
Pta_20,1980,2424.524085,2811.06221,1615.741911,2054.793943,1766.993978,2708.12522,939.313016,2953.913791,4495.888936,834.278054,1928.750018,1084.26152
Pta_20,2040,1989.67122,2617.792883,1565.324627,1825.814313,1540.115999,2300.580242,863.687828,2678.714679,3794.223051,779.659935,1565.324627,951.917222
Pta_20,2100,1815.310678,2256.46469,1250.217419,1630.446959,1327.943733,1937.15294,802.767596,2201.845472,3346.757127,668.323132,1313.238748,840.580147
Pta_20,2160,1653.554897,2176.636617,1164.088359,1640.950566,1084.26152,1796.404139,683.027983,1916.145638,2790.054649,493.965849,1176.692605,638.913439
Pta_20,2220,1353.152286,1836.31795,985.528449,1422.475852,985.528449,1330.044445,647.316207,1590.533264,2477.042728,374.226758,1025.441801,529.677546
Pta_20,2280,1193.49827,1603.137587,865.788526,1136.779167,882.594117,1315.33946,510.771351,1296.433055,1932.951479,332.213091,941.413717,531.778235
Pta_20,2340,1035.945319,1399.367989,718.739776,857.385732,788.06272,1054.851655,582.194782,1134.678461,1722.878758,294.400811,649.4169,386.830864
Pta_20,2400,882.594117,1267.023101,609.503759,914.104611,645.215515,939.313016,475.059663,979.226343,1615.741911,206.172237,668.323132,336.414456
Pta_20,2460,636.812748,1077.959405,653.618284,769.156456,599.000305,771.257152,409.938396,746.048806,1313.238748,241.88379,609.503759,332.213091
Pta_20,2520,651.517592,1033.844615,533.878924,714.538387,506.569975,714.538387,353.219921,680.927289,1197.699687,185.16545,487.663786,292.300129
Pta_20,2580,569.590641,926.708812,544.382368,573.792021,491.865161,611.60445,315.407631,783.861328,1031.743912,275.494679,426.743878,279.696041
Pta_20,2640,512.872039,836.378752,454.052796,508.670663,424.643193,525.476169,267.091955,527.576858,733.444637,206.172237,386.830864,275.494679
Pta_20,2700,489.764474,827.975961,321.709678,544.382368,367.924707,422.542507,197.769522,567.489952,714.538387,170.460703,267.091955,262.890593
Pta_20,2760,418.341136,773.357847,363.723339,1090.563636,355.320605,363.723339,220.876992,460.354855,550.684436,300.702856,262.890593,246.08515
Pta_20,2820,315.407631,788.06272,332.213091,2016.980742,372.126074,342.716505,237.68243,376.327442,359.521972,149.453926,241.88379,233.48107
Pta_20,2880,258.689232,603.201687,405.737026,880.493418,296.501493,365.824023,248.18583,357.421288,340.615822,185.16545,183.064772,197.769522
Pta_20,2940,187.266129,615.805833,365.824023,399.434971,273.393998,264.991274,233.48107,254.487871,407.837711,94.836337,172.561381,178.863415
