##BLOCKS= 1          
Plate:	Plate#1	1.3	PlateFormat	Kinetic	Luminescence	Raw	FALSE	50	3000	60				1	450	1	12	96	405	Automatic	435			6	Automatic			1	8	None	
Time(hh:mm:ss)	Temperature(¡C)	1	2	3	4	5	6	7	8	9	10	11	12		
0:00	24.50	674.62521	481.361724	325.911043	252.387191	151.554604	212.474275	143.151895	124.245803	80.131608	113.742421	63.326208	90.634986		
		647.316207	378.428127	256.588552	199.8702	178.863415	149.453926	134.749187	103.23904	126.34648	103.23904	103.23904	61.225534		
		580.094091	445.650051	210.373595	199.8702	155.755959	132.64851	126.34648	92.735661	117.943773	82.232284	124.245803	88.53431		
		704.034918	395.233602	260.789913	208.272916	170.460703	138.950541	120.04445	96.937013	124.245803	86.433635	92.735661	113.742421		
		565.389262	353.219921	342.716505	193.568164	147.353249	115.843097	99.037688	90.634986	99.037688	124.245803	69.628233	111.641745		
		554.885814	361.622655	227.179031	206.172237	176.762737	134.749187	126.34648	82.232284	120.04445	124.245803	113.742421	105.339716		
		592.698233	317.508313	262.890593	195.668843	174.662059	128.447156	122.145126	153.655281	136.849864	101.138364	78.030933	78.030933		
		483.462411	300.702856	256.588552	193.568164	183.064772	153.655281	113.742421	101.138364	107.440392	124.245803	92.735661	82.232284		
		
1:00	24.70	71.728908	73.829583	124.245803	54.92351	88.53431	82.232284	115.843097	61.225534	61.225534	44.420138	46.520812	48.621486		
		94.836337	63.326208	48.621486	73.829583	63.326208	67.527558	65.426883	61.225534	59.124859	57.024184	90.634986	69.628233		
		107.440392	59.124859	92.735661	63.326208	54.92351	65.426883	82.232284	44.420138	36.017441	71.728908	67.527558	78.030933		
		84.332959	80.131608	54.92351	65.426883	57.024184	101.138364	48.621486	57.024184	65.426883	52.822835	57.024184	54.92351		
		73.829583	48.621486	65.426883	69.628233	61.225534	65.426883	75.930258	54.92351	54.92351	48.621486	44.420138	82.232284		
		105.339716	67.527558	59.124859	67.527558	65.426883	54.92351	80.131608	69.628233	54.92351	73.829583	65.426883	52.822835		
		90.634986	99.037688	63.326208	80.131608	44.420138	61.225534	82.232284	90.634986	63.326208	69.628233	63.326208	54.92351		
		73.829583	86.433635	59.124859	101.138364	67.527558	57.024184	54.92351	40.21879	57.024184	59.124859	105.339716	73.829583		
		
2:00	24.90	65.426883	67.527558	48.621486	42.319464	46.520812	57.024184	63.326208	67.527558	50.722161	52.822835	78.030933	92.735661		
		46.520812	59.124859	63.326208	69.628233	40.21879	59.124859	78.030933	73.829583	40.21879	61.225534	75.930258	78.030933		
		73.829583	59.124859	59.124859	50.722161	54.92351	86.433635	57.024184	44.420138	54.92351	46.520812	69.628233	42.319464		
		46.520812	57.024184	73.829583	71.728908	67.527558	84.332959	63.326208	88.53431	52.822835	61.225534	36.017441	63.326208		
		52.822835	63.326208	50.722161	42.319464	57.024184	63.326208	86.433635	42.319464	40.21879	71.728908	67.527558	59.124859		
		61.225534	63.326208	65.426883	42.319464	65.426883	48.621486	52.822835	48.621486	63.326208	40.21879	40.21879	80.131608		
		61.225534	94.836337	48.621486	61.225534	80.131608	54.92351	40.21879	44.420138	48.621486	65.426883	69.628233	48.621486		
		90.634986	48.621486	59.124859	48.621486	44.420138	59.124859	42.319464	67.527558	52.822835	50.722161	42.319464	57.024184		
		
3:00	25.00	115.843097	75.930258	170.460703	183.064772	180.964093	94.836337	65.426883	103.23904	201.970879	262.890593	82.232284	317.508313		
		46.520812	57.024184	46.520812	54.92351	69.628233	48.621486	50.722161	46.520812	57.024184	59.124859	73.829583	33.916768		
		50.722161	57.024184	57.024184	57.024184	107.440392	52.822835	63.326208	99.037688	61.225534	52.822835	52.822835	50.722161		
		65.426883	40.21879	212.474275	63.326208	46.520812	107.440392	86.433635	82.232284	44.420138	52.822835	44.420138	78.030933		
		283.897404	82.232284	122.145126	101.138364	159.957314	117.943773	199.8702	71.728908	78.030933	73.829583	153.655281	361.622655		
		54.92351	27.614746	33.916768	46.520812	40.21879	44.420138	40.21879	46.520812	65.426883	44.420138	82.232284	57.024184		
		84.332959	159.957314	57.024184	63.326208	52.822835	65.426883	63.326208	40.21879	48.621486	50.722161	54.92351	44.420138		
		63.326208	65.426883	52.822835	73.829583	40.21879	73.829583	38.118115	48.621486	57.024184	40.21879	48.621486	46.520812		
		
4:00	25.20	477.16035	216.675633	1029.643208	783.861328	531.778235	592.698233	285.998085	475.059663	1292.231632	1489.698769	477.16035	1101.067163		
		29.71542	65.426883	40.21879	59.124859	65.426883	92.735661	36.017441	46.520812	48.621486	46.520812	71.728908	59.124859		
		101.138364	290.199448	107.440392	231.38039	115.843097	88.53431	517.073416	632.611364	75.930258	271.293317	92.735661	120.04445		
		998.132663	204.071558	1031.743912	241.88379	189.366807	769.156456	174.662059	649.4169	271.293317	94.836337	128.447156	328.011725		
		2088.405694	626.309289	756.552282	550.684436	676.725903	792.264113	1430.878713	315.407631	502.368599	563.288572	1159.886945	1861.526684		
		52.822835	69.628233	61.225534	42.319464	48.621486	54.92351	42.319464	54.92351	59.124859	75.930258	63.326208	50.722161		
		664.121746	998.132663	174.662059	166.259347	264.991274	197.769522	204.071558	216.675633	90.634986	138.950541	357.421288	176.762737		
		59.124859	67.527558	42.319464	42.319464	42.319464	27.614746	54.92351	40.21879	31.816094	29.71542	38.118115	54.92351		
		
5:00	25.30	1216.606066	697.732836	1905.64199	1890.936885	1470.792317	1922.447828	767.05576	1411.972277	2506.453185	3155.587102	1544.317436	2155.629244		
		40.21879	57.024184	42.319464	59.124859	75.930258	44.420138	50.722161	141.051218	61.225534	71.728908	38.118115	101.138364		
		349.018555	1313.238748	254.487871	1002.334068	409.938396	437.247307	2107.312311	2193.442519	353.219921	893.097614	655.718976	317.508313		
		3758.509704	699.83353	3040.04503	806.968989	525.476169	2304.781725	672.524517	2378.307711	1718.67731	454.052796	657.819669	1859.425956		
		5554.703334	1987.570488	2218.651381	1577.928945	1722.878758	2218.651381	3182.897074	874.191321	2166.13293	1819.512132	3823.634056	4264.8006		
		50.722161	36.017441	31.816094	52.822835	38.118115	40.21879	78.030933	54.92351	57.024184	48.621486	50.722161	42.319464		
		2327.889884	2886.689481	737.646027	1063.254472	718.739776	641.014131	693.531449	666.222439	225.078351	727.142553	1510.705944	842.680845		
		46.520812	52.822835	48.621486	38.118115	48.621486	57.024184	48.621486	50.722161	38.118115	38.118115	52.822835	44.420138		
		
6:00	25.40	2082.10349	1258.620259	3002.231303	3147.184036	2699.722207	3550.532337	1304.835901	2804.759941	3428.687295	4733.280467	2724.931249	3002.231303		
		48.621486	38.118115	65.426883	78.030933	105.339716	71.728908	54.92351	296.501493	92.735661	44.420138	63.326208	40.21879		
		949.816521	3061.052666	527.576858	2659.807909	1004.434771	1514.907379	4594.62691	4825.716323	962.420729	2277.472092	1678.763566	819.573172		
		7876.167381	1655.655619	4733.280467	2107.312311	1225.008903	4376.143067	1844.72086	5023.19333	4161.861493	1466.590884	1441.382291	4214.381427		
		8136.680321	3979.092429	3579.943241	2804.759941	3109.370251	4079.930475	4682.86096	1403.569418	4411.856726	3344.656354	6142.940407	5760.585752		
		38.118115	65.426883	82.232284	36.017441	48.621486	65.426883	63.326208	52.822835	42.319464	33.916768	61.225534	59.124859		
		4056.821743	4842.522856	1502.303073	2884.588723	1491.799486	1577.928945	1096.865752	1714.475862	540.18099	2241.759512	3262.726283	1974.966098		
		44.420138	63.326208	63.326208	38.118115	84.332959	31.816094	48.621486	27.614746	44.420138	67.527558	65.426883	50.722161		
		
7:00	25.40	2521.158418	1935.052209	4077.829681	3823.634056	3815.230911	5180.755167	1985.469757	3960.185311	4689.163397	6094.620748	3661.87368	3802.626194		
		54.92351	63.326208	71.728908	191.467486	126.34648	78.030933	99.037688	458.254169	107.440392	86.433635	96.937013	44.420138		
		1817.411405	4586.223672	985.528449	4491.687323	1569.526066	2661.908661	5747.980689	6552.608402	1479.195184	2937.107707	3159.788636	1298.533766		
		10930.952056	3016.936639	6212.26867	3103.067955	2308.983208	6197.562669	3220.710899	6764.796348	6319.412483	2376.206968	2374.106224	6334.118509		
		9752.302165	4850.926123	4712.272335	3569.439345	4094.636035	5405.543996	5903.443293	2086.304959	6308.90818	4752.187792	7571.536532	7121.945815		
		38.118115	59.124859	73.829583	48.621486	33.916768	33.916768	67.527558	50.722161	80.131608	69.628233	38.118115	50.722161		
		5237.477515	5785.795886	2706.024467	4621.937437	1916.145638	2674.513174	2082.10349	2853.077351	1195.598979	3760.610489	4510.594583	3132.478673		
		52.822835	48.621486	65.426883	69.628233	48.621486	52.822835	67.527558	36.017441	48.621486	40.21879	57.024184	31.816094		
		
8:00	25.50	3241.718588	2514.856175	4323.623014	4460.175234	5189.158475	6495.885	2300.580242	4972.773616	5598.820944	7439.180089	4334.127021	4884.539204		
		73.829583	90.634986	115.843097	233.48107	212.474275	105.339716	88.53431	451.95211	155.755959	103.23904	80.131608	71.728908		
		2619.893634	5558.90501	1346.850147	6021.090897	2281.673573	3863.549011	6705.971903	7687.08601	1720.778034	3674.478371	3876.153739	1737.583828		
		12578.153449	4319.421411	8002.221909	3968.588474	3138.780971	7821.543822	4895.043295	7395.06133	7409.76758	3332.051722	3161.889403	8044.240135		
		10695.640704	5983.275574	5113.528741	4012.705095	5336.216524	6470.674613	6861.436614	2428.725575	6920.261189	5666.047833	8182.900459	7600.949108		
		46.520812	63.326208	59.124859	54.92351	50.722161	50.722161	73.829583	54.92351	59.124859	48.621486	82.232284	63.326208		
		5939.157724	6460.170288	3834.13799	6046.301123	2405.617383	3579.943241	2537.964402	4235.389411	1622.044074	4655.550409	5302.603229	4216.482225		
		57.024184	61.225534	65.426883	29.71542	61.225534	33.916768	54.92351	61.225534	42.319464	42.319464	36.017441	46.520812		
		
9:00	25.50	3874.05295	2840.472806	4741.683722	4962.269514	5430.754003	7300.521225	2874.08493	5600.921783	6500.086732	8290.047258	4874.035115	5678.652881		
		99.037688	78.030933	84.332959	397.334286	233.48107	107.440392	109.541068	704.034918	357.421288	138.950541	134.749187	99.037688		
		3460.198924	5672.350357	1809.008498	7071.524604	2861.480382	4790.002456	6569.415345	8233.322462	2056.894677	4084.132063	4544.207501	2241.759512		
		13723.233151	4582.022054	8336.267496	4437.066379	3758.509704	8634.598852	6067.309652	7634.563496	7983.313716	3596.749477	3861.448224	8815.279017		
		10926.750061	6342.521954	5088.318847	4647.147165	5861.426339	7048.414895	7495.904249	2827.868263	7964.405527	6334.118509	8628.296064	7458.088137		
		63.326208	84.332959	73.829583	84.332959	50.722161	65.426883	103.23904	65.426883	73.829583	67.527558	69.628233	48.621486		
		5983.275574	6489.582402	4487.48571	6829.92347	2577.878631	4134.551143	2920.301628	4470.679262	2124.118197	5044.201555	5340.418187	4813.111427		
		29.71542	59.124859	44.420138	57.024184	57.024184	50.722161	50.722161	48.621486	59.124859	44.420138	54.92351	38.118115		
		
10:00	25.50	4157.6599	3048.448084	5197.561784	5311.006551	6212.26867	8109.368435	2987.525969	6472.775478	6993.791975	8977.051185	4970.672796	5871.930576		
		145.252572	128.447156	113.742421	628.409981	250.28651	222.977671	199.8702	823.774566	328.011725	109.541068	176.762737	151.554604		
		3764.812058	6176.554101	2067.398348	7481.197981	3336.253266	4985.378542	6075.713065	8292.148177	2241.759512	4092.535241	4367.739856	2531.662158		
		14248.505274	4991.681005	8785.865936	4829.917956	4315.219809	9082.098245	6934.96734	7464.390821	8332.065655	4002.201135	4615.635007	9607.335889		
		11201.98128	6745.888486	4922.353939	4579.921245	5968.569621	7237.494558	7600.949108	2827.868263	8002.221909	6476.977209	8811.077148	7220.687456		
		61.225534	78.030933	65.426883	50.722161	75.930258	61.225534	52.822835	63.326208	59.124859	67.527558	46.520812	63.326208		
		5493.779059	6376.135744	4863.531027	6670.257086	2516.956922	4357.235844	3040.04503	4733.280467	2611.490631	5117.73039	5029.495797	4953.866233		
		61.225534	31.816094	46.520812	94.836337	31.816094	61.225534	40.21879	48.621486	50.722161	48.621486	52.822835	42.319464		
		
11:00	25.50	4586.223672	3399.276455	5237.477515	5218.570061	6405.547823	9079.997303	3304.741692	6563.112741	7687.08601	9657.758908	5271.090779	6676.559699		
		134.749187	132.64851	101.138364	743.948111	321.709678	254.487871	193.568164	792.264113	483.462411	149.453926	250.28651	166.259347		
		3930.774249	5502.182404	2000.174881	7325.731907	3401.377229	5359.325674	5827.812794	7546.325762	2090.506429	4023.209056	4105.140009	2395.113662		
		13800.973179	5663.946991	8802.673409	4697.566646	4617.735817	9376.230845	7508.509624	7630.361697	8456.020072	3955.98373	4491.687323	9342.615629		
		10880.528129	6676.559699	4895.043295	5166.049381	6199.663526	7378.254191	7489.601562	2886.689481	8449.7173	6500.086732	9084.199188	6861.436614		
		59.124859	71.728908	73.829583	63.326208	63.326208	71.728908	59.124859	59.124859	92.735661	65.426883	48.621486	61.225534		
		5226.973373	5979.073873	4974.874437	6653.450119	2384.609942	4390.848689	3019.037401	5063.108962	2464.43825	4890.841658	4556.81235	5027.394975		
		25.514072	27.614746	57.024184	48.621486	52.822835	46.520812	61.225534	36.017441	48.621486	63.326208	57.024184	57.024184		
		
12:00	25.50	4672.356901	3615.656498	5684.955406	5378.233166	6514.792795	8935.032405	3888.758468	7247.998999	8516.946899	9977.10553	5292.099078	6907.655918		
		216.675633	222.977671	122.145126	958.219326	361.622655	260.789913	220.876992	968.722833	502.368599	212.474275	277.59536	250.28651		
		3968.588474	5029.495797	2046.391008	6878.24363	3584.1448	4867.732662	4930.757216	6340.421093	2107.312311	3878.254527	3458.098148	1941.354401		
		13107.61919	5472.770701	7743.810368	4649.247976	4890.841658	8605.185845	7216.485682	7237.494558	7693.388714	3764.812058	4626.139058	8435.010834		
		10552.77348	6766.897222	4321.522212	5018.991686	6201.764383	7094.634321	7302.622115	2626.195886	7806.837486	6594.625767	8342.570259	7205.981246		
		44.420138	73.829583	78.030933	33.916768	57.024184	73.829583	67.527558	67.527558	65.426883	40.21879	52.822835	67.527558		
		4292.111	4794.204086	4600.929338	6535.801463	2008.577811	4252.195803	3065.254194	4947.563773	2451.833774	4191.272651	3892.960045	4718.574774		
		31.816094	57.024184	67.527558	50.722161	48.621486	61.225534	48.621486	57.024184	61.225534	48.621486	44.420138	54.92351		
		
13:00	25.60	4714.373148	3798.424623	5264.788291	5846.720412	6558.911005	9128.319001	3792.122266	7121.945815	9113.612394	9622.042599	5378.233166	7153.45909		
		214.574954	233.48107	128.447156	975.024939	428.844564	344.817188	288.098766	876.29202	603.201687	195.668843	300.702856	197.769522		
		3941.278199	4302.615003	1804.807045	6067.309652	3376.167946	4884.539204	3756.40892	5531.59412	1764.893252	3485.408237	2869.883414	1899.339802		
		11357.455878	5275.292438	7269.007884	4422.360747	4811.010611	8086.258386	7142.954663	6493.784134	7142.954663	3651.369772	4672.356901	7441.280983		
		9752.302165	7012.699904	4350.933437	4869.833479	5817.308565	6739.585866	7008.498142	2739.636527	7787.929345	6128.23442	8353.074863	6332.017648		
		38.118115	71.728908	90.634986	94.836337	54.92351	124.245803	67.527558	54.92351	42.319464	59.124859	59.124859	46.520812		
		3472.80358	4121.94637	3941.278199	5212.267577	1628.346237	3897.161622	2804.759941	4628.239868	2586.28163	3434.98962	2979.122923	3724.897159		
		52.822835	48.621486	65.426883	46.520812	42.319464	48.621486	31.816094	50.722161	54.92351	54.92351	48.621486	46.520812		
		
14:00	25.60	4817.313059	3794.223051	5697.560458	6084.116479	6762.695475	9556.912906	4145.055123	7472.7944	8785.865936	10147.284253	5350.922346	7285.814997		
		218.776312	264.991274	151.554604	1004.434771	521.274792	319.608995	349.018555	998.132663	567.489952	264.991274	351.119238	237.68243		
		3357.260989	3533.726112	1682.965012	5493.779059	3100.96719	4283.707799	2832.069777	4483.284098	1626.245516	3197.602448	2451.833774	1386.763703		
		10395.19967	4903.446569	7004.29638	4063.124124	4834.119589	7178.66972	6754.29198	5539.997469	6235.378106	3294.237838	4390.848689	6514.792795		
		8577.873779	6512.691929	3857.246648	4760.591049	5590.417588	6540.003198	6193.360955	2579.979381	7065.221956	5781.594196	7848.855596	5294.199908		
		40.21879	57.024184	63.326208	61.225534	54.92351	46.520812	57.024184	54.92351	54.92351	54.92351	57.024184	57.024184		
		2935.006947	3203.904752	3508.516782	4659.752032	1325.843021	3315.245549	2342.59508	4430.763965	2485.445714	2491.747955	2369.904738	3149.284803		
		36.017441	52.822835	31.816094	44.420138	46.520812	48.621486	59.124859	54.92351	50.722161	61.225534	31.816094	50.722161		
		
15:00	25.70	4756.38942	3708.090893	5689.15709	5932.855176	6546.3058	9071.593532	4212.280629	7626.159898	8880.408027	9943.490028	4983.277721	6968.581411		
		271.293317	214.574954	168.360025	937.212315	481.361724	349.018555	363.723339	773.357847	500.267912	258.689232	340.615822	334.313773		
		3161.889403	2422.42334	1342.648721	4481.183292	2546.367396	3378.268719	2075.801286	3172.393238	1327.943733	2682.916184	1809.008498	968.722833		
		8458.120997	4241.691808	5663.946991	3500.113674	4504.292162	6455.968558	5773.190818	4743.784536	5640.837742	2701.82296	3983.294011	5395.03983		
		7453.886348	6201.764383	3285.834755	4455.973624	4670.256089	6231.17639	5464.367359	2292.177278	6449.665965	5348.821514	6844.629602	4964.370334		
		59.124859	36.017441	54.92351	59.124859	52.822835	174.662059	61.225534	63.326208	42.319464	59.124859	61.225534	54.92351		
		2101.010105	2775.34936	2779.55087	3752.207351	1119.973516	2945.510748	1972.865366	3939.177409	2031.685873	1842.620132	1689.267181	2456.035266		
		50.722161	27.614746	42.319464	50.722161	40.21879	67.527558	52.822835	48.621486	73.829583	46.520812	48.621486	48.621486		
		
16:00	25.70	4695.465834	3716.494025	6008.485787	6035.796861	6079.914772	9311.101378	3970.689265	7649.269796	8760.654733	9227.063445	4989.580184	7098.836089		
		218.776312	229.27971	153.655281	1040.146727	533.878924	418.341136	344.817188	846.882241	546.483057	216.675633	409.938396	277.59536		
		2621.994385	1712.375138	1216.606066	3462.2997	2241.759512	2928.704667	1439.281575	2218.651381	1010.736879	2393.012918	1214.505357	779.659935		
		7149.257319	3815.230911	4825.716323	3294.237838	4096.73683	5764.787441	5166.049381	4069.426505	4974.874437	2483.344967	3619.858058	4252.195803		
		6315.210762	5724.871412	3016.936639	4002.201135	4743.784536	5729.073098	5037.899087	2161.931455	5380.333999	4798.405717	6437.060778	4590.425291		
		36.017441	44.420138	46.520812	52.822835	59.124859	101.138364	59.124859	52.822835	71.728908	46.520812	52.822835	59.124859		
		1594.734705	2101.010105	2109.413047	2928.704667	796.465506	2338.393595	1517.008097	3279.532444	1678.763566	1338.447295	1246.015999	1809.008498		
		48.621486	36.017441	46.520812	50.722161	42.319464	50.722161	40.21879	84.332959	33.916768	38.118115	33.916768	65.426883		
		
17:00	25.70	4819.413875	3634.563523	5743.779002	5607.224302	6126.133565	9031.675637	3735.401078	7027.406075	8636.699781	9498.086137	4867.732662	6743.787612		
		204.071558	208.272916	153.655281	1063.254472	493.965849	359.521972	328.011725	628.409981	439.347993	208.272916	412.039081	296.501493		
		2058.995411	1214.505357	1008.636177	2731.233511	1628.346237	2176.636617	1010.736879	1640.950566	800.666899	1710.274415	844.781543	540.18099		
		5855.123799	3180.796307	3943.378989	2586.28163	3607.253377	4666.054466	4468.578457	3050.548847	3913.967934	2065.297613	3235.41628	3567.338567		
		5304.70406	5235.376686	2598.886129	3773.215198	3804.72698	4880.337568	4273.203799	1920.347098	4895.043295	4119.845575	6113.528437	3659.772898		
		40.21879	46.520812	52.822835	48.621486	52.822835	115.843097	57.024184	48.621486	38.118115	63.326208	61.225534	52.822835		
		1117.87281	1363.655852	1544.317436	2048.491741	441.448679	1855.224499	1145.181995	2636.699642	1437.18086	1014.938285	830.076659	1243.915289		
		38.118115	33.916768	57.024184	36.017441	48.621486	42.319464	50.722161	27.614746	33.916768	59.124859	52.822835	57.024184		
		
18:00	25.70	4609.332577	3519.020668	5714.367198	5611.425981	6037.897713	8588.378419	3895.060834	6779.502467	8252.230722	9147.227501	4884.539204	6208.066955		
		208.272916	201.970879	145.252572	867.889225	424.643193	321.709678	277.59536	626.309289	422.542507	220.876992	323.81036	252.387191		
		1498.101638	977.125641	638.913439	2197.643996	1334.24587	1586.331824	804.868293	993.931258	599.000305	1580.029664	666.222439	418.341136		
		4565.215584	2884.588723	3388.772586	1985.469757	3098.866425	3926.57267	3693.385413	2804.759941	3420.284197	1657.756341	2861.480382	2832.069777		
		4607.231767	4634.5423	2180.838092	3241.718588	3399.276455	4392.949493	3802.626194	1693.468627	4313.119008	3474.904356	5107.226266	3079.959543		
		57.024184	54.92351	50.722161	54.92351	42.319464	92.735661	59.124859	50.722161	31.816094	38.118115	50.722161	54.92351		
		882.594117	1054.851655	1122.074222	1647.252731	443.549365	1073.757995	821.673869	1989.67122	1010.736879	655.718976	519.174104	842.680845		
		42.319464	36.017441	86.433635	38.118115	31.816094	33.916768	46.520812	59.124859	57.024184	23.413399	46.520812	46.520812		
		
19:00	25.70	4332.02622	3542.129224	5464.367359	5361.426506	5691.257932	8094.66204	3519.020668	6613.533589	8035.836488	8609.387703	4294.211801	5916.048384		
		189.366807	189.366807	126.34648	739.746721	416.240451	353.219921	248.18583	575.892711	372.126074	164.158669	332.213091	210.373595		
		1126.275635	701.934224	504.469287	1512.806661	1216.606066	1159.886945	523.375481	760.753673	353.219921	1105.268574	472.958976	281.796722		
		3886.65768	2281.673573	2531.662158	1630.446959	2756.442564	3321.547863	2928.704667	2287.975796	2369.904738	1348.95086	2414.020361	2096.808634		
		3697.586978	4073.628093	1687.166458	2970.719878	2876.185689	3817.331697	3159.788636	1445.583722	3453.896597	2756.442564	4365.639054	2829.96902		
		48.621486	46.520812	48.621486	38.118115	44.420138	96.937013	48.621486	46.520812	52.822835	44.420138	50.722161	50.722161		
		575.892711	895.198313	851.083637	1159.886945	323.81036	863.687828	916.205311	1554.821031	809.069686	342.716505	365.824023	584.295472		
		50.722161	33.916768	33.916768	40.21879	59.124859	44.420138	27.614746	50.722161	27.614746	52.822835	42.319464	54.92351		
		
20:00	25.70	4290.0102	3392.974133	5355.12401	5273.191609	5577.812555	7964.405527	3443.39272	6052.603681	8006.423731	8458.120997	3987.495594	5439.157341		
		170.460703	166.259347	155.755959	647.316207	391.032233	285.998085	246.08515	567.489952	288.098766	162.057992	285.998085	237.68243		
		869.989924	605.302377	330.112408	1115.772104	954.017923	821.673869	292.300129	485.563099	346.917872	838.479449	304.90422	250.28651		
		2926.603907	1727.080206	2080.002755	1506.504508	2193.442519	2855.178108	2233.356554	1741.785277	1947.656593	1094.765046	1817.411405	1756.490351		
		3031.641978	3558.935451	1479.195184	2647.203399	2472.841235	3300.54015	2848.875835	1252.318129	2592.583879	2382.509199	3485.408237	2132.521142		
		50.722161	42.319464	44.420138	40.21879	46.520812	73.829583	40.21879	42.319464	44.420138	40.21879	46.520812	33.916768		
		342.716505	584.295472	502.368599	832.177356	176.762737	626.309289	542.281679	1109.469986	624.208598	264.991274	315.407631	328.011725		
		38.118115	46.520812	44.420138	50.722161	33.916768	42.319464	40.21879	52.822835	59.124859	25.514072	42.319464	29.71542		
		
21:00	25.70	4044.216984	3061.052666	4836.220406	4932.858035	5063.108962	7724.902244	3172.393238	5661.84615	7210.18302	7661.875198	3960.185311	5065.209786		
		166.259347	164.158669	111.641745	594.798924	334.313773	235.58175	227.179031	414.139766	197.769522	556.986504	206.172237	174.662059		
		601.100996	403.636341	353.219921	819.573172	622.107906	561.187883	309.105584	397.334286	294.400811	514.972727	241.88379	183.064772		
		2269.06913	1508.605226	1472.893034	1080.06011	1880.43324	2052.693209	1855.224499	1357.353712	1351.051573	800.666899	1411.972277	1248.116709		
		2275.371352	2943.409988	991.830556	2304.781725	2172.435142	2458.136012	2161.931455	1115.772104	2317.386174	1727.080206	2930.805427	1743.886002		
		57.024184	27.614746	48.621486	50.722161	38.118115	134.749187	50.722161	67.527558	33.916768	40.21879	33.916768	50.722161		
		222.977671	441.448679	418.341136	689.330062	172.561381	424.643193	334.313773	869.989924	439.347993	157.856636	222.977671	254.487871		
		31.816094	46.520812	59.124859	65.426883	44.420138	65.426883	29.71542	40.21879	40.21879	50.722161	48.621486	54.92351		
		
22:00	25.70	3712.292459	2651.404902	4645.046354	4466.477651	4388.747886	6697.568415	2905.596312	5481.174044	6882.445385	7174.467947	3750.106567	4390.848689		
		111.641745	128.447156	92.735661	481.361724	380.528811	300.702856	243.98447	283.897404	183.064772	143.151895	214.574954	183.064772		
		540.18099	241.88379	216.675633	531.778235	460.354855	437.247307	216.675633	231.38039	197.769522	405.737026	134.749187	111.641745		
		1781.699057	1176.692605	1275.425944	842.680845	1569.526066	1674.562121	1380.461561	1046.448838	1065.355177	577.993401	1140.980581	1050.650246		
		1922.447828	2365.703251	867.889225	1962.36171	1617.842632	1935.052209	1964.462441	722.941164	1754.389626	1441.382291	2258.56543	1424.576567		
		65.426883	40.21879	29.71542	44.420138	36.017441	117.943773	75.930258	52.822835	38.118115	38.118115	59.124859	46.520812		
		210.373595	302.803538	269.192636	397.334286	122.145126	355.320605	370.025391	580.094091	285.998085	113.742421	151.554604	195.668843		
		57.024184	29.71542	54.92351	63.326208	27.614746	73.829583	61.225534	42.319464	44.420138	46.520812	46.520812	57.024184		
		
23:00	25.70	3250.121665	2424.524085	4275.304599	4235.389411	4235.389411	5976.973022	2670.31167	5063.108962	6140.839551	6582.020555	3458.098148	3918.169512		
		132.64851	117.943773	147.353249	393.132917	258.689232	252.387191	218.776312	262.890593	195.668843	149.453926	155.755959	159.957314		
		372.126074	191.467486	105.339716	412.039081	355.320605	315.407631	155.755959	145.252572	136.849864	248.18583	134.749187	92.735661		
		1369.957992	880.493418	918.306011	630.510672	1237.613159	1281.728076	1019.139692	771.257152	859.486431	361.622655	903.601111	649.4169		
		1414.072992	2031.685873	731.343942	1502.303073	1252.318129	1571.626786	1506.504508	599.000305	1447.684438	1201.901104	1928.750018	1157.786237		
		40.21879	36.017441	27.614746	31.816094	48.621486	115.843097	48.621486	46.520812	52.822835	52.822835	40.21879	57.024184		
		151.554604	307.004902	214.574954	256.588552	103.23904	391.032233	189.366807	376.327442	246.08515	105.339716	111.641745	130.547833		
		33.916768	38.118115	38.118115	36.017441	44.420138	38.118115	46.520812	46.520812	40.21879	44.420138	33.916768	38.118115		
		
24:00	25.80	3079.959543	2227.054337	4023.209056	3609.354157	3863.549011	5525.291608	2432.927065	4180.768665	5311.006551	6000.082382	2983.324446	3229.113974		
		115.843097	86.433635	73.829583	328.011725	220.876992	176.762737	199.8702	212.474275	153.655281	254.487871	153.655281	138.950541		
		271.293317	145.252572	115.843097	325.911043	288.098766	222.977671	153.655281	172.561381	153.655281	210.373595	88.53431	71.728908		
		1151.484116	712.437693	739.746721	552.785125	985.528449	1082.160815	739.746721	622.107906	603.201687	336.414456	716.639082	500.267912		
		1090.563636	1582.130384	485.563099	1214.505357	1019.139692	1153.584823	1128.376341	538.080301	1197.699687	842.680845	1334.24587	912.003911		
		48.621486	44.420138	44.420138	69.628233	33.916768	155.755959	57.024184	42.319464	52.822835	57.024184	48.621486	40.21879		
		115.843097	168.360025	170.460703	193.568164	88.53431	374.226758	170.460703	302.803538	183.064772	63.326208	96.937013	109.541068		
		46.520812	57.024184	46.520812	44.420138	50.722161	54.92351	23.413399	36.017441	31.816094	31.816094	38.118115	31.816094		
		
25:00	25.80	2594.684629	1998.074149	3594.648697	3191.300145	3594.648697	4762.691863	2130.420406	3577.842462	4468.578457	5254.284145	2842.573563	2558.971889		
		103.23904	94.836337	147.353249	300.702856	183.064772	214.574954	164.158669	155.755959	99.037688	105.339716	178.863415	84.332959		
		141.051218	124.245803	82.232284	195.668843	199.8702	153.655281	94.836337	115.843097	94.836337	172.561381	90.634986	78.030933		
		764.955064	630.510672	531.778235	420.441822	767.05576	722.941164	599.000305	508.670663	403.636341	218.776312	624.208598	386.830864		
		840.580147	1182.994729	399.434971	1038.046023	779.659935	806.968989	985.528449	445.650051	928.809513	691.430756	1010.736879	559.087193		
		46.520812	31.816094	36.017441	44.420138	40.21879	120.04445	44.420138	50.722161	40.21879	31.816094	29.71542	33.916768		
		92.735661	172.561381	132.64851	170.460703	88.53431	143.151895	426.743878	180.964093	164.158669	86.433635	94.836337	84.332959		
		36.017441	59.124859	42.319464	36.017441	73.829583	29.71542	33.916768	33.916768	42.319464	38.118115	29.71542	29.71542		
		
26:00	25.70	2353.098793	1636.749123	2966.518356	2855.178108	2884.588723	4014.805887	2206.046949	3233.315511	4359.336646	4621.937437	2653.505654	2229.155076		
		82.232284	92.735661	86.433635	222.977671	170.460703	222.977671	174.662059	128.447156	92.735661	99.037688	113.742421	105.339716		
		147.353249	88.53431	84.332959	218.776312	208.272916	187.266129	94.836337	111.641745	90.634986	94.836337	65.426883	71.728908		
		538.080301	353.219921	384.730179	351.119238	596.899614	710.336999	416.240451	458.254169	380.528811	243.98447	414.139766	304.90422		
		617.906524	1031.743912	342.716505	897.299013	580.094091	664.121746	792.264113	386.830864	620.007215	599.000305	746.048806	441.448679		
		42.319464	46.520812	27.614746	33.916768	42.319464	117.943773	38.118115	29.71542	52.822835	46.520812	23.413399	31.816094		
		57.024184	149.453926	107.440392	94.836337	69.628233	151.554604	109.541068	172.561381	138.950541	50.722161	65.426883	61.225534		
		44.420138	42.319464	42.319464	54.92351	50.722161	59.124859	61.225534	36.017441	38.118115	46.520812	48.621486	71.728908		
		
27:00	25.80	1974.966098	1405.670133	2508.553932	2508.553932	2577.878631	3756.40892	1817.411405	3119.874078	3357.260989	4105.140009	2252.26321	1785.900509		
		57.024184	69.628233	82.232284	189.366807	149.453926	172.561381	164.158669	105.339716	75.930258	285.998085	67.527558	57.024184		
		151.554604	101.138364	71.728908	138.950541	143.151895	122.145126	67.527558	67.527558	75.930258	99.037688	48.621486	71.728908		
		447.750737	397.334286	353.219921	292.300129	510.771351	514.972727	279.696041	372.126074	225.078351	180.964093	315.407631	222.977671		
		559.087193	718.739776	185.16545	647.316207	573.792021	498.167224	599.000305	269.192636	456.153482	422.542507	651.517592	409.938396		
		31.816094	38.118115	48.621486	44.420138	44.420138	162.057992	38.118115	54.92351	46.520812	36.017441	40.21879	48.621486		
		75.930258	105.339716	65.426883	128.447156	52.822835	84.332959	134.749187	82.232284	88.53431	54.92351	94.836337	38.118115		
		31.816094	44.420138	42.319464	48.621486	67.527558	42.319464	52.822835	31.816094	33.916768	33.916768	48.621486	29.71542		
		
28:00	25.80	1777.497605	1140.980581	2266.96839	2056.894677	2224.953598	3252.222435	1458.188019	2355.199536	3014.835876	3506.416005	1943.455131	1424.576567		
		90.634986	71.728908	78.030933	206.172237	107.440392	134.749187	109.541068	99.037688	69.628233	40.21879	86.433635	61.225534		
		120.04445	82.232284	73.829583	120.04445	113.742421	65.426883	86.433635	59.124859	44.420138	103.23904	88.53431	38.118115		
		382.629495	246.08515	262.890593	199.8702	367.924707	405.737026	216.675633	267.091955	229.27971	128.447156	246.08515	159.957314		
		361.622655	552.785125	162.057992	521.274792	393.132917	378.428127	464.556229	216.675633	477.16035	254.487871	412.039081	288.098766		
		38.118115	48.621486	40.21879	33.916768	52.822835	124.245803	40.21879	36.017441	33.916768	67.527558	48.621486	69.628233		
		59.124859	82.232284	105.339716	96.937013	42.319464	231.38039	256.588552	92.735661	96.937013	63.326208	84.332959	42.319464		
		42.319464	44.420138	36.017441	48.621486	33.916768	31.816094	48.621486	33.916768	38.118115	73.829583	42.319464	59.124859		
		
29:00	25.80	1594.734705	1113.671398	1966.563172	1701.87152	1960.260978	2645.102647	1250.217419	2140.924087	2645.102647	2918.200868	1821.612859	1180.894021		
		92.735661	59.124859	75.930258	195.668843	126.34648	105.339716	113.742421	124.245803	50.722161	75.930258	75.930258	61.225534		
		101.138364	130.547833	57.024184	117.943773	94.836337	48.621486	80.131608	84.332959	103.23904	92.735661	65.426883	75.930258		
		346.917872	235.58175	180.964093	155.755959	321.709678	317.508313	170.460703	304.90422	149.453926	145.252572	191.467486	130.547833		
		222.977671	422.542507	134.749187	435.146621	321.709678	296.501493	334.313773	178.863415	323.81036	214.574954	271.293317	220.876992		
		40.21879	36.017441	36.017441	27.614746	44.420138	90.634986	59.124859	59.124859	29.71542	59.124859	69.628233	36.017441		
		42.319464	67.527558	84.332959	96.937013	71.728908	71.728908	132.64851	88.53431	96.937013	46.520812	80.131608	33.916768		
		59.124859	59.124859	75.930258	27.614746	38.118115	50.722161	33.916768	80.131608	48.621486	48.621486	46.520812	54.92351		
		
30:00	25.80	1374.15942	861.587129	1685.065735	1443.483007	1790.101961	2197.643996	1178.793313	1695.56935	2290.076537	2657.707157	1586.331824	956.118625		
		54.92351	69.628233	86.433635	143.151895	124.245803	113.742421	84.332959	117.943773	61.225534	59.124859	117.943773	63.326208		
		86.433635	103.23904	69.628233	115.843097	99.037688	94.836337	94.836337	69.628233	88.53431	57.024184	73.829583	65.426883		
		285.998085	149.453926	141.051218	170.460703	283.897404	241.88379	113.742421	199.8702	134.749187	94.836337	191.467486	96.937013		
		197.769522	357.421288	82.232284	399.434971	227.179031	222.977671	269.192636	170.460703	281.796722	166.259347	256.588552	206.172237		
		42.319464	42.319464	40.21879	33.916768	29.71542	111.641745	33.916768	54.92351	31.816094	36.017441	36.017441	46.520812		
		40.21879	69.628233	90.634986	57.024184	63.326208	88.53431	73.829583	117.943773	90.634986	40.21879	88.53431	54.92351		
		33.916768	48.621486	36.017441	57.024184	48.621486	44.420138	57.024184	33.916768	57.024184	44.420138	71.728908	27.614746		
		
31:00	25.80	1046.448838	678.826596	1372.058706	1157.786237	1556.92175	1846.821588	928.809513	1508.605226	1972.865366	2107.312311	1395.16656	825.875264		
		50.722161	73.829583	117.943773	82.232284	155.755959	86.433635	82.232284	90.634986	65.426883	73.829583	50.722161	52.822835		
		99.037688	71.728908	44.420138	84.332959	113.742421	82.232284	103.23904	92.735661	69.628233	86.433635	65.426883	50.722161		
		183.064772	103.23904	143.151895	120.04445	233.48107	204.071558	128.447156	227.179031	126.34648	120.04445	197.769522	107.440392		
		170.460703	319.608995	99.037688	273.393998	166.259347	183.064772	199.8702	145.252572	237.68243	185.16545	151.554604	90.634986		
		50.722161	36.017441	42.319464	57.024184	38.118115	92.735661	38.118115	42.319464	33.916768	29.71542	38.118115	44.420138		
		44.420138	80.131608	69.628233	67.527558	63.326208	120.04445	63.326208	96.937013	88.53431	61.225534	88.53431	48.621486		
		63.326208	33.916768	57.024184	48.621486	38.118115	40.21879	57.024184	44.420138	33.916768	54.92351	42.319464	48.621486		
		
32:00	25.80	998.132663	586.396162	1222.908193	1014.938285	1241.814579	1586.331824	991.830556	1729.180931	1580.029664	1815.310678	1161.987652	584.295472		
		57.024184	69.628233	75.930258	78.030933	105.339716	94.836337	92.735661	61.225534	69.628233	46.520812	48.621486	44.420138		
		88.53431	94.836337	57.024184	99.037688	99.037688	71.728908	136.849864	48.621486	44.420138	54.92351	48.621486	36.017441		
		195.668843	170.460703	101.138364	138.950541	210.373595	153.655281	115.843097	216.675633	67.527558	107.440392	122.145126	111.641745		
		111.641745	241.88379	90.634986	258.689232	193.568164	166.259347	201.970879	111.641745	248.18583	197.769522	162.057992	126.34648		
		73.829583	42.319464	31.816094	44.420138	40.21879	138.950541	44.420138	31.816094	44.420138	38.118115	38.118115	31.816094		
		46.520812	90.634986	78.030933	57.024184	67.527558	273.393998	65.426883	115.843097	69.628233	61.225534	67.527558	84.332959		
		48.621486	46.520812	38.118115	57.024184	54.92351	31.816094	31.816094	67.527558	40.21879	40.21879	25.514072	38.118115		
		
33:00	25.80	800.666899	504.469287	998.132663	895.198313	1147.282702	1334.24587	750.250197	1153.584823	1332.145158	1634.648401	1193.49827	535.979612		
		48.621486	52.822835	67.527558	269.192636	109.541068	101.138364	113.742421	59.124859	44.420138	57.024184	59.124859	52.822835		
		84.332959	99.037688	65.426883	141.051218	105.339716	65.426883	117.943773	90.634986	33.916768	63.326208	59.124859	52.822835		
		174.662059	141.051218	109.541068	90.634986	159.957314	147.353249	111.641745	178.863415	96.937013	82.232284	126.34648	86.433635		
		99.037688	231.38039	54.92351	225.078351	107.440392	117.943773	130.547833	134.749187	134.749187	208.272916	115.843097	99.037688		
		42.319464	61.225534	48.621486	25.514072	46.520812	126.34648	48.621486	33.916768	38.118115	40.21879	46.520812	50.722161		
		36.017441	73.829583	65.426883	75.930258	57.024184	101.138364	65.426883	138.950541	103.23904	52.822835	52.822835	69.628233		
		48.621486	27.614746	75.930258	48.621486	67.527558	23.413399	42.319464	36.017441	50.722161	46.520812	29.71542	33.916768		
		
34:00	25.80	811.170383	447.750737	846.882241	748.149501	975.024939	1096.865752	596.899614	935.111615	1258.620259	1470.792317	1130.477048	475.059663		
		61.225534	42.319464	59.124859	113.742421	80.131608	103.23904	67.527558	69.628233	52.822835	86.433635	33.916768	46.520812		
		82.232284	82.232284	48.621486	153.655281	151.554604	82.232284	138.950541	103.23904	50.722161	50.722161	65.426883	65.426883		
		115.843097	101.138364	115.843097	96.937013	174.662059	145.252572	103.23904	260.789913	82.232284	61.225534	117.943773	94.836337		
		94.836337	222.977671	59.124859	229.27971	115.843097	128.447156	105.339716	73.829583	178.863415	136.849864	105.339716	111.641745		
		50.722161	36.017441	31.816094	44.420138	29.71542	124.245803	33.916768	61.225534	36.017441	57.024184	31.816094	36.017441		
		50.722161	84.332959	86.433635	128.447156	65.426883	65.426883	143.151895	195.668843	111.641745	46.520812	80.131608	54.92351		
		42.319464	38.118115	31.816094	46.520812	40.21879	33.916768	29.71542	61.225534	44.420138	40.21879	31.816094	61.225534		
		
35:00	25.80	590.597543	334.313773	737.646027	630.510672	916.205311	979.226343	561.187883	848.982939	1067.455881	1063.254472	966.622132	302.803538		
		73.829583	67.527558	90.634986	117.943773	117.943773	75.930258	71.728908	31.816094	52.822835	67.527558	38.118115	48.621486		
		75.930258	67.527558	40.21879	185.16545	143.151895	61.225534	84.332959	69.628233	63.326208	65.426883	59.124859	52.822835		
		168.360025	69.628233	105.339716	75.930258	147.353249	141.051218	117.943773	145.252572	71.728908	90.634986	99.037688	103.23904		
		109.541068	197.769522	52.822835	147.353249	172.561381	88.53431	124.245803	63.326208	159.957314	96.937013	99.037688	71.728908		
		84.332959	29.71542	44.420138	48.621486	42.319464	170.460703	46.520812	31.816094	42.319464	46.520812	61.225534	31.816094		
		63.326208	94.836337	71.728908	86.433635	61.225534	94.836337	109.541068	218.776312	130.547833	71.728908	84.332959	44.420138		
		38.118115	33.916768	59.124859	44.420138	29.71542	25.514072	27.614746	27.614746	33.916768	25.514072	40.21879	48.621486		
		
36:00	25.80	535.979612	397.334286	788.06272	470.858289	674.62521	819.573172	462.455542	710.336999	922.507412	1088.46293	819.573172	250.28651		
		57.024184	57.024184	59.124859	40.21879	113.742421	50.722161	92.735661	84.332959	36.017441	69.628233	71.728908	36.017441		
		46.520812	67.527558	52.822835	155.755959	157.856636	92.735661	71.728908	65.426883	59.124859	61.225534	36.017441	65.426883		
		172.561381	120.04445	86.433635	54.92351	122.145126	124.245803	117.943773	128.447156	71.728908	78.030933	107.440392	99.037688		
		99.037688	130.547833	82.232284	153.655281	90.634986	99.037688	111.641745	71.728908	136.849864	126.34648	111.641745	73.829583		
		40.21879	38.118115	59.124859	33.916768	52.822835	128.447156	33.916768	44.420138	25.514072	31.816094	42.319464	40.21879		
		61.225534	50.722161	59.124859	115.843097	84.332959	212.474275	151.554604	229.27971	73.829583	59.124859	75.930258	52.822835		
		38.118115	23.413399	36.017441	57.024184	57.024184	50.722161	46.520812	36.017441	50.722161	29.71542	40.21879	46.520812		
		
37:00	25.80	462.455542	302.803538	519.174104	409.938396	628.409981	701.934224	451.95211	580.094091	733.444637	1088.46293	790.163416	210.373595		
		31.816094	44.420138	65.426883	185.16545	105.339716	69.628233	75.930258	46.520812	63.326208	542.281679	50.722161	31.816094		
		103.23904	105.339716	52.822835	149.453926	101.138364	130.547833	82.232284	174.662059	67.527558	65.426883	61.225534	52.822835		
		143.151895	52.822835	69.628233	73.829583	143.151895	136.849864	94.836337	216.675633	84.332959	88.53431	96.937013	111.641745		
		115.843097	166.259347	92.735661	138.950541	78.030933	78.030933	90.634986	75.930258	132.64851	113.742421	90.634986	78.030933		
		31.816094	63.326208	46.520812	40.21879	57.024184	130.547833	46.520812	42.319464	38.118115	36.017441	38.118115	54.92351		
		71.728908	80.131608	78.030933	54.92351	63.326208	143.151895	71.728908	189.366807	109.541068	50.722161	80.131608	63.326208		
		44.420138	42.319464	38.118115	38.118115	42.319464	38.118115	31.816094	57.024184	40.21879	46.520812	33.916768	52.822835		
		
38:00	25.90	403.636341	319.608995	395.233602	290.199448	521.274792	514.972727	380.528811	584.295472	601.100996	811.170383	693.531449	183.064772		
		52.822835	59.124859	67.527558	69.628233	212.474275	75.930258	42.319464	48.621486	59.124859	48.621486	42.319464	67.527558		
		63.326208	59.124859	63.326208	124.245803	109.541068	67.527558	111.641745	172.561381	75.930258	73.829583	63.326208	46.520812		
		170.460703	73.829583	67.527558	57.024184	113.742421	122.145126	143.151895	128.447156	80.131608	94.836337	115.843097	86.433635		
		120.04445	149.453926	65.426883	111.641745	90.634986	48.621486	132.64851	69.628233	84.332959	84.332959	78.030933	48.621486		
		31.816094	42.319464	40.21879	36.017441	44.420138	126.34648	33.916768	44.420138	59.124859	50.722161	27.614746	29.71542		
		59.124859	69.628233	84.332959	107.440392	59.124859	99.037688	40.21879	149.453926	94.836337	59.124859	99.037688	61.225534		
		50.722161	42.319464	50.722161	38.118115	42.319464	59.124859	44.420138	31.816094	48.621486	73.829583	40.21879	59.124859		
		
39:00	25.90	409.938396	216.675633	359.521972	321.709678	472.958976	422.542507	367.924707	397.334286	615.805833	575.892711	615.805833	178.863415		
		52.822835	36.017441	80.131608	124.245803	96.937013	59.124859	48.621486	82.232284	52.822835	63.326208	61.225534	65.426883		
		82.232284	73.829583	59.124859	90.634986	101.138364	69.628233	73.829583	124.245803	59.124859	54.92351	42.319464	46.520812		
		199.8702	113.742421	61.225534	73.829583	178.863415	124.245803	105.339716	128.447156	67.527558	96.937013	155.755959	117.943773		
		143.151895	99.037688	65.426883	134.749187	101.138364	73.829583	92.735661	86.433635	111.641745	103.23904	57.024184	65.426883		
		50.722161	48.621486	27.614746	38.118115	46.520812	138.950541	33.916768	63.326208	48.621486	36.017441	36.017441	38.118115		
		75.930258	57.024184	57.024184	115.843097	59.124859	111.641745	75.930258	94.836337	111.641745	63.326208	94.836337	63.326208		
		25.514072	69.628233	25.514072	31.816094	44.420138	50.722161	48.621486	25.514072	48.621486	46.520812	48.621486	44.420138		
		
40:00	25.90	277.59536	248.18583	328.011725	241.88379	468.757602	420.441822	315.407631	577.993401	554.885814	617.906524	605.302377	138.950541		
		54.92351	50.722161	44.420138	96.937013	86.433635	67.527558	63.326208	52.822835	52.822835	48.621486	36.017441	59.124859		
		103.23904	71.728908	36.017441	86.433635	107.440392	63.326208	105.339716	141.051218	50.722161	61.225534	50.722161	50.722161		
		151.554604	82.232284	73.829583	69.628233	75.930258	134.749187	73.829583	138.950541	50.722161	99.037688	86.433635	67.527558		
		201.970879	94.836337	67.527558	88.53431	82.232284	69.628233	105.339716	84.332959	103.23904	105.339716	111.641745	48.621486		
		63.326208	38.118115	31.816094	57.024184	59.124859	227.179031	52.822835	27.614746	33.916768	48.621486	36.017441	75.930258		
		59.124859	73.829583	103.23904	52.822835	65.426883	80.131608	57.024184	105.339716	105.339716	65.426883	90.634986	90.634986		
		42.319464	25.514072	44.420138	33.916768	65.426883	29.71542	46.520812	44.420138	46.520812	46.520812	29.71542	50.722161		
		
41:00	25.80	222.977671	176.762737	313.306948	246.08515	433.045935	586.396162	342.716505	307.004902	546.483057	514.972727	498.167224	172.561381		
		117.943773	52.822835	46.520812	36.017441	78.030933	59.124859	52.822835	57.024184	94.836337	80.131608	44.420138	57.024184		
		63.326208	67.527558	54.92351	90.634986	99.037688	115.843097	80.131608	107.440392	46.520812	57.024184	44.420138	48.621486		
		138.950541	90.634986	78.030933	71.728908	153.655281	130.547833	111.641745	126.34648	50.722161	75.930258	78.030933	48.621486		
		195.668843	126.34648	42.319464	113.742421	71.728908	80.131608	103.23904	63.326208	86.433635	82.232284	82.232284	80.131608		
		59.124859	54.92351	44.420138	36.017441	67.527558	143.151895	33.916768	29.71542	50.722161	38.118115	38.118115	73.829583		
		54.92351	63.326208	67.527558	67.527558	59.124859	78.030933	130.547833	122.145126	109.541068	61.225534	63.326208	57.024184		
		40.21879	40.21879	61.225534	46.520812	52.822835	54.92351	38.118115	63.326208	57.024184	36.017441	50.722161	33.916768		
		
42:00	25.90	332.213091	197.769522	147.353249	275.494679	315.407631	323.81036	313.306948	403.636341	391.032233	506.569975	569.590641	107.440392		
		33.916768	57.024184	40.21879	57.024184	178.863415	48.621486	61.225534	44.420138	57.024184	52.822835	75.930258	44.420138		
		80.131608	50.722161	78.030933	63.326208	94.836337	59.124859	90.634986	101.138364	48.621486	92.735661	96.937013	71.728908		
		138.950541	94.836337	67.527558	84.332959	147.353249	113.742421	57.024184	111.641745	57.024184	84.332959	151.554604	57.024184		
		109.541068	82.232284	42.319464	94.836337	92.735661	48.621486	84.332959	113.742421	138.950541	59.124859	80.131608	44.420138		
		29.71542	38.118115	27.614746	48.621486	48.621486	141.051218	31.816094	50.722161	59.124859	36.017441	52.822835	71.728908		
		57.024184	69.628233	57.024184	63.326208	48.621486	92.735661	111.641745	101.138364	92.735661	75.930258	84.332959	75.930258		
		36.017441	59.124859	50.722161	33.916768	84.332959	57.024184	71.728908	65.426883	42.319464	59.124859	31.816094	31.816094		
		
43:00	25.90	227.179031	168.360025	138.950541	164.158669	332.213091	267.091955	248.18583	275.494679	393.132917	451.95211	325.911043	157.856636		
		33.916768	31.816094	52.822835	84.332959	71.728908	75.930258	46.520812	46.520812	48.621486	44.420138	80.131608	44.420138		
		46.520812	63.326208	50.722161	84.332959	90.634986	75.930258	94.836337	227.179031	61.225534	75.930258	57.024184	73.829583		
		105.339716	86.433635	63.326208	65.426883	107.440392	124.245803	109.541068	149.453926	78.030933	99.037688	145.252572	73.829583		
		73.829583	101.138364	65.426883	80.131608	84.332959	57.024184	65.426883	96.937013	99.037688	61.225534	54.92351	57.024184		
		75.930258	36.017441	50.722161	31.816094	50.722161	124.245803	54.92351	33.916768	31.816094	50.722161	54.92351	44.420138		
		63.326208	86.433635	73.829583	82.232284	86.433635	90.634986	130.547833	101.138364	92.735661	31.816094	86.433635	65.426883		
		67.527558	48.621486	54.92351	31.816094	31.816094	59.124859	54.92351	36.017441	29.71542	52.822835	27.614746	29.71542		
		
44:00	25.90	191.467486	151.554604	145.252572	225.078351	319.608995	267.091955	281.796722	334.313773	317.508313	428.844564	395.233602	78.030933		
		59.124859	59.124859	61.225534	69.628233	130.547833	176.762737	69.628233	61.225534	36.017441	48.621486	40.21879	42.319464		
		86.433635	59.124859	46.520812	153.655281	128.447156	80.131608	103.23904	229.27971	50.722161	73.829583	65.426883	59.124859		
		243.98447	88.53431	78.030933	107.440392	130.547833	90.634986	54.92351	145.252572	73.829583	126.34648	145.252572	59.124859		
		78.030933	82.232284	50.722161	101.138364	61.225534	69.628233	78.030933	73.829583	136.849864	94.836337	122.145126	61.225534		
		71.728908	48.621486	38.118115	40.21879	31.816094	143.151895	36.017441	31.816094	36.017441	38.118115	23.413399	46.520812		
		52.822835	90.634986	80.131608	71.728908	92.735661	212.474275	206.172237	132.64851	101.138364	46.520812	94.836337	61.225534		
		111.641745	48.621486	33.916768	42.319464	50.722161	82.232284	54.92351	29.71542	48.621486	61.225534	44.420138	38.118115		
		
45:00	25.90	195.668843	212.474275	115.843097	115.843097	294.400811	258.689232	235.58175	233.48107	365.824023	384.730179	273.393998	145.252572		
		48.621486	44.420138	48.621486	50.722161	59.124859	57.024184	94.836337	33.916768	38.118115	48.621486	48.621486	29.71542		
		80.131608	84.332959	42.319464	109.541068	71.728908	73.829583	120.04445	204.071558	40.21879	65.426883	50.722161	90.634986		
		153.655281	65.426883	96.937013	75.930258	113.742421	94.836337	80.131608	136.849864	69.628233	82.232284	103.23904	63.326208		
		75.930258	101.138364	59.124859	101.138364	63.326208	44.420138	80.131608	84.332959	67.527558	78.030933	65.426883	57.024184		
		52.822835	52.822835	54.92351	73.829583	36.017441	46.520812	57.024184	44.420138	40.21879	36.017441	38.118115	36.017441		
		109.541068	82.232284	92.735661	63.326208	54.92351	84.332959	80.131608	73.829583	82.232284	33.916768	71.728908	80.131608		
		65.426883	44.420138	29.71542	63.326208	31.816094	25.514072	44.420138	63.326208	29.71542	33.916768	57.024184	71.728908		
		
46:00	25.80	206.172237	180.964093	147.353249	180.964093	229.27971	254.487871	279.696041	475.059663	315.407631	359.521972	412.039081	75.930258		
		57.024184	52.822835	31.816094	241.88379	73.829583	162.057992	61.225534	40.21879	36.017441	332.213091	65.426883	44.420138		
		69.628233	90.634986	48.621486	94.836337	94.836337	57.024184	115.843097	153.655281	63.326208	90.634986	50.722161	54.92351		
		92.735661	71.728908	59.124859	84.332959	132.64851	99.037688	78.030933	117.943773	61.225534	61.225534	130.547833	67.527558		
		122.145126	78.030933	31.816094	117.943773	69.628233	69.628233	67.527558	61.225534	113.742421	115.843097	54.92351	54.92351		
		59.124859	31.816094	40.21879	42.319464	44.420138	107.440392	46.520812	59.124859	31.816094	31.816094	54.92351	212.474275		
		46.520812	54.92351	92.735661	67.527558	86.433635	80.131608	94.836337	80.131608	75.930258	33.916768	63.326208	63.326208		
		31.816094	31.816094	36.017441	52.822835	54.92351	191.467486	38.118115	54.92351	38.118115	31.816094	40.21879	33.916768		
		
47:00	25.90	210.373595	138.950541	216.675633	107.440392	262.890593	241.88379	225.078351	292.300129	290.199448	307.004902	267.091955	103.23904		
		44.420138	42.319464	46.520812	80.131608	75.930258	42.319464	29.71542	73.829583	42.319464	63.326208	99.037688	29.71542		
		57.024184	94.836337	69.628233	92.735661	130.547833	57.024184	96.937013	159.957314	63.326208	73.829583	57.024184	65.426883		
		88.53431	78.030933	82.232284	75.930258	130.547833	86.433635	61.225534	147.353249	42.319464	94.836337	94.836337	67.527558		
		99.037688	71.728908	44.420138	71.728908	75.930258	71.728908	115.843097	69.628233	92.735661	59.124859	75.930258	65.426883		
		153.655281	36.017441	50.722161	57.024184	50.722161	187.266129	25.514072	52.822835	27.614746	54.92351	33.916768	888.896215		
		71.728908	46.520812	80.131608	50.722161	67.527558	80.131608	84.332959	90.634986	78.030933	48.621486	96.937013	46.520812		
		61.225534	42.319464	46.520812	54.92351	38.118115	67.527558	33.916768	42.319464	63.326208	54.92351	44.420138	38.118115		
		
48:00	25.90	227.179031	130.547833	164.158669	99.037688	185.16545	172.561381	294.400811	262.890593	321.709678	315.407631	246.08515	86.433635		
		40.21879	65.426883	52.822835	42.319464	46.520812	69.628233	69.628233	40.21879	38.118115	50.722161	54.92351	44.420138		
		90.634986	71.728908	36.017441	94.836337	120.04445	61.225534	109.541068	113.742421	50.722161	71.728908	61.225534	105.339716		
		80.131608	120.04445	57.024184	57.024184	134.749187	73.829583	92.735661	155.755959	75.930258	88.53431	90.634986	54.92351		
		99.037688	109.541068	63.326208	67.527558	54.92351	48.621486	63.326208	54.92351	96.937013	120.04445	86.433635	75.930258		
		65.426883	88.53431	46.520812	38.118115	71.728908	145.252572	67.527558	48.621486	31.816094	99.037688	44.420138	706.135611		
		73.829583	50.722161	88.53431	54.92351	80.131608	162.057992	124.245803	90.634986	80.131608	46.520812	82.232284	61.225534		
		52.822835	25.514072	48.621486	40.21879	65.426883	29.71542	46.520812	46.520812	44.420138	27.614746	33.916768	38.118115		
		
49:00	25.90	166.259347	107.440392	99.037688	117.943773	204.071558	189.366807	311.206266	147.353249	279.696041	220.876992	237.68243	101.138364		
		46.520812	40.21879	38.118115	117.943773	88.53431	48.621486	126.34648	54.92351	61.225534	48.621486	50.722161	38.118115		
		67.527558	65.426883	46.520812	120.04445	103.23904	86.433635	124.245803	122.145126	71.728908	59.124859	40.21879	54.92351		
		193.568164	78.030933	61.225534	88.53431	130.547833	52.822835	99.037688	115.843097	71.728908	84.332959	75.930258	65.426883		
		88.53431	94.836337	59.124859	71.728908	59.124859	40.21879	59.124859	38.118115	75.930258	78.030933	67.527558	33.916768		
		115.843097	59.124859	54.92351	42.319464	33.916768	193.568164	31.816094	63.326208	111.641745	52.822835	38.118115	294.400811		
		86.433635	88.53431	73.829583	71.728908	50.722161	86.433635	126.34648	105.339716	103.23904	42.319464	63.326208	50.722161		
		52.822835	36.017441	50.722161	61.225534	46.520812	61.225534	33.916768	29.71542	61.225534	31.816094	57.024184	23.413399		
		
~End
Original Filename: Data_08-28-18-160734_Pta_DA_289_470_17_359_295_108_ROSAt.pda   Date Last Saved: 8/28/2018
