##BLOCKS= 1          
Plate:	Plate#1	1.3	PlateFormat	Kinetic	Luminescence	Raw	FALSE	50	3000	60				1	450	1	12	96	405	Automatic	435			6	Automatic			1	8	None	
Time(hh:mm:ss)	Temperature(¡C)	1	2	3	4	5	6	7	8	9	10	11	12		
0:00	23.40	6314.738812	5686.964439	5411.125741	5484.841162	5299.363781	5254.183458	5185.224068	5132.910087	5247.049726	5551.422891	5458.68407	5475.329491		
		6134.015382	5556.178731	5537.155373	5491.974916	5461.061987	5218.514801	5235.160172	5313.631257	5306.497519	5456.306153	5506.242426	5525.265777		
		6148.283006	5618.004675	5453.928236	5406.36991	5570.446252	5268.450926	5330.276648	5144.799625	5299.363781	5501.486589	5456.306153	5449.172402		
		5870.064789	5549.044971	5342.166215	5510.998263	5354.055785	5142.421717	5239.915993	5249.427636	5213.758981	5339.788302	5637.028053	5461.061987		
		5977.071681	5591.847539	5432.526986	5463.439904	5439.660735	5289.852132	5254.183458	5080.59614	5121.020551	5437.282818	5423.015321	5577.580014		
		5798.726941	5465.817821	5268.450926	5365.945356	5273.206749	5292.230044	5189.979886	5351.677871	5121.020551	5285.096308	5484.841162	5537.155373		
		5753.546336	5437.282818	5251.805547	5442.038651	5216.136891	5173.334524	5228.026441	6238.644687	5292.230044	5392.102418	5339.788302	5755.924262		
		5613.248832	5584.713776	5522.887858	5320.764995	5306.497519	5178.090341	5258.939281	5209.003161	5442.038651	5463.439904	5522.887858	5675.07482		
		
1:00	23.60	5218.514801	5168.578707	5192.357795	5318.387082	5220.892711	5339.788302	5280.340484	5251.805547	5406.36991	5534.777454	5539.533293	5470.573656		
		5185.224068	5128.154272	5273.206749	5294.607956	5318.387082	5363.567441	5201.869433	5199.491523	5282.718396	5618.004675	5579.957935	5696.476135		
		5406.36991	5149.555441	5351.677871	5135.287994	5216.136891	5432.526986	5403.991994	7827.124572	5258.939281	5380.212843	5810.616578	5463.439904		
		5142.421717	5280.340484	5121.020551	5182.846159	5149.555441	5251.805547	5289.852132	5368.32327	5420.637405	5582.335855	5565.690412	5551.422891		
		5220.892711	5308.875431	5144.799625	5354.055785	5289.852132	5263.695103	5289.852132	5356.433699	5560.934571	5365.945356	5627.516363	5453.928236		
		5235.160172	5263.695103	5125.776365	5261.317192	5318.387082	5292.230044	5282.718396	5180.46825	5432.526986	5432.526986	5660.80728	5587.091697		
		5244.671815	5308.875431	5304.119606	5128.154272	5377.834928	5308.875431	5178.090341	5420.637405	5556.178731	5465.817821	5644.16182	5446.794485		
		5275.584661	5256.561369	5182.846159	5199.491523	5387.346588	5270.828837	5199.491523	5261.317192	5330.276648	5603.737146	5729.767081	5482.463244		
		
2:00	23.80	5149.555441	5097.241483	5220.892711	5247.049726	5292.230044	5285.096308	5125.776365	5301.741693	5403.991994	5484.841162	5432.526986	5629.894286		
		5092.485671	5247.049726	5021.148515	5242.293904	5399.236164	5178.090341	5261.317192	5251.805547	5387.346588	5446.794485	5708.365757	5625.138441		
		5125.776365	5320.764995	5194.735704	5071.084517	5411.125741	5249.427636	5204.247342	5223.270621	5423.015321	5560.934571	5644.16182	5710.743682		
		4973.590447	5358.811613	5080.59614	5199.491523	5387.346588	4999.747381	5261.317192	5204.247342	5339.788302	5553.800811	5824.884144	5696.476135		
		5123.398458	5225.648531	5016.392707	5287.47422	5323.142908	5125.776365	5123.398458	5130.53218	5527.643696	5577.580014	5651.295588	5713.121606		
		5175.712432	5021.148515	5106.753109	5201.869433	5228.026441	5327.898735	5285.096308	5268.450926	5401.614079	5527.643696	5625.138441	5691.720287		
		5251.805547	5035.415941	5123.398458	5142.421717	5275.584661	5325.520822	5254.183458	5228.026441	5365.945356	5603.737146	5418.259489	5589.469618		
		5018.770611	5066.328706	5170.956615	5251.805547	5308.875431	5168.578707	5175.712432	5373.079099	5346.922043	5618.004675	5601.359224	5634.65013		
		
3:00	24.00	5223.270621	5332.654561	5311.253344	5282.718396	5399.236164	5292.230044	5432.526986	5375.457014	5228.026441	5442.038651	5277.962572	5482.463244		
		5144.799625	5287.47422	5316.009169	5418.259489	5518.13202	5327.898735	5308.875431	5201.869433	5235.160172	5423.015321	5468.195739	5472.951574		
		5189.979886	5256.561369	5170.956615	5273.206749	5449.172402	5299.363781	5273.206749	5178.090341	5220.892711	5451.550319	5354.055785	5503.864508		
		5361.189527	5446.794485	5394.480333	5361.189527	5280.340484	5442.038651	6516.864185	5294.607956	5461.061987	5596.603382	5482.463244	5549.044971		
		5244.671815	5199.491523	5458.68407	5527.643696	5758.302188	5501.486589	5344.544129	5565.690412	5508.620345	6086.456652	5622.760519	5651.295588		
		5239.915993	5696.476135	5358.811613	5525.265777	5356.433699	6229.132926	6293.337332	5515.754101	5463.439904	5579.957935	5434.904902	5736.900857		
		5370.701184	5142.421717	5337.410388	5406.36991	5491.974916	5423.015321	5620.382597	5373.079099	5301.741693	5434.904902	5449.172402	5553.800811		
		5377.834928	5301.741693	5332.654561	5503.864508	5275.584661	5368.32327	5437.282818	5163.82289	5499.108671	5434.904902	5392.102418	5672.696897		
		
4:00	24.10	5401.614079	5346.922043	5335.032475	5316.009169	5342.166215	5335.032475	5527.643696	5415.881573	5508.620345	5589.469618	5803.482795	5570.446252		
		5375.457014	5430.149069	5380.212843	5256.561369	6036.520017	5805.860723	5434.904902	5437.282818	5584.713776	6067.433168	5979.449614	5415.881573		
		5368.32327	5285.096308	5170.956615	5330.276648	5230.404351	5496.730753	5285.096308	5430.149069	5456.306153	5725.01123	5629.894286	5675.07482		
		5625.138441	6015.118611	5722.633305	5501.486589	5356.433699	5551.422891	8497.719857	5591.847539	5860.553072	5986.583412	6528.753929	5732.145006		
		5594.22546	5439.660735	5836.773785	5698.854059	7301.59106	5577.580014	5442.038651	5979.449614	5834.395857	7786.698795	7261.165548	5822.506216		
		5722.633305	6041.275885	5682.208591	5639.405975	5774.947672	8271.80947	8678.448626	6145.905069	6214.865287	7282.567287	6604.848331	6685.698712		
		5656.051434	5296.985869	5275.584661	5351.677871	7063.794225	5530.021615	6214.865287	5546.667051	5903.355807	6407.478626	5979.449614	5805.860723		
		5296.985869	5266.073015	5320.764995	5249.427636	5230.404351	5553.800811	5232.782262	5508.620345	5601.359224	5558.556651	5587.091697	5475.329491		
		
5:00	24.30	5173.334524	5178.090341	5080.59614	5118.642644	5254.183458	5270.828837	5237.538083	5289.852132	5223.270621	5453.928236	5413.503657	5470.573656		
		5209.003161	7815.234635	5189.979886	5434.904902	6507.352392	6899.71482	5282.718396	5423.015321	5710.743682	7073.306084	7998.339855	5950.914428		
		5289.852132	5159.067073	5199.491523	5268.450926	5111.508923	5330.276648	5332.654561	5263.695103	5387.346588	5382.590758	5403.991994	5584.713776		
		5903.355807	6749.903484	6521.620083	6145.905069	5936.646839	6062.677298	10932.836513	5629.894286	6126.881571	6692.832573	8566.682102	6490.706755		
		5820.128288	5603.737146	6352.785902	5905.733737	9574.964473	5908.111668	5415.881573	6286.203507	6395.5889	10844.84761	10169.476541	6697.58848		
		6916.360542	6673.808945	6531.131878	6181.57414	6364.675622	11239.609394	11967.307909	6718.990069	6792.706694	10616.552526	8538.145994	9560.696238		
		6711.856205	5387.346588	5591.847539	5228.026441	9239.661614	5606.115067	8374.063566	5912.867529	5967.559952	7220.740057	6317.116755	5886.710296		
		5016.392707	5306.497519	5232.782262	5125.776365	5185.224068	5206.625252	5472.951574	5242.293904	5349.299957	5489.596998	5499.108671	5656.051434		
		
6:00	24.30	5453.928236	5320.764995	5225.648531	5166.200798	5292.230044	5168.578707	5085.351952	5142.421717	5211.381071	5204.247342	5508.620345	5327.898735		
		5313.631257	15857.991314	5656.051434	6031.764148	7016.234942	9836.549239	5767.813893	5660.80728	7230.251935	9603.500951	13337.111298	6543.021624		
		5320.764995	5327.898735	5249.427636	5206.625252	5232.782262	5187.601977	5068.706612	5154.311257	5282.718396	5515.754101	5487.21908	5503.864508		
		6416.990408	8267.053469	7598.838097	7289.701201	6961.541803	7137.511168	13612.977317	6745.147573	7572.680314	8179.067496	10690.272742	7515.608816		
		6236.266746	6060.299363	7408.599866	6944.896072	12683.12238	6952.029956	5656.051434	8148.153529	7277.811344	14740.232829	13693.834779	7888.952271		
		9201.613152	7035.258652	7441.891524	7258.787577	7479.93915	14459.606555	14897.193716	7976.937925	7684.445449	15030.372893	11777.059292	13306.195338		
		8830.64159	6074.566974	6286.203507	5209.003161	11731.875312	6343.274128	11127.839294	7546.522539	6913.982581	8278.943473	6928.250345	6267.179975		
		5415.881573	5180.46825	5073.462423	5111.508923	5080.59614	5099.61939	5099.61939	5066.328706	5109.131016	5304.119606	5382.590758	5439.660735		
		
7:00	24.40	5178.090341	5101.997296	5237.538083	5230.404351	5182.846159	5285.096308	5356.433699	5327.898735	5439.660735	5553.800811	5544.289132	5487.21908		
		5256.561369	27992.621044	6543.021624	8074.435654	7372.930248	12706.903702	6935.384227	6735.635752	9194.479067	13051.733658	18923.583536	8114.861577		
		5320.764995	5192.357795	5094.863577	5261.317192	5349.299957	5384.968673	5337.410388	5451.550319	5541.911212	5613.248832	6093.59046	5653.673511		
		7061.41626	9750.939585	8692.716704	8959.054628	8514.365911	9111.248126	15879.395352	7819.99061	9208.747237	10209.903522	13767.55783	8959.054628		
		7061.41626	7166.046777	8652.290489	8336.015515	14899.571914	8350.283532	5803.482795	10352.587148	8954.298586	18631.051049	18386.085642	10209.903522		
		11270.524556	8300.345484	8856.799785	8552.414047	8521.499935	17520.388659	19061.526056	9284.844187	9277.710095	20065.18396	15827.07438	17841.456503		
		11672.422746	7456.159382	6859.289511	5318.387082	14288.377447	7401.465941	14259.839298	9498.867247	8519.121927	9486.977062	8374.063566	7734.383113		
		5247.049726	5166.200798	5230.404351	5216.136891	5439.660735	5337.410388	5613.248832	5270.828837	5432.526986	5518.13202	5549.044971	5465.817821		
		
8:00	24.50	5361.189527	5132.910087	5244.671815	5375.457014	5097.241483	5396.858248	5268.450926	5484.841162	5530.021615	5484.841162	5544.289132	5468.195739		
		5332.654561	36358.547939	8226.627469	11018.447432	8079.191644	15448.937461	8376.44157	8899.604122	11158.754412	16231.37369	22348.433661	9322.892689		
		5301.741693	5518.13202	5370.701184	5354.055785	5251.805547	5746.412559	5420.637405	5575.202093	5442.038651	5572.824173	6262.424093	5522.887858		
		8119.617569	11211.072333	10266.976942	11161.132499	9722.403054	10932.836513	18367.059234	9070.8217	11027.959762	12326.403405	16319.368517	9815.146817		
		7641.641762	7905.598198	10540.45431	9896.000441	16167.161311	9527.403698	6086.456652	12105.238438	10668.870092	21863.237649	22139.13306	11734.253416		
		13734.26354	9035.151341	9379.965476	9969.719994	9387.099578	20462.369592	21282.909027	10618.930597	11446.503397	25166.909843	20238.803784	22455.462589		
		14373.991955	8882.957988	8145.775532	5656.051434	15974.52448	8726.008896	16868.743811	11917.367603	9299.112373	11087.411849	9517.891547	8871.067894		
		5247.049726	5358.811613	5451.550319	5270.828837	5285.096308	5237.538083	5254.183458	5361.189527	5515.754101	5401.614079	5489.596998	5537.155373		
		
9:00	24.50	5318.387082	5342.166215	5584.713776	5432.526986	5434.904902	5591.847539	5594.22546	5532.399534	5641.783897	5656.051434	5689.342363	5955.670291		
		5239.915993	37302.951168	9551.184082	13170.640885	9004.237043	17132.730683	9976.854148	11403.697697	12759.222634	17016.19583	23416.350931	10992.28853		
		5211.381071	5791.593159	5368.32327	5634.65013	5774.947672	6264.802034	5872.442719	5774.947672	5684.586515	6000.85101	7035.258652	5796.349013		
		9173.076817	12238.412968	11788.949817	13282.413838	11013.691267	13218.203825	19541.948411	10190.879058	12243.169206	13446.50633	18119.716342	11056.496758		
		8849.665731	8949.542544	12022.00447	11422.72245	17351.531273	10961.373476	6157.794757	14937.623086	11919.745712	23033.421274	25402.381966	14138.552278		
		16533.410391	10678.38238	10340.696836	11189.669543	10007.768821	20781.070866	21839.453606	11710.472383	13605.842839	29167.651535	24370.115373	27122.063021		
		16916.308948	10725.943839	8982.834843	5620.382597	17506.119007	10114.781247	18117.338049	14466.741109	10854.359919	12238.412968	10126.671525	10069.598205		
		5408.747826	5415.881573	5427.771153	5463.439904	5620.382597	5380.212843	5275.584661	5503.864508	5463.439904	5608.492989	5812.994505	5637.028053		
		
10:00	24.60	5082.974046	5380.212843	5377.834928	5342.166215	5432.526986	5299.363781	5325.520822	5387.346588	5354.055785	5553.800811	5744.034633	5565.690412		
		5365.945356	34498.320266	11208.694245	14992.321677	9408.501885	16533.410391	11674.800848	14124.283229	12747.331964	16545.301623	21292.422577	11246.743662		
		5368.32327	5924.757183	5301.741693	5613.248832	5974.693749	6897.33686	5972.315816	6160.172695	5568.068332	6290.95939	7308.724976	5891.466156		
		10305.025911	12704.525569	12728.306897	14740.232829	11406.075791	13979.214708	20303.019431	11272.902646	12985.145689	14102.87966	18450.299803	11605.835924		
		10003.012717	10397.770349	13629.624435	12549.94711	17765.351416	11674.800848	6229.132926	17346.774732	13215.825677	23623.276416	27019.784967	15270.57161		
		18464.569623	11777.059292	10709.297325	12060.054273	11020.825514	20952.313866	22010.698871	12728.306897	14775.905731	30882.656151	26177.779914	31691.408942		
		17934.209675	12093.347866	9943.561435	5922.379252	19556.218426	11322.84255	18852.234051	16659.45754	12504.762694	13681.943971	10878.140697	11158.754412		
		5258.939281	5280.340484	5403.991994	5375.457014	5316.009169	5277.962572	5403.991994	5456.306153	5461.061987	5644.16182	5667.94105	5603.737146		
		
11:00	24.60	5254.183458	5149.555441	5373.079099	5515.754101	5387.346588	5418.259489	5258.939281	5465.817821	5587.091697	5717.877456	5713.121606	5729.767081		
		5620.382597	28844.159639	12790.138383	15548.822511	9915.024835	15639.194807	12695.01304	15993.550319	13218.203825	15035.129296	18045.989282	11475.040543		
		5877.198577	6205.353529	5546.667051	5772.569745	6226.754986	7548.900518	5969.937884	6516.864185	6050.787624	6198.219712	7556.034456	6036.520017		
		10994.666612	11629.616926	13482.178655	15943.607501	11536.87106	14604.675946	19247.035336	12100.482209	14400.151962	13636.758915	17684.48984	11860.293006		
		10923.324195	11156.376326	15765.240548	13779.448651	17793.890815	13182.531617	6048.409689	18754.72319	14057.694367	22036.861374	27088.763175	17139.865475		
		20226.912003	12740.197564	11165.888672	12540.434599	11498.821505	19736.97217	19644.216908	13584.439409	16271.803734	30559.157322	28886.974668	33204.274341		
		19967.671621	13841.280949	10725.943839	5839.151714	19399.248401	12250.303562	18362.302633	18921.205219	13346.623904	13834.14645	10735.456134	11860.293006		
		4987.857865	5349.299957	5463.439904	5494.352834	5382.590758	5192.357795	5330.276648	5575.202093	5610.87091	5748.790484	5539.533293	5556.178731		
		
12:00	24.70	5434.904902	5444.416568	5363.567441	5287.47422	5408.747826	5541.911212	5277.962572	5530.021615	5373.079099	5546.667051	5686.964439	5480.085327		
		5572.824173	22607.681755	12604.644069	15135.01383	10017.281031	13691.456617	13220.581972	16393.093987	11225.340862	12152.800745	14095.745139	11087.411849		
		5991.339278	6172.062386	5541.911212	5770.191819	6621.493991	7432.37962	6036.520017	6447.903707	5632.272208	5755.924262	7030.502724	5727.389156		
		11719.984795	10749.724579	13118.321683	16114.84015	10954.239234	14164.712208	17149.378533	12252.681681	14495.279331	12797.272788	15979.280939	11180.157194		
		12290.731594	12331.159647	16385.959261	14906.706507	16248.021353	13993.483732	6324.250583	21194.908743	15353.808958	20412.423985	25744.888109	17660.70704		
		20819.124835	14086.232444	10723.565765	12892.398252	11579.676831	17263.535311	17641.680804	13743.776193	15936.472815	29167.651535	29053.477775	33316.075277		
		20462.369592	15144.526649	11539.249158	5988.961345	20976.097645	13039.842946	17713.029211	20115.12935	14478.632034	14312.159246	10091.000695	12442.931428		
		5475.329491	5427.771153	5197.113614	5330.276648	5451.550319	5156.689165	5380.212843	5532.399534	5556.178731	5463.439904	5475.329491	5575.202093		
		
13:00	24.70	5377.834928	5346.922043	5363.567441	5375.457014	5335.032475	5401.614079	5332.654561	5330.276648	5420.637405	5627.516363	5603.737146	5501.486589		
		5544.289132	16723.670315	12052.919934	14114.770531	9548.806043	11529.736767	12749.710098	14923.353894	9689.110448	10052.951828	10609.418315	10029.171295		
		5715.499531	6174.440324	5732.145006	5872.442719	6704.722343	6602.470379	5725.01123	6395.5889	5791.593159	5732.145006	6543.021624	5565.690412		
		11546.383451	9620.147235	11781.815502	15974.52448	10100.512915	13491.691278	14371.613773	12378.722088	14333.56287	11762.790664	14162.334032	10899.543403		
		12961.364285	13170.640885	17308.722415	15651.085906	15042.263901	14400.151962	6138.771256	21827.561588	15482.232464	18072.150489	24348.709064	18034.097827		
		19503.89505	14285.999268	10297.891728	13358.514662	11410.831979	14616.566892	14733.09825	13541.632566	16064.897256	26415.633551	28289.944943	30535.370695		
		20693.071134	16245.643115	12400.125196	6019.874478	20957.070621	13384.674337	15696.272099	20971.340889	14923.353894	14159.955857	9570.208394	12649.828542		
		5313.631257	5591.847539	5380.212843	5332.654561	5323.142908	5258.939281	5170.956615	5484.841162	5258.939281	5220.892711	5437.282818	5525.265777		
		
14:00	24.70	5154.311257	5294.607956	5218.514801	5361.189527	5399.236164	5273.206749	5418.259489	5449.172402	5641.783897	5827.262072	5779.703525	5705.987832		
		5392.102418	12259.816039	11203.938069	12026.760694	9085.089848	9684.354362	11848.40247	12880.507563	8638.022418	8198.091482	8552.414047	8887.714026		
		5679.830668	6093.59046	5841.529642	5694.098211	6309.982927	6419.368353	5896.222016	6321.87264	5872.442719	5796.349013	6352.785902	5803.482795		
		11099.302272	8267.053469	11016.069349	15173.065113	8921.006299	11995.84524	12086.213524	12407.259566	14228.922981	10119.537358	12157.556977	10131.427637		
		12880.507563	13605.842839	17368.179168	16124.353086	13420.346635	14485.766589	6119.74776	22103.456875	16157.64837	16885.391606	21708.641498	17625.032852		
		18207.713245	14385.882866	9525.02566	12450.065803	10811.554536	12423.906433	12699.769304	13596.330203	15527.418562	24386.764729	27424.140825	28986.876491		
		20788.205984	16668.97054	12890.020114	6129.259508	20517.07196	13807.986629	14183.737617	21109.286938	15463.206746	14247.948406	9094.601948	12797.272788		
		5339.788302	5263.695103	5180.46825	5273.206749	5332.654561	5444.416568	5306.497519	5491.974916	5594.22546	5615.626754	5442.038651	5748.790484		
		
15:00	24.70	5625.138441	5427.771153	5351.677871	5427.771153	5387.346588	5482.463244	5451.550319	5598.981303	5420.637405	5782.081452	5917.62339	5848.663428		
		5625.138441	9203.99118	9862.707763	10447.709707	8385.953586	8362.173549	10554.72272	10590.393756	7306.347004	6973.431612	7472.805219	8062.545681		
		5710.743682	5763.05804	5948.536496	5736.900857	6269.557917	6034.142082	5596.603382	5665.563127	5843.907571	5684.586515	6329.006469	5670.318973		
		10797.28608	7622.617908	9372.831376	14202.763031	8131.507551	10397.770349	10340.696836	11356.135836	12823.432279	8840.15366	10305.025911	9368.075309		
		13094.54024	14076.719751	17679.73328	16319.368517	12419.150185	14393.017414	6022.252412	21948.860261	16076.788419	14585.650437	19618.055187	17432.392512		
		17130.352419	14319.293787	8825.885555	12033.895031	10031.549348	10552.344651	10718.809618	12954.229865	15284.840864	21235.341294	24979.008343	25174.045351		
		20203.128447	17163.648121	13134.968698	6055.543493	19599.028487	13862.684448	12992.280112	21175.881668	15332.40506	13917.382304	8706.984785	12671.231722		
		5427.771153	5280.340484	5232.782262	5408.747826	5463.439904	5480.085327	5411.125741	5446.794485	5446.794485	5591.847539	5653.673511	5689.342363		
		
16:00	24.70	5266.073015	5579.957935	5522.887858	5596.603382	5698.854059	5679.830668	5629.894286	5346.922043	5641.783897	5475.329491	5744.034633	5575.202093		
		5358.811613	7539.388602	8654.668501	8787.837289	7812.856648	7258.787577	9525.02566	8666.558563	6768.92713	6607.226282	6666.675085	7258.787577		
		5625.138441	5779.703525	5789.215232	5629.894286	6212.487348	5939.02477	5872.442719	5618.004675	5717.877456	5491.974916	6126.881571	5470.573656		
		9741.427407	6982.943462	8666.558563	12362.075231	7337.260646	9299.112373	8811.617453	10188.501	12143.288281	7877.062325	9030.395294	8621.376339		
		13004.170817	14331.18469	17929.4531	16735.561575	10920.946115	14319.293787	5993.717211	21687.235901	15346.674325	12763.978902	17891.400505	16761.722354		
		15299.11012	13104.052816	8121.995565	11025.581679	9610.635073	9384.721544	9389.477612	12274.084755	13815.121125	18952.123349	22893.093473	22170.052432		
		19270.818609	16883.013349	13772.314158	6483.572912	20055.670556	14100.501487	11762.790664	20146.047941	14994.699877	13175.397177	7919.866138	12247.925443		
		5513.376182	5425.393237	5506.242426	5641.783897	5565.690412	5755.924262	5579.957935	5518.13202	5451.550319	5584.713776	5739.278782	5675.07482		
		
17:00	24.80	5568.068332	5577.580014	5663.185203	5579.957935	5434.904902	5596.603382	5648.917665	5594.22546	5637.028053	5656.051434	5729.767081	5772.569745		
		5618.004675	6502.596495	7589.326175	7929.3781	6968.675688	6504.974443	8564.304093	7503.718925	6055.543493	6302.8491	6386.077121	6697.58848		
		5877.198577	5805.860723	5793.971086	5477.707409	6012.740677	5877.198577	5725.01123	5824.884144	5549.044971	5634.65013	6103.102204	5546.667051		
		9408.501885	6704.722343	7855.660427	11534.492962	6845.02176	8195.713484	7796.21074	9463.196697	11016.069349	7235.007875	7860.416404	7922.244129		
		13296.682737	14835.360603	16906.795919	16768.857113	9827.037051	14307.402885	5920.001321	20077.075717	14637.970598	11724.741002	15586.873992	15223.007451		
		13876.95345	12564.215878	7501.340947	10100.512915	8809.239437	8062.545681	8535.767985	11391.807229	12255.0598	16309.855558	20547.990705	18547.810293		
		18369.437535	16590.48832	13463.153413	6400.34479	19042.499487	13134.968698	10832.957225	19565.731771	14656.996119	12837.701097	7206.472241	11070.76526		
		5618.004675	5796.349013	5484.841162	5401.614079	5458.68407	5534.777454	5556.178731	5437.282818	5579.957935	5532.399534	5763.05804	5763.05804		
		
18:00	24.80	5520.509939	5258.939281	5389.724503	5384.968673	5434.904902	5375.457014	5325.520822	5651.295588	5908.111668	5789.215232	5855.797214	5672.696897		
		5380.212843	6015.118611	6564.423171	6516.864185	6210.109408	5974.693749	7315.858892	6752.28144	6091.212524	6314.738812	6012.740677	6262.424093		
		5380.212843	5458.68407	5622.760519	5389.724503	5675.07482	5801.104868	5618.004675	5584.713776	5803.482795	5903.355807	5758.302188	5791.593159		
		8176.689498	5977.071681	6875.935224	9860.329715	6107.858077	7332.5047	6814.108308	8340.771521	10193.257116	6840.265844	7187.448491	7315.858892		
		12428.662682	14233.679337	16559.571103	15998.30678	8504.85388	13249.119751	5698.854059	19216.117093	14347.831957	10452.465837	14618.945081	14143.308629		
		12181.338143	10935.214593	6890.202981	8863.933839	8072.057659	7213.606148	7427.623669	10656.979733	11501.199602	14488.144775	18079.285365	15475.097819		
		16828.313466	15467.963175	12509.518947	6005.606877	17527.523486	12626.047237	9425.148128	19154.280642	13960.189348	12131.397704	6868.801347	10585.637617		
		5230.404351	5194.735704	5311.253344	5218.514801	5380.212843	5463.439904	5563.312491	5782.081452	5686.964439	5646.539743	5703.609908	5701.231984		
		
19:00	24.80	5137.665902	5149.555441	5140.04381	5254.183458	5175.712432	5335.032475	5339.788302	5232.782262	5456.306153	5589.469618	5713.121606	5582.335855		
		5228.026441	5503.864508	6065.055233	6317.116755	5953.29236	5556.178731	6436.013975	5984.205479	5596.603382	5865.308931	5708.365757	5786.837305		
		5116.264737	5282.718396	5327.898735	5285.096308	5508.620345	5399.236164	5389.724503	5287.47422	5432.526986	5577.580014	5684.586515	5461.061987		
		7487.073082	5675.07482	6295.715274	8604.730263	6017.496544	6676.186898	6438.391921	7382.442145	8621.376339	6117.369823	6535.887776	6837.887886		
		11646.263631	13415.590328	15301.488329	14516.683005	7848.526462	12599.88781	5672.696897	17889.022219	12730.68503	8873.445913	12266.950397	12909.04522		
		10802.042232	9541.671928	6638.139654	8243.273467	7372.930248	6566.801121	6802.218522	9039.907388	10571.369202	12041.029369	16112.461916	13234.85086		
		16426.389382	15032.751094	12704.525569	6136.393319	16233.751928	11372.782484	8761.679117	17287.317994	12997.036394	11044.606342	6488.328808	9727.159142		
		5080.59614	5263.695103	5151.933349	5306.497519	5090.107764	5339.788302	5301.741693	5458.68407	5439.660735	5560.934571	5653.673511	5487.21908		
		
20:00	24.90	5368.32327	5330.276648	5337.410388	5477.707409	5256.561369	5553.800811	5311.253344	5560.934571	5629.894286	5682.208591	5563.312491	5399.236164		
		5289.852132	5779.703525	5860.553072	5917.62339	5663.185203	5744.034633	6252.91233	5812.994505	5506.242426	5755.924262	5701.231984	5986.583412		
		5268.450926	5384.968673	5308.875431	5420.637405	5613.248832	5408.747826	5387.346588	5354.055785	5522.887858	5689.342363	5639.405975	5767.813893		
		6978.187537	5827.262072	6084.078717	8034.009752	5851.041357	6397.966845	5974.693749	7101.841671	7789.076781	6007.98481	6241.022627	6576.312922		
		10835.335301	13651.027877	14756.880181	14002.996415	7261.165548	12019.626357	5553.800811	16278.938449	12148.044513	7860.416404	10768.749176	11477.418639		
		9408.501885	9023.261225	6319.494698	7582.192234	6890.202981	6122.125697	6293.337332	8892.470064	9287.222218	10278.867243	13496.44759	11177.779107		
		14842.49519	14138.552278	11807.974662	6179.196201	15453.693889	10809.17646	8100.593602	15777.131665	11979.198462	10821.066841	6407.478626	9158.808653		
		5266.073015	5223.270621	5456.306153	5230.404351	5582.335855	5266.073015	5423.015321	5582.335855	5598.981303	5584.713776	5632.272208	5784.459378		
		
21:00	24.80	5551.422891	5563.312491	5461.061987	5563.312491	5793.971086	5746.412559	5625.138441	5587.091697	5753.546336	5874.820648	5736.900857	5900.977877		
		5522.887858	5801.104868	5881.954437	5905.733737	5758.302188	5820.128288	6212.487348	5791.593159	5865.308931	5720.255381	5979.449614	6076.94491		
		5510.998263	5629.894286	5584.713776	5715.499531	5522.887858	5608.492989	5634.65013	5632.272208	5665.563127	5836.773785	6015.118611	5934.268907		
		6466.927281	5991.339278	6212.487348	7470.427242	5862.931001	6279.069682	6169.684448	7009.101052	7670.177551	6031.764148	6355.163846	6664.297132		
		10540.45431	12699.769304	14010.130928	13049.355516	6906.8487	11258.634108	5936.646839	14856.764367	11222.962774	7774.808864	9934.049234	10642.711305		
		8409.733631	7903.220208	6131.637445	6918.738502	6852.155636	6319.494698	6557.289321	8500.097865	8680.826639	9163.564707	11648.641732	9805.634631		
		13310.951639	12939.961027	11379.916763	6290.95939	13767.55783	10652.22359	7946.024035	14573.759497	11494.065312	10200.39129	6407.478626	8633.266395		
		5470.573656	5634.65013	5423.015321	5503.864508	5658.429357	5387.346588	5508.620345	5568.068332	5860.553072	5827.262072	5796.349013	5739.278782		
		
22:00	24.90	5525.265777	5482.463244	5413.503657	5434.904902	5373.079099	5627.516363	5608.492989	5530.021615	5594.22546	5658.429357	5739.278782	5736.900857		
		5354.055785	5644.16182	5632.272208	5667.94105	5551.422891	5489.596998	5889.088226	5639.405975	5520.509939	5767.813893	5789.215232	5677.452744		
		5453.928236	5568.068332	5744.034633	5463.439904	5608.492989	5399.236164	5696.476135	5720.255381	5672.696897	5755.924262	5832.017929	5541.911212		
		6336.140298	5746.412559	6124.503634	7073.306084	5829.64	5981.827546	5981.827546	6412.234517	6833.13197	5912.867529	5993.717211	6107.858077		
		9962.585841	11800.840345	12913.801497	12057.67616	6638.139654	10026.793242	5620.382597	13291.926437	9929.293134	7075.68405	8873.445913	9432.282234		
		7491.829037	7182.692554	6105.480141	6683.320758	6367.053566	5815.372433	6105.480141	7708.225285	7819.99061	8250.407467	10381.123904	8421.623656		
		12409.63769	11772.303083	10573.747271	5960.426155	12269.328516	9536.915851	7294.457144	13218.203825	10618.930597	9208.747237	6191.085895	7622.617908		
		5598.981303	5354.055785	5311.253344	5294.607956	5449.172402	5530.021615	5632.272208	5570.446252	5434.904902	5610.87091	5715.499531	5541.911212		
		
23:00	24.90	5449.172402	5527.643696	5323.142908	5494.352834	5582.335855	5777.325598	5420.637405	5304.119606	5425.393237	5494.352834	5563.312491	5342.166215		
		5468.195739	5620.382597	5373.079099	5653.673511	5525.265777	5461.061987	5615.626754	5332.654561	5296.985869	5496.730753	5453.928236	5705.987832		
		5484.841162	5418.259489	5277.962572	5522.887858	5344.544129	5235.160172	5380.212843	5159.067073	5458.68407	5401.614079	5475.329491	5508.620345		
		6048.409689	5546.667051	5615.626754	6414.612462	5637.028053	5610.87091	5579.957935	5805.860723	6281.447623	5774.947672	5784.459378	5903.355807		
		9289.600249	11391.807229	11631.995026	11199.181893	6343.274128	9513.135471	5484.841162	12010.11391	8982.834843	6447.903707	7877.062325	8704.606771		
		6987.699387	6904.47074	5827.262072	6271.935858	6241.022627	5858.175143	5827.262072	6966.297726	7094.707773	7180.314586	8426.379666	7501.340947		
		10878.140697	10794.908004	10107.64708	5912.867529	11142.107809	9025.639248	6842.643802	11884.074083	9484.599025	8702.228757	5793.971086	6911.604621		
		5541.911212	5282.718396	5489.596998	5373.079099	5491.974916	5406.36991	5387.346588	5277.962572	5401.614079	5375.457014	5487.21908	5646.539743		
		
24:00	24.80	5354.055785	5223.270621	5261.317192	5363.567441	5230.404351	5437.282818	5325.520822	5006.881092	5389.724503	5558.556651	5618.004675	5537.155373		
		5325.520822	5263.695103	5375.457014	5482.463244	5456.306153	5411.125741	5461.061987	5311.253344	5472.951574	5665.563127	5579.957935	5591.847539		
		5434.904902	5349.299957	5330.276648	5373.079099	5392.102418	5266.073015	5332.654561	5411.125741	5213.758981	5406.36991	5406.36991	5589.469618		
		5751.16841	5211.381071	5672.696897	6067.433168	5470.573656	5477.707409	5468.195739	6000.85101	6069.811104	5530.021615	5777.325598	5839.151714		
		8357.417542	10110.025136	10604.662175	9988.744405	5789.215232	8697.47273	5380.212843	10685.516597	8207.603477	6153.038882	7246.897725	7827.124572		
		6371.809454	6124.503634	5715.499531	5515.754101	6238.644687	5560.934571	5501.486589	6493.084703	6688.076665	6488.328808	7551.278497	6925.872384		
		10076.732368	9743.805451	9551.184082	5751.16841	10107.64708	8295.589481	6250.534389	10521.429767	8797.349354	8229.005469	5760.680114	6673.808945		
		5263.695103	5156.689165	5458.68407	5123.398458	5520.509939	5330.276648	5220.892711	5358.811613	5242.293904	5453.928236	5579.957935	5530.021615		
		
25:00	24.90	5263.695103	5268.450926	5282.718396	5130.53218	5182.846159	5449.172402	5277.962572	5296.985869	5351.677871	5675.07482	5527.643696	5610.87091		
		5156.689165	5263.695103	5515.754101	5261.317192	5206.625252	5406.36991	5458.68407	5425.393237	5358.811613	5660.80728	5784.459378	5499.108671		
		5446.794485	5380.212843	5197.113614	5209.003161	5130.53218	5375.457014	5468.195739	5213.758981	5461.061987	5503.864508	5570.446252	5656.051434		
		5656.051434	5318.387082	5437.282818	5710.743682	5418.259489	5499.108671	5446.794485	5741.656707	5998.473077	5560.934571	5722.633305	5815.372433		
		8081.569639	9515.513509	9634.415481	9187.344983	5772.569745	8074.435654	5413.503657	10200.39129	7708.225285	6076.94491	6799.840565	7689.201416		
		6069.811104	5686.964439	5458.68407	5408.747826	6031.764148	5670.318973	5651.295588	6224.377046	6298.093216	6371.809454	7094.707773	6450.281653		
		8787.837289	8673.6926	8554.792056	5765.435966	9111.248126	7663.043603	6219.621167	9486.977062	8200.469481	7860.416404	5729.767081	6631.005798		
		5346.922043	5178.090341	5211.381071	5135.287994	5432.526986	5406.36991	5546.667051	5225.648531	5389.724503	5658.429357	5534.777454	5715.499531		
		
26:00	24.90	5277.962572	5213.758981	5216.136891	5216.136891	5075.840329	5489.596998	5187.601977	5418.259489	5437.282818	5494.352834	5501.486589	5413.503657		
		5254.183458	5130.53218	5204.247342	5396.858248	5218.514801	5465.817821	5311.253344	5299.363781	5382.590758	5515.754101	5491.974916	5406.36991		
		5370.701184	5092.485671	5365.945356	5204.247342	5168.578707	5377.834928	5239.915993	5401.614079	5289.852132	5520.509939	5503.864508	5389.724503		
		5377.834928	5225.648531	5394.480333	5568.068332	5403.991994	5487.21908	5363.567441	5575.202093	5796.349013	5520.509939	5546.667051	5487.21908		
		7468.049265	8678.448626	8882.957988	8364.551552	5527.643696	7425.245693	5396.858248	8740.276983	6902.09278	6012.740677	6569.179071	6982.943462		
		5705.987832	5715.499531	5487.21908	5444.416568	6131.637445	5439.660735	5432.526986	6050.787624	6003.228943	6176.818263	6371.809454	6038.897951		
		8014.985805	8045.899721	7874.684336	5746.412559	8316.991497	7030.502724	5860.553072	8269.43147	7712.981253	7377.686196	5777.325598	6214.865287		
		5472.951574	5137.665902	5130.53218	5294.607956	5365.945356	5377.834928	5266.073015	5335.032475	5327.898735	5644.16182	5446.794485	5442.038651		
		
27:00	24.90	5182.846159	5351.677871	5313.631257	5023.526419	5185.224068	5541.911212	5151.933349	5137.665902	5349.299957	5420.637405	5434.904902	5339.788302		
		5140.04381	5306.497519	5301.741693	5082.974046	5289.852132	5327.898735	5251.805547	5049.68337	5401.614079	5508.620345	5430.149069	5377.834928		
		5185.224068	5332.654561	5387.346588	5161.444981	5232.782262	5316.009169	5216.136891	5094.863577	5118.642644	5415.881573	5344.544129	5427.771153		
		5425.393237	5370.701184	5411.125741	5330.276648	5337.410388	5123.398458	5206.625252	5275.584661	5667.94105	5589.469618	5418.259489	5537.155373		
		6897.33686	8176.689498	8229.005469	7803.3447	5475.329491	6809.352393	5199.491523	8074.435654	6583.446773	5839.151714	6210.109408	6474.061123		
		5601.359224	5432.526986	5320.764995	5325.520822	6186.330017	5268.450926	5194.735704	5822.506216	5765.435966	5698.854059	5900.977877	5741.656707		
		7342.016592	7315.858892	7382.442145	5648.917665	7689.201416	6502.596495	5779.703525	7765.296921	6878.313184	7282.567287	5606.115067	5751.16841		
		5273.206749	5085.351952	5261.317192	5189.979886	5316.009169	4959.323032	5180.46825	5368.32327	5256.561369	5427.771153	5261.317192	5451.550319		
		
28:00	25.00	5216.136891	5373.079099	5273.206749	5197.113614	5209.003161	5365.945356	5178.090341	5304.119606	5237.538083	5382.590758	5608.492989	5430.149069		
		5301.741693	5330.276648	5365.945356	5277.962572	5335.032475	5168.578707	5161.444981	5273.206749	5180.46825	5277.962572	5444.416568	5608.492989		
		5325.520822	5270.828837	5142.421717	5263.695103	5266.073015	5294.607956	5082.974046	5244.671815	5225.648531	5268.450926	5430.149069	5551.422891		
		5413.503657	5503.864508	5396.858248	5301.741693	5311.253344	5168.578707	5254.183458	5444.416568	5427.771153	5370.701184	5541.911212	5537.155373		
		6666.675085	7534.632644	7651.15369	7016.234942	5589.469618	6414.612462	5159.067073	7377.686196	6269.557917	5665.563127	6260.046152	6405.100681		
		5351.677871	5432.526986	5475.329491	5306.497519	6129.259508	5178.090341	5358.811613	5539.533293	5618.004675	5639.405975	6007.98481	5962.804087		
		6783.194868	6814.108308	7011.479016	5525.265777	6806.974436	6343.274128	5622.760519	7220.740057	6654.785321	6576.312922	5413.503657	5729.767081		
		5242.293904	5344.544129	5266.073015	5132.910087	5154.311257	5075.840329	5071.084517	5289.852132	5365.945356	5194.735704	5399.236164	5503.864508		
		
29:00	25.00	5472.951574	5311.253344	5163.82289	5235.160172	5373.079099	5584.713776	5242.293904	5354.055785	5413.503657	5667.94105	5713.121606	5817.750361		
		5280.340484	5389.724503	5418.259489	5463.439904	5451.550319	5411.125741	5251.805547	5377.834928	5537.155373	5703.609908	5541.911212	5725.01123		
		5335.032475	5349.299957	5213.758981	5182.846159	5453.928236	5239.915993	5147.177533	5396.858248	5442.038651	5660.80728	5587.091697	5789.215232		
		5268.450926	5318.387082	5439.660735	5403.991994	5470.573656	5351.677871	5323.142908	5610.87091	5691.720287	5822.506216	5765.435966	5910.489598		
		6381.321232	6875.935224	7346.772538	6638.139654	5639.405975	6362.297678	5273.206749	7068.550154	6202.97559	5898.599946	6267.179975	6129.259508		
		5499.108671	5389.724503	5318.387082	5489.596998	6267.179975	5553.800811	5242.293904	5672.696897	5651.295588	5758.302188	6007.98481	5948.536496		
		6607.226282	6795.084651	6571.557021	5770.191819	7087.573876	6293.337332	5717.877456	6816.486266	6493.084703	6768.92713	5822.506216	5801.104868		
		5425.393237	5132.910087	5199.491523	5423.015321	5389.724503	5294.607956	5261.317192	5544.289132	5541.911212	5641.783897	5755.924262	5622.760519		
		
30:00	25.00	5401.614079	5451.550319	5406.36991	5335.032475	5411.125741	5582.335855	5337.410388	5603.737146	5437.282818	5470.573656	5755.924262	5727.389156		
		5358.811613	5289.852132	5396.858248	5173.334524	5579.957935	5520.509939	5627.516363	5413.503657	5596.603382	5510.998263	5884.332366	5872.442719		
		5418.259489	5313.631257	5308.875431	5280.340484	5344.544129	5406.36991	5411.125741	5451.550319	5482.463244	5401.614079	5710.743682	5796.349013		
		5461.061987	5299.363781	5510.998263	5541.911212	5577.580014	5651.295588	5577.580014	5572.824173	5579.957935	5689.342363	5696.476135	5644.16182		
		6138.771256	6585.824723	6897.33686	6685.698712	5527.643696	6424.124245	5522.887858	6878.313184	6169.684448	5846.285499	6088.834588	6333.762355		
		5553.800811	5465.817821	5544.289132	5532.399534	6702.344388	5601.359224	5439.660735	5606.115067	5774.947672	5684.586515	5851.041357	5815.372433		
		6538.265725	6414.612462	6519.242134	5530.021615	6531.131878	6179.196201	5865.308931	6424.124245	6364.675622	6478.817017	5755.924262	5822.506216		
		5434.904902	5344.544129	5432.526986	5325.520822	5510.998263	5598.981303	5425.393237	5349.299957	5577.580014	5596.603382	5682.208591	5793.971086		
		
31:00	25.00	5439.660735	5503.864508	5420.637405	5618.004675	5665.563127	5622.760519	5520.509939	5584.713776	5570.446252	5672.696897	5491.974916	5734.522931		
		5525.265777	5480.085327	5513.376182	5684.586515	5615.626754	5465.817821	5577.580014	5644.16182	5717.877456	5694.098211	5686.964439	5675.07482		
		5627.516363	5313.631257	5653.673511	5760.680114	5575.202093	5594.22546	5482.463244	5508.620345	5615.626754	5739.278782	5727.389156	5653.673511		
		5577.580014	5323.142908	5660.80728	5732.145006	5565.690412	5403.991994	5641.783897	5739.278782	5553.800811	5765.435966	5527.643696	5522.887858		
		6136.393319	6711.856205	6735.635752	6578.690872	5708.365757	6027.00828	5546.667051	6331.384412	6065.055233	5736.900857	5848.663428	6221.999106		
		5705.987832	5444.416568	5691.720287	5513.376182	6200.597651	5506.242426	5620.382597	5667.94105	5656.051434	5629.894286	5779.703525	5618.004675		
		6440.769867	6262.424093	6552.533422	5791.593159	6409.856571	6072.189039	5872.442719	6326.628526	6416.990408	6352.785902	5503.864508	5634.65013		
		5396.858248	5282.718396	5541.911212	5587.091697	5568.068332	5658.429357	5622.760519	5648.917665	5582.335855	5518.13202	5672.696897	5327.898735		
		
32:00	25.00	5223.270621	5194.735704	5411.125741	5363.567441	5323.142908	5503.864508	5453.928236	5375.457014	5739.278782	5613.248832	5774.947672	5684.586515		
		5149.555441	5396.858248	5470.573656	5480.085327	5323.142908	5292.230044	5461.061987	5487.21908	5710.743682	5801.104868	5846.285499	5694.098211		
		5275.584661	5147.177533	5468.195739	5380.212843	5337.410388	5413.503657	5587.091697	5349.299957	5549.044971	5824.884144	5694.098211	5815.372433		
		5263.695103	5242.293904	5489.596998	5613.248832	5308.875431	5289.852132	5618.004675	5618.004675	5406.36991	5770.191819	5793.971086	5708.365757		
		5705.987832	6245.778508	6333.762355	5986.583412	5496.730753	5948.536496	5553.800811	6276.69174	5969.937884	5691.720287	6205.353529	6000.85101		
		5289.852132	5403.991994	5427.771153	5168.578707	6134.015382	5522.887858	5513.376182	5525.265777	5434.904902	5686.964439	5881.954437	5625.138441		
		5834.395857	5915.245459	6298.093216	5480.085327	5943.780633	5900.977877	5603.737146	6298.093216	6084.078717	6350.407959	5610.87091	5839.151714		
		5263.695103	5356.433699	5368.32327	5399.236164	5339.788302	5351.677871	5442.038651	5411.125741	5496.730753	5591.847539	5758.302188	5696.476135		
		
33:00	25.10	5261.317192	5468.195739	5432.526986	5423.015321	5258.939281	5423.015321	5361.189527	5275.584661	5415.881573	5453.928236	5427.771153	5484.841162		
		5551.422891	5425.393237	5399.236164	5458.68407	5304.119606	5375.457014	5313.631257	5480.085327	5470.573656	5656.051434	5698.854059	5382.590758		
		5365.945356	5342.166215	5275.584661	5380.212843	5201.869433	5456.306153	5232.782262	5396.858248	5480.085327	5613.248832	5489.596998	5316.009169		
		5287.47422	5370.701184	5289.852132	5277.962572	5396.858248	5456.306153	5280.340484	5356.433699	5601.359224	5710.743682	5437.282818	5525.265777		
		5727.389156	5984.205479	5960.426155	6012.740677	5463.439904	5736.900857	5189.979886	6012.740677	5798.726941	5801.104868	5632.272208	5770.191819		
		5420.637405	5475.329491	5375.457014	5213.758981	6314.738812	5468.195739	5335.032475	5394.480333	5606.115067	5522.887858	5427.771153	5539.533293		
		5770.191819	5886.710296	5962.804087	5370.701184	5817.750361	5777.325598	5558.556651	6086.456652	6000.85101	5977.071681	5667.94105	5451.550319		
		5330.276648	5463.439904	5375.457014	5289.852132	5451.550319	5213.758981	5320.764995	5277.962572	5358.811613	5477.707409	5532.399534	5494.352834		
		
34:00	25.00	5090.107764	5289.852132	5325.520822	5296.985869	5237.538083	5651.295588	5489.596998	5170.956615	5399.236164	5565.690412	5434.904902	5620.382597		
		5261.317192	5494.352834	5380.212843	5420.637405	5375.457014	5563.312491	5335.032475	5289.852132	5382.590758	5506.242426	5494.352834	5739.278782		
		5258.939281	5135.287994	5330.276648	5123.398458	5316.009169	5446.794485	5308.875431	5275.584661	5384.968673	5256.561369	5494.352834	5827.262072		
		5142.421717	5387.346588	5151.933349	5273.206749	5263.695103	5444.416568	5427.771153	5275.584661	5653.673511	5541.911212	5546.667051	5625.138441		
		5439.660735	5860.553072	5912.867529	5620.382597	5461.061987	5867.68686	5289.852132	5672.696897	5598.981303	5786.837305	5782.081452	5977.071681		
		5363.567441	5230.404351	5387.346588	5192.357795	6357.54179	5663.185203	5249.427636	5175.712432	5494.352834	5432.526986	5670.318973	5656.051434		
		5577.580014	5518.13202	5896.222016	5370.701184	5889.088226	5689.342363	5696.476135	5784.459378	5812.994505	5893.844086	5684.586515	5898.599946		
		5082.974046	5140.04381	5522.887858	5199.491523	5463.439904	5375.457014	5365.945356	5287.47422	5368.32327	5553.800811	5558.556651	5736.900857		
		
35:00	25.10	5432.526986	5434.904902	5358.811613	5285.096308	5320.764995	5470.573656	5337.410388	5439.660735	5420.637405	5579.957935	5698.854059	5691.720287		
		5411.125741	5603.737146	5392.102418	5413.503657	5187.601977	5384.968673	5337.410388	5320.764995	5532.399534	5582.335855	5487.21908	5720.255381		
		5392.102418	5228.026441	5211.381071	5394.480333	5266.073015	5430.149069	5099.61939	5280.340484	5470.573656	5413.503657	5594.22546	5556.178731		
		5389.724503	5363.567441	5365.945356	5494.352834	5218.514801	5335.032475	5308.875431	5256.561369	5430.149069	5627.516363	5584.713776	5760.680114		
		5627.516363	5770.191819	5791.593159	5653.673511	5313.631257	5603.737146	5301.741693	5784.459378	5603.737146	5715.499531	5810.616578	5891.466156		
		5354.055785	5373.079099	5325.520822	5351.677871	6241.022627	5425.393237	5418.259489	5344.544129	5354.055785	5401.614079	5610.87091	5834.395857		
		5898.599946	5639.405975	6003.228943	5579.957935	5603.737146	5399.236164	5501.486589	5660.80728	5796.349013	6003.228943	5627.516363	5736.900857		
		5570.446252	5218.514801	5577.580014	5325.520822	5156.689165	5261.317192	5211.381071	5560.934571	5232.782262	5394.480333	5713.121606	5760.680114		
		
36:00	25.10	5380.212843	5132.910087	5251.805547	5061.572896	5263.695103	5532.399534	5420.637405	5256.561369	5342.166215	5320.764995	5534.777454	5660.80728		
		5344.544129	5299.363781	5342.166215	5199.491523	5247.049726	5261.317192	5304.119606	5323.142908	5251.805547	5311.253344	5596.603382	5506.242426		
		5296.985869	5170.956615	5135.287994	5144.799625	5280.340484	5294.607956	5204.247342	5361.189527	5163.82289	5223.270621	5522.887858	5522.887858		
		5325.520822	5187.601977	5228.026441	5223.270621	5320.764995	5344.544129	5418.259489	5403.991994	5282.718396	5399.236164	5403.991994	5596.603382		
		5563.312491	5720.255381	5446.794485	5679.830668	5453.928236	5480.085327	5406.36991	5862.931001	5560.934571	5261.317192	5570.446252	5572.824173		
		5132.910087	5123.398458	5159.067073	5254.183458	6345.652072	5344.544129	5418.259489	5301.741693	5458.68407	5444.416568	5527.643696	5710.743682		
		5587.091697	5508.620345	5408.747826	5356.433699	5625.138441	5736.900857	5503.864508	5589.469618	5639.405975	5615.626754	5703.609908	5705.987832		
		5273.206749	5270.828837	5014.014803	4999.747381	5363.567441	5470.573656	5515.754101	5216.136891	5304.119606	5368.32327	5615.626754	5637.028053		
		
37:00	25.20	5263.695103	5273.206749	5430.149069	5230.404351	5358.811613	5463.439904	5358.811613	5163.82289	5451.550319	5518.13202	5453.928236	5603.737146		
		5356.433699	5703.609908	5458.68407	5306.497519	5135.287994	5218.514801	5368.32327	5330.276648	5373.079099	5522.887858	5539.533293	5487.21908		
		5325.520822	5251.805547	5332.654561	5330.276648	5094.863577	5282.718396	5235.160172	5351.677871	5335.032475	5430.149069	5461.061987	5639.405975		
		5239.915993	5239.915993	5570.446252	5344.544129	5311.253344	5149.555441	5130.53218	5289.852132	5261.317192	5449.172402	5530.021615	5449.172402		
		5411.125741	5646.539743	5777.325598	5558.556651	5292.230044	5482.463244	5261.317192	5522.887858	5637.028053	5480.085327	5615.626754	5575.202093		
		5220.892711	5477.707409	5461.061987	5294.607956	6523.998031	5142.421717	5325.520822	5316.009169	5563.312491	5525.265777	5463.439904	5577.580014		
		5423.015321	5530.021615	5732.145006	5325.520822	5482.463244	5411.125741	5346.922043	5587.091697	5777.325598	5908.111668	5434.904902	5494.352834		
		5356.433699	5425.393237	5239.915993	5275.584661	5318.387082	5244.671815	5268.450926	5280.340484	5434.904902	5468.195739	5468.195739	5598.981303		
		
38:00	25.10	5437.282818	5287.47422	5323.142908	5415.881573	5368.32327	5470.573656	5387.346588	5480.085327	5325.520822	5603.737146	5603.737146	5480.085327		
		5251.805547	5508.620345	5430.149069	5389.724503	5434.904902	5311.253344	5292.230044	5439.660735	5449.172402	5744.034633	5641.783897	5665.563127		
		5239.915993	5249.427636	5544.289132	5361.189527	5439.660735	5532.399534	5373.079099	5384.968673	5354.055785	5499.108671	5522.887858	5682.208591		
		5218.514801	5330.276648	5349.299957	5382.590758	5411.125741	5453.928236	5384.968673	5247.049726	5401.614079	5634.65013	5570.446252	5570.446252		
		5304.119606	5525.265777	5663.185203	5587.091697	5399.236164	5558.556651	5375.457014	5596.603382	5582.335855	5703.609908	5843.907571	5936.646839		
		5156.689165	5411.125741	5449.172402	5266.073015	6640.517606	5342.166215	5275.584661	5299.363781	5608.492989	5710.743682	5710.743682	5601.359224		
		5458.68407	5332.654561	5658.429357	5408.747826	5713.121606	5458.68407	5344.544129	5565.690412	5632.272208	6029.386214	5518.13202	5463.439904		
		5163.82289	5263.695103	5289.852132	5358.811613	5499.108671	5384.968673	5282.718396	5370.701184	5403.991994	5608.492989	5634.65013	5641.783897		
		
39:00	25.10	5411.125741	5223.270621	5401.614079	5423.015321	5442.038651	5463.439904	5273.206749	5232.782262	5418.259489	5594.22546	5682.208591	5596.603382		
		5506.242426	5510.998263	5235.160172	5442.038651	5228.026441	5491.974916	5368.32327	5266.073015	5263.695103	5677.452744	5356.433699	5622.760519		
		5308.875431	5313.631257	5180.46825	5451.550319	5320.764995	5546.667051	5387.346588	5461.061987	5301.741693	5494.352834	5439.660735	5489.596998		
		5370.701184	5301.741693	5406.36991	5449.172402	5396.858248	5534.777454	5249.427636	5351.677871	5316.009169	5577.580014	5634.65013	5582.335855		
		5613.248832	5463.439904	5698.854059	5449.172402	5403.991994	5660.80728	5392.102418	5660.80728	5403.991994	5506.242426	5656.051434	5753.546336		
		5472.951574	5311.253344	5423.015321	5304.119606	7158.912874	5520.509939	5261.317192	5296.985869	5325.520822	5575.202093	5411.125741	5610.87091		
		5625.138441	5503.864508	5610.87091	5380.212843	5577.580014	5727.389156	5346.922043	5603.737146	5458.68407	5898.599946	5346.922043	5499.108671		
		5147.177533	5178.090341	5487.21908	5389.724503	5537.155373	5456.306153	5128.154272	5268.450926	5380.212843	5489.596998	5546.667051	5572.824173		
		
40:00	25.20	5223.270621	5258.939281	5339.788302	5173.334524	5187.601977	5387.346588	5373.079099	5140.04381	5546.667051	5458.68407	5720.255381	5758.302188		
		5325.520822	5793.971086	5420.637405	5382.590758	5192.357795	5320.764995	5244.671815	5211.381071	5546.667051	5736.900857	5817.750361	5530.021615		
		5237.538083	5268.450926	5299.363781	5178.090341	5277.962572	5235.160172	5318.387082	5375.457014	5411.125741	5598.981303	5510.998263	5565.690412		
		5254.183458	5418.259489	5170.956615	5149.555441	5273.206749	5266.073015	5296.985869	5285.096308	5575.202093	5629.894286	5549.044971	5651.295588		
		5323.142908	5365.945356	5425.393237	5527.643696	5166.200798	5304.119606	5325.520822	5325.520822	5461.061987	5644.16182	5836.773785	5684.586515		
		5223.270621	5382.590758	5178.090341	5330.276648	7011.479016	5225.648531	5292.230044	5261.317192	5318.387082	5365.945356	5489.596998	5527.643696		
		5549.044971	5351.677871	5480.085327	5192.357795	5406.36991	5489.596998	5453.928236	5373.079099	5518.13202	5824.884144	5670.318973	5632.272208		
		5325.520822	5080.59614	5308.875431	5273.206749	5335.032475	5270.828837	5373.079099	5318.387082	5380.212843	5684.586515	5734.522931	5489.596998		
		
41:00	25.10	5230.404351	5254.183458	5242.293904	5209.003161	5204.247342	5463.439904	5463.439904	5525.265777	5320.764995	5596.603382	5591.847539	5556.178731		
		5275.584661	5613.248832	5197.113614	5175.712432	5282.718396	5313.631257	5330.276648	5392.102418	5092.485671	5660.80728	5598.981303	5653.673511		
		5235.160172	5147.177533	5123.398458	5180.46825	5197.113614	5335.032475	5475.329491	5358.811613	5327.898735	5656.051434	5568.068332	5468.195739		
		5206.625252	5201.869433	5280.340484	5358.811613	5247.049726	5365.945356	5292.230044	5361.189527	5135.287994	5563.312491	5546.667051	5565.690412		
		5311.253344	5425.393237	5380.212843	5465.817821	5342.166215	5254.183458	5394.480333	5213.758981	5423.015321	5744.034633	5760.680114	5748.790484		
		5368.32327	5106.753109	5166.200798	5282.718396	6661.919179	5434.904902	5354.055785	5192.357795	5368.32327	5572.824173	5560.934571	5579.957935		
		5392.102418	5313.631257	5268.450926	5311.253344	5480.085327	5365.945356	5499.108671	5487.21908	5446.794485	5701.231984	5506.242426	5753.546336		
		5180.46825	5194.735704	5094.863577	5204.247342	5232.782262	5311.253344	5439.660735	5430.149069	5401.614079	5415.881573	5496.730753	5615.626754		
		
42:00	25.20	5365.945356	5228.026441	5373.079099	5380.212843	5304.119606	5430.149069	5463.439904	5465.817821	5551.422891	5675.07482	5848.663428	5796.349013		
		5140.04381	5651.295588	5289.852132	5432.526986	5294.607956	5427.771153	5487.21908	5584.713776	5639.405975	5506.242426	5815.372433	5663.185203		
		5351.677871	5194.735704	5335.032475	5577.580014	5149.555441	5453.928236	5515.754101	5639.405975	5620.382597	5615.626754	5656.051434	5777.325598		
		5242.293904	5266.073015	5242.293904	5408.747826	5277.962572	5408.747826	5418.259489	5453.928236	5634.65013	5710.743682	5646.539743	5736.900857		
		5327.898735	5244.671815	5510.998263	5468.195739	5444.416568	5475.329491	5513.376182	5556.178731	5639.405975	5665.563127	5798.726941	5979.449614		
		5308.875431	5285.096308	5439.660735	5311.253344	6697.58848	5287.47422	5294.607956	5532.399534	5753.546336	5753.546336	5722.633305	5829.64		
		5484.841162	5480.085327	5568.068332	5525.265777	5439.660735	5530.021615	5470.573656	5722.633305	5677.452744	5858.175143	5644.16182	5758.302188		
		5225.648531	5266.073015	5361.189527	5270.828837	5451.550319	5418.259489	5430.149069	5453.928236	5732.145006	5705.987832	5732.145006	5836.773785		
		
43:00	25.10	5437.282818	5444.416568	5342.166215	5351.677871	5648.917665	5468.195739	5499.108671	5451.550319	5572.824173	5639.405975	5839.151714	5713.121606		
		5335.032475	5727.389156	5458.68407	5446.794485	5503.864508	5477.707409	5491.974916	5553.800811	5798.726941	5929.513045	6019.874478	5637.028053		
		5251.805547	5506.242426	5403.991994	5335.032475	5563.312491	5591.847539	5508.620345	5439.660735	5632.272208	5689.342363	5777.325598	5587.091697		
		5451.550319	5394.480333	5399.236164	5296.985869	5491.974916	5663.185203	5534.777454	5546.667051	5527.643696	5843.907571	5648.917665	5537.155373		
		5418.259489	5373.079099	5696.476135	5496.730753	5572.824173	5610.87091	5408.747826	5356.433699	5651.295588	5727.389156	5777.325598	5627.516363		
		5311.253344	5282.718396	5330.276648	5489.596998	7061.41626	5615.626754	5482.463244	5389.724503	5584.713776	5801.104868	5734.522931	5477.707409		
		5546.667051	5499.108671	5563.312491	5606.115067	5468.195739	5629.894286	5423.015321	5430.149069	5518.13202	5665.563127	5620.382597	5425.393237		
		5408.747826	5197.113614	5451.550319	5439.660735	5560.934571	5432.526986	5527.643696	5499.108671	5591.847539	5622.760519	5698.854059	5558.556651		
		
44:00	25.20	5320.764995	5128.154272	5161.444981	5237.538083	4935.544013	5308.875431	5220.892711	5239.915993	5389.724503	5368.32327	5432.526986	5475.329491		
		5192.357795	5282.718396	5159.067073	4978.346253	5002.125285	5161.444981	5061.572896	5009.258996	5130.53218	5401.614079	5415.881573	5458.68407		
		5327.898735	5237.538083	5273.206749	5209.003161	4961.700934	5140.04381	5256.561369	5232.782262	5254.183458	5527.643696	5189.979886	5470.573656		
		5287.47422	5161.444981	5092.485671	5075.840329	5090.107764	5318.387082	5137.665902	5223.270621	5068.706612	5430.149069	5491.974916	5587.091697		
		5270.828837	5304.119606	5487.21908	5249.427636	5170.956615	5363.567441	5301.741693	5230.404351	5218.514801	5394.480333	5508.620345	5610.87091		
		5239.915993	5113.88683	5142.421717	4940.299816	6590.580625	5273.206749	5318.387082	5132.910087	5387.346588	5549.044971	5294.607956	5553.800811		
		5049.68337	5258.939281	5109.131016	5144.799625	5320.764995	5387.346588	5439.660735	5201.869433	5332.654561	5558.556651	5318.387082	5577.580014		
		5085.351952	5061.572896	5071.084517	5009.258996	5092.485671	5235.160172	5197.113614	5280.340484	5247.049726	5270.828837	5413.503657	5515.754101		
		
45:00	25.20	5149.555441	5104.375203	5059.19499	5009.258996	5087.729858	5304.119606	5192.357795	5113.88683	5266.073015	5530.021615	5439.660735	5425.393237		
		5063.950801	5442.038651	5189.979886	5092.485671	5078.218235	5399.236164	5211.381071	5266.073015	5244.671815	5463.439904	5415.881573	5458.68407		
		5180.46825	5004.503188	5142.421717	5132.910087	4933.166111	5149.555441	5216.136891	5151.933349	5289.852132	5294.607956	5577.580014	5256.561369		
		5218.514801	5047.305465	5033.038037	5078.218235	5035.415941	5313.631257	5335.032475	5080.59614	5106.753109	5346.922043	5525.265777	5491.974916		
		5144.799625	5244.671815	4935.544013	5187.601977	5194.735704	5201.869433	5047.305465	5082.974046	5216.136891	5541.911212	5470.573656	5484.841162		
		5066.328706	5258.939281	5009.258996	5109.131016	7601.216078	5263.695103	5144.799625	4902.253398	5111.508923	5318.387082	5442.038651	5339.788302		
		5192.357795	5216.136891	4838.050107	5223.270621	5373.079099	5351.677871	5054.43918	5063.950801	5237.538083	5491.974916	5475.329491	5408.747826		
		5251.805547	5377.834928	5142.421717	5021.148515	5294.607956	5408.747826	4997.369478	5156.689165	5311.253344	5335.032475	5280.340484	5434.904902		
		
46:00	25.20	5156.689165	5111.508923	5099.61939	5266.073015	5147.177533	5377.834928	5296.985869	5444.416568	5382.590758	5560.934571	5618.004675	5570.446252		
		5235.160172	5358.811613	5220.892711	5194.735704	5059.19499	5225.648531	5289.852132	5244.671815	5349.299957	5518.13202	5601.359224	5582.335855		
		5204.247342	5180.46825	5249.427636	5113.88683	5101.997296	5011.636899	5166.200798	5280.340484	5237.538083	5453.928236	5389.724503	5446.794485		
		5218.514801	5132.910087	5090.107764	5187.601977	4926.032407	5220.892711	5147.177533	5270.828837	5194.735704	5377.834928	5496.730753	5546.667051		
		5251.805547	5047.305465	5244.671815	5237.538083	5142.421717	5294.607956	5449.172402	5363.567441	5280.340484	5510.998263	5489.596998	5472.951574		
		5266.073015	5263.695103	5090.107764	5123.398458	6845.02176	5197.113614	5270.828837	5475.329491	5268.450926	5465.817821	5601.359224	5463.439904		
		5251.805547	5225.648531	5268.450926	5192.357795	5263.695103	5268.450926	5392.102418	5392.102418	5209.003161	5468.195739	5606.115067	5520.509939		
		5396.858248	5301.741693	5311.253344	4992.613671	5287.47422	5244.671815	5375.457014	5266.073015	5406.36991	5301.741693	5377.834928	5613.248832		
		
47:00	25.10	5204.247342	5125.776365	5237.538083	5235.160172	5261.317192	5358.811613	5323.142908	5201.869433	5151.933349	5413.503657	5491.974916	5534.777454		
		5187.601977	5335.032475	5009.258996	5330.276648	5263.695103	5263.695103	5228.026441	5270.828837	5239.915993	5439.660735	5760.680114	5527.643696		
		5209.003161	5242.293904	5249.427636	5187.601977	5180.46825	4978.346253	5137.665902	5187.601977	5092.485671	5403.991994	5613.248832	5584.713776		
		5168.578707	5275.584661	5106.753109	5273.206749	5232.782262	5249.427636	5163.82289	5180.46825	5361.189527	5694.098211	5399.236164	5558.556651		
		5292.230044	5411.125741	5140.04381	5104.375203	5137.665902	5251.805547	5249.427636	5292.230044	5356.433699	5484.841162	5582.335855	5634.65013		
		5147.177533	5111.508923	5063.950801	5075.840329	6837.887886	5339.788302	5287.47422	5054.43918	5204.247342	5451.550319	5653.673511	5484.841162		
		5168.578707	5109.131016	5035.415941	5228.026441	5232.782262	5365.945356	5323.142908	5223.270621	5415.881573	5625.138441	5558.556651	5525.265777		
		5106.753109	5142.421717	5161.444981	5194.735704	5244.671815	5311.253344	5163.82289	5075.840329	5270.828837	5530.021615	5596.603382	5451.550319		
		
48:00	25.20	5197.113614	5063.950801	4940.299816	5054.43918	5394.480333	5230.404351	5023.526419	5130.53218	5389.724503	5491.974916	5356.433699	5456.306153		
		5204.247342	5168.578707	5144.799625	5261.317192	5247.049726	5292.230044	5137.665902	5273.206749	5304.119606	5446.794485	5539.533293	5437.282818		
		5087.729858	5075.840329	5037.793846	5256.561369	5187.601977	5123.398458	5239.915993	5225.648531	5294.607956	5282.718396	5280.340484	5368.32327		
		5002.125285	4980.724155	5111.508923	5235.160172	5247.049726	5225.648531	5163.82289	5073.462423	5527.643696	5456.306153	5463.439904	5401.614079		
		4947.433521	5061.572896	5220.892711	5194.735704	5335.032475	5170.956615	5301.741693	5275.584661	5280.340484	5482.463244	5389.724503	5377.834928		
		4899.875497	5059.19499	5316.009169	5182.846159	7013.856979	5063.950801	5116.264737	5287.47422	5299.363781	5389.724503	5339.788302	5520.509939		
		5101.997296	5006.881092	5365.945356	5285.096308	5185.224068	5030.660132	5247.049726	5358.811613	5373.079099	5506.242426	5370.701184	5465.817821		
		5118.642644	4983.102058	5014.014803	5239.915993	5349.299957	5154.311257	5170.956615	5137.665902	5330.276648	5618.004675	5430.149069	5325.520822		
		
49:00	25.20	5073.462423	5161.444981	5056.817085	5228.026441	5168.578707	5277.962572	5178.090341	5180.46825	5342.166215	5487.21908	5451.550319	5282.718396		
		5251.805547	5596.603382	5130.53218	5254.183458	5301.741693	5254.183458	5082.974046	5285.096308	5342.166215	5342.166215	5582.335855	5387.346588		
		5090.107764	5154.311257	5232.782262	5337.410388	5099.61939	5351.677871	5140.04381	5159.067073	5351.677871	5199.491523	5451.550319	5577.580014		
		5232.782262	5216.136891	5247.049726	5044.92756	5275.584661	5182.846159	5197.113614	5154.311257	5292.230044	5365.945356	5344.544129	5458.68407		
		5118.642644	5270.828837	5242.293904	5220.892711	5194.735704	5161.444981	5073.462423	5289.852132	5263.695103	5413.503657	5427.771153	5582.335855		
		5273.206749	5230.404351	5125.776365	5082.974046	7401.465941	5223.270621	5104.375203	5094.863577	5270.828837	5342.166215	5430.149069	5515.754101		
		5339.788302	5106.753109	5116.264737	5292.230044	5235.160172	5339.788302	5251.805547	5151.933349	5396.858248	5427.771153	5411.125741	5356.433699		
		5349.299957	5054.43918	5237.538083	5377.834928	5037.793846	5175.712432	5268.450926	5237.538083	5346.922043	5434.904902	5403.991994	5384.968673		
		
~End
Original Filename: 10nm_05-29-20-192225_236_289_1294_5006_5013_5007_Pta_PtaDA.pda   Date Last Saved: 5/29/2020
