##BLOCKS= 1          
Plate:	Plate#1	1.3	PlateFormat	Kinetic	Luminescence	Raw	FALSE	50	3000	60				1	450	1	12	96	405	Automatic	435			6	Automatic			1	8	None	
Time(hh:mm:ss)	Temperature(¡C)	1	2	3	4	5	6	7	8	9	10	11	12		
0:00	22.60	821.880021	484.236067	379.614286	210.793064	203.65978	151.349056	103.793882	82.394063	108.549398	84.77182	125.193707	99.038366		
		745.791118	474.72499	329.681211	175.126654	167.993374	160.860094	127.571466	87.149578	96.660608	72.883034	103.793882	77.638548		
		636.413447	472.347221	279.748168	203.65978	241.703965	179.882174	108.549398	89.527335	120.43819	120.43819	84.77182	87.149578		
		757.680004	484.236067	334.436741	201.28202	127.571466	125.193707	151.349056	163.237854	82.394063	125.193707	110.927156	80.016306		
		683.968938	508.013763	291.636985	322.547917	127.571466	175.126654	137.082501	103.793882	91.905093	127.571466	125.193707	77.638548		
		743.413341	386.747585	289.259221	227.437394	127.571466	182.259935	82.394063	167.993374	110.927156	91.905093	77.638548	115.682673		
		662.568964	450.947303	267.859352	160.860094	170.371134	170.371134	115.682673	158.482335	75.260791	106.17164	101.416124	84.77182		
		595.991302	372.480987	267.859352	232.192917	165.615614	99.038366	182.259935	80.016306	96.660608	96.660608	72.883034	99.038366		
		
1:00	22.60	60.994249	63.372006	110.927156	77.638548	70.505277	70.505277	46.72771	39.594442	49.105467	63.372006	51.483223	46.72771		
		68.12752	80.016306	68.12752	58.616493	72.883034	53.86098	72.883034	77.638548	65.749763	77.638548	56.238736	46.72771		
		68.12752	80.016306	46.72771	72.883034	46.72771	72.883034	82.394063	77.638548	60.994249	80.016306	84.77182	53.86098		
		56.238736	80.016306	53.86098	127.571466	80.016306	56.238736	49.105467	80.016306	89.527335	75.260791	60.994249	53.86098		
		63.372006	77.638548	49.105467	53.86098	58.616493	68.12752	84.77182	103.793882	70.505277	68.12752	56.238736	58.616493		
		70.505277	75.260791	51.483223	70.505277	53.86098	108.549398	68.12752	65.749763	56.238736	70.505277	63.372006	51.483223		
		53.86098	84.77182	77.638548	63.372006	65.749763	91.905093	65.749763	80.016306	82.394063	56.238736	39.594442	58.616493		
		60.994249	84.77182	84.77182	82.394063	44.349954	34.83893	72.883034	56.238736	63.372006	70.505277	82.394063	56.238736		
		
2:00	22.60	89.527335	75.260791	77.638548	80.016306	41.972198	56.238736	60.994249	70.505277	39.594442	56.238736	63.372006	99.038366		
		51.483223	65.749763	58.616493	56.238736	39.594442	65.749763	53.86098	53.86098	72.883034	58.616493	41.972198	41.972198		
		60.994249	51.483223	65.749763	65.749763	84.77182	80.016306	56.238736	68.12752	82.394063	34.83893	68.12752	84.77182		
		103.793882	58.616493	58.616493	51.483223	56.238736	53.86098	68.12752	44.349954	56.238736	44.349954	53.86098	58.616493		
		56.238736	41.972198	65.749763	44.349954	77.638548	65.749763	70.505277	77.638548	58.616493	53.86098	68.12752	53.86098		
		39.594442	41.972198	65.749763	44.349954	56.238736	65.749763	39.594442	49.105467	68.12752	53.86098	44.349954	39.594442		
		53.86098	41.972198	44.349954	56.238736	53.86098	39.594442	63.372006	58.616493	63.372006	46.72771	58.616493	75.260791		
		51.483223	60.994249	41.972198	53.86098	65.749763	30.083418	65.749763	41.972198	44.349954	68.12752	84.77182	75.260791		
		
3:00	22.70	80.016306	134.704742	65.749763	141.838019	137.082501	56.238736	94.282851	51.483223	103.793882	60.994249	51.483223	210.793064		
		63.372006	63.372006	49.105467	58.616493	68.12752	46.72771	56.238736	70.505277	41.972198	51.483223	70.505277	32.461174		
		87.149578	87.149578	101.416124	87.149578	134.704742	170.371134	241.703965	198.904259	208.415303	201.28202	82.394063	99.038366		
		75.260791	53.86098	37.216686	41.972198	41.972198	56.238736	56.238736	58.616493	41.972198	68.12752	46.72771	46.72771		
		46.72771	51.483223	53.86098	68.12752	56.238736	75.260791	63.372006	53.86098	65.749763	32.461174	41.972198	53.86098		
		51.483223	82.394063	58.616493	39.594442	41.972198	60.994249	51.483223	80.016306	53.86098	56.238736	70.505277	49.105467		
		65.749763	39.594442	60.994249	51.483223	41.972198	39.594442	22.950151	44.349954	56.238736	53.86098	46.72771	56.238736		
		53.86098	46.72771	91.905093	89.527335	49.105467	49.105467	41.972198	56.238736	51.483223	72.883034	63.372006	49.105467		
		
4:00	22.70	206.037541	524.658155	474.72499	405.769718	612.635712	118.060431	148.971297	77.638548	638.791221	184.637695	377.23652	493.747145		
		46.72771	46.72771	34.83893	46.72771	49.105467	70.505277	51.483223	51.483223	49.105467	63.372006	70.505277	49.105467		
		118.060431	1240.370279	641.168995	538.92478	755.302227	529.413696	1316.459652	2048.823566	1929.932865	3418.457187	450.947303	736.28001		
		63.372006	37.216686	46.72771	72.883034	39.594442	56.238736	58.616493	56.238736	37.216686	44.349954	72.883034	60.994249		
		77.638548	75.260791	84.77182	41.972198	75.260791	156.104575	134.704742	49.105467	87.149578	113.304915	80.016306	46.72771		
		68.12752	65.749763	72.883034	34.83893	49.105467	56.238736	72.883034	51.483223	77.638548	53.86098	49.105467	63.372006		
		80.016306	84.77182	58.616493	41.972198	80.016306	139.46026	68.12752	60.994249	49.105467	41.972198	63.372006	46.72771		
		120.43819	572.21358	60.994249	493.747145	99.038366	60.994249	82.394063	139.46026	175.126654	127.571466	75.260791	179.882174		
		
5:00	22.70	912.235687	1340.237596	1404.43808	641.168995	1858.598529	655.43564	410.525252	251.215014	2322.27285	500.880454	976.435827	966.924692		
		37.216686	51.483223	53.86098	63.372006	60.994249	46.72771	68.12752	49.105467	53.86098	89.527335	84.77182	77.638548		
		396.258651	4569.348008	2189.114822	2086.868628	2324.650674	1437.72724	4633.551082	7356.284432	6250.534389	12155.178861	1685.018576	2094.002079		
		37.216686	70.505277	32.461174	63.372006	46.72771	53.86098	41.972198	53.86098	53.86098	46.72771	51.483223	30.083418		
		156.104575	49.105467	182.259935	106.17164	110.927156	550.813635	767.191115	184.637695	122.815948	862.30228	284.503694	65.749763		
		34.83893	34.83893	49.105467	39.594442	63.372006	32.461174	46.72771	82.394063	41.972198	39.594442	49.105467	41.972198		
		101.416124	75.260791	56.238736	51.483223	77.638548	472.347221	37.216686	34.83893	58.616493	63.372006	125.193707	49.105467		
		610.257939	3905.919254	341.570036	1314.081858	1185.681087	137.082501	108.549398	358.214393	1154.769821	2191.492642	272.614878	629.280126		
		
6:00	22.80	2032.178858	2854.907182	2816.861755	1223.725738	3946.343071	1827.687003	779.080004	522.280385	5518.13202	795.724452	1948.955365	2006.022894		
		63.372006	44.349954	34.83893	37.216686	65.749763	49.105467	60.994249	51.483223	41.972198	65.749763	30.083418	60.994249		
		969.302476	8861.555821	4685.864737	4407.651604	4398.140061	2835.884466	9215.881323	12645.07228	11551.139648	22645.736592	3173.538343	4469.476661		
		58.616493	49.105467	91.905093	49.105467	49.105467	51.483223	27.705662	53.86098	84.77182	41.972198	27.705662	58.616493		
		329.681211	153.726816	498.502684	322.547917	405.769718	1280.792749	2999.955538	862.30228	227.437394	2262.827274	1268.903785	103.793882		
		63.372006	63.372006	51.483223	56.238736	51.483223	41.972198	68.12752	58.616493	53.86098	37.216686	32.461174	34.83893		
		301.14804	460.458377	94.282851	68.12752	46.72771	534.169238	77.638548	56.238736	68.12752	113.304915	68.12752	80.016306		
		2113.024619	10193.257116	2714.61476	2609.990062	4400.517946	448.569535	693.480039	1116.725202	4509.900762	9408.501885	1230.859112	1934.68849		
		
7:00	22.80	3879.762677	4229.310361	4880.852295	1689.774186	5798.726941	3209.206089	1330.726417	945.524642	7960.291983	1418.704861	3477.903622	3047.512434		
		65.749763	56.238736	70.505277	56.238736	49.105467	82.394063	65.749763	58.616493	37.216686	65.749763	75.260791	75.260791		
		1822.931384	12742.575697	7332.5047	7682.067466	7201.716303	4215.043078	14129.039579	17225.483034	17301.587607	30685.226563	4868.962796	7094.707773		
		44.349954	70.505277	60.994249	39.594442	46.72771	60.994249	41.972198	39.594442	51.483223	51.483223	56.238736	72.883034		
		565.080264	372.480987	1278.414956	1071.547241	705.368918	2284.227677	6474.061123	1772.997409	546.058093	4203.153679	3575.39587	210.793064		
		63.372006	46.72771	46.72771	60.994249	49.105467	56.238736	53.86098	32.461174	49.105467	68.12752	58.616493	44.349954		
		890.835651	1749.219337	99.038366	177.504414	270.237115	550.813635	70.505277	51.483223	101.416124	172.748894	141.838019	94.282851		
		4474.232436	16267.047257	6973.431612	4188.886401	8825.885555	997.835885	1744.463723	2911.975356	9363.319243	18949.745031	3418.457187	4167.485489		
		
8:00	22.90	5444.416568	5653.673511	7824.746585	2486.342869	8000.717848	4814.271124	2105.891166	1625.573474	10873.384541	1979.866938	4911.765	4759.579489		
		68.12752	68.12752	32.461174	65.749763	58.616493	51.483223	39.594442	41.972198	51.483223	51.483223	56.238736	65.749763		
		2995.19985	16359.798605	10880.518775	10647.467447	9898.37849	5960.426155	18169.660519	21416.098831	21380.422969	36789.118306	6319.494698	9054.17553		
		68.12752	65.749763	49.105467	46.72771	63.372006	72.883034	56.238736	49.105467	44.349954	30.083418	63.372006	56.238736		
		931.257945	688.724489	2220.026487	1896.6435	895.591214	3504.060067	9023.261225	2919.108881	850.413378	6592.958576	5748.790484	279.748168		
		60.994249	58.616493	34.83893	49.105467	39.594442	41.972198	41.972198	41.972198	49.105467	60.994249	46.72771	51.483223		
		1687.396381	3449.369328	351.081096	389.125351	1007.347024	966.924692	82.394063	187.015455	158.482335	320.170153	358.214393	120.43819		
		7382.442145	21946.481854	11425.100544	5843.907571	12155.178861	2065.468279	3313.83157	4992.613671	12457.200178	25942.30551	5090.107764	7294.457144		
		
9:00	22.90	7748.651023	7677.3115	11127.839294	3513.571504	10397.770349	6107.858077	3199.694689	2469.69807	12728.306897	2781.194184	6114.991887	6414.612462		
		34.83893	63.372006	58.616493	51.483223	49.105467	63.372006	75.260791	77.638548	44.349954	65.749763	82.394063	53.86098		
		4043.83589	18752.344878	14133.795928	13560.657827	12469.090804	6861.66747	21423.234005	23525.759742	24141.781704	40512.102334	8297.967482	10747.346505		
		37.216686	39.594442	75.260791	49.105467	56.238736	44.349954	53.86098	39.594442	41.972198	77.638548	44.349954	32.461174		
		969.302476	1107.21405	2583.83391	2864.418542	1316.459652	4193.64216	9922.158984	3953.476688	1069.169454	7458.537358	7239.763815	348.703331		
		37.216686	39.594442	46.72771	51.483223	51.483223	77.638548	58.616493	27.705662	60.994249	34.83893	53.86098	41.972198		
		2334.161971	4994.991574	857.546719	579.346896	2771.682834	1865.731959	108.549398	455.70284	227.437394	600.746848	907.480123	286.881458		
		10928.080354	26222.972051	14466.741109	7622.617908	14868.65535	2664.680228	4555.080665	6890.202981	15789.022785	29484.008846	7085.195911	9610.635073		
		
10:00	22.90	9620.147235	9670.086107	14305.024705	4635.928975	12526.165835	7946.024035	4148.462462	3190.183289	14685.53441	3594.418762	7950.780018	7853.282439		
		60.994249	46.72771	51.483223	51.483223	56.238736	58.616493	94.282851	44.349954	58.616493	82.394063	68.12752	46.72771		
		4973.590447	20264.965708	18157.769045	16102.948982	13432.237404	7974.559933	24044.264398	25150.260325	25238.264958	40966.484765	10407.282605	12176.581909		
		65.749763	30.083418	41.972198	65.749763	46.72771	46.72771	41.972198	60.994249	87.149578	39.594442	44.349954	34.83893		
		1119.10299	1423.460455	2940.509459	3432.724328	1442.482835	4459.965111	9315.758594	4538.435435	1423.460455	8121.995565	8014.985805	372.480987		
		63.372006	51.483223	39.594442	30.083418	34.83893	41.972198	63.372006	63.372006	34.83893	60.994249	53.86098	39.594442		
		3085.55797	5851.041357	1459.127421	857.546719	4160.351853	2621.879226	208.415303	905.102341	260.726064	764.813337	1482.905408	446.191767		
		13988.72739	29224.738476	16909.174176	9170.698789	16590.48832	3473.147905	6374.187398	8844.909695	17028.087134	32650.029453	9008.993088	12124.263358		
		
11:00	22.90	11679.557052	11617.726424	17834.321648	5953.29236	14423.933794	9413.257954	5232.782262	3974.877542	16462.063036	4288.757398	9368.075309	10431.063251		
		51.483223	44.349954	65.749763	51.483223	53.86098	70.505277	72.883034	46.72771	120.43819	106.17164	118.060431	53.86098		
		6010.362744	21627.775939	20773.935749	18017.449793	14654.617929	9258.685852	24512.824247	25975.604878	25851.921579	42013.23945	11463.150064	13603.46468		
		32.461174	44.349954	44.349954	44.349954	68.12752	58.616493	56.238736	63.372006	56.238736	56.238736	32.461174	44.349954		
		1026.369305	1530.461401	2407.874558	3477.903622	1254.637031	4605.016376	7751.029008	4222.176719	1518.5724	7877.062325	7798.588727	339.192271		
		46.72771	44.349954	49.105467	37.216686	32.461174	49.105467	44.349954	32.461174	60.994249	56.238736	60.994249	60.994249		
		3057.023816	5544.289132	1856.220719	995.458101	5834.395857	3699.044746	246.459489	1411.57147	348.703331	1004.969239	2167.714445	496.124914		
		16709.400805	30761.343937	18421.76017	10885.274932	17177.917712	4015.301394	7254.031636	10509.53943	18455.056409	32695.225244	10452.465837	14164.712208		
		
12:00	23.00	13708.103751	13420.346635	21171.124899	7030.502724	17201.700369	11011.313185	6481.194965	4707.265787	17092.300204	5104.375203	11153.99824	12145.666397		
		44.349954	41.972198	53.86098	72.883034	68.12752	63.372006	77.638548	49.105467	82.394063	80.016306	115.682673	68.12752		
		6405.100681	22108.213699	22717.08946	19308.871859	15215.872829	10426.307121	24453.362185	25345.297751	25963.712245	42784.040288	12697.391172	13748.53252		
		53.86098	37.216686	60.994249	82.394063	37.216686	37.216686	77.638548	58.616493	46.72771	49.105467	68.12752	58.616493		
		883.702308	1218.970156	1934.68849	3435.102185	1299.815095	3948.720943	6074.566974	3261.518812	1399.682487	6621.493991	6314.738812	434.302927		
		68.12752	41.972198	65.749763	60.994249	49.105467	37.216686	27.705662	56.238736	32.461174	49.105467	32.461174	77.638548		
		2562.433427	4728.666843	2053.579198	1102.458475	6255.29027	3768.002856	267.859352	1932.310677	346.325566	995.458101	2486.342869	484.236067		
		18859.368996	32195.694231	19180.442212	11826.99951	17410.988058	4386.250634	8338.393518	11291.927368	18845.099106	33677.645332	10668.870092	14464.362924		
		
13:00	23.00	15665.355227	14083.854271	24481.90397	7843.770486	17820.05194	11962.551688	7558.412435	5822.506216	18678.617234	5979.449614	12197.984963	13620.111796		
		65.749763	60.994249	25.327906	68.12752	41.972198	58.616493	63.372006	37.216686	80.016306	122.815948	129.949224	58.616493		
		7306.347004	22517.30159	23594.734938	20405.288901	14947.135882	11077.899512	23782.633188	25578.391884	25335.783719	40833.262424	13605.842839	14102.87966		
		51.483223	44.349954	27.705662	60.994249	44.349954	51.483223	53.86098	32.461174	37.216686	65.749763	60.994249	46.72771		
		603.124621	1019.235949	1271.281578	2676.569399	831.391139	3021.356138	4167.485489	2502.987673	1228.481321	4545.569104	5525.265777	298.770276		
		56.238736	39.594442	63.372006	39.594442	37.216686	46.72771	58.616493	75.260791	46.72771	34.83893	60.994249	51.483223		
		1806.286723	3318.587277	2025.045412	1107.21405	5767.813893	3765.624989	303.525804	1668.373943	296.392512	1014.480379	2236.671235	546.058093		
		20612.2066	32136.226461	19018.716283	12561.83775	17125.595891	4709.643682	8602.352252	11263.390287	19349.303457	32719.012513	12354.940864	14133.795928		
		
14:00	23.00	16754.587595	14940.001285	25243.021968	8169.555505	18778.506316	13544.010723	8264.675468	6336.140298	19591.893475	6550.155472	13351.380207	14835.360603		
		72.883034	63.372006	34.83893	41.972198	41.972198	68.12752	80.016306	70.505277	106.17164	115.682673	151.349056	70.505277		
		8010.229819	21603.991966	23925.341015	20093.724179	15023.238288	11453.637682	22907.364085	24291.625601	24764.94388	39372.589152	14159.955857	13884.087952		
		30.083418	65.749763	51.483223	18.19464	63.372006	49.105467	56.238736	34.83893	63.372006	65.749763	60.994249	44.349954		
		358.214393	800.48001	826.63558	2001.267265	588.857985	2067.846095	2759.793649	1820.553575	1140.503087	3018.978293	3846.472501	239.326203		
		65.749763	75.260791	41.972198	39.594442	39.594442	63.372006	89.527335	58.616493	51.483223	39.594442	49.105467	30.083418		
		1575.639622	1979.866938	1423.460455	947.902425	5101.997296	3575.39587	417.658554	1523.328001	267.859352	859.924499	1839.57605	462.836146		
		21825.183184	32157.634853	18887.908786	12445.309553	16333.637957	4949.811423	9013.749133	12352.562742	18500.244185	30877.898805	12283.597234	13786.583144		
		
15:00	23.10	18569.21505	15406.129621	27457.44081	8828.263572	19508.651719	13912.625967	9306.246467	7139.889135	20186.479962	6968.675688	14295.511986	15303.866539		
		58.616493	77.638548	41.972198	75.260791	65.749763	65.749763	96.660608	56.238736	103.793882	115.682673	148.971297	51.483223		
		8535.767985	21611.127157	24032.372052	20305.397789	13765.179666	11888.8303	21330.476789	24008.587364	24529.473632	37112.642316	13865.062614	13491.691278		
		46.72771	37.216686	34.83893	49.105467	32.461174	53.86098	65.749763	41.972198	68.12752	63.372006	89.527335	65.749763		
		215.548586	588.857985	488.991606	1421.082658	377.23652	1394.926894	1739.70811	1152.392032	812.368904	1822.931384	2502.987673	191.770977		
		53.86098	44.349954	58.616493	72.883034	34.83893	44.349954	58.616493	37.216686	37.216686	32.461174	60.994249	49.105467		
		997.835885	1183.303297	1009.724809	776.702226	4219.798839	2669.435896	341.570036	1214.214574	158.482335	741.035564	1309.32627	324.925682		
		20942.800357	31634.320242	18229.117912	12554.703366	16119.596618	4576.48168	9517.891547	11653.397934	17874.752501	28965.468947	12121.885242	12711.659967		
		
16:00	23.10	19425.41005	15886.530033	28511.15464	9234.905556	20326.803017	14835.360603	9510.757434	7513.230837	19406.383395	7598.838097	14623.70146	15363.321803		
		51.483223	70.505277	53.86098	87.149578	56.238736	56.238736	96.660608	56.238736	163.237854	101.416124	110.927156	65.749763		
		8381.197578	20174.588189	22878.822863	19810.700788	13368.02727	11453.637682	19634.703554	22336.541567	24056.156746	35797.144751	13596.330203	12547.568982		
		58.616493	46.72771	58.616493	60.994249	58.616493	60.994249	41.972198	46.72771	49.105467	96.660608	68.12752	44.349954		
		184.637695	294.014748	251.215014	779.080004	267.859352	838.524478	1040.636019	731.524457	741.035564	1166.658768	1889.510067	160.860094		
		41.972198	32.461174	58.616493	37.216686	53.86098	75.260791	72.883034	44.349954	51.483223	46.72771	51.483223	89.527335		
		631.6579	700.613366	591.235757	581.724668	2864.418542	1882.376634	348.703331	950.280208	172.748894	643.546769	905.102341	210.793064		
		20704.962984	31170.47606	16890.148119	11227.718951	15196.847175	4531.301766	9308.624499	10780.639552	16595.244816	26891.342946	11092.168018	11546.383451		
		
17:00	23.20	19715.5671	15896.042941	28884.596054	9401.367782	20386.262013	15149.283059	9379.965476	8017.363798	20207.885158	7753.406993	14909.084705	15589.25221		
		80.016306	75.260791	49.105467	56.238736	46.72771	65.749763	99.038366	49.105467	134.704742	82.394063	120.43819	94.282851		
		8314.613495	19011.581323	21865.616054	19166.172264	12245.547325	11039.850176	16925.821979	21156.854596	22317.514219	32179.043251	12828.188552	11715.228589		
		60.994249	32.461174	49.105467	34.83893	51.483223	37.216686	56.238736	53.86098	72.883034	51.483223	41.972198	65.749763		
		87.149578	236.948441	203.65978	484.236067	148.971297	536.547009	686.346713	491.369375	434.302927	738.657787	1202.32562	99.038366		
		41.972198	37.216686	58.616493	75.260791	22.950151	46.72771	75.260791	39.594442	46.72771	65.749763	49.105467	37.216686		
		443.813999	503.258224	405.769718	491.369375	1651.729313	1226.10353	294.014748	572.21358	165.615614	624.524579	586.480212	129.949224		
		20531.342148	30009.688044	15993.550319	11085.033765	13736.641703	4476.610324	8666.558563	10107.64708	15422.777112	24370.115373	10214.659639	9945.939486		
		
18:00	23.20	18899.800368	15717.676094	29165.272914	9173.076817	20933.286848	15627.30371	9251.551763	8274.187471	19401.626732	7891.33026	15182.577937	15068.424127		
		70.505277	91.905093	51.483223	60.994249	53.86098	80.016306	68.12752	65.749763	118.060431	118.060431	91.905093	110.927156		
		7867.55037	18264.792369	20614.584968	18267.170667	11161.132499	10695.028888	15603.52152	19927.23971	21080.746357	29743.280055	11653.397934	10416.794863		
		44.349954	34.83893	63.372006	63.372006	63.372006	63.372006	41.972198	65.749763	58.616493	60.994249	39.594442	70.505277		
		56.238736	144.215778	99.038366	443.813999	120.43819	339.192271	420.036321	286.881458	284.503694	450.947303	738.657787	113.304915		
		68.12752	37.216686	41.972198	44.349954	37.216686	56.238736	84.77182	49.105467	37.216686	44.349954	41.972198	58.616493		
		341.570036	284.503694	246.459489	203.65978	1014.480379	838.524478	225.059632	305.903568	87.149578	427.169624	412.903019	87.149578		
		18269.548965	28630.084838	14649.861548	9636.793522	12761.600768	3649.1096	8067.30167	9425.148128	13862.684448	21960.752298	9161.18668	8973.322756		
		
19:00	23.20	19499.138381	15655.842346	27897.47763	8785.459273	19891.564512	15484.610679	9791.366355	8497.719857	18053.124156	7689.201416	15743.83654	14419.177427		
		49.105467	82.394063	41.972198	65.749763	58.616493	94.282851	101.416124	49.105467	96.660608	65.749763	125.193707	106.17164		
		7881.818303	15936.472815	18983.04149	16825.935211	10989.910449	10014.902979	13739.019867	18871.260574	19256.548644	26303.842254	10599.906035	9551.184082		
		46.72771	49.105467	34.83893	27.705662	44.349954	58.616493	49.105467	46.72771	32.461174	44.349954	127.571466	37.216686		
		84.77182	132.326983	103.793882	222.68187	77.638548	222.68187	317.792388	227.437394	236.948441	351.081096	479.480528	82.394063		
		37.216686	49.105467	41.972198	51.483223	46.72771	49.105467	58.616493	27.705662	60.994249	44.349954	65.749763	44.349954		
		196.526498	175.126654	177.504414	208.415303	660.191189	484.236067	227.437394	215.548586	80.016306	365.34769	324.925682	75.260791		
		17156.513327	27573.990867	13020.817809	8728.38691	10685.516597	3266.274516	7724.871175	7912.732168	12568.972135	19244.65701	7972.181941	7705.847301		
		
20:00	23.30	18766.614752	14464.362924	27302.833853	8668.936575	19425.41005	14588.028626	9627.281358	8980.456821	18355.167732	8022.119785	14975.674276	13234.85086		
		65.749763	84.77182	53.86098	53.86098	49.105467	75.260791	96.660608	60.994249	113.304915	89.527335	110.927156	72.883034		
		6911.604621	14616.566892	17254.02224	15372.83465	9156.430626	9020.883202	11836.511936	17163.648121	17487.092808	23877.771711	9558.318199	8580.95016		
		56.238736	75.260791	37.216686	49.105467	53.86098	39.594442	58.616493	56.238736	63.372006	51.483223	120.43819	53.86098		
		63.372006	96.660608	84.77182	153.726816	96.660608	167.993374	274.992641	153.726816	213.170825	298.770276	332.058976	70.505277		
		63.372006	41.972198	39.594442	56.238736	46.72771	41.972198	51.483223	53.86098	51.483223	51.483223	56.238736	44.349954		
		151.349056	125.193707	103.793882	148.971297	431.925159	355.836627	165.615614	189.393216	101.416124	208.415303	179.882174	63.372006		
		15242.033111	25587.905944	11394.185323	7365.796326	9489.355099	3218.717491	7013.856979	7249.275695	11213.450421	16428.767625	6768.92713	6212.487348		
		
21:00	23.30	17594.115235	13867.440781	26451.311658	8400.221612	18245.76599	14640.348788	9441.794375	8516.743919	16961.495856	7663.043603	14614.188703	12143.288281		
		49.105467	65.749763	32.461174	75.260791	70.505277	70.505277	101.416124	84.77182	91.905093	60.994249	87.149578	70.505277		
		6172.062386	13066.002516	15353.808958	14362.101046	8176.689498	8164.79951	9862.707763	15156.417674	16136.244257	20590.801296	8045.899721	7558.412435		
		82.394063	46.72771	34.83893	44.349954	56.238736	51.483223	37.216686	37.216686	37.216686	63.372006	113.304915	60.994249		
		60.994249	53.86098	72.883034	194.148737	72.883034	129.949224	198.904259	75.260791	139.46026	179.882174	236.948441	60.994249		
		60.994249	37.216686	46.72771	30.083418	51.483223	53.86098	294.014748	37.216686	53.86098	44.349954	37.216686	32.461174		
		101.416124	91.905093	80.016306	122.815948	232.192917	260.726064	108.549398	139.46026	91.905093	182.259935	175.126654	96.660608		
		12987.52383	23618.519502	9896.000441	6267.179975	8236.139468	2590.967405	6103.102204	6027.00828	10119.537358	14847.251582	5587.091697	5266.073015		
		
22:00	23.40	17061.382794	13163.506446	24555.636959	7858.038415	17501.362457	14285.999268	8773.569194	8174.3115	16450.171816	7296.835116	13793.717638	10854.359919		
		58.616493	96.660608	80.016306	72.883034	58.616493	53.86098	103.793882	49.105467	46.72771	65.749763	113.304915	77.638548		
		5401.614079	11244.365572	13453.640794	12787.760248	6899.71482	7051.904401	8174.3115	13394.186948	14873.411744	18067.393906	6985.321424	5962.804087		
		49.105467	39.594442	39.594442	77.638548	60.994249	41.972198	60.994249	68.12752	34.83893	41.972198	179.882174	34.83893		
		80.016306	63.372006	39.594442	113.304915	58.616493	87.149578	141.838019	70.505277	175.126654	118.060431	203.65978	58.616493		
		58.616493	53.86098	53.86098	56.238736	58.616493	37.216686	72.883034	46.72771	51.483223	49.105467	37.216686	34.83893		
		72.883034	94.282851	58.616493	87.149578	158.482335	189.393216	115.682673	84.77182	49.105467	158.482335	91.905093	80.016306		
		11368.026298	21580.208001	8176.689498	5672.696897	6942.518111	2084.490811	5258.939281	5510.998263	8481.073807	12666.475459	4735.80053	4248.333408		
		
23:00	23.40	16416.876411	11722.362899	22545.842684	7273.055402	16531.032145	13218.203825	8160.043515	7941.268053	15651.085906	6833.13197	12835.32296	10003.012717		
		44.349954	68.12752	53.86098	65.749763	110.927156	87.149578	108.549398	49.105467	80.016306	84.77182	49.105467	39.594442		
		4664.463692	9582.098592	11310.952093	11180.157194	5625.138441	5851.041357	6597.714477	11784.193607	12678.366117	15477.476034	5568.068332	5170.956615		
		46.72771	46.72771	46.72771	37.216686	49.105467	56.238736	39.594442	58.616493	65.749763	58.616493	113.304915	34.83893		
		70.505277	70.505277	65.749763	99.038366	41.972198	94.282851	96.660608	58.616493	87.149578	120.43819	139.46026	80.016306		
		49.105467	80.016306	53.86098	44.349954	51.483223	63.372006	44.349954	37.216686	56.238736	46.72771	49.105467	39.594442		
		80.016306	89.527335	56.238736	75.260791	122.815948	148.971297	101.416124	72.883034	60.994249	122.815948	89.527335	70.505277		
		9496.48921	19137.632375	6952.029956	4543.191214	5629.894286	1625.573474	4528.923876	4719.155262	6990.077349	10702.163106	3760.869255	3525.460801		
		
24:00	23.40	14580.894061	11251.49984	21542.15367	6283.825565	14768.771149	12695.01304	7539.388602	8064.923675	13905.491462	6345.652072	12659.341066	8780.703242		
		51.483223	80.016306	72.883034	49.105467	34.83893	65.749763	96.660608	44.349954	68.12752	49.105467	80.016306	148.971297		
		3801.292999	7965.047966	9289.600249	8940.030461	4595.50481	5142.421717	5109.131016	9803.256585	11306.195912	12942.339166	4514.65654	4250.711289		
		49.105467	46.72771	44.349954	279.748168	56.238736	39.594442	39.594442	77.638548	46.72771	58.616493	210.793064	44.349954		
		49.105467	44.349954	49.105467	101.416124	53.86098	65.749763	103.793882	82.394063	137.082501	115.682673	167.993374	56.238736		
		82.394063	37.216686	51.483223	58.616493	56.238736	60.994249	51.483223	46.72771	44.349954	41.972198	39.594442	65.749763		
		63.372006	96.660608	44.349954	46.72771	87.149578	96.660608	113.304915	84.77182	63.372006	115.682673	87.149578	91.905093		
		7874.684336	16654.70104	5798.726941	4084.259776	4716.777367	1485.283207	3908.297125	3677.643965	5801.104868	8554.792056	2990.444163	2690.836407		
		
25:00	23.40	13291.926437	9815.146817	19480.111709	5872.442719	14221.788449	11629.616926	6733.257797	7192.204428	12906.667082	5667.94105	11929.258149	7389.576068		
		49.105467	44.349954	58.616493	70.505277	37.216686	51.483223	68.12752	58.616493	56.238736	72.883034	91.905093	82.394063		
		3197.316839	6631.005798	7522.742751	7527.498708	3737.090592	4350.582363	4043.83589	8450.159723	9387.099578	10481.002629	4003.412023	3487.415055		
		46.72771	39.594442	51.483223	49.105467	44.349954	41.972198	51.483223	87.149578	58.616493	37.216686	89.527335	20.572395		
		65.749763	49.105467	56.238736	75.260791	51.483223	106.17164	94.282851	39.594442	80.016306	49.105467	87.149578	49.105467		
		60.994249	49.105467	27.705662	27.705662	30.083418	39.594442	75.260791	51.483223	63.372006	37.216686	58.616493	60.994249		
		44.349954	65.749763	77.638548	91.905093	94.282851	115.682673	70.505277	39.594442	58.616493	65.749763	58.616493	72.883034		
		5701.231984	14369.235591	4766.713179	2973.799258	3763.247122	1045.391591	3111.714287	2985.688475	4937.921914	7059.038295	2265.205097	2415.008037		
		
26:00	23.50	12143.288281	8968.566713	17765.351416	5189.979886	13061.24623	10697.40696	6205.353529	6890.202981	11767.546873	5151.933349	10882.896853	6233.888806		
		44.349954	115.682673	44.349954	53.86098	34.83893	56.238736	87.149578	41.972198	72.883034	37.216686	53.86098	110.927156		
		2602.856565	5275.584661	5950.914428	6155.416819	2911.975356	3439.857899	3109.33644	6959.163841	8048.277715	8618.998328	3116.469982	2895.330468		
		46.72771	82.394063	34.83893	44.349954	68.12752	30.083418	72.883034	41.972198	63.372006	53.86098	82.394063	46.72771		
		60.994249	37.216686	46.72771	103.793882	39.594442	122.815948	60.994249	53.86098	56.238736	58.616493	146.593538	68.12752		
		89.527335	49.105467	63.372006	53.86098	49.105467	32.461174	56.238736	53.86098	51.483223	46.72771	53.86098	32.461174		
		39.594442	39.594442	34.83893	41.972198	75.260791	96.660608	68.12752	39.594442	63.372006	80.016306	51.483223	63.372006		
		4897.497597	12685.500512	3489.792914	2605.234398	2900.08615	969.302476	2828.750949	2395.985426	3884.518418	5908.111668	1827.687003	1803.908914		
		
27:00	23.50	10516.673632	8271.80947	15484.610679	4043.83589	11465.52816	9639.171564	5484.841162	6531.131878	10459.600034	4436.18624	9934.049234	5325.520822		
		39.594442	75.260791	27.705662	72.883034	44.349954	49.105467	68.12752	30.083418	56.238736	80.016306	134.704742	53.86098		
		1834.820431	4086.637652	4757.201593	4949.811423	2436.40848	2631.390558	2357.940217	5544.289132	6160.172695	6445.52576	2395.985426	2431.652826		
		75.260791	46.72771	41.972198	49.105467	65.749763	58.616493	82.394063	51.483223	56.238736	44.349954	103.793882	46.72771		
		77.638548	70.505277	51.483223	72.883034	27.705662	72.883034	77.638548	46.72771	60.994249	84.77182	87.149578	44.349954		
		148.971297	30.083418	72.883034	53.86098	30.083418	60.994249	68.12752	56.238736	39.594442	63.372006	53.86098	80.016306		
		68.12752	30.083418	63.372006	72.883034	103.793882	96.660608	87.149578	68.12752	68.12752	41.972198	51.483223	80.016306		
		4039.08014	10580.881478	2785.949859	1820.553575	2153.44753	572.21358	2177.225723	1896.6435	2762.171485	4669.219479	1364.015547	1328.348623		
		
28:00	23.50	9199.235123	6916.360542	14202.763031	3810.804471	10050.573774	8516.743919	4605.016376	5896.222016	9686.732405	4115.172174	9389.477612	4253.08917		
		51.483223	113.304915	51.483223	32.461174	72.883034	53.86098	72.883034	70.505277	34.83893	70.505277	115.682673	44.349954		
		1554.239409	3318.587277	3751.357789	3922.564352	1925.17724	2415.008037	2022.667597	4500.389207	5230.404351	5311.253344	2039.312304	1946.577552		
		58.616493	41.972198	49.105467	72.883034	56.238736	53.86098	60.994249	44.349954	32.461174	70.505277	80.016306	53.86098		
		34.83893	56.238736	65.749763	58.616493	53.86098	72.883034	84.77182	46.72771	80.016306	58.616493	96.660608	41.972198		
		120.43819	39.594442	34.83893	49.105467	53.86098	41.972198	91.905093	63.372006	56.238736	44.349954	39.594442	25.327906		
		39.594442	94.282851	63.372006	41.972198	68.12752	34.83893	75.260791	77.638548	53.86098	51.483223	91.905093	63.372006		
		3180.671891	8847.287713	2462.564585	1723.063465	1734.952497	595.991302	1663.618334	1428.21605	2381.718471	3687.155423	1092.947325	1081.058389		
		
29:00	23.50	8424.001661	6329.006469	12614.156587	3116.469982	9070.8217	7608.350021	4103.282789	5042.549655	8229.005469	3632.464558	8174.3115	3722.823398		
		44.349954	65.749763	51.483223	63.372006	41.972198	53.86098	94.282851	65.749763	53.86098	58.616493	82.394063	56.238736		
		1309.32627	2548.166442	2942.887301	2947.642986	1385.415709	1692.151992	1530.461401	3354.255088	3953.476688	4388.628519	1466.260816	1406.815876		
		34.83893	32.461174	49.105467	84.77182	60.994249	39.594442	56.238736	37.216686	56.238736	49.105467	118.060431	44.349954		
		72.883034	46.72771	68.12752	63.372006	53.86098	51.483223	91.905093	58.616493	58.616493	53.86098	46.72771	39.594442		
		160.860094	39.594442	51.483223	46.72771	84.77182	53.86098	46.72771	49.105467	84.77182	39.594442	44.349954	44.349954		
		68.12752	56.238736	65.749763	39.594442	60.994249	53.86098	46.72771	49.105467	46.72771	80.016306	72.883034	41.972198		
		2386.474122	6859.289511	1884.754445	1380.660117	1423.460455	393.880884	1516.1946	1169.036558	1811.04234	2659.92456	852.791158	843.280038		
		
30:00	23.50	7158.912874	5589.469618	10293.135606	2721.748267	8050.655709	6345.652072	3515.949363	4757.201593	7016.234942	3261.518812	7277.811344	3102.202898		
		46.72771	63.372006	56.238736	56.238736	56.238736	60.994249	72.883034	37.216686	56.238736	46.72771	65.749763	60.994249		
		855.168938	2105.891166	2424.519345	2082.112995	1161.903189	1394.926894	1000.21367	2712.236924	3159.271249	3466.014331	1240.370279	1257.014823		
		51.483223	37.216686	25.327906	53.86098	37.216686	39.594442	49.105467	34.83893	34.83893	25.327906	103.793882	41.972198		
		37.216686	63.372006	27.705662	51.483223	37.216686	51.483223	80.016306	53.86098	49.105467	44.349954	46.72771	39.594442		
		203.65978	41.972198	32.461174	51.483223	68.12752	49.105467	37.216686	60.994249	46.72771	49.105467	49.105467	53.86098		
		58.616493	118.060431	60.994249	49.105467	65.749763	65.749763	65.749763	96.660608	58.616493	77.638548	82.394063	77.638548		
		1827.687003	6333.762355	1530.461401	1052.524949	1069.169454	439.058463	1026.369305	928.880163	1399.682487	2098.757714	679.213388	612.635712		
		
31:00	23.50	6179.196201	4600.260593	9446.550446	2205.759563	6645.273511	5639.405975	3080.802277	4219.798839	5981.827546	2821.617432	6069.811104	2716.992595		
		49.105467	51.483223	44.349954	75.260791	53.86098	68.12752	51.483223	34.83893	82.394063	44.349954	63.372006	68.12752		
		817.124462	1413.949267	1687.396381	1744.463723	755.302227	1233.236904	902.724559	2082.112995	2343.673269	2548.166442	864.68006	843.280038		
		56.238736	37.216686	53.86098	56.238736	58.616493	39.594442	49.105467	68.12752	60.994249	51.483223	51.483223	32.461174		
		72.883034	37.216686	87.149578	65.749763	80.016306	58.616493	80.016306	44.349954	49.105467	63.372006	70.505277	46.72771		
		156.104575	39.594442	60.994249	41.972198	60.994249	51.483223	53.86098	68.12752	37.216686	65.749763	53.86098	58.616493		
		72.883034	110.927156	51.483223	44.349954	58.616493	65.749763	49.105467	91.905093	89.527335	37.216686	68.12752	53.86098		
		1463.883018	4821.404818	1119.10299	1002.591455	795.724452	265.48159	1050.147163	707.746694	1088.19175	1563.750614	512.769304	560.324721		
		
32:00	23.50	5206.625252	3737.090592	7815.234635	1839.57605	5703.609908	4947.433521	2562.433427	3922.564352	5125.776365	2450.675445	5641.783897	2136.802799		
		39.594442	51.483223	58.616493	37.216686	68.12752	49.105467	58.616493	39.594442	51.483223	32.461174	51.483223	41.972198		
		579.346896	1290.303922	1247.503655	1295.059508	769.568892	900.346778	674.457838	1589.906433	1891.887878	1948.955365	900.346778	850.413378		
		49.105467	46.72771	37.216686	87.149578	39.594442	37.216686	101.416124	58.616493	46.72771	34.83893	77.638548	68.12752		
		51.483223	63.372006	53.86098	58.616493	39.594442	58.616493	84.77182	58.616493	41.972198	53.86098	91.905093	63.372006		
		208.415303	44.349954	30.083418	44.349954	46.72771	39.594442	46.72771	46.72771	37.216686	49.105467	30.083418	25.327906		
		101.416124	87.149578	82.394063	39.594442	53.86098	63.372006	94.282851	51.483223	56.238736	39.594442	56.238736	32.461174		
		1114.347414	3744.22419	869.435622	743.413341	626.902352	327.303446	1062.036095	498.502684	848.035598	1185.681087	393.880884	538.92478		
		
33:00	23.50	4450.453561	3290.05304	6616.738087	1611.306656	4971.212544	4376.739093	1906.154746	3285.297334	4310.158342	2086.868628	4628.795297	1642.218098		
		56.238736	77.638548	53.86098	51.483223	72.883034	46.72771	37.216686	65.749763	63.372006	91.905093	49.105467	34.83893		
		441.436231	921.746815	867.057841	1085.813963	505.635993	755.302227	527.035926	1230.859112	1423.460455	1506.683401	600.746848	576.969124		
		46.72771	56.238736	44.349954	46.72771	49.105467	49.105467	82.394063	72.883034	51.483223	58.616493	236.948441	51.483223		
		39.594442	30.083418	49.105467	44.349954	101.416124	63.372006	101.416124	63.372006	46.72771	80.016306	82.394063	39.594442		
		206.037541	44.349954	30.083418	65.749763	103.793882	41.972198	60.994249	89.527335	70.505277	58.616493	22.950151	49.105467		
		94.282851	96.660608	46.72771	41.972198	65.749763	91.905093	44.349954	80.016306	39.594442	51.483223	49.105467	56.238736		
		859.924499	3035.623207	724.391127	741.035564	479.480528	301.14804	952.657991	446.191767	650.680091	1054.902735	341.570036	341.570036		
		
34:00	23.50	3432.724328	3011.844759	5656.051434	1466.260816	4193.64216	3530.216521	1570.884018	2895.330468	3708.556206	1934.68849	3948.720943	1259.392615		
		34.83893	39.594442	41.972198	32.461174	94.282851	491.369375	75.260791	44.349954	68.12752	49.105467	30.083418	49.105467		
		405.769718	714.880022	793.346674	874.191183	439.058463	605.502393	415.280787	990.702532	1135.747509	1178.547717	434.302927	515.147074		
		60.994249	53.86098	49.105467	75.260791	32.461174	58.616493	72.883034	30.083418	44.349954	68.12752	101.416124	46.72771		
		65.749763	65.749763	65.749763	41.972198	56.238736	77.638548	113.304915	68.12752	60.994249	58.616493	65.749763	65.749763		
		225.059632	70.505277	49.105467	41.972198	53.86098	58.616493	70.505277	39.594442	49.105467	30.083418	39.594442	32.461174		
		103.793882	99.038366	51.483223	32.461174	65.749763	87.149578	30.083418	58.616493	63.372006	84.77182	68.12752	34.83893		
		724.391127	2277.094209	572.21358	481.858298	362.969924	158.482335	831.391139	365.34769	465.213915	702.991142	289.259221	282.125931		
		
35:00	23.60	3389.922914	2355.562392	4402.895832	1249.881447	3663.376781	2942.887301	1509.061201	2600.478733	2914.353198	1642.218098	3549.239402	912.235687		
		44.349954	56.238736	60.994249	37.216686	75.260791	172.748894	46.72771	27.705662	60.994249	46.72771	39.594442	65.749763		
		372.480987	669.702288	626.902352	660.191189	370.103221	424.791856	343.947801	807.613346	862.30228	790.968895	443.813999	403.391951		
		41.972198	58.616493	39.594442	44.349954	53.86098	44.349954	46.72771	39.594442	53.86098	51.483223	118.060431	46.72771		
		49.105467	41.972198	44.349954	53.86098	56.238736	65.749763	189.393216	39.594442	56.238736	84.77182	82.394063	53.86098		
		156.104575	63.372006	46.72771	80.016306	39.594442	27.705662	75.260791	46.72771	46.72771	89.527335	30.083418	60.994249		
		82.394063	120.43819	56.238736	46.72771	60.994249	63.372006	49.105467	44.349954	65.749763	77.638548	82.394063	44.349954		
		574.591352	1746.84153	469.969452	377.23652	279.748168	108.549398	733.902234	353.458862	398.636418	527.035926	227.437394	298.770276		
		
36:00	23.60	2650.413225	2091.624262	3665.754645	978.813611	2831.128788	2529.143799	1261.770408	2269.960741	2277.094209	1421.082658	2747.904465	1026.369305		
		39.594442	53.86098	51.483223	53.86098	46.72771	82.394063	41.972198	30.083418	77.638548	41.972198	49.105467	30.083418		
		217.926348	479.480528	389.125351	474.72499	343.947801	372.480987	279.748168	686.346713	657.813415	619.769032	334.436741	370.103221		
		44.349954	63.372006	53.86098	51.483223	41.972198	49.105467	46.72771	34.83893	53.86098	44.349954	139.46026	27.705662		
		37.216686	27.705662	41.972198	56.238736	77.638548	70.505277	146.593538	34.83893	44.349954	53.86098	49.105467	53.86098		
		184.637695	39.594442	34.83893	56.238736	58.616493	68.12752	58.616493	27.705662	46.72771	30.083418	46.72771	51.483223		
		77.638548	120.43819	46.72771	68.12752	77.638548	60.994249	51.483223	65.749763	56.238736	70.505277	63.372006	58.616493		
		434.302927	1257.014823	367.725456	362.969924	201.28202	315.414624	355.836627	296.392512	327.303446	431.925159	225.059632	167.993374		
		
37:00	23.70	2248.560343	1616.062261	3123.603525	926.50238	2562.433427	2115.402437	1064.413881	1975.111311	1958.466617	1159.525399	2357.940217	781.457782		
		63.372006	30.083418	27.705662	44.349954	25.327906	32.461174	51.483223	63.372006	53.86098	70.505277	44.349954	115.682673		
		210.793064	384.369818	324.925682	384.369818	332.058976	339.192271	267.859352	484.236067	500.880454	508.013763	298.770276	246.459489		
		58.616493	72.883034	32.461174	58.616493	65.749763	68.12752	30.083418	46.72771	51.483223	46.72771	127.571466	91.905093		
		30.083418	39.594442	70.505277	53.86098	68.12752	53.86098	129.949224	30.083418	63.372006	32.461174	63.372006	39.594442		
		210.793064	41.972198	56.238736	60.994249	46.72771	46.72771	72.883034	53.86098	60.994249	63.372006	58.616493	39.594442		
		72.883034	110.927156	44.349954	77.638548	49.105467	106.17164	46.72771	89.527335	53.86098	32.461174	56.238736	70.505277		
		381.992052	1047.769377	334.436741	420.036321	187.015455	118.060431	355.836627	165.615614	248.837252	443.813999	146.593538	172.748894		
		
38:00	23.60	1982.244752	1535.217002	2655.168892	743.413341	2134.424981	1825.309194	824.2578	1563.750614	1501.927802	1064.413881	1956.088804	624.524579		
		27.705662	58.616493	37.216686	49.105467	53.86098	32.461174	65.749763	49.105467	51.483223	65.749763	51.483223	77.638548		
		160.860094	272.614878	277.370404	322.547917	167.993374	286.881458	210.793064	415.280787	381.992052	353.458862	339.192271	198.904259		
		58.616493	65.749763	53.86098	60.994249	44.349954	49.105467	75.260791	32.461174	58.616493	60.994249	75.260791	49.105467		
		49.105467	91.905093	56.238736	46.72771	44.349954	63.372006	129.949224	41.972198	63.372006	72.883034	65.749763	34.83893		
		194.148737	27.705662	30.083418	46.72771	68.12752	56.238736	77.638548	70.505277	51.483223	49.105467	63.372006	49.105467		
		53.86098	125.193707	72.883034	56.238736	70.505277	65.749763	65.749763	99.038366	46.72771	32.461174	70.505277	63.372006		
		305.903568	738.657787	291.636985	301.14804	210.793064	225.059632	420.036321	115.682673	244.081727	263.103827	148.971297	144.215778		
		
39:00	23.70	1692.151992	1295.059508	2127.291526	714.880022	1580.395225	1423.460455	693.480039	1549.483807	1387.793505	878.946745	1587.528631	519.902614		
		56.238736	99.038366	49.105467	60.994249	68.12752	37.216686	41.972198	46.72771	49.105467	58.616493	80.016306	215.548586		
		129.949224	286.881458	184.637695	270.237115	189.393216	227.437394	139.46026	301.14804	310.659096	220.304109	317.792388	170.371134		
		32.461174	53.86098	56.238736	46.72771	63.372006	63.372006	60.994249	39.594442	65.749763	44.349954	87.149578	63.372006		
		44.349954	58.616493	77.638548	72.883034	60.994249	75.260791	91.905093	75.260791	46.72771	68.12752	56.238736	72.883034		
		301.14804	32.461174	44.349954	37.216686	53.86098	37.216686	49.105467	60.994249	32.461174	49.105467	32.461174	41.972198		
		63.372006	103.793882	34.83893	70.505277	82.394063	108.549398	32.461174	63.372006	41.972198	53.86098	80.016306	41.972198		
		255.970539	557.946949	255.970539	270.237115	187.015455	113.304915	560.324721	153.726816	177.504414	198.904259	115.682673	134.704742		
		
40:00	23.70	1497.172203	1076.302815	1841.953859	634.035673	1456.749623	1233.236904	567.458036	1292.681715	1140.503087	771.94667	1290.303922	517.524844		
		37.216686	46.72771	30.083418	53.86098	56.238736	37.216686	46.72771	49.105467	60.994249	41.972198	58.616493	118.060431		
		91.905093	220.304109	194.148737	227.437394	120.43819	165.615614	137.082501	334.436741	258.348301	284.503694	148.971297	160.860094		
		39.594442	32.461174	41.972198	39.594442	37.216686	87.149578	39.594442	37.216686	39.594442	56.238736	80.016306	39.594442		
		41.972198	51.483223	37.216686	49.105467	68.12752	70.505277	80.016306	70.505277	56.238736	46.72771	91.905093	39.594442		
		341.570036	32.461174	46.72771	39.594442	44.349954	56.238736	32.461174	46.72771	58.616493	46.72771	49.105467	46.72771		
		51.483223	146.593538	72.883034	53.86098	77.638548	91.905093	53.86098	84.77182	37.216686	46.72771	65.749763	49.105467		
		236.948441	427.169624	232.192917	198.904259	137.082501	236.948441	722.013351	108.549398	146.593538	153.726816	127.571466	127.571466		
		
41:00	23.70	1166.658768	974.058043	1387.793505	543.680322	1366.393342	990.702532	629.280126	1109.591838	931.257945	655.43564	938.391293	362.969924		
		41.972198	65.749763	41.972198	80.016306	89.527335	49.105467	53.86098	51.483223	44.349954	44.349954	58.616493	96.660608		
		144.215778	163.237854	144.215778	179.882174	144.215778	220.304109	84.77182	234.570679	220.304109	332.058976	110.927156	122.815948		
		44.349954	39.594442	56.238736	27.705662	70.505277	37.216686	80.016306	25.327906	72.883034	46.72771	44.349954	75.260791		
		46.72771	60.994249	41.972198	56.238736	53.86098	101.416124	99.038366	53.86098	56.238736	39.594442	49.105467	39.594442		
		175.126654	56.238736	37.216686	37.216686	44.349954	65.749763	75.260791	37.216686	32.461174	37.216686	41.972198	46.72771		
		68.12752	127.571466	46.72771	96.660608	58.616493	72.883034	63.372006	89.527335	51.483223	41.972198	77.638548	46.72771		
		184.637695	391.503118	151.349056	203.65978	217.926348	160.860094	657.813415	137.082501	165.615614	129.949224	134.704742	94.282851		
		
42:00	23.80	943.146859	817.124462	1161.903189	420.036321	1040.636019	864.68006	460.458377	921.746815	790.968895	431.925159	871.813403	279.748168		
		49.105467	53.86098	44.349954	56.238736	56.238736	58.616493	60.994249	41.972198	75.260791	39.594442	65.749763	80.016306		
		106.17164	179.882174	158.482335	184.637695	106.17164	101.416124	122.815948	232.192917	179.882174	220.304109	134.704742	96.660608		
		34.83893	46.72771	46.72771	72.883034	51.483223	30.083418	46.72771	46.72771	39.594442	30.083418	77.638548	49.105467		
		56.238736	58.616493	37.216686	68.12752	94.282851	65.749763	134.704742	58.616493	41.972198	49.105467	70.505277	39.594442		
		236.948441	56.238736	46.72771	53.86098	44.349954	63.372006	72.883034	51.483223	32.461174	49.105467	72.883034	37.216686		
		72.883034	106.17164	72.883034	72.883034	75.260791	96.660608	65.749763	49.105467	37.216686	53.86098	70.505277	49.105467		
		141.838019	248.837252	189.393216	115.682673	403.391951	101.416124	988.324748	96.660608	132.326983	113.304915	87.149578	65.749763		
		
43:00	23.80	874.191183	712.502246	1004.969239	320.170153	722.013351	743.413341	439.058463	809.991125	607.880166	427.169624	705.368918	324.925682		
		51.483223	30.083418	53.86098	53.86098	41.972198	49.105467	37.216686	44.349954	41.972198	30.083418	46.72771	84.77182		
		94.282851	187.015455	163.237854	108.549398	132.326983	132.326983	89.527335	198.904259	251.215014	189.393216	75.260791	68.12752		
		22.950151	51.483223	46.72771	56.238736	34.83893	41.972198	49.105467	65.749763	68.12752	41.972198	32.461174	63.372006		
		51.483223	41.972198	51.483223	41.972198	51.483223	70.505277	115.682673	34.83893	60.994249	44.349954	37.216686	63.372006		
		253.592776	44.349954	46.72771	46.72771	44.349954	65.749763	70.505277	41.972198	44.349954	39.594442	49.105467	49.105467		
		75.260791	84.77182	60.994249	84.77182	77.638548	70.505277	60.994249	72.883034	58.616493	46.72771	103.793882	39.594442		
		127.571466	189.393216	115.682673	165.615614	170.371134	160.860094	971.680259	82.394063	134.704742	120.43819	87.149578	58.616493		
		
44:00	23.80	748.168895	595.991302	802.857788	303.525804	676.835613	550.813635	294.014748	617.391259	522.280385	393.880884	593.61353	229.815155		
		20.572395	41.972198	39.594442	46.72771	60.994249	30.083418	63.372006	44.349954	39.594442	41.972198	96.660608	37.216686		
		103.793882	170.371134	113.304915	101.416124	118.060431	120.43819	110.927156	132.326983	201.28202	165.615614	89.527335	89.527335		
		53.86098	37.216686	30.083418	41.972198	51.483223	56.238736	51.483223	53.86098	37.216686	82.394063	32.461174	46.72771		
		63.372006	63.372006	58.616493	41.972198	41.972198	103.793882	108.549398	51.483223	65.749763	68.12752	60.994249	65.749763		
		374.858753	30.083418	39.594442	39.594442	101.416124	77.638548	94.282851	37.216686	30.083418	41.972198	75.260791	46.72771		
		44.349954	63.372006	41.972198	41.972198	77.638548	70.505277	44.349954	68.12752	70.505277	25.327906	60.994249	46.72771		
		96.660608	206.037541	158.482335	151.349056	106.17164	115.682673	698.235591	113.304915	137.082501	125.193707	82.394063	58.616493		
		
45:00	23.80	610.257939	324.925682	783.83556	339.192271	669.702288	541.302551	384.369818	645.924543	439.058463	334.436741	553.191406	127.571466		
		44.349954	68.12752	44.349954	63.372006	65.749763	65.749763	58.616493	39.594442	22.950151	49.105467	34.83893	110.927156		
		60.994249	122.815948	110.927156	80.016306	65.749763	125.193707	89.527335	163.237854	179.882174	153.726816	110.927156	58.616493		
		46.72771	34.83893	60.994249	51.483223	65.749763	56.238736	41.972198	46.72771	34.83893	49.105467	134.704742	39.594442		
		37.216686	70.505277	46.72771	70.505277	63.372006	94.282851	246.459489	58.616493	80.016306	60.994249	82.394063	46.72771		
		167.993374	53.86098	30.083418	44.349954	39.594442	44.349954	53.86098	44.349954	41.972198	80.016306	34.83893	58.616493		
		51.483223	113.304915	77.638548	53.86098	70.505277	68.12752	51.483223	80.016306	44.349954	63.372006	68.12752	34.83893		
		127.571466	215.548586	187.015455	99.038366	158.482335	141.838019	769.568892	103.793882	160.860094	113.304915	113.304915	49.105467		
		
46:00	23.80	548.435864	453.325072	488.991606	248.837252	448.569535	434.302927	320.170153	572.21358	467.591683	265.48159	417.658554	182.259935		
		34.83893	34.83893	51.483223	49.105467	65.749763	46.72771	46.72771	63.372006	30.083418	30.083418	89.527335	187.015455		
		87.149578	115.682673	94.282851	46.72771	94.282851	53.86098	127.571466	151.349056	179.882174	144.215778	89.527335	103.793882		
		65.749763	44.349954	46.72771	46.72771	41.972198	32.461174	34.83893	51.483223	46.72771	44.349954	70.505277	44.349954		
		39.594442	44.349954	84.77182	56.238736	70.505277	96.660608	132.326983	37.216686	65.749763	39.594442	68.12752	70.505277		
		367.725456	41.972198	60.994249	27.705662	41.972198	58.616493	49.105467	34.83893	30.083418	32.461174	72.883034	34.83893		
		68.12752	87.149578	65.749763	58.616493	49.105467	39.594442	65.749763	68.12752	44.349954	137.082501	44.349954	53.86098		
		132.326983	148.971297	101.416124	106.17164	153.726816	118.060431	902.724559	75.260791	196.526498	87.149578	82.394063	68.12752		
		
47:00	23.90	515.147074	417.658554	498.502684	244.081727	412.903019	386.747585	248.837252	453.325072	346.325566	277.370404	332.058976	153.726816		
		44.349954	75.260791	41.972198	49.105467	113.304915	63.372006	51.483223	30.083418	39.594442	32.461174	32.461174	56.238736		
		58.616493	127.571466	82.394063	56.238736	122.815948	80.016306	160.860094	118.060431	134.704742	118.060431	51.483223	68.12752		
		58.616493	30.083418	39.594442	44.349954	49.105467	37.216686	56.238736	60.994249	53.86098	53.86098	139.46026	51.483223		
		37.216686	60.994249	65.749763	70.505277	68.12752	60.994249	153.726816	41.972198	68.12752	53.86098	49.105467	30.083418		
		227.437394	44.349954	46.72771	56.238736	58.616493	46.72771	75.260791	44.349954	41.972198	58.616493	37.216686	51.483223		
		72.883034	82.394063	77.638548	75.260791	82.394063	63.372006	30.083418	122.815948	80.016306	34.83893	37.216686	46.72771		
		151.349056	118.060431	118.060431	99.038366	118.060431	115.682673	346.325566	60.994249	167.993374	156.104575	96.660608	68.12752		
		
48:00	23.90	396.258651	227.437394	372.480987	206.037541	391.503118	329.681211	267.859352	401.014184	253.592776	234.570679	301.14804	115.682673		
		25.327906	37.216686	34.83893	75.260791	65.749763	72.883034	56.238736	41.972198	34.83893	44.349954	65.749763	87.149578		
		65.749763	68.12752	84.77182	63.372006	84.77182	70.505277	94.282851	106.17164	110.927156	110.927156	63.372006	89.527335		
		41.972198	51.483223	49.105467	22.950151	32.461174	41.972198	56.238736	49.105467	51.483223	41.972198	179.882174	44.349954		
		30.083418	58.616493	96.660608	60.994249	63.372006	63.372006	134.704742	53.86098	51.483223	44.349954	27.705662	39.594442		
		681.591163	49.105467	75.260791	49.105467	39.594442	51.483223	108.549398	44.349954	27.705662	44.349954	39.594442	44.349954		
		84.77182	53.86098	46.72771	72.883034	68.12752	60.994249	39.594442	49.105467	65.749763	37.216686	60.994249	51.483223		
		148.971297	141.838019	96.660608	80.016306	156.104575	251.215014	493.747145	175.126654	139.46026	125.193707	63.372006	70.505277		
		
49:00	23.90	308.281332	246.459489	322.547917	175.126654	332.058976	206.037541	244.081727	431.925159	179.882174	220.304109	270.237115	96.660608		
		49.105467	41.972198	68.12752	27.705662	32.461174	56.238736	46.72771	46.72771	46.72771	39.594442	58.616493	141.838019		
		39.594442	101.416124	99.038366	53.86098	75.260791	82.394063	101.416124	99.038366	91.905093	96.660608	58.616493	72.883034		
		34.83893	46.72771	25.327906	44.349954	25.327906	27.705662	58.616493	44.349954	56.238736	60.994249	49.105467	49.105467		
		65.749763	32.461174	49.105467	53.86098	58.616493	125.193707	165.615614	63.372006	41.972198	30.083418	63.372006	32.461174		
		2132.047163	39.594442	58.616493	70.505277	39.594442	34.83893	68.12752	65.749763	49.105467	68.12752	110.927156	63.372006		
		77.638548	68.12752	94.282851	56.238736	72.883034	63.372006	56.238736	72.883034	68.12752	70.505277	63.372006	198.904259		
		94.282851	80.016306	187.015455	103.793882	101.416124	141.838019	222.68187	94.282851	113.304915	84.77182	53.86098	70.505277		
		
~End
Original Filename: 10nm_data_05-23-19-112534_pta_ptada_pa_pa20_1256_1288_1291_10pa1001186.pda   Date Last Saved: 5/23/2019
