##BLOCKS= 1          
Plate:	Plate#1	1.3	PlateFormat	Kinetic	Luminescence	Raw	FALSE	50	3000	60				1	450	1	12	96	405	Automatic	435			6	Automatic			1	8	None	
Time(hh:mm:ss)	Temperature(¡C)	1	2	3	4	5	6	7	8	9	10	11	12		
0:00	24.70	9470.330806	9384.721544	9544.049966	9838.927286	10243.196346	10840.091455	11068.387176	10951.861154	10994.666612	11472.662447	11306.195912	11677.17895		
		9227.771468	9387.099578	9591.610751	9838.927286	10207.525464	10799.664156	11115.948867	10806.798384	10787.773778	11572.542534	11505.955795	11636.751227		
		8925.762339	9593.988791	9501.245284	9993.500509	10136.183749	10963.751557	10909.055719	10909.055719	11030.337844	11303.817821	11670.044644	11627.238825		
		9182.588927	9522.647622	9482.220989	9953.073637	10340.696836	10866.250307	11253.877929	10916.189957	11268.146466	11505.955795	11641.507429	11781.815502		
		9118.382203	9534.537813	9508.379396	9955.451688	10490.514895	11332.354916	10856.737996	10832.957225	11303.817821	11494.065312	11741.387727	11427.478639		
		9337.160882	9544.049966	9755.695675	9962.585841	10423.929056	11251.49984	10970.885799	10695.028888	11177.779107	11315.708276	11760.41256	11467.906255		
		9465.574733	9429.904199	9710.512836	9898.37849	10305.025911	11120.705037	10901.921482	10806.798384	11046.984425	11629.616926	11843.646257	11391.807229		
		9320.514657	9403.745816	9960.20779	10145.695974	10378.74584	10954.239234	10880.518775	11023.203597	11080.277596	11598.701625	11429.856733	11465.52816		
		
1:00	24.70	10274.111122	10133.805693	10167.098484	10328.806526	10167.098484	10371.611651	10388.258094	10074.354314	10502.405229	10642.711305	10640.333234	10851.981841		
		10095.756805	10281.245303	10178.98877	10395.392285	10217.037698	10433.441316	10069.598205	10174.232656	10373.989714	10611.796386	10614.174456	10859.116074		
		9967.341943	10064.842097	10100.512915	10407.282605	10124.293469	10545.210446	10343.074898	10171.854598	10321.672341	10350.209086	10890.031089	10832.957225		
		10214.659639	10224.171874	10259.842762	10266.976942	10290.757546	10440.575511	10119.537358	10081.488477	10362.099399	10504.783296	10542.832378	10749.724579		
		10007.768821	9960.20779	10226.549932	10266.976942	10288.379485	10393.014222	10326.428464	10131.427637	10393.014222	10607.040245	10604.662175	10913.811877		
		10207.525464	10452.465837	10247.952464	10174.232656	10440.575511	10459.600034	10492.892961	10183.744885	10400.148413	10626.064808	10431.063251	10666.49202		
		10052.951828	9919.780935	10250.330524	10312.160095	10188.501	10509.53943	10407.282605	10369.233588	10383.501967	10832.957225	10666.49202	10656.979733		
		10114.781247	10245.574405	10064.842097	10148.07403	10314.538156	10262.220822	10307.403972	10476.246496	10457.221969	10561.856926	10680.760453	10431.063251		
		
2:00	24.70	10095.756805	10033.927401	10243.196346	10205.147406	10155.2082	10362.099399	10435.819381	9917.402885	10373.989714	10461.9781	10500.027162	10530.942038		
		10074.354314	9884.110197	10140.939861	10412.038734	10124.293469	10376.367777	10559.478857	10138.561805	10390.636158	10464.356166	10393.014222	10618.930597		
		10402.526477	9955.451688	10126.671525	10217.037698	10105.269025	10338.318774	10538.076242	9896.000441	10497.649095	10645.089376	10469.112298	10647.467447		
		10257.464703	9860.329715	10102.89097	10407.282605	10067.220151	10340.696836	10205.147406	9974.476096	10714.053472	10614.174456	10654.601662	10604.662175		
		9841.305334	10093.37875	10297.891728	10832.957225	10159.964313	10269.355002	10155.2082	10083.866531	10481.002629	10697.40696	10385.880031	10687.89467		
		10176.610713	11767.546873	10269.355002	10507.161363	10145.695974	10447.709707	11241.987483	10155.2082	10978.020042	10851.981841	10673.626236	10747.346505		
		11099.302272	10003.012717	10133.805693	10274.111122	10454.843903	10775.883401	10129.049581	10031.549348	10416.794863	10447.709707	10637.955163	10735.456134		
		10174.232656	10269.355002	10071.976259	10143.317917	9955.451688	10312.160095	10288.379485	10350.209086	10295.513667	10521.429767	10485.758762	10704.541179		
		
3:00	24.70	10107.64708	10338.318774	10514.295565	10288.379485	10702.163106	10699.785033	10504.783296	10138.561805	10421.550992	10711.675398	10673.626236	10768.749176		
		10214.659639	10231.30605	10302.64785	10293.135606	10602.284105	10514.295565	12138.53205	10324.050403	10428.685186	10932.836513	10528.56397	10756.858802		
		10236.062168	10416.794863	10461.9781	10214.659639	10419.172927	10454.843903	10526.185902	10293.135606	10718.809618	10568.991133	10649.845519	10604.662175		
		10718.809618	10630.82095	10426.307121	11791.327923	10695.028888	10559.478857	10607.040245	10274.111122	11011.313185	10664.113948	10961.373476	10561.856926		
		10516.673632	10740.212282	11030.337844	12048.163708	10749.724579	10785.395702	10623.686738	11263.390287	10711.675398	11370.404391	10716.431545	10742.590356		
		11039.850176	14583.272249	11165.888672	11460.771968	10792.529929	11807.974662	14951.89228	10364.477462	12250.303562	11708.09428	10635.577092	11094.546103		
		13106.430961	10797.28608	10483.380695	10540.45431	11265.768377	12226.522376	10554.72272	10637.955163	10545.210446	11073.143344	10514.295565	10859.116074		
		10509.53943	10502.405229	10269.355002	10471.490364	10554.72272	10699.785033	10288.379485	10388.258094	10685.516597	10654.601662	10530.942038	10621.308667		
		
4:00	24.70	9924.537034	9841.305334	9762.829809	10183.744885	10029.171295	9967.341943	10174.232656	9981.61025	10233.684109	10316.916218	10552.344651	10514.295565		
		9907.890687	9986.366354	9938.805334	10654.601662	10383.501967	9765.207854	14623.70146	10676.004308	10378.74584	10742.590356	10259.842762	10783.017627		
		9841.305334	9955.451688	9974.476096	10136.183749	9727.159142	9917.402885	10100.512915	9788.988309	10271.733062	10183.744885	10129.049581	10478.624562		
		11277.658826	10999.422775	10754.480728	13239.607157	10464.356166	10412.038734	11382.294856	10209.903522	12090.969752	10811.554536	11472.662447	11282.415006		
		10324.050403	10816.310689	11365.648206	13831.768284	10920.946115	11215.828509	11719.984795	12345.428376	11872.183544	12804.407194	11684.313256	11301.43973		
		11684.313256	17363.422626	12143.288281	12381.100211	10806.798384	14064.828886	19173.307238	11058.874842	14098.123313	11546.383451	11731.875312	13008.9271		
		15049.398507	11798.462239	11215.828509	10918.568036	10871.006463	14110.014183	11258.634108	10866.250307	10583.259548	11008.935103	10828.201071	11213.450421		
		9765.207854	9681.976319	9967.341943	9796.122447	9762.829809	10250.330524	10326.428464	10159.964313	10148.07403	10259.842762	10328.806526	10426.307121		
		
5:00	24.70	9510.757434	10071.976259	9703.378706	9660.573939	9758.073719	9853.195571	9905.512638	10012.524926	9988.744405	9972.098045	10067.220151	10095.756805		
		10695.028888	10369.233588	10240.818286	11731.875312	11660.532238	10576.12534	19998.590155	11641.507429	10376.367777	12226.522376	10611.796386	13170.640885		
		9698.622619	10060.085989	9819.90291	9681.976319	9893.622392	10024.415189	9931.671184	9953.073637	10159.964313	10012.524926	10171.854598	10083.866531		
		12385.856457	12828.188552	11563.030139	15924.581674	11301.43973	11774.681187	12530.922089	10680.760453	15077.936938	11510.711989	12647.450411	12155.178861		
		11513.090086	11834.13383	12264.572277	16271.803734	12495.250188	12997.036394	13779.448651	14295.511986	14706.938135	14842.49519	13857.928114	11879.317867		
		13846.037281	21718.155099	14607.054135	13903.113294	11998.223352	17237.374369	24106.104627	12771.113305	16214.726031	12538.056472	13603.46468	15615.412614		
		18186.308584	13679.565809	12288.353474	12671.231722	11389.429136	17672.598439	13529.74178	11653.397934	11591.567327	11779.437397	11812.730873	12357.318986		
		9665.330023	9636.793522	9624.903317	9981.61025	9891.244344	9724.781098	9884.110197	9862.707763	9803.256585	9850.817523	9903.134589	10426.307121		
		
6:00	24.80	9156.430626	9360.94121	9101.736024	9263.441913	9237.283585	8999.480998	9275.332064	9028.017271	9567.830355	9456.062589	9158.808653	9120.760229		
		12507.14082	10982.776205	10797.28608	13784.20498	13013.683383	11025.581679	23654.196362	12683.12238	11165.888672	15403.751408	10297.891728	15039.8857		
		8906.73818	9689.110448	9230.149497	9085.089848	9223.01541	9486.977062	9173.076817	9058.931578	9437.038304	9503.623322	9318.136626	9139.784439		
		14022.021786	14252.704762	12105.238438	18352.789431	11857.914899	14088.610618	13670.053164	10787.773778	17770.107982	12521.409581	13539.254409	13377.539879		
		12523.787708	13370.405422	13413.212174	19178.063887	14207.519385	14747.367408	16880.635092	15884.151806	18224.361319	16602.379561	15591.630428	12659.341066		
		16033.980242	24774.457844	17234.996102	16031.602011	12804.407194	20086.589123	28351.788453	14787.796702	18524.027235	13441.750021	15960.255104	17665.463599		
		19451.571708	15510.771049	13510.716527	15479.854249	11774.681187	20933.286848	15929.33813	11670.044644	12911.423359	12909.04522	12490.493936	13520.229153		
		9213.503294	9232.527526	9030.395294	9070.8217	9163.564707	9287.222218	9044.663435	9387.099578	9246.795703	9427.526164	9277.710095	9337.160882		
		
7:00	24.80	8766.435148	8840.15366	8982.834843	8985.212865	8835.397624	9116.004177	8847.287713	8956.676607	9047.041459	9356.185144	9251.551763	9327.648753		
		15824.696155	12461.956428	11998.223352	16476.332502	14671.265263	12519.031454	26058.853361	13998.240073	13586.817568	19268.440281	12043.407482	17444.283877		
		8799.72737	9506.001359	9227.771468	8992.346931	9042.285411	9137.406412	8947.164523	8968.566713	9330.026785	9360.94121	9563.074277	9177.832872		
		15463.206746	16072.031954	13161.1283	20626.476806	12340.672133	15658.220566	15665.355227	10956.617315	21789.50714	13289.548288	14821.091429	15291.975491		
		14687.912601	15596.386865	14383.504684	21656.316715	16093.436049	16761.722354	20119.886056	18340.897931	22748.009056	18252.900882	19013.959643	15068.424127		
		19187.577187	27333.755221	21801.399153	17636.924246	14400.151962	23061.962551	31972.095645	17919.939949	21589.721586	14343.075594	19149.523994	21156.854596		
		21575.451208	18214.848134	15139.770239	18619.159507	11836.511936	23601.870306	19568.110107	12252.681681	14942.379484	14231.301159	14561.868558	14894.815519		
		8837.775642	8930.51838	9215.881323	8949.542544	9035.151341	8783.081257	9006.615065	8961.432649	9408.501885	9146.918519	9272.954034	9223.01541		
		
8:00	24.80	8935.27442	8773.569194	8909.1162	8702.228757	8792.593322	9163.564707	8961.432649	9061.309602	9061.309602	9187.344983	9510.757434	9284.844187		
		20072.319014	13546.388881	13244.363454	19332.655149	16326.503237	14880.546335	25568.877824	15720.054316	16626.162047	22935.905318	13791.339474	18381.32904		
		9130.272333	9484.599025	9120.760229	9139.784439	8871.067894	8987.590887	9368.075309	9023.261225	9032.773317	9577.342512	10390.636158	9410.87992		
		17113.704573	17156.513327	14083.854271	22134.376234	12887.641976	17529.901762	17237.374369	12119.507127	24536.609084	14797.30948	16336.016198	17506.119007		
		16638.053293	17384.827067	15670.111668	24603.206666	18607.267967	18193.443471	23380.674178	20003.346853	28432.660807	21066.47607	21708.641498	17501.362457		
		21860.859244	29222.359853	25994.633095	19893.942858	15769.996995	25939.926984	34731.441058	21749.074309	24341.573629	15926.959902	21982.157968	23280.779352		
		22519.680014	20571.774364	16978.14367	22567.248511	12975.633126	25321.512674	23347.375889	13491.691278	17265.913579	16245.643115	16721.292063	16687.996544		
		8968.566713	9163.564707	8749.789042	8849.665731	8935.27442	8837.775642	8897.226102	9116.004177	9218.259352	9270.576004	9368.075309	9280.088126		
		
9:00	24.80	8999.480998	8911.49422	8859.177803	8823.507538	9080.333798	9066.065651	9239.661614	9284.844187	9227.771468	9322.892689	9427.526164	9546.428005		
		21941.72504	14343.075594	14837.738799	21054.584166	18409.868659	16626.162047	23775.497803	16942.469786	18500.244185	23823.067046	15246.789527	18455.056409		
		8771.191179	9907.890687	9296.734342	9394.23368	9415.635989	9049.419482	9926.915084	9099.357998	9382.34351	9679.598277	11085.033765	9565.452316		
		17684.48984	18695.265406	15370.456438	22895.471908	14171.846736	19090.065917	18897.422051	12697.391172	26924.642709	15679.624551	17204.078636	19568.110107		
		18595.376429	19874.916092	16906.795919	26553.588984	21492.207389	20902.367953	27757.1413	20719.233207	34983.592882	23566.19347	23849.230142	20200.750092		
		23632.790244	28259.023206	30825.568027	21958.37389	17717.785773	27564.476571	35423.671083	25485.629852	26189.672579	17458.553519	23670.845568	25036.092296		
		23613.762589	22293.730042	18569.21505	27248.126847	13634.380755	25445.195153	27654.862435	14578.515873	19644.216908	17710.650929	18590.619814	18202.956653		
		9042.285411	8816.373487	9206.369209	8897.226102	8963.810671	9047.041459	9201.613152	8901.982141	9146.918519	9194.479067	9277.710095	9177.832872		
		
10:00	24.80	8925.762339	9189.723011	9044.663435	9425.148128	9574.964473	9448.928482	9320.514657	9437.038304	9593.988791	9658.195897	9598.744871	9667.708065		
		21932.211413	14811.578649	16431.145868	21965.509113	18983.04149	18666.725685	21513.612935	16749.83109	19527.678399	22921.6347	16602.379561	17380.070524		
		8916.250259	10019.659084	10057.707935	9788.988309	10538.076242	9798.500493	10295.513667	9427.526164	9922.158984	10281.245303	11125.461208	9558.318199		
		18124.472929	18450.299803	16259.912542	23378.295728	14813.956844	20055.670556	20873.827446	13275.27939	28449.311008	16802.152665	17867.617643	20555.125802		
		20455.234504	21527.883301	18388.463944	28458.825409	24110.86157	23777.876265	31303.682319	21684.857502	39403.515182	25404.760476	26242.000326	21822.804781		
		26379.95546	26869.935962	33677.645332	22624.330744	19387.356744	28996.390957	32776.101987	27816.605817	26284.813963	18861.747312	25052.74179	26915.12849		
		23123.802021	23649.439446	20764.422261	31410.723224	14766.392955	25000.41482	32038.699414	15917.44699	22614.817036	19822.592507	20583.666196	19670.378638		
		9104.114049	9277.710095	9289.600249	9565.452316	9515.513509	9605.878992	9377.587443	9291.97828	9389.477612	9467.95277	9456.062589	9624.903317		
		
11:00	24.80	8925.762339	8911.49422	9070.8217	8809.239437	9018.505179	8951.920565	8666.558563	8897.226102	8818.751504	9201.613152	9146.918519	9156.430626		
		20129.399467	14017.265442	16909.174176	20195.993382	17646.437363	18062.637322	17284.939726	15465.584961	18892.665418	19618.055187	16309.855558	16290.829644		
		9023.261225	9857.951667	9712.890879	9263.441913	9815.146817	9163.564707	9679.598277	9013.749133	9370.453342	9582.098592	11096.924187	9320.514657		
		17380.070524	18200.578358	16554.81461	21480.315422	14483.388404	18942.610077	20907.124706	12994.658253	27533.555114	16687.996544	17641.680804	20524.207054		
		21706.263099	22234.269629	18928.340171	27797.577167	25499.900927	24389.143208	32792.753091	20771.557377	42232.108069	26146.858993	26877.071623	23428.243186		
		26306.22079	23394.944877	35016.896013	22731.360041	19071.039342	28661.006718	30114.348568	28432.660807	24900.517973	19242.278683	25483.251339	27255.262542		
		21970.265928	22890.715038	21603.991966	32792.753091	14940.001285	22255.675372	35216.715087	16500.114951	23183.263095	20526.585419	21760.966316	19651.351925		
		8773.569194	8921.006299	8913.872239	9149.296545	8861.555821	9054.17553	8761.679117	8654.668501	8730.764925	8966.188692	9208.747237	9258.685852		
		
12:00	24.90	8718.874854	8840.15366	8954.298586	8825.885555	8792.593322	8909.1162	9001.85902	8916.250259	9108.8701	9313.380562	9315.758594	9439.41634		
		17147.000268	12797.272788	16186.187195	17810.538802	16290.829644	16445.415329	14647.483358	14205.141208	17855.726215	16550.058116	15653.464126	14737.854636		
		9028.017271	9703.378706	9555.94016	9237.283585	10024.415189	8992.346931	9629.659399	9192.101039	9570.208394	9938.805334	10887.65301	9501.245284		
		16721.292063	17268.291847	15808.04858	19132.875728	13796.095803	18148.255868	20978.476024	13206.313087	26085.017187	16833.069976	17346.774732	20978.476024		
		22731.360041	22250.91854	19023.472923	26715.33014	25928.034356	25611.691101	34108.201277	20728.74669	43561.985696	26272.921284	27619.183792	24431.955854		
		26698.6803	20295.884357	34643.425985	22797.95612	19392.113407	27552.583701	26767.658231	28603.920179	22964.446561	18845.099106	24669.804303	26736.737082		
		19720.323782	21858.48084	21687.235901	34493.562706	15570.226467	20262.587351	37426.652164	17437.149058	24917.167439	21356.63907	22317.514219	21632.532734		
		8740.276983	8892.470064	8678.448626	8992.346931	8882.957988	9215.881323	9184.966955	8921.006299	9006.615065	9173.076817	9218.259352	9360.94121		
		
13:00	24.90	8892.470064	9006.615065	8975.700778	8982.834843	8778.325226	8661.802538	9058.931578	9070.8217	9116.004177	9220.637381	9268.197973	9396.611714		
		14647.483358	11934.014368	14806.822259	15448.937461	14226.544804	14423.933794	12271.706636	13077.893233	15582.117556	14452.472001	14671.265263	13624.868115		
		9085.089848	9322.892689	9546.428005	9527.403698	9727.159142	9118.382203	9068.443675	9277.710095	9242.039644	9632.03744	10343.074898	9513.135471		
		15144.526649	16592.866568	15558.33538	16937.71327	13439.371867	16495.35846	20212.641869	13232.472712	23497.218298	15903.177623	16362.176846	20231.668716		
		23592.356482	22505.409471	18952.123349	24736.401995	27005.513621	26318.113474	33941.687653	19256.548644	43573.880945	25849.543056	27440.790816	24729.266525		
		26227.729119	18174.417108	33622.933968	21834.696799	19011.581323	26068.367478	23035.799713	28572.998321	21030.800364	18502.62249	24355.8445	25782.944437		
		18084.04195	20864.313946	22167.674019	35485.520105	16026.845549	17998.423473	39567.661239	17965.127423	25828.136351	21922.697786	23071.476313	21399.450093		
		8737.898968	8859.177803	8930.51838	8806.86142	8932.8964	8790.215305	8989.968909	9101.736024	9054.17553	9194.479067	9282.466156	9203.99118		
		
14:00	24.90	8935.27442	8863.933839	8794.971338	8866.311857	8885.336007	8709.362798	8951.920565	8892.470064	9070.8217	9246.795703	9113.626151	9313.380562		
		12062.432386	10733.07806	13513.094683	13180.15347	12454.822053	12749.710098	10913.811877	12159.935094	13679.565809	12473.847055	13308.573488	12145.666397		
		8992.346931	9042.285411	8956.676607	9125.516281	9284.844187	9001.85902	8985.212865	8932.8964	9230.149497	9306.246467	10095.756805	9244.417673		
		14090.988791	14968.539676	15203.981795	15315.757588	12835.32296	14849.629779	18702.400338	12637.937889	20286.370925	14966.161476	15006.590881	19180.442212		
		23504.353658	21199.665513	18876.017206	22759.901211	26439.418954	25281.078058	33225.683019	17753.460003	41282.888715	24365.358415	27114.927338	25775.808874		
		24995.657825	15291.975491	32205.209078	20674.044178	17872.374215	23447.270797	20157.93971	26720.087238	18947.366713	17097.05673	22719.46789	24260.705409		
		16221.860742	18552.566905	21784.750335	35675.825088	16621.405549	15684.380993	37593.173038	17877.130787	24955.223374	21760.966316	22871.687559	21156.854596		
		8802.105387	8668.936575	8913.872239	8925.762339	8970.944735	8728.38691	8711.740812	8668.936575	9137.406412	9239.661614	9080.333798	9089.845898		
		
15:00	24.90	8668.936575	8871.067894	8699.850744	8504.85388	8792.593322	9092.223923	9175.454844	9213.503294	9244.417673	8985.212865	9234.905556	9270.576004		
		10695.028888	10200.39129	12217.009904	11441.747207	11337.111099	11541.627256	10350.209086	11220.584685	12107.616553	11199.181893	11976.820351	11425.100544		
		8609.486284	8904.360161	8970.944735	9037.529364	9092.223923	9306.246467	9087.467873	9075.577749	8980.456821	9094.601948	9788.988309	9398.989748		
		12951.851725	13660.54052	13555.901511	13670.053164	12371.58772	13746.154356	17501.362457	12138.53205	18245.76599	14155.199505	13800.852133	17931.831387		
		23014.393761	20505.180137	18585.863199	20597.936397	25961.333719	24203.622008	32457.352944	17686.868121	39370.210227	24286.868647	26315.734937	25656.882918		
		23922.962549	13924.51681	30219.009229	19553.84009	16892.526376	21370.909408	18026.962955	25214.479913	16747.452837	16381.202777	21775.236727	22895.471908		
		14481.010219	16638.053293	20795.341102	35047.820361	16152.8919	14198.006677	38247.36554	18314.736636	25416.653026	21646.803122	23195.155316	21432.747572		
		8578.572151	8464.42776	8649.912477	9108.8701	9085.089848	9116.004177	9232.527526	8923.384319	8861.555821	9063.687627	9177.832872	9282.466156		
		
16:00	24.90	9018.505179	8783.081257	8894.848083	9004.237043	8880.579969	9092.223923	8973.322756	8963.810671	9130.272333	9182.588927	9303.868436	9387.099578		
		10252.708583	9846.061428	11011.313185	10300.269789	10409.66067	10623.686738	9463.196697	10461.9781	11089.789934	10628.442879	10992.28853	10999.422775		
		9061.309602	9032.773317	8906.73818	9253.929792	9099.357998	9004.237043	8940.030461	8951.920565	9192.101039	9434.660269	9527.403698	9330.026785		
		11886.452191	12920.935914	13396.565101	12431.040806	11579.676831	12319.269041	15722.432538	11812.730873	15903.177623	13448.884484	12854.348053	16200.456612		
		22933.526882	19166.172264	18202.956653	18381.32904	25140.746316	23387.809527	31336.983919	15831.83083	38218.818847	22436.435213	25340.540735	24420.06345		
		22995.366252	12868.616876	27937.913567	18355.167732	15622.547271	19285.088575	15427.533538	22900.228779	15127.879216	15515.527481	19794.052385	20614.584968		
		13743.776193	15529.796778	20871.449071	35021.653604	16668.97054	13360.892814	36482.247476	18038.854409	24301.139508	20947.557111	22438.813635	21087.881501		
		8992.346931	8930.51838	9006.615065	9013.749133	8894.848083	8859.177803	8913.872239	9020.883202	9211.125266	9344.29498	9375.209409	9437.038304		
		
17:00	24.90	8718.874854	8754.545072	8740.276983	8621.376339	8904.360161	8816.373487	9023.261225	9094.601948	9035.151341	9277.710095	9123.138255	9486.977062		
		9470.330806	9420.392059	9998.256613	9817.524863	9753.31763	9803.256585	9325.270721	10003.012717	10492.892961	9955.451688	10259.842762	10397.770349		
		8676.070613	8792.593322	8747.411027	8847.287713	8840.15366	8992.346931	8982.834843	9149.296545	9039.907388	9201.613152	9546.428005	9092.223923		
		10728.321913	11986.332795	12378.722088	11265.768377	10787.773778	11230.097039	14623.70146	11182.535281	13915.004135	12202.741198	11826.99951	14816.335039		
		21542.15367	17936.587963	17370.557439	16569.084092	23868.257853	21644.424724	28739.500776	15032.751094	35226.230293	21116.422085	24667.425815	24277.354741		
		20968.962511	11700.959972	25095.554791	16497.736705	14523.817564	17004.304528	13855.549947	21194.908743	13491.691278	13541.632566	18376.572438	18726.183448		
		12247.925443	13943.542162	19016.337963	33218.546792	16685.618294	11917.367603	34484.047587	17636.924246	23342.618992	19936.753099	21784.750335	20517.07196		
		8852.043748	8780.703242	8849.665731	8747.411027	8975.700778	8959.054628	9035.151341	8892.470064	9020.883202	9156.430626	9163.564707	9173.076817		
		
18:00	24.90	8611.864295	8566.682102	8611.864295	8901.982141	8735.520953	8802.105387	8752.167057	8794.971338	8854.421766	8875.823932	9013.749133	8997.102975		
		9165.942735	9177.832872	9175.454844	9237.283585	9237.283585	9484.599025	9165.942735	9553.562121	9560.696238	9327.648753	9624.903317	9808.012677		
		8509.609895	8792.593322	8797.349354	8740.276983	8899.604122	8925.762339	8699.850744	8785.459273	8906.73818	8947.164523	9120.760229	9025.639248		
		9974.476096	11104.058442	11491.687216	10183.744885	10347.831023	10440.575511	13066.002516	10683.138525	12526.165835	11125.461208	10851.981841	13144.48128		
		19648.973586	16799.774411	16578.597082	14899.571914	22662.385589	20440.964328	26199.186712	13634.380755	32633.378378	19584.758464	21694.3711	22764.658074		
		19135.254052	10966.129637	22783.685527	15370.456438	13341.867601	15311.001168	12373.965843	18443.164893	11964.929798	12554.703366	15986.415629	16145.757195		
		11389.429136	12892.398252	18141.120986	32140.983881	15496.501755	11163.510586	32412.157287	16994.791488	22101.078464	19189.955512	20640.747015	19539.570075		
		8759.301102	8787.837289	8863.933839	8837.775642	8737.898968	8692.716704	8759.301102	8628.510373	8733.142939	8951.920565	8749.789042	8944.786503		
		
19:00	24.90	8507.231887	8652.290489	8640.40043	9087.467873	8868.689876	8680.826639	8852.043748	8963.810671	8652.290489	8956.676607	9006.615065	9180.2109		
		8718.874854	8925.762339	9073.199724	9123.138255	9049.419482	9199.235123	8904.360161	9218.259352	9165.942735	9182.588927	9246.795703	9513.135471		
		8483.451814	8885.336007	8859.177803	9077.955773	8785.459273	8588.08419	8728.38691	8849.665731	8768.813163	8909.1162	8937.652441	8985.212865		
		9627.281358	10481.002629	10825.822994	10057.707935	9777.098081	9781.854172	11853.158685	10031.549348	11025.581679	10794.908004	10507.161363	11945.904917		
		18214.848134	14894.815519	15877.017125	13888.844287	20224.533647	18355.167732	24736.401995	12419.150185	28582.512738	17872.374215	20859.557196	22010.698871		
		17425.257693	10155.2082	20419.55907	13955.433009	12450.065803	13591.573885	11306.195912	16759.344101	11056.496758	11705.716178	14423.933794	14357.344682		
		10859.116074	11986.332795	17182.674243	30126.241818	14859.142564	10804.420308	29800.367407	16571.462339	20940.421979	17850.969644	19629.946878	18828.450903		
		8733.142939	8483.451814	8804.483403	8771.191179	8683.204652	8730.764925	8854.421766	8802.105387	8626.132361	8804.483403	8978.078799	9099.357998		
		
20:00	25.00	8618.998328	8683.204652	8559.548074	8580.95016	8880.579969	8695.094717	8809.239437	8695.094717	8863.933839	9006.615065	8982.834843	9016.127156		
		8856.799785	8742.654997	8830.64159	8764.057132	8961.432649	9173.076817	8640.40043	8997.102975	9018.505179	9137.406412	9294.356311	9253.929792		
		8771.191179	8842.531677	8609.486284	8604.730263	8756.923087	8692.716704	8718.874854	8849.665731	8573.816131	8852.043748	8873.445913	9151.674572		
		9263.441913	9967.341943	10252.708583	9506.001359	9467.95277	9232.527526	11163.510586	9919.780935	10421.550992	9976.854148	9672.464149	11253.877929		
		17018.574091	13489.313122	14797.30948	12483.359558	18700.022027	16397.850471	22177.187674	11729.497209	25047.984791	16302.72084	19344.546797	20995.124673		
		15827.07438	9781.854172	17786.755964	13056.489944	10997.044694	11983.954684	10847.225687	14916.219299	10535.698174	10982.776205	13237.229009	12992.280112		
		10136.183749	10992.28853	15979.280939	29469.73706	14381.126501	10186.122943	28344.652661	15658.220566	19137.632375	16381.202777	18169.660519	18264.792369		
		8783.081257	8471.56178	8628.510373	8847.287713	8794.971338	8706.984785	8583.32817	8659.424526	8871.067894	8878.20195	8837.775642	9035.151341		
		
21:00	25.00	8723.630882	8709.362798	8925.762339	8809.239437	8661.802538	8649.912477	8654.668501	8778.325226	8878.20195	9337.160882	8878.20195	9004.237043		
		8526.255951	8797.349354	8871.067894	8875.823932	8728.38691	9001.85902	9035.151341	8970.944735	8899.604122	9413.257954	9237.283585	9287.222218		
		8768.813163	8747.411027	8685.582665	8638.022418	8433.513682	8692.716704	8892.470064	8726.008896	8949.542544	8959.054628	9130.272333	9025.639248		
		9199.235123	9577.342512	9912.646786	9206.369209	9108.8701	8973.322756	10994.666612	9822.280957	10152.830143	10062.464043	9563.074277	10511.917497		
		15570.226467	12566.594007	14240.813871	11403.697697	16883.013349	14956.648678	19770.268957	11453.637682	22671.899303	14890.059124	17741.568591	20414.802347		
		14423.933794	9570.208394	16155.270135	11772.303083	10530.942038	10806.798384	10452.465837	13396.565101	10178.98877	10597.527965	12114.750897	11979.198462		
		9865.085811	10721.187692	15394.238558	27036.434874	14076.719751	10062.464043	24565.150898	15032.751094	18019.828084	15584.495774	17325.370301	17510.875557		
		8676.070613	8771.191179	8735.520953	8659.424526	8554.792056	8918.628279	9066.065651	9035.151341	9127.894307	8887.714026	9032.773317	9246.795703		
		
22:00	25.00	8813.99547	8794.971338	8642.778442	8554.792056	8785.459273	8531.011968	8709.362798	8685.582665	8761.679117	8856.799785	9023.261225	8792.593322		
		8733.142939	8856.799785	8633.266395	8854.421766	8647.534465	8642.778442	8704.606771	8830.64159	8885.336007	9037.529364	9284.844187	9135.028386		
		8604.730263	8535.767985	8609.486284	8476.317793	8657.046513	8533.389977	8576.194141	8561.926083	8752.167057	9094.601948	9277.710095	9289.600249		
		9203.99118	9470.330806	9646.305688	9120.760229	9004.237043	8904.360161	9891.244344	9272.954034	9377.587443	9643.927646	9579.720552	10407.282605		
		14704.559943	11710.472383	13429.85925	11177.779107	15004.21268	13263.388644	17551.306247	10471.490364	19927.23971	13860.306281	15886.530033	18935.475124		
		13320.464241	9422.770094	14200.384854	11096.924187	9874.598003	10362.099399	9900.756539	11983.954684	9624.903317	9991.122457	11215.828509	11056.496758		
		9758.073719	10283.623364	13991.105561	24860.08357	12989.901971	9132.650359	21975.022744	14067.207059	16526.275652	14564.246745	16017.332624	16217.104268		
		8704.606771	8780.703242	8481.073807	8657.046513	8485.829821	8890.092045	8790.215305	8709.362798	8676.070613	9023.261225	8904.360161	9151.674572		
		
23:00	25.10	9035.151341	8980.456821	8973.322756	8861.555821	8989.968909	8878.20195	8690.338691	8918.628279	8806.86142	8830.64159	9296.734342	9004.237043		
		9116.004177	8702.228757	8992.346931	8673.6926	9056.553554	9085.089848	8811.617453	9025.639248	8911.49422	8904.360161	9146.918519	9263.441913		
		8749.789042	8873.445913	8823.507538	8825.885555	8928.140359	8833.019607	8778.325226	8728.38691	8859.177803	8783.081257	9092.223923	9199.235123		
		9251.551763	9596.366831	9503.623322	9094.601948	9144.540492	9049.419482	9665.330023	9330.026785	9239.661614	9177.832872	9125.516281	9762.829809		
		13398.943254	11030.337844	12913.801497	11001.800857	14022.021786	12725.928764	15572.604684	10231.30605	17130.352419	12545.190854	14507.170261	17154.135062		
		11855.536792	9368.075309	12989.901971	10659.357805	9934.049234	9903.134589	9617.769194	10804.420308	9560.696238	9748.56154	10706.919252	10381.123904		
		9779.476126	9755.695675	13268.144942	22981.095624	12666.475459	9627.281358	18807.046076	13265.766793	15646.329466	13436.993713	14509.548447	15106.475379		
		8809.239437	8918.628279	8906.73818	8747.411027	9061.309602	8823.507538	8887.714026	8609.486284	8897.226102	9223.01541	8982.834843	9146.918519		
		
24:00	25.10	8833.019607	8709.362798	8699.850744	8592.840211	8925.762339	8928.140359	8866.311857	8628.510373	9099.357998	9165.942735	9082.711823	8978.078799		
		8821.129521	8809.239437	8792.593322	8844.909695	8944.786503	8806.86142	8871.067894	8783.081257	9101.736024	9401.367782	9196.857095	8887.714026		
		8552.414047	8697.47273	8726.008896	8797.349354	8737.898968	8730.764925	8695.094717	8785.459273	8951.920565	9225.393439	9232.527526	8825.885555		
		9039.907388	9156.430626	9242.039644	8985.212865	8947.164523	8849.665731	9413.257954	9156.430626	9101.736024	9460.818661	9111.248126	9479.842952		
		12100.482209	10324.050403	11979.198462	10091.000695	12385.856457	11593.945426	13962.567518	10124.293469	15113.60999	11677.17895	13263.388644	15173.065113		
		11125.461208	9339.538915	11884.074083	10048.195721	9448.928482	9441.794375	9344.29498	10423.929056	9553.562121	9712.890879	10169.476541	9865.085811		
		9215.881323	9765.207854	12181.338143	20752.530402	12207.497433	9175.454844	16711.779056	12554.703366	14217.032094	12759.222634	13746.154356	13862.684448		
		8471.56178	8880.579969	8737.898968	8878.20195	8733.142939	8462.049754	8873.445913	8911.49422	8816.373487	9130.272333	8773.569194	9192.101039		
		
25:00	25.10	8671.314588	8633.266395	8542.902011	8564.304093	8454.915735	8431.135677	8426.379666	8706.984785	8697.47273	8847.287713	8987.590887	9075.577749		
		8830.64159	8652.290489	8569.060112	8590.462201	8578.572151	8730.764925	8533.389977	8657.046513	8531.011968	8885.336007	8978.078799	8978.078799		
		8685.582665	8654.668501	8511.987903	8668.936575	8469.183773	8697.47273	8485.829821	8623.75435	8521.499935	8947.164523	8880.579969	8913.872239		
		8638.022418	8947.164523	8987.590887	8730.764925	8588.08419	8533.389977	8997.102975	8811.617453	8932.8964	9163.564707	9170.698789	9332.404818		
		11232.475128	9729.537186	11270.524556	9888.866295	11446.503397	10744.96843	12245.547325	9489.355099	12987.52383	10837.713378	11698.58187	14435.824712		
		10307.403972	8678.448626	10488.136828	9244.417673	9061.309602	9391.855646	9211.125266	9420.392059	9125.516281	9154.052599	9567.830355	9522.647622		
		9239.661614	9282.466156	11612.970224	18198.200062	11529.736767	9068.443675	14963.783277	11503.577699	13163.506446	11365.648206	12856.72619	13030.330377		
		8478.6958	8433.513682	8630.888384	8602.352252	8561.926083	8374.063566	8393.087599	8576.194141	8657.046513	8778.325226	8982.834843	8849.665731		
		
26:00	25.20	8371.685563	8157.665517	8328.881508	8209.981476	8333.637513	8290.833478	8326.503505	8136.263544	8440.647699	8697.47273	8209.981476	8638.022418		
		8616.620317	8288.455477	8162.421512	8542.902011	8257.541467	8302.723486	8502.475872	8414.48964	8569.060112	8604.730263	8464.42776	9037.529364		
		8428.757671	8259.919468	8198.091482	8421.623656	8319.369499	8250.407467	8478.6958	8357.417542	8338.393518	8571.438121	8464.42776	8875.823932		
		8635.644407	8645.156454	8336.015515	8433.513682	8414.48964	8350.283532	8747.411027	8473.939786	8678.448626	8519.121927	8654.668501	8756.923087		
		10676.004308	9206.369209	10328.806526	9282.466156	10423.929056	9786.610263	11165.888672	8980.456821	11677.17895	9886.488246	11073.143344	13004.170817		
		9403.745816	8519.121927	9506.001359	8866.311857	8545.28002	8728.38691	8714.118826	8928.140359	8569.060112	8687.960678	9154.052599	8963.810671		
		8887.714026	8773.569194	10668.870092	15979.280939	10961.373476	8476.317793	13189.666057	10923.324195	11941.148697	10521.429767	11368.026298	11869.805436		
		8385.953586	8352.661535	8226.627469	8614.242306	8264.675468	8369.307559	8385.953586	8236.139468	8514.365911	8217.115473	8599.974242	8573.816131		
		
27:00	25.20	8233.761468	8262.297468	8214.737473	8245.651467	8343.149524	8186.20149	8340.771521	8343.149524	8676.070613	8709.362798	8913.872239	8721.252868		
		8336.015515	8252.785467	8293.21148	8257.541467	8112.483581	8195.713484	8454.915735	8374.063566	8566.682102	8642.778442	8906.73818	8778.325226		
		8179.067496	8357.417542	8309.857491	8117.239573	8236.139468	8383.575582	8364.551552	8523.877943	8569.060112	8887.714026	9025.639248	8825.885555		
		8381.197578	8626.132361	8528.63396	8404.977621	8257.541467	8431.135677	8312.235493	8671.314588	8735.520953	8792.593322	8997.102975	8813.99547		
		9831.793145	8989.968909	9955.451688	8928.140359	9905.512638	9444.172411	10440.575511	9087.467873	11111.192697	9974.476096	10709.297325	12200.36308		
		9058.931578	8652.290489	8897.226102	8481.073807	8578.572151	8478.6958	8509.609895	9085.089848	8947.164523	9058.931578	8932.8964	8868.689876		
		8716.49684	8833.019607	10288.379485	14797.30948	10566.613064	8528.63396	11843.646257	10723.565765	11368.026298	10226.549932	11054.118675	11241.987483		
		8126.751558	8350.283532	8316.991497	8355.039539	8259.919468	8290.833478	8219.493472	8531.011968	8652.290489	8830.64159	8749.789042	8799.72737		
		
28:00	25.10	8274.187471	8421.623656	8343.149524	8357.417542	8369.307559	8148.153529	8454.915735	8383.575582	8347.905529	8649.912477	8478.6958	8756.923087		
		8269.43147	8328.881508	8307.479489	8271.80947	8459.671747	8150.531526	8426.379666	8443.025705	8421.623656	8635.644407	8618.998328	9142.162465		
		8240.895467	8286.077476	8443.025705	8309.857491	8400.221612	8336.015515	8276.565472	8374.063566	8357.417542	8654.668501	8454.915735	8861.555821		
		8145.775532	8438.269694	8642.778442	8302.723486	8331.25951	8290.833478	8592.840211	8521.499935	8569.060112	8728.38691	8583.32817	8837.775642		
		9467.95277	8718.874854	9555.94016	8847.287713	9586.854671	9256.307822	9910.268737	8718.874854	10224.171874	9574.964473	10024.415189	11432.234828		
		9080.333798	8561.926083	8825.885555	8447.781717	8597.596231	8687.960678	8495.34185	8775.94721	8495.34185	8844.909695	8685.582665	9047.041459		
		8756.923087	8730.764925	9976.854148	13146.859425	10057.707935	8533.389977	11070.76526	10255.086643	10942.348833	9876.976052	10373.989714	10761.614952		
		8409.733631	8305.101487	8238.517467	8293.21148	8245.651467	8419.24565	8507.231887	8136.263544	8307.479489	8571.438121	8673.6926	8790.215305		
		
29:00	25.10	8314.613495	8250.407467	8067.30167	8012.607812	8281.321474	8162.421512	8164.79951	7953.158009	8345.527526	8421.623656	8288.455477	8381.197578		
		8338.393518	8269.43147	8131.507551	8100.593602	8248.029467	8167.177507	8148.153529	8067.30167	7915.110158	8309.857491	8259.919468	8492.963842		
		8221.871471	8267.053469	7872.306347	8250.407467	8036.387746	8026.875771	8188.579489	7960.291983	7974.559933	8307.479489	8366.929555	8469.183773		
		8573.816131	8302.723486	8331.25951	8198.091482	8169.555505	7941.268053	8371.685563	8126.751558	7979.315917	8457.293741	8148.153529	8628.510373		
		9389.477612	8314.613495	9208.747237	8538.145994	9061.309602	8733.142939	9296.734342	8214.737473	9453.684553	8885.336007	9358.563177	10340.696836		
		8690.338691	8183.823492	8347.905529	8305.101487	8195.713484	8031.631758	8545.28002	8064.923675	8095.837611	8564.304093	8652.290489	8797.349354		
		8680.826639	8397.843607	9303.868436	12212.253668	9415.635989	8148.153529	10428.685186	9387.099578	9874.598003	9223.01541	9734.293274	9915.024835		
		8271.80947	7846.148474	8055.411698	8171.933503	8121.995565	8055.411698	7853.282439	7855.660427	8221.871471	8095.837611	8424.001661	8483.451814		
		
30:00	25.20	8053.033703	7891.33026	8129.129555	8019.741791	7898.464229	7922.244129	8093.459615	7922.244129	8141.019538	8393.087599	8404.977621	8359.795545		
		7988.827885	7715.359237	7824.746585	8012.607812	7879.440314	8048.277715	8141.019538	8143.397535	8145.775532	8397.843607	8438.269694	8692.716704		
		7755.784979	7777.18685	7770.052892	7905.598198	7815.234635	7967.425958	8169.555505	7874.684336	8138.641541	8407.355626	8466.805767	8588.08419		
		8022.119785	8055.411698	7931.75609	7988.827885	7534.632644	8095.837611	8117.239573	7934.134081	8217.115473	8374.063566	8271.80947	8635.644407		
		8597.596231	8162.421512	8628.510373	8316.991497	8245.651467	8666.558563	8944.786503	8338.393518	9237.283585	8809.239437	8989.968909	9917.402885		
		7988.827885	7879.440314	8179.067496	7946.024035	7817.612623	8207.603477	8419.24565	8145.775532	8060.167686	8621.376339	8759.301102	8407.355626		
		8252.785467	8079.191644	8901.982141	10904.299561	8830.64159	8352.661535	9843.683381	9023.261225	9472.708842	9270.576004	9762.829809	9322.892689		
		7884.196292	7829.50256	8076.813649	7753.406993	7822.368597	8114.861577	8088.703625	8179.067496	8229.005469	8331.25951	8302.723486	8309.857491		
		
31:00	25.20	7991.205878	8198.091482	7846.148474	8200.469481	8086.325629	8257.541467	8145.775532	7993.58387	8110.105585	8376.44157	8531.011968	8485.829821		
		8238.517467	8124.373562	8076.813649	8138.641541	7993.58387	8041.143733	8121.995565	8521.499935	8433.513682	8464.42776	8471.56178	8550.036038		
		8238.517467	8105.349593	7905.598198	7941.268053	8038.765739	8012.607812	8043.521727	8098.215606	8164.79951	8588.08419	8497.719857	8428.757671		
		8062.545681	7981.693909	8131.507551	8057.789692	7993.58387	8055.411698	8271.80947	8205.225478	8188.579489	8516.743919	8438.269694	8485.829821		
		8633.266395	8217.115473	8607.108274	8414.48964	8671.314588	8454.915735	8706.984785	8421.623656	9113.626151	8785.459273	8928.140359	9498.867247		
		8114.861577	8081.569639	8190.957487	8022.119785	8312.235493	8183.823492	8309.857491	8091.08162	8069.679665	8397.843607	8497.719857	8412.111636		
		8452.537729	8333.637513	8954.298586	10519.0517	9249.173733	8295.589481	9579.720552	9075.577749	9660.573939	8885.336007	9325.270721	9508.379396		
		8064.923675	8143.397535	8176.689498	7950.780018	8190.957487	8129.129555	8072.057659	8181.445494	8550.036038	8167.177507	8250.407467	8578.572151		
		
32:00	25.30	8034.009752	7877.062325	8045.899721	7974.559933	7917.488148	8074.435654	8164.79951	7919.866138	8264.675468	8081.569639	8561.926083	8385.953586		
		8283.699475	7967.425958	7919.866138	7938.890063	8079.191644	8179.067496	8043.521727	8533.389977	8500.097865	8338.393518	8640.40043	8604.730263		
		8074.435654	7965.047966	7879.440314	7941.268053	8055.411698	7960.291983	7938.890063	8076.813649	8157.665517	8060.167686	8395.465603	8466.805767		
		7888.952271	8316.991497	7836.636523	7746.273038	8124.373562	8031.631758	8131.507551	8145.775532	8081.569639	8176.689498	8102.971598	8504.85388		
		8804.483403	8381.197578	8404.977621	8293.21148	8447.781717	8519.121927	8583.32817	8274.187471	8718.874854	8374.063566	8968.566713	9127.894307		
		7962.669974	7984.071901	8003.095841	8081.569639	7969.803949	8245.651467	8236.139468	8014.985805	8224.24947	8041.143733	8407.355626	8531.011968		
		8483.451814	8136.263544	8849.665731	9517.891547	8699.850744	8300.345484	9120.760229	8949.542544	9277.710095	8652.290489	8975.700778	9218.259352		
		8264.675468	8067.30167	8017.363798	7812.856648	7974.559933	8136.263544	8388.33159	8107.727589	8112.483581	8257.541467	8245.651467	8155.28752		
		
33:00	25.20	8048.277715	7572.680314	7665.421585	7767.674907	7579.814254	7584.570214	7636.885798	7679.689483	8188.579489	7979.315917	7877.062325	8231.383468		
		7929.3781	7717.737222	7613.105983	7724.871175	7624.99589	7551.278497	7696.335366	8229.005469	8152.909523	8036.387746	7915.110158	8238.517467		
		7981.693909	7582.192234	7627.373871	7760.54095	7475.183196	7781.942822	7632.129834	7784.320808	8107.727589	7962.669974	7805.722687	8188.579489		
		7943.646044	7877.062325	7727.249159	7884.196292	7605.97204	7617.861945	7615.483964	7910.354178	8000.717848	8026.875771	7877.062325	8205.225478		
		8395.465603	7884.196292	8162.421512	8138.641541	7701.091334	8036.387746	7919.866138	8086.325629	8293.21148	8136.263544	8281.321474	8621.376339		
		7993.58387	7774.808864	7772.430878	7886.574282	7824.746585	7586.948195	7627.373871	7808.100674	7703.469317	8069.679665	7853.282439	8167.177507		
		8136.263544	7798.588727	8516.743919	9161.18668	8186.20149	7729.627144	8616.620317	8504.85388	8628.510373	8229.005469	8538.145994	8735.520953		
		7867.55037	7793.832754	7803.3447	7615.483964	7672.555534	7653.531673	7805.722687	7620.239927	7836.636523	7777.18685	8072.057659	7803.3447		
		
34:00	25.20	7634.507816	7437.135572	7563.168395	7665.421585	7758.162964	7698.71335	7361.040379	7527.498708	7860.416404	8041.143733	8193.335485	8198.091482		
		7672.555534	7665.421585	7696.335366	7596.460117	7888.952271	7848.526462	7696.335366	8060.167686	7979.315917	7955.536	8250.407467	8326.503505		
		7805.722687	7522.742751	7586.948195	7617.861945	7624.99589	7717.737222	7760.54095	7624.99589	7663.043603	8029.253765	8081.569639	7960.291983		
		7641.641762	7468.049265	7765.296921	7598.838097	7884.196292	7853.282439	7686.823432	7670.177551	7644.019744	7988.827885	8136.263544	8038.765739		
		7803.3447	7670.177551	8100.593602	7950.780018	8195.713484	7912.732168	8060.167686	7960.291983	7927.000109	8283.699475	8336.015515	8478.6958		
		7479.93915	7479.93915	7655.909655	7582.192234	7834.258535	7739.139083	7729.627144	7779.564836	7746.273038	8024.497778	8162.421512	8107.727589		
		7900.842218	7674.933517	8162.421512	8607.108274	8174.3115	7760.54095	8176.689498	8274.187471	8573.816131	8378.819574	8504.85388	8426.379666		
		7544.14456	7441.891524	7579.814254	7591.704156	7603.594059	7758.162964	7548.900518	7748.651023	7767.674907	8031.631758	8029.253765	7862.794392		
		
35:00	25.20	7446.647476	7591.704156	7491.829037	7441.891524	7577.436274	7672.555534	7663.043603	7551.278497	7824.746585	7698.71335	7869.928358	7786.698795		
		7910.354178	7615.483964	7644.019744	7741.517068	7831.880547	7819.99061	7848.526462	8100.593602	7946.024035	7819.99061	8007.851826	8198.091482		
		7586.948195	7451.403429	7653.531673	7594.082136	7586.948195	7772.430878	7644.019744	7563.168395	7565.546374	7919.866138	8053.033703	7905.598198		
		7791.454767	7665.421585	7741.517068	7684.445449	7772.430878	7646.397726	7653.531673	7753.406993	7846.148474	7967.425958	7950.780018	8005.473833		
		7772.430878	7791.454767	8150.531526	7667.799568	7858.038415	8129.129555	7969.803949	8069.679665	7900.842218	8088.703625	8229.005469	8176.689498		
		7796.21074	7674.933517	7824.746585	7732.005128	7760.54095	7886.574282	7791.454767	7822.368597	7760.54095	7846.148474	7834.258535	7948.402026		
		7741.517068	7912.732168	8179.067496	8357.417542	8057.789692	7827.124572	8328.881508	8262.297468	8426.379666	8290.833478	8359.795545	8207.603477		
		7487.073082	7632.129834	7446.647476	7601.216078	7748.651023	7653.531673	7525.120729	7651.15369	7684.445449	7846.148474	7976.937925	7834.258535		
		
36:00	25.30	7361.040379	7318.236865	7244.519755	7396.709992	7456.159382	7522.742751	7479.93915	7639.26378	7762.918935	7548.900518	7979.315917	7862.794392		
		7553.656477	7196.960365	7517.986794	7567.924354	7615.483964	7548.900518	7608.350021	8043.521727	7674.933517	7903.220208	7705.847301	8141.019538		
		7503.718925	7108.975569	7475.183196	7598.838097	7603.594059	7510.852859	7382.442145	7520.364772	7446.647476	7708.225285	7869.928358	7858.038415		
		7525.120729	7370.552274	7617.861945	7489.451059	7322.99281	7375.308222	7689.201416	7686.823432	7565.546374	7722.49319	8110.105585	7867.55037		
		7674.933517	7370.552274	7777.18685	7736.761098	7720.115206	7553.656477	7698.71335	7693.957383	7760.54095	8017.363798	7981.693909	8088.703625		
		7306.347004	7220.740057	7470.427242	7520.364772	7605.97204	7605.97204	7653.531673	7410.977841	7622.617908	7677.3115	7955.536	7981.693909		
		7560.790415	7463.293311	7957.913991	8095.837611	7998.339855	7584.570214	8238.517467	7867.55037	8164.79951	7967.425958	8181.445494	8224.24947		
		7487.073082	7677.3115	7434.757596	7546.522539	7327.748755	7605.97204	7575.058294	7572.680314	7546.522539	7748.651023	7810.478661	7743.895053		
		
37:00	25.30	7517.986794	7351.528485	7273.055402	7406.221891	7529.876686	7584.570214	7503.718925	7710.603269	7544.14456	7760.54095	7784.320808	7674.933517		
		7384.820119	7513.230837	7299.213088	7575.058294	7629.751853	7586.948195	7579.814254	8079.191644	7808.100674	7717.737222	7584.570214	8064.923675		
		7282.567287	7370.552274	7427.623669	7598.838097	7596.460117	7513.230837	7472.805219	7515.608816	7641.641762	7708.225285	7553.656477	7915.110158		
		7204.094272	7548.900518	7617.861945	7539.388602	7458.537358	7425.245693	7570.302334	7589.326175	7577.436274	7663.043603	7608.350021	7855.660427		
		7510.852859	7598.838097	7691.579399	7743.895053	7510.852859	7556.034456	7705.847301	7463.293311	7829.50256	7682.067466	8005.473833	8124.373562		
		7363.418353	7391.954042	7339.638619	7356.284432	7382.442145	7613.105983	7553.656477	7380.06417	7663.043603	7720.115206	7789.076781	7786.698795		
		7515.608816	7427.623669	7784.320808	8188.579489	7872.306347	7517.986794	8010.229819	7946.024035	8024.497778	7712.981253	7786.698795	8043.521727		
		7525.120729	7453.781405	7468.049265	7413.355816	7406.221891	7572.680314	7496.584992	7358.662405	7544.14456	7460.915335	7608.350021	7879.440314		
		
38:00	25.30	7446.647476	7194.582396	7192.204428	7085.195911	7370.552274	7201.716303	7434.757596	7399.087966	7487.073082	7698.71335	7591.704156	7644.019744		
		7408.599866	7151.778971	7139.889135	7258.787577	7372.930248	7460.915335	7391.954042	7734.383113	7475.183196	7634.507816	7472.805219	8171.933503		
		7430.001645	7166.046777	7068.550154	7301.59106	7292.079173	7396.709992	7306.347004	7068.550154	7544.14456	7601.216078	7658.287637	7667.799568		
		7258.787577	7242.141785	7235.007875	7344.394565	7299.213088	7342.016592	7372.930248	7432.37962	7482.317127	7724.871175	7517.986794	7722.49319		
		7453.781405	7185.070522	7532.254665	7311.102948	7558.412435	7441.891524	7446.647476	7577.436274	7370.552274	7872.306347	7634.507816	7850.904451		
		7468.049265	7066.172189	7192.204428	7318.236865	7277.811344	7313.48092	7498.96297	7548.900518	7441.891524	7827.124572	7498.96297	7698.71335		
		7560.790415	7182.692554	7446.647476	7762.918935	7232.629905	7244.519755	7736.761098	7800.966714	7701.091334	7698.71335	7708.225285	8195.713484		
		7384.820119	7622.617908	7035.258652	7368.1743	7218.362087	7361.040379	7332.5047	7482.317127	7408.599866	7425.245693	7696.335366	7701.091334		
		
39:00	25.30	7263.543519	6902.09278	7018.612906	7208.85021	7108.975569	7301.59106	7192.204428	7087.573876	7182.692554	7144.645069	7235.007875	7387.198093		
		7201.716303	6894.958901	6952.029956	7215.984118	7263.543519	7268.29946	7175.558649	7494.207014	7263.543519	7313.48092	7211.228179	7658.287637		
		7235.007875	6828.376054	6947.274033	7068.550154	7251.653666	7292.079173	7063.794225	7149.401004	7108.975569	7299.213088	7289.701201	7420.489742		
		7301.59106	6975.809575	7125.621334	7101.841671	7232.629905	7223.118026	7161.290842	7037.636616	7073.306084	7284.945258	7303.969032	7322.99281		
		7361.040379	7030.502724	7177.936617	7254.031636	7208.85021	7567.924354	7315.858892	7196.960365	7130.377267	7322.99281	7289.701201	7425.245693		
		7204.094272	6906.8487	6997.211237	7327.748755	7235.007875	7280.189316	7361.040379	6987.699387	7023.368833	7313.48092	7256.409607	7351.528485		
		7261.165548	7051.904401	7151.778971	7441.891524	7517.986794	7218.362087	7475.183196	7303.969032	7294.457144	7468.049265	7596.460117	7434.757596		
		7320.614837	7016.234942	7070.928119	7147.023037	7192.204428	7344.394565	6999.5892	6961.541803	6978.187537	7135.133201	7434.757596	7004.345126		
		
40:00	25.30	6940.14015	6999.5892	6963.919765	6852.155636	7137.511168	7199.338334	7187.448491	7011.479016	7235.007875	7596.460117	7292.079173	7020.990869		
		7030.502724	7106.597603	6973.431612	7044.770508	7185.070522	7211.228179	7218.362087	7377.686196	7496.584992	7430.001645	7296.835116	7520.364772		
		7049.526437	6971.05365	6921.116463	7120.865401	7151.778971	7111.353535	7070.928119	7078.062015	7192.204428	7351.528485	7318.236865	7082.817945		
		7187.448491	7213.606148	6830.754012	7223.118026	7139.889135	7211.228179	7078.062015	7399.087966	7446.647476	7308.724976	7206.472241	7242.141785		
		7111.353535	7078.062015	7087.573876	7156.534906	7149.401004	7322.99281	7284.945258	7139.889135	7449.025452	7230.251935	7182.692554	7432.37962		
		6887.825021	6797.462608	7011.479016	7051.904401	7092.329807	6973.431612	7139.889135	7075.68405	7287.32323	7196.960365	7161.290842	7166.046777		
		7120.865401	6968.675688	7330.126727	7553.656477	7468.049265	7137.511168	7556.034456	7508.474881	7537.010623	7496.584992	7460.915335	7339.638619		
		7032.880688	7028.12476	6956.785879	7116.109468	7287.32323	7013.856979	6968.675688	7063.794225	7313.48092	6968.675688	7265.921489	7337.260646		
		
41:00	25.30	6975.809575	7035.258652	6809.352393	6778.438955	6790.328738	6925.872384	7042.392544	7206.472241	7087.573876	7322.99281	7510.852859	7479.93915		
		7030.502724	6956.785879	6890.202981	6987.699387	6861.66747	7213.606148	7142.267102	7449.025452	7194.582396	7356.284432	7254.031636	7829.50256		
		6973.431612	6963.919765	6952.029956	6959.163841	6773.683043	6811.730351	7089.951842	7142.267102	7177.936617	7322.99281	7380.06417	7644.019744		
		7106.597603	6771.305086	6971.05365	6828.376054	6911.604621	6928.250345	7130.377267	7130.377267	7156.534906	7475.183196	7127.9993	7596.460117		
		7094.707773	6956.785879	7040.01458	6937.762188	7189.826459	7082.817945	7166.046777	7099.463705	7185.070522	7249.275695	7425.245693	7708.225285		
		7130.377267	6963.919765	7047.148473	6790.328738	6944.896072	7023.368833	6990.077349	6947.274033	7351.528485	7322.99281	7356.284432	7615.483964		
		6959.163841	7042.392544	7123.243367	7225.495996	6861.66747	7158.912874	6994.833275	7009.101052	7358.662405	7375.308222	7651.15369	7617.861945		
		6963.919765	6871.179306	6795.084651	6842.643802	6749.903484	7106.597603	7047.148473	6952.029956	7284.945258	7377.686196	7513.230837	7437.135572		
		
42:00	25.40	7080.43998	7332.5047	7006.723089	6985.321424	6911.604621	6923.494423	7066.172189	7144.645069	7308.724976	7372.930248	7273.055402	7420.489742		
		7227.873965	7225.495996	6999.5892	7189.826459	7028.12476	7009.101052	7104.219637	7173.180681	7327.748755	7275.433373	7758.162964	7912.732168		
		6987.699387	7215.984118	7047.148473	7187.448491	7073.306084	7070.928119	7144.645069	7073.306084	7204.094272	7232.629905	7282.567287	7425.245693		
		7189.826459	7123.243367	7123.243367	7101.841671	6980.565499	6966.297726	6890.202981	7078.062015	7296.835116	7182.692554	7296.835116	7265.921489		
		7125.621334	7082.817945	7192.204428	7139.889135	6928.250345	7244.519755	7063.794225	7223.118026	7399.087966	7339.638619	7529.876686	7460.915335		
		7149.401004	6997.211237	6909.226661	6956.785879	7059.038295	7054.282366	7068.550154	7066.172189	7351.528485	7292.079173	7206.472241	7156.534906		
		7173.180681	6961.541803	7208.85021	7132.755234	7106.597603	7044.770508	7306.347004	7299.213088	7627.373871	7218.362087	7420.489742	7296.835116		
		7223.118026	7011.479016	7004.345126	6925.872384	7061.41626	7063.794225	7004.345126	7111.353535	7282.567287	7434.757596	7539.388602	7258.787577		
		
43:00	25.40	6864.045429	7006.723089	6842.643802	7001.967163	7094.707773	7068.550154	7070.928119	7113.731501	7137.511168	6985.321424	7479.93915	7375.308222		
		7004.345126	6897.33686	6902.09278	7106.597603	7230.251935	7268.29946	7037.636616	7199.338334	7261.165548	7353.906458	7522.742751	7672.555534		
		6902.09278	6842.643802	6968.675688	6911.604621	7168.424745	7215.984118	7170.802713	7063.794225	7242.141785	7342.016592	7330.126727	7451.403429		
		6906.8487	6954.407918	6973.431612	7075.68405	7068.550154	7037.636616	6916.360542	7097.085739	7196.960365	7275.433373	7251.653666	7206.472241		
		6923.494423	6971.05365	6852.155636	7158.912874	7232.629905	7151.778971	7342.016592	7158.912874	7342.016592	7299.213088	7346.772538	7572.680314		
		7054.282366	6806.974436	6828.376054	7092.329807	7175.558649	7213.606148	7106.597603	6949.651995	7289.701201	7230.251935	7325.370782	7522.742751		
		7080.43998	6723.745978	7006.723089	7292.079173	7094.707773	7132.755234	7047.148473	7261.165548	7546.522539	7370.552274	7415.733792	7432.37962		
		6966.297726	6809.352393	6966.297726	7239.763815	7080.43998	7125.621334	7073.306084	6975.809575	7187.448491	7192.204428	7413.355816	7299.213088		
		
44:00	25.40	6933.006266	7049.526437	7287.32323	7032.880688	7092.329807	6980.565499	6987.699387	7130.377267	7061.41626	7130.377267	7104.219637	7149.401004		
		7089.951842	7044.770508	7139.889135	7249.275695	6887.825021	7089.951842	7108.975569	7061.41626	7199.338334	7491.829037	7204.094272	7413.355816		
		6925.872384	6982.943462	7387.198093	7051.904401	7199.338334	7244.519755	7035.258652	7078.062015	7351.528485	7422.867718	7206.472241	7303.969032		
		7047.148473	7032.880688	7301.59106	7144.645069	6963.919765	7180.314586	7042.392544	7101.841671	7258.787577	7311.102948	7201.716303	7370.552274		
		6961.541803	6973.431612	7275.433373	7144.645069	7194.582396	7287.32323	7044.770508	7494.207014	7344.394565	7101.841671	7251.653666	7463.293311		
		6883.069102	6994.833275	7194.582396	7092.329807	7196.960365	7154.156939	6925.872384	7294.457144	7120.865401	7056.66033	7277.811344	7308.724976		
		7006.723089	7044.770508	7434.757596	7158.912874	7009.101052	7132.755234	7265.921489	7315.858892	7261.165548	7030.502724	7415.733792	7472.805219		
		6897.33686	7303.969032	7127.9993	6952.029956	7194.582396	7025.746797	7277.811344	7139.889135	7132.755234	7182.692554	7161.290842	7401.465941		
		
45:00	25.40	7047.148473	6918.738502	6792.706694	6982.943462	6956.785879	6923.494423	6873.557265	6809.352393	6992.455312	7394.332017	7287.32323	7258.787577		
		7280.189316	6937.762188	6745.147573	7009.101052	6942.518111	7018.612906	7023.368833	7137.511168	7147.023037	7403.843916	7299.213088	7529.876686		
		6894.958901	6878.313184	6704.722343	7073.306084	7032.880688	6892.580941	6959.163841	6947.274033	6959.163841	7001.967163	7268.29946	7158.912874		
		6856.911553	6883.069102	6754.659395	6999.5892	6842.643802	6980.565499	6816.486266	6918.738502	6906.8487	7254.031636	7194.582396	7575.058294		
		7075.68405	6975.809575	6978.187537	6866.423388	6925.872384	6966.297726	6726.123933	7059.038295	7061.41626	7180.314586	7213.606148	7482.317127		
		6840.265844	6875.935224	6666.675085	6878.313184	7066.172189	7025.746797	6771.305086	6966.297726	6852.155636	6997.211237	7223.118026	7449.025452		
		6871.179306	6980.565499	6897.33686	6949.651995	6985.321424	6925.872384	7075.68405	6963.919765	7108.975569	7375.308222	7363.418353	7553.656477		
		6835.509928	7037.636616	7023.368833	6835.509928	6990.077349	6937.762188	6873.557265	7001.967163	6913.982581	7185.070522	7246.897725	7372.930248		
		
46:00	25.40	6799.840565	6466.927281	6573.934971	6619.116039	6604.848331	6695.210527	6847.399719	6823.620138	6861.66747	6811.730351	6883.069102	6999.5892		
		6792.706694	6623.871942	6697.58848	6726.123933	6621.493991	6757.037351	6718.990069	7177.936617	6878.313184	6925.872384	7170.802713	7318.236865		
		6440.769867	6676.186898	6718.990069	6583.446773	6804.596479	6856.911553	6809.352393	6835.509928	6918.738502	6875.935224	6933.006266	6916.360542		
		6526.37598	6671.430991	6447.903707	6538.265725	6814.108308	6785.572824	6873.557265	7111.353535	6787.950781	7013.856979	6990.077349	7144.645069		
		6564.423171	6697.58848	6523.998031	6711.856205	6861.66747	6726.123933	6845.02176	6866.423388	6942.518111	7068.550154	7063.794225	7223.118026		
		6666.675085	6685.698712	6438.391921	6699.966434	6811.730351	6699.966434	6847.399719	6645.273511	6811.730351	6778.438955	6773.683043	7206.472241		
		6595.336526	6483.572912	6787.950781	6654.785321	6688.076665	6859.289511	6864.045429	6790.328738	6899.71482	6873.557265	6923.494423	7156.534906		
		6985.321424	6609.604233	6497.840599	6604.848331	6683.320758	6866.423388	6897.33686	6704.722343	6654.785321	6904.47074	6749.903484	7023.368833		
		
47:00	25.40	6588.202674	6864.045429	6578.690872	6528.753929	6704.722343	6921.116463	6595.336526	6711.856205	6778.438955	7020.990869	6952.029956	7120.865401		
		6809.352393	6726.123933	6638.139654	6802.218522	6659.541226	6909.226661	6757.037351	6868.801347	6973.431612	7163.668809	6994.833275	7351.528485		
		6690.454619	6721.368023	6476.43907	6514.486237	6742.769618	6818.864223	6692.832573	6652.407368	6942.518111	6828.376054	6878.313184	7239.763815		
		6816.486266	6818.864223	6673.808945	6738.013708	6933.006266	6623.871942	6726.123933	6664.297132	6916.360542	6818.864223	7032.880688	7249.275695		
		6799.840565	6664.297132	6695.210527	6581.068822	6861.66747	6795.084651	6757.037351	6771.305086	6887.825021	6902.09278	7066.172189	7406.221891		
		6500.218547	6707.100297	6464.549334	6728.501888	6657.163274	6716.612114	6837.887886	6709.478251	6833.13197	6814.108308	7037.636616	7280.189316		
		6837.887886	6773.683043	6671.430991	6818.864223	6904.47074	6811.730351	7018.612906	6704.722343	6864.045429	7130.377267	7215.984118	7132.755234		
		6837.887886	6664.297132	6514.486237	6540.643674	6666.675085	6642.895559	6776.060999	6702.344388	6873.557265	7009.101052	7040.01458	7013.856979		
		
48:00	25.40	6557.289321	6333.762355	6414.612462	6597.714477	6400.34479	6345.652072	6312.36087	6221.999106	6317.116755	6650.029416	6709.478251	6704.722343		
		6726.123933	6357.54179	6550.155472	6614.360136	6540.643674	6516.864185	6478.817017	6512.108288	6450.281653	6552.533422	6616.738087	6890.202981		
		6466.927281	6466.927281	6669.053038	6488.328808	6338.518242	6288.581449	6407.478626	6433.636029	6350.407959	6469.305228	6628.627846	6904.47074		
		6645.273511	6409.856571	6488.328808	6466.927281	6464.549334	6321.87264	6459.79344	6374.187398	6326.628526	6652.407368	6666.675085	6611.982184		
		6585.824723	6319.494698	6578.690872	6664.297132	6611.982184	6416.990408	6293.337332	6269.557917	6490.706755	6697.58848	6709.478251	6842.643802		
		6554.911371	6264.802034	6526.37598	6543.021624	6535.887776	6262.424093	6357.54179	6264.802034	6369.43151	6600.092428	6733.257797	6923.494423		
		6607.226282	6319.494698	6504.974443	6842.643802	6364.675622	6376.565343	6424.124245	6369.43151	6792.706694	6512.108288	6894.958901	6868.801347		
		6604.848331	6554.911371	6514.486237	6428.880137	6478.817017	6495.462651	6362.297678	6229.132926	6685.698712	6455.037546	6543.021624	6830.754012		
		
49:00	25.40	6421.746299	5867.68686	5872.442719	5698.854059	5858.175143	5939.02477	5934.268907	5739.278782	5758.302188	5903.355807	5988.961345	6224.377046		
		6607.226282	5732.145006	5908.111668	5765.435966	5922.379252	6069.811104	5934.268907	5791.593159	6088.834588	5877.198577	6010.362744	6302.8491		
		6545.399573	5748.790484	5834.395857	5955.670291	6034.142082	5929.513045	5798.726941	5449.172402	5670.318973	5903.355807	5922.379252	5969.937884		
		6533.509827	5860.553072	5905.733737	5905.733737	5908.111668	5903.355807	5760.680114	5651.295588	5801.104868	6046.031754	6091.212524	5955.670291		
		6512.108288	5860.553072	5851.041357	6031.764148	5988.961345	5908.111668	5829.64	5881.954437	5803.482795	5986.583412	5969.937884	6114.991887		
		6305.227043	5858.175143	5855.797214	5853.419285	5998.473077	5874.820648	5960.426155	5701.231984	5851.041357	6010.362744	6195.841773	6081.700781		
		6350.407959	5877.198577	5796.349013	6167.306509	6084.078717	5960.426155	5855.797214	5874.820648	6015.118611	6024.630346	6081.700781	6105.480141		
		6550.155472	5665.563127	5748.790484	5732.145006	5984.205479	5620.382597	5734.522931	5722.633305	6007.98481	6098.346332	6105.480141	5846.285499		
		
~End
Original Filename: 10nm_05-29-20-174456_236_289_1294_5006_5013_5007_Pta_PtaDA.pda   Date Last Saved: 5/29/2020
