Name,Time,A1,A2,A3,A4,A5,A6,A7,A8,A9,A10,A11,A12
cPta,0,806.968989,565.389262,328.011725,288.098766,208.272916,166.259347,201.970879,145.252572,143.151895,101.138364,90.634986,94.836337
cPta,60,122.145126,115.843097,61.225534,124.245803,84.332959,86.433635,107.440392,63.326208,111.641745,57.024184,69.628233,103.23904
cPta,120,609.503759,592.698233,187.266129,1445.583722,201.970879,115.843097,859.486431,264.991274,210.373595,151.554604,357.421288,172.561381
cPta,180,3262.726283,2693.419948,781.760631,5567.308362,777.559239,279.696041,2716.528234,1607.339028,1119.973516,1092.664341,1311.138036,756.552282
cPta,240,5384.535664,5369.829836,1607.339028,9987.610378,1745.986727,760.753673,4481.183292,2164.032193,2588.38238,2682.916184,2645.102647,1542.216717
cPta,300,6890.848895,7811.039296,2437.128556,13466.901772,2874.08493,1453.986586,6909.756797,3430.78807,3985.394803,4149.256715,4105.140009,2403.516639
cPta,360,7977.010986,10191.40473,2941.309228,15698.276583,3661.87368,1769.094703,7428.67562,4040.015398,5260.586632,4798.405717,6733.283247,3105.16872
cPta,420,8884.609901,11439.39533,3256.423974,17160.684716,4348.832635,2269.06913,8556.864504,4798.405717,5895.0399,5535.795794,8401.396065,3506.416005
cPta,480,8926.628651,13155.943641,3485.408237,18253.308236,5016.890864,2701.82296,8491.735792,5237.477515,6865.638368,5348.821514,9569.518648,4069.426505
cPta,540,9794.321431,13702.222347,3806.827766,18950.91516,5191.259302,3153.486336,8609.387703,6151.343829,7575.738328,5449.661514,10010.721048,4258.498201
cPta,600,10905.740088,15252.836438,3934.975829,20161.23748,5630.33354,3031.641978,8701.828627,6098.822456,8096.762953,5968.569621,10449.825217,4880.337568
cPta,660,11099.032073,16183.641446,4281.606999,20358.757325,6039.998565,3329.95095,8741.746336,6823.620842,8798.471541,6313.109901,10672.52981,5294.199908
cPta,720,11628.486737,16557.647813,4579.921245,20417.59313,6487.481536,3548.431559,8928.72959,7149.257319,8886.710838,5974.872172,10788.084356,5680.753723
cPta,780,11830.184794,17223.72023,5090.419671,20016.24986,6386.640056,3533.726112,8079.955647,7462.289926,9472.87468,6075.713065,11151.55716,5903.443293
cPta,840,11794.467388,16864.418556,5046.302378,19171.545289,6210.167812,3649.268991,7254.301664,7733.305854,9886.763905,6054.704534,11317.536692,5813.106874
cPta,900,12136.935027,17059.828012,4989.580184,18997.142368,6138.738696,3516.919891,7075.726371,7596.747311,9745.999278,5855.123799,11090.628062,5905.544142
cPta,960,11920.528903,16490.410567,5010.588398,17984.353187,6031.595156,3552.633116,6657.65186,7855.158315,9970.802622,6027.393452,10718.751606,6056.805386
cPta,1020,12197.865026,16177.337985,4783.70001,17465.356885,6243.781539,3233.315511,6239.579822,7947.598253,9607.335889,5760.585752,10149.385228,6281.597001
cPta,1080,11891.114529,15610.028784,5187.057648,16097.494193,5897.140749,3002.231303,5649.241104,7668.1779,9403.54322,5306.80489,10199.808633,6142.940407
cPta,1140,12021.378276,15088.948788,4907.648206,16049.167731,5506.384077,3067.354958,5489.577387,7582.041022,9342.615629,5197.561784,9821.633968,6432.85905
cPta,1200,11311.233664,14233.797602,4613.534197,14706.545751,5371.930668,2697.621454,4588.324482,7537.922174,9372.028942,4926.555577,9058.987879,5615.62766
cPta,1260,11439.39533,13145.438323,4279.506199,13664.402916,5149.242772,2634.59889,4359.336646,7239.595446,9521.196648,4640.844732,8691.32397,5592.518427
cPta,1320,10899.437097,12431.080336,4056.821743,12739.934227,5100.923793,2464.43825,3825.734843,7006.397261,9189.246408,4224.885418,8367.781313,5714.367198
cPta,1380,10695.640704,11101.133075,4088.333652,12080.207144,4684.961772,2279.572833,3395.074907,6550.507535,8939.234281,4088.333652,7485.399771,5277.393268
cPta,1440,9670.364668,10153.587177,3701.788544,10540.167562,4142.954327,2166.13293,2970.719878,6613.533589,8632.497922,3825.734843,7117.744046,5172.351861
cPta,1500,9773.311795,9380.432748,3334.152494,9407.745125,3913.967934,1745.986727,2458.136012,6294.202159,7874.066474,3439.19117,6512.691929,4792.103271
cPta,1560,9224.962498,8350.973942,3073.65725,8664.011871,3556.834673,1617.842632,2565.274136,5924.451779,7546.325762,3157.687869,5878.233118,4558.913158
cPta,1620,8462.322845,7138.752893,2886.689481,7210.18302,3365.66408,1428.777998,1953.958785,5455.964019,6985.388453,2855.178108,5233.275858,4420.259943
cPta,1680,8130.377577,6624.037937,2821.565993,6222.772958,2926.603907,1136.779167,1888.836156,4899.244932,6832.024345,2363.602508,4544.207501,4147.155919
cPta,1740,7090.432554,5720.669726,2357.300279,5445.459845,2544.266648,1004.434771,1680.864289,4672.356901,6172.352389,2164.032193,3899.262411,4027.410641
cPta,1800,6840.42785,4813.111427,2092.607164,4506.392969,2399.31515,888.896215,1420.375137,4119.845575,5621.93018,1848.922316,3201.803984,3516.919891
cPta,1860,6172.352389,4397.1511,2101.010105,4138.752735,2080.002755,794.364809,1283.828787,3878.254527,5031.596619,1680.864289,2737.535773,3271.129363
cPta,1920,5579.913393,3523.222224,1722.878758,3269.028593,1708.173691,580.094091,1088.46293,3582.04402,4832.018773,1540.115999,2554.770391,3229.113974
cPta,1980,5103.024617,3113.571782,1527.511688,2613.591382,1449.785154,498.167224,893.097614,3067.354958,4079.930475,1395.16656,2000.174881,2699.722207
cPta,2040,4395.050296,2571.576383,1285.929498,2122.017461,1281.728076,475.059663,825.875264,2792.155404,3821.53327,1180.894021,1796.404139,2252.26321
cPta,2100,3913.967934,2281.673573,1147.282702,1857.325227,1067.455881,359.521972,714.538387,2449.733029,3514.819114,1002.334068,1451.88587,2092.607164
cPta,2160,3332.051722,1777.497605,1006.535474,1430.878713,882.594117,328.011725,601.100996,2044.290274,3153.486336,903.601111,1197.699687,1983.369025
cPta,2220,3094.664895,1617.842632,838.479449,1237.613159,762.854369,304.90422,605.302377,1842.620132,2953.913791,674.62521,1040.146727,1926.649288
cPta,2280,2609.389881,1384.662989,760.753673,935.111615,649.4169,241.88379,590.597543,1559.022469,2727.032003,550.684436,821.673869,1649.353453
cPta,2340,2256.46469,1153.584823,802.767596,876.29202,552.785125,193.568164,523.375481,1439.281575,2338.393595,636.812748,565.389262,1596.835425
cPta,2400,2155.629244,1033.844615,611.60445,626.309289,414.139766,212.474275,422.542507,1189.296854,2189.241043,569.590641,584.295472,1388.864417
cPta,2460,1718.67731,777.559239,565.389262,424.643193,325.911043,180.964093,292.300129,1067.455881,1920.347098,479.261037,468.757602,1246.015999
cPta,2520,1813.209951,743.948111,479.261037,470.858289,296.501493,134.749187,239.783109,899.399712,1840.519405,351.119238,470.858289,1065.355177
cPta,2580,1437.18086,596.899614,479.261037,393.132917,338.515139,151.554604,191.467486,830.076659,1695.56935,418.341136,399.434971,1008.636177
cPta,2640,1292.231632,508.670663,342.716505,338.515139,225.078351,155.755959,145.252572,659.920361,1672.461398,365.824023,315.407631,878.392719
cPta,2700,1021.240395,407.837711,353.219921,246.08515,159.957314,107.440392,170.460703,626.309289,1607.339028,344.817188,275.494679,817.472474
cPta,2760,912.003911,370.025391,214.574954,180.964093,159.957314,120.04445,147.353249,615.805833,1325.843021,256.588552,229.27971,735.545332
cPta,2820,781.760631,302.803538,218.776312,157.856636,153.655281,111.641745,132.64851,586.396162,1285.929498,218.776312,187.266129,628.409981
cPta,2880,680.927289,269.192636,170.460703,189.366807,99.037688,59.124859,111.641745,420.441822,1174.591898,260.789913,216.675633,617.906524
cPta,2940,588.496852,204.071558,180.964093,191.467486,107.440392,73.829583,113.742421,435.146621,1168.289774,180.964093,210.373595,483.462411
fePta,0,823.774566,538.080301,418.341136,374.226758,241.88379,189.366807,187.266129,143.151895,122.145126,94.836337,96.937013,115.843097
fePta,60,109.541068,126.34648,84.332959,84.332959,46.520812,88.53431,78.030933,67.527558,69.628233,61.225534,61.225534,59.124859
fePta,120,59.124859,107.440392,52.822835,59.124859,71.728908,82.232284,61.225534,48.621486,54.92351,75.930258,73.829583,42.319464
fePta,180,44.420138,61.225534,75.930258,61.225534,67.527558,38.118115,59.124859,46.520812,52.822835,78.030933,69.628233,80.131608
fePta,240,69.628233,59.124859,63.326208,50.722161,40.21879,50.722161,33.916768,46.520812,67.527558,113.742421,54.92351,59.124859
fePta,300,46.520812,52.822835,69.628233,57.024184,46.520812,80.131608,31.816094,54.92351,44.420138,48.621486,33.916768,61.225534
fePta,360,42.319464,54.92351,61.225534,63.326208,48.621486,54.92351,54.92351,61.225534,52.822835,59.124859,59.124859,48.621486
fePta,420,54.92351,50.722161,54.92351,48.621486,40.21879,54.92351,42.319464,63.326208,29.71542,61.225534,50.722161,65.426883
fePta,480,40.21879,61.225534,69.628233,44.420138,50.722161,42.319464,63.326208,46.520812,57.024184,42.319464,36.017441,54.92351
fePta,540,48.621486,38.118115,54.92351,44.420138,67.527558,54.92351,78.030933,65.426883,59.124859,71.728908,71.728908,61.225534
fePta,600,40.21879,48.621486,48.621486,42.319464,67.527558,80.131608,71.728908,73.829583,61.225534,42.319464,44.420138,59.124859
fePta,660,46.520812,69.628233,42.319464,57.024184,57.024184,40.21879,96.937013,31.816094,71.728908,54.92351,42.319464,42.319464
fePta,720,33.916768,48.621486,59.124859,38.118115,29.71542,40.21879,40.21879,48.621486,57.024184,52.822835,50.722161,59.124859
fePta,780,57.024184,25.514072,65.426883,52.822835,38.118115,48.621486,48.621486,48.621486,44.420138,52.822835,42.319464,42.319464
fePta,840,44.420138,42.319464,73.829583,48.621486,54.92351,59.124859,92.735661,31.816094,52.822835,54.92351,78.030933,42.319464
fePta,900,63.326208,38.118115,48.621486,69.628233,36.017441,48.621486,33.916768,50.722161,54.92351,59.124859,59.124859,54.92351
fePta,960,57.024184,63.326208,57.024184,61.225534,63.326208,42.319464,73.829583,65.426883,54.92351,52.822835,67.527558,50.722161
fePta,1020,65.426883,29.71542,88.53431,33.916768,48.621486,46.520812,59.124859,71.728908,42.319464,52.822835,40.21879,52.822835
fePta,1080,65.426883,86.433635,44.420138,33.916768,54.92351,50.722161,61.225534,44.420138,78.030933,61.225534,73.829583,63.326208
fePta,1140,52.822835,44.420138,42.319464,40.21879,59.124859,44.420138,69.628233,46.520812,78.030933,48.621486,54.92351,42.319464
fePta,1200,44.420138,40.21879,42.319464,71.728908,57.024184,52.822835,61.225534,59.124859,38.118115,38.118115,46.520812,75.930258
fePta,1260,54.92351,46.520812,78.030933,59.124859,57.024184,57.024184,78.030933,40.21879,46.520812,75.930258,46.520812,61.225534
fePta,1320,71.728908,57.024184,46.520812,52.822835,40.21879,50.722161,50.722161,46.520812,48.621486,38.118115,61.225534,75.930258
fePta,1380,54.92351,59.124859,52.822835,61.225534,59.124859,33.916768,73.829583,44.420138,63.326208,46.520812,48.621486,54.92351
fePta,1440,44.420138,54.92351,52.822835,59.124859,42.319464,31.816094,52.822835,57.024184,38.118115,65.426883,50.722161,88.53431
fePta,1500,44.420138,48.621486,63.326208,42.319464,46.520812,46.520812,46.520812,59.124859,29.71542,52.822835,48.621486,61.225534
fePta,1560,65.426883,90.634986,44.420138,57.024184,42.319464,52.822835,57.024184,44.420138,42.319464,69.628233,69.628233,63.326208
fePta,1620,29.71542,44.420138,61.225534,57.024184,57.024184,38.118115,71.728908,46.520812,63.326208,61.225534,33.916768,57.024184
fePta,1680,36.017441,63.326208,46.520812,48.621486,52.822835,52.822835,63.326208,46.520812,69.628233,40.21879,33.916768,54.92351
fePta,1740,80.131608,54.92351,67.527558,57.024184,63.326208,80.131608,44.420138,54.92351,48.621486,44.420138,57.024184,46.520812
fePta,1800,61.225534,44.420138,54.92351,42.319464,44.420138,33.916768,36.017441,57.024184,42.319464,50.722161,54.92351,25.514072
fePta,1860,46.520812,44.420138,31.816094,54.92351,44.420138,44.420138,44.420138,50.722161,65.426883,40.21879,44.420138,50.722161
fePta,1920,80.131608,59.124859,42.319464,57.024184,42.319464,63.326208,75.930258,44.420138,42.319464,57.024184,69.628233,50.722161
fePta,1980,48.621486,44.420138,57.024184,52.822835,38.118115,42.319464,46.520812,33.916768,46.520812,31.816094,36.017441,38.118115
fePta,2040,59.124859,38.118115,29.71542,63.326208,50.722161,80.131608,54.92351,52.822835,57.024184,25.514072,33.916768,46.520812
fePta,2100,40.21879,36.017441,65.426883,40.21879,48.621486,52.822835,65.426883,44.420138,63.326208,50.722161,44.420138,69.628233
fePta,2160,48.621486,48.621486,46.520812,38.118115,40.21879,71.728908,33.916768,50.722161,44.420138,44.420138,31.816094,46.520812
fePta,2220,84.332959,50.722161,67.527558,33.916768,40.21879,52.822835,52.822835,61.225534,88.53431,57.024184,46.520812,63.326208
fePta,2280,59.124859,73.829583,57.024184,59.124859,52.822835,29.71542,67.527558,48.621486,57.024184,36.017441,33.916768,63.326208
fePta,2340,36.017441,57.024184,50.722161,48.621486,36.017441,50.722161,130.547833,46.520812,61.225534,46.520812,50.722161,57.024184
fePta,2400,44.420138,50.722161,48.621486,50.722161,38.118115,50.722161,117.943773,46.520812,57.024184,52.822835,61.225534,86.433635
fePta,2460,42.319464,65.426883,44.420138,25.514072,44.420138,48.621486,40.21879,48.621486,46.520812,40.21879,59.124859,54.92351
fePta,2520,46.520812,40.21879,36.017441,57.024184,46.520812,44.420138,59.124859,61.225534,54.92351,52.822835,40.21879,84.332959
fePta,2580,52.822835,57.024184,73.829583,57.024184,44.420138,48.621486,162.057992,50.722161,46.520812,31.816094,59.124859,75.930258
fePta,2640,48.621486,57.024184,75.930258,42.319464,54.92351,52.822835,54.92351,65.426883,52.822835,71.728908,48.621486,63.326208
fePta,2700,38.118115,54.92351,46.520812,61.225534,42.319464,48.621486,122.145126,54.92351,44.420138,33.916768,82.232284,84.332959
fePta,2760,61.225534,59.124859,71.728908,71.728908,48.621486,38.118115,63.326208,42.319464,63.326208,54.92351,42.319464,46.520812
fePta,2820,36.017441,42.319464,44.420138,48.621486,38.118115,44.420138,57.024184,44.420138,36.017441,38.118115,52.822835,162.057992
fePta,2880,40.21879,50.722161,54.92351,63.326208,44.420138,52.822835,63.326208,48.621486,33.916768,52.822835,44.420138,52.822835
fePta,2940,63.326208,48.621486,52.822835,46.520812,57.024184,57.024184,57.024184,54.92351,40.21879,50.722161,48.621486,59.124859
c1184,0,680.927289,422.542507,311.206266,288.098766,180.964093,178.863415,174.662059,141.051218,113.742421,94.836337,147.353249,117.943773
c1184,60,94.836337,80.131608,71.728908,71.728908,65.426883,78.030933,90.634986,67.527558,65.426883,73.829583,63.326208,84.332959
c1184,120,57.024184,130.547833,124.245803,407.837711,52.822835,80.131608,80.131608,115.843097,128.447156,65.426883,90.634986,59.124859
c1184,180,101.138364,1048.549542,397.334286,1743.886002,103.23904,409.938396,193.568164,321.709678,496.066536,109.541068,624.208598,315.407631
c1184,240,521.274792,3128.277141,683.027983,4493.788129,355.320605,1029.643208,691.430756,1279.627365,750.250197,462.455542,3336.253266,1582.130384
c1184,300,1044.348134,5489.577387,1332.145158,8399.295143,714.538387,2023.282941,1382.562275,3846.742712,1458.188019,1017.038989,5615.62766,3100.96719
c1184,360,1659.857064,7308.924785,2016.980742,11128.446117,1338.447295,3115.672547,1905.64199,5821.510257,2128.319669,1907.742719,7079.928137,4306.816605
c1184,420,2132.521142,7718.599537,2487.546461,12842.885824,1783.799783,3962.286102,2348.897308,7269.007884,2771.147849,2481.244221,7594.646412,4985.378542
c1184,480,2157.729981,7846.75469,2794.25616,12685.30691,1981.268293,4311.018207,2710.225973,7775.32392,3021.138164,2924.503147,7781.626632,5086.218023
c1184,540,2344.695822,7552.628453,2804.759941,12361.745974,2477.042728,4130.349552,2935.006947,7705.994124,2941.309228,3378.268719,7527.41769,5508.484914
c1184,600,2277.472092,6848.831355,2787.953893,11422.58723,2212.349165,4176.567071,2758.543319,7695.489616,2941.309228,3073.65725,6783.704216,4926.555577
c1184,660,2019.081475,5853.022952,2676.613927,9178.741679,2304.781725,3689.183847,2829.96902,7058.919307,2750.1403,2817.364479,5464.367359,4346.731833
c1184,720,1733.382379,4710.171522,2403.516639,7134.551123,2109.413047,3584.1448,2540.065151,6252.184973,2273.270611,2638.800393,4691.264209,3903.463989
c1184,780,1388.864417,3857.246648,1867.828869,5321.510706,1680.864289,3130.377907,2002.275614,5134.536992,1888.836156,2105.211576,3500.113674,3474.904356
c1184,840,1103.167869,2827.868263,1634.648401,3737.501862,1441.382291,2264.86765,1825.814313,3958.084521,1672.461398,1632.54768,2737.535773,2790.054649
c1184,900,876.29202,2216.550642,1538.01528,2353.098793,1126.275635,2077.90202,1233.41174,3086.261837,1336.346583,1273.325233,1876.231783,2010.678544
c1184,960,689.330062,1737.583828,1191.397562,1594.734705,981.327045,1546.418155,1059.053063,2311.083949,1002.334068,966.622132,1432.979428,1529.612406
c1184,1020,451.95211,1208.20323,935.111615,1109.469986,939.313016,1243.915289,750.250197,1710.274415,788.06272,701.934224,1006.535474,1094.765046
c1184,1080,462.455542,899.399712,617.906524,800.666899,693.531449,989.729853,531.778235,1323.742308,649.4169,464.556229,701.934224,796.465506
c1184,1140,288.098766,706.135611,449.851423,548.583746,477.16035,666.222439,435.146621,977.125641,430.94525,309.105584,445.650051,510.771351
c1184,1200,227.179031,565.389262,443.549365,279.696041,317.508313,559.087193,330.112408,561.187883,338.515139,206.172237,351.119238,401.535656
c1184,1260,151.554604,456.153482,273.393998,273.393998,235.58175,409.938396,231.38039,456.153482,296.501493,201.970879,252.387191,307.004902
c1184,1320,162.057992,311.206266,214.574954,170.460703,229.27971,374.226758,201.970879,353.219921,220.876992,199.8702,183.064772,143.151895
c1184,1380,162.057992,315.407631,155.755959,115.843097,262.890593,279.696041,159.957314,298.602174,134.749187,136.849864,103.23904,164.158669
c1184,1440,122.145126,222.977671,151.554604,86.433635,105.339716,262.890593,136.849864,170.460703,143.151895,88.53431,149.453926,134.749187
c1184,1500,159.957314,248.18583,153.655281,84.332959,107.440392,180.964093,103.23904,178.863415,124.245803,99.037688,122.145126,96.937013
c1184,1560,101.138364,174.662059,94.836337,92.735661,145.252572,162.057992,126.34648,157.856636,115.843097,92.735661,99.037688,109.541068
c1184,1620,80.131608,294.400811,96.937013,80.131608,88.53431,124.245803,111.641745,138.950541,78.030933,59.124859,99.037688,107.440392
c1184,1680,103.23904,206.172237,92.735661,57.024184,86.433635,143.151895,105.339716,143.151895,84.332959,96.937013,109.541068,120.04445
c1184,1740,88.53431,126.34648,84.332959,65.426883,113.742421,117.943773,99.037688,138.950541,107.440392,88.53431,86.433635,147.353249
c1184,1800,80.131608,138.950541,103.23904,73.829583,92.735661,128.447156,115.843097,92.735661,80.131608,67.527558,105.339716,128.447156
c1184,1860,86.433635,113.742421,92.735661,57.024184,84.332959,94.836337,126.34648,103.23904,50.722161,52.822835,96.937013,149.453926
c1184,1920,84.332959,151.554604,65.426883,69.628233,71.728908,99.037688,126.34648,189.366807,63.326208,65.426883,99.037688,138.950541
c1184,1980,75.930258,128.447156,63.326208,88.53431,96.937013,107.440392,122.145126,174.662059,67.527558,48.621486,92.735661,138.950541
c1184,2040,67.527558,109.541068,67.527558,52.822835,80.131608,71.728908,80.131608,260.789913,88.53431,67.527558,75.930258,107.440392
c1184,2100,82.232284,101.138364,80.131608,73.829583,75.930258,82.232284,65.426883,264.991274,75.930258,63.326208,73.829583,126.34648
c1184,2160,99.037688,69.628233,44.420138,63.326208,75.930258,107.440392,75.930258,315.407631,69.628233,52.822835,103.23904,92.735661
c1184,2220,86.433635,88.53431,78.030933,82.232284,84.332959,80.131608,73.829583,248.18583,73.829583,63.326208,96.937013,67.527558
c1184,2280,80.131608,132.64851,99.037688,59.124859,75.930258,88.53431,105.339716,157.856636,71.728908,67.527558,59.124859,82.232284
c1184,2340,86.433635,126.34648,71.728908,44.420138,61.225534,82.232284,63.326208,147.353249,75.930258,50.722161,86.433635,69.628233
c1184,2400,73.829583,113.742421,80.131608,48.621486,52.822835,57.024184,71.728908,145.252572,86.433635,84.332959,75.930258,67.527558
c1184,2460,80.131608,111.641745,44.420138,65.426883,75.930258,96.937013,107.440392,120.04445,50.722161,52.822835,90.634986,115.843097
c1184,2520,67.527558,149.453926,82.232284,94.836337,63.326208,90.634986,96.937013,153.655281,75.930258,88.53431,120.04445,84.332959
c1184,2580,50.722161,187.266129,82.232284,48.621486,84.332959,80.131608,80.131608,96.937013,63.326208,73.829583,73.829583,120.04445
c1184,2640,71.728908,168.360025,65.426883,31.816094,82.232284,105.339716,96.937013,82.232284,46.520812,59.124859,94.836337,94.836337
c1184,2700,78.030933,132.64851,59.124859,59.124859,82.232284,63.326208,73.829583,120.04445,61.225534,61.225534,69.628233,117.943773
c1184,2760,80.131608,153.655281,69.628233,61.225534,86.433635,96.937013,99.037688,92.735661,82.232284,88.53431,94.836337,103.23904
c1184,2820,63.326208,90.634986,80.131608,67.527558,90.634986,99.037688,90.634986,96.937013,44.420138,71.728908,61.225534,73.829583
c1184,2880,71.728908,82.232284,54.92351,80.131608,63.326208,88.53431,61.225534,86.433635,94.836337,57.024184,96.937013,88.53431
c1184,2940,59.124859,109.541068,54.92351,54.92351,92.735661,92.735661,90.634986,122.145126,50.722161,92.735661,80.131608,88.53431
fe1184,0,781.760631,458.254169,319.608995,273.393998,273.393998,126.34648,180.964093,153.655281,115.843097,124.245803,120.04445,145.252572
fe1184,60,107.440392,96.937013,90.634986,82.232284,101.138364,69.628233,63.326208,109.541068,61.225534,52.822835,73.829583,59.124859
fe1184,120,59.124859,57.024184,54.92351,42.319464,61.225534,57.024184,61.225534,71.728908,44.420138,65.426883,63.326208,78.030933
fe1184,180,59.124859,42.319464,61.225534,69.628233,54.92351,50.722161,54.92351,42.319464,46.520812,52.822835,69.628233,42.319464
fe1184,240,71.728908,42.319464,46.520812,48.621486,65.426883,59.124859,44.420138,73.829583,38.118115,38.118115,54.92351,40.21879
fe1184,300,63.326208,48.621486,38.118115,33.916768,65.426883,63.326208,67.527558,33.916768,46.520812,61.225534,80.131608,59.124859
fe1184,360,67.527558,42.319464,69.628233,59.124859,48.621486,54.92351,54.92351,48.621486,40.21879,46.520812,75.930258,44.420138
fe1184,420,46.520812,50.722161,57.024184,50.722161,50.722161,38.118115,42.319464,57.024184,59.124859,80.131608,69.628233,46.520812
fe1184,480,44.420138,52.822835,71.728908,59.124859,63.326208,54.92351,40.21879,44.420138,50.722161,46.520812,44.420138,69.628233
fe1184,540,46.520812,46.520812,52.822835,52.822835,48.621486,44.420138,50.722161,59.124859,40.21879,65.426883,65.426883,42.319464
fe1184,600,54.92351,40.21879,40.21879,44.420138,75.930258,50.722161,61.225534,38.118115,52.822835,50.722161,36.017441,63.326208
fe1184,660,86.433635,54.92351,59.124859,33.916768,52.822835,40.21879,73.829583,50.722161,44.420138,61.225534,50.722161,69.628233
fe1184,720,69.628233,50.722161,57.024184,82.232284,54.92351,63.326208,27.614746,67.527558,59.124859,54.92351,61.225534,54.92351
fe1184,780,40.21879,61.225534,61.225534,52.822835,50.722161,61.225534,42.319464,48.621486,48.621486,46.520812,50.722161,42.319464
fe1184,840,44.420138,50.722161,42.319464,42.319464,40.21879,67.527558,67.527558,48.621486,59.124859,52.822835,61.225534,71.728908
fe1184,900,59.124859,38.118115,48.621486,38.118115,46.520812,59.124859,59.124859,40.21879,50.722161,44.420138,52.822835,61.225534
fe1184,960,65.426883,57.024184,71.728908,44.420138,65.426883,33.916768,67.527558,46.520812,52.822835,33.916768,48.621486,36.017441
fe1184,1020,52.822835,29.71542,48.621486,52.822835,42.319464,90.634986,59.124859,36.017441,42.319464,71.728908,48.621486,52.822835
fe1184,1080,38.118115,33.916768,71.728908,44.420138,48.621486,44.420138,48.621486,42.319464,44.420138,61.225534,65.426883,52.822835
fe1184,1140,75.930258,33.916768,48.621486,44.420138,46.520812,42.319464,50.722161,44.420138,63.326208,63.326208,57.024184,46.520812
fe1184,1200,46.520812,99.037688,46.520812,50.722161,71.728908,44.420138,59.124859,40.21879,48.621486,61.225534,50.722161,52.822835
fe1184,1260,42.319464,59.124859,61.225534,52.822835,61.225534,40.21879,48.621486,36.017441,63.326208,63.326208,40.21879,61.225534
fe1184,1320,46.520812,52.822835,50.722161,54.92351,44.420138,38.118115,69.628233,50.722161,50.722161,48.621486,57.024184,1086.362225
fe1184,1380,48.621486,61.225534,52.822835,40.21879,46.520812,48.621486,73.829583,46.520812,42.319464,52.822835,61.225534,52.822835
fe1184,1440,52.822835,61.225534,44.420138,57.024184,42.319464,44.420138,36.017441,80.131608,67.527558,36.017441,48.621486,42.319464
fe1184,1500,63.326208,33.916768,54.92351,44.420138,59.124859,63.326208,48.621486,65.426883,61.225534,50.722161,80.131608,46.520812
fe1184,1560,52.822835,67.527558,54.92351,57.024184,61.225534,36.017441,38.118115,52.822835,63.326208,61.225534,65.426883,46.520812
fe1184,1620,59.124859,36.017441,63.326208,73.829583,46.520812,54.92351,61.225534,52.822835,94.836337,61.225534,42.319464,54.92351
fe1184,1680,96.937013,84.332959,42.319464,63.326208,48.621486,52.822835,73.829583,40.21879,54.92351,67.527558,59.124859,63.326208
fe1184,1740,65.426883,57.024184,50.722161,40.21879,38.118115,61.225534,52.822835,42.319464,57.024184,57.024184,54.92351,52.822835
fe1184,1800,63.326208,57.024184,46.520812,44.420138,44.420138,63.326208,50.722161,48.621486,57.024184,54.92351,38.118115,65.426883
fe1184,1860,59.124859,33.916768,46.520812,42.319464,52.822835,48.621486,69.628233,31.816094,67.527558,42.319464,42.319464,59.124859
fe1184,1920,50.722161,50.722161,44.420138,42.319464,65.426883,50.722161,67.527558,52.822835,42.319464,63.326208,52.822835,80.131608
fe1184,1980,65.426883,65.426883,61.225534,40.21879,61.225534,42.319464,61.225534,50.722161,46.520812,31.816094,50.722161,57.024184
fe1184,2040,52.822835,57.024184,50.722161,67.527558,84.332959,44.420138,25.514072,40.21879,67.527558,44.420138,63.326208,31.816094
fe1184,2100,57.024184,63.326208,42.319464,36.017441,38.118115,50.722161,44.420138,48.621486,63.326208,33.916768,59.124859,69.628233
fe1184,2160,42.319464,63.326208,59.124859,59.124859,42.319464,54.92351,46.520812,46.520812,44.420138,33.916768,48.621486,48.621486
fe1184,2220,50.722161,50.722161,78.030933,52.822835,46.520812,54.92351,61.225534,46.520812,38.118115,42.319464,57.024184,59.124859
fe1184,2280,48.621486,38.118115,63.326208,73.829583,46.520812,48.621486,44.420138,48.621486,42.319464,31.816094,71.728908,50.722161
fe1184,2340,57.024184,46.520812,48.621486,42.319464,42.319464,29.71542,80.131608,29.71542,52.822835,59.124859,40.21879,42.319464
fe1184,2400,52.822835,44.420138,52.822835,40.21879,48.621486,73.829583,40.21879,42.319464,42.319464,50.722161,69.628233,61.225534
fe1184,2460,50.722161,59.124859,57.024184,50.722161,61.225534,48.621486,36.017441,57.024184,57.024184,54.92351,65.426883,59.124859
fe1184,2520,42.319464,52.822835,46.520812,48.621486,54.92351,71.728908,36.017441,48.621486,59.124859,42.319464,44.420138,54.92351
fe1184,2580,36.017441,57.024184,48.621486,57.024184,44.420138,40.21879,65.426883,50.722161,50.722161,61.225534,50.722161,38.118115
fe1184,2640,48.621486,40.21879,50.722161,46.520812,38.118115,40.21879,73.829583,36.017441,40.21879,69.628233,69.628233,36.017441
fe1184,2700,57.024184,61.225534,46.520812,40.21879,46.520812,61.225534,94.836337,48.621486,57.024184,50.722161,42.319464,33.916768
fe1184,2760,44.420138,57.024184,36.017441,33.916768,57.024184,40.21879,65.426883,54.92351,38.118115,50.722161,38.118115,69.628233
fe1184,2820,50.722161,65.426883,57.024184,48.621486,65.426883,59.124859,40.21879,59.124859,50.722161,40.21879,67.527558,42.319464
fe1184,2880,46.520812,48.621486,69.628233,33.916768,57.024184,61.225534,52.822835,42.319464,40.21879,65.426883,33.916768,63.326208
fe1184,2940,50.722161,57.024184,48.621486,109.541068,42.319464,48.621486,57.024184,57.024184,40.21879,31.816094,33.916768,40.21879
c1213,0,573.792021,344.817188,243.98447,206.172237,197.769522,111.641745,107.440392,157.856636,141.051218,103.23904,111.641745,122.145126
c1213,60,101.138364,124.245803,75.930258,67.527558,109.541068,86.433635,54.92351,52.822835,69.628233,82.232284,67.527558,88.53431
c1213,120,63.326208,69.628233,59.124859,65.426883,50.722161,59.124859,84.332959,73.829583,57.024184,50.722161,57.024184,59.124859
c1213,180,84.332959,80.131608,65.426883,67.527558,65.426883,65.426883,69.628233,33.916768,57.024184,92.735661,40.21879,73.829583
c1213,240,136.849864,88.53431,86.433635,65.426883,197.769522,323.81036,63.326208,48.621486,63.326208,338.515139,90.634986,90.634986
c1213,300,643.114823,294.400811,185.16545,159.957314,298.602174,1067.455881,141.051218,124.245803,248.18583,924.608112,311.206266,267.091955
c1213,360,1548.518874,819.573172,449.851423,462.455542,370.025391,2485.445714,260.789913,416.240451,477.16035,2315.285433,1151.484116,659.920361
c1213,420,2542.165899,2140.924087,806.968989,659.920361,487.663786,4392.949493,559.087193,1151.484116,781.760631,4556.81235,2321.587658,1670.360675
c1213,480,3764.812058,3416.082648,1432.979428,1073.757995,659.920361,5861.426339,874.191321,1764.893252,1309.037324,6111.427582,4048.41857,2827.868263
c1213,540,4184.970259,4651.348787,2006.477079,1359.454425,912.003911,7416.07026,1178.793313,2535.863654,1552.720312,6913.958553,4733.280467,3531.625334
c1213,600,5208.065922,6061.007092,2432.927065,1575.828225,1054.851655,8008.524642,1496.000921,3237.517049,2117.815989,7516.913208,5577.812555,3901.3632
c1213,660,5552.602496,6760.594601,2903.495553,2086.304959,1182.994729,8533.754309,1727.080206,3640.865866,2132.521142,7960.203708,5603.022623,3903.463989
c1213,720,5640.837742,7027.406075,3033.742741,2166.13293,1416.173707,8325.762894,1830.015768,3552.633116,1981.268293,7813.140201,5821.510257,3729.098726
c1213,780,5787.89673,7170.266175,2991.727493,2159.830718,1237.613159,8201.808706,1998.074149,3638.765085,2084.204224,7403.464901,5289.998247,3168.191703
c1213,840,5567.308362,6979.085812,2689.218442,2168.233667,1376.260133,7222.788344,1809.008498,3258.524744,2012.779276,6718.577138,4768.994306,2779.55087
c1213,900,5161.847728,6565.213609,2332.091368,1779.598331,1319.540884,6548.406667,1716.576586,2733.334265,1607.339028,5743.779002,4019.007472,2537.964402
c1213,960,4582.022054,6149.242973,2151.427771,1540.115999,1199.800396,5428.653169,1529.612406,2151.427771,1508.605226,4926.555577,3239.617819,1880.43324
c1213,1020,3760.610489,5594.619266,1731.281655,1502.303073,1136.779167,4661.852843,1180.894021,1468.691601,1182.994729,4025.309849,2636.699642,1582.130384
c1213,1080,3575.741683,4790.002456,1479.195184,1161.987652,1088.46293,3695.486195,1250.217419,1401.468703,897.299013,3369.865626,2042.18954,1214.505357
c1213,1140,2899.294034,3934.975829,1319.540884,1012.837582,907.802511,2865.681898,1027.542505,998.132663,806.968989,2674.513174,1372.058706,987.629151
c1213,1200,2374.106224,3474.904356,815.371777,930.910213,729.243248,2376.206968,714.538387,851.083637,590.597543,2151.427771,1035.945319,712.437693
c1213,1260,2023.282941,2748.039545,664.121746,683.027983,569.590641,1678.763566,664.121746,563.288572,393.132917,1552.720312,830.076659,556.986504
c1213,1320,1519.108815,2149.327034,508.670663,527.576858,489.764474,1220.807484,580.094091,388.931548,332.213091,1199.800396,493.965849,346.917872
c1213,1380,1252.318129,1628.346237,346.917872,510.771351,428.844564,939.313016,483.462411,275.494679,248.18583,1056.952359,401.535656,254.487871
c1213,1440,750.250197,1359.454425,285.998085,338.515139,260.789913,693.531449,374.226758,214.574954,162.057992,706.135611,218.776312,216.675633
c1213,1500,580.094091,897.299013,195.668843,296.501493,222.977671,508.670663,290.199448,174.662059,136.849864,653.618284,162.057992,164.158669
c1213,1560,485.563099,842.680845,109.541068,254.487871,210.373595,433.045935,250.28651,128.447156,134.749187,361.622655,191.467486,122.145126
c1213,1620,386.830864,523.375481,115.843097,214.574954,138.950541,285.998085,174.662059,122.145126,84.332959,302.803538,126.34648,115.843097
c1213,1680,273.393998,357.421288,92.735661,208.272916,126.34648,254.487871,170.460703,78.030933,111.641745,233.48107,82.232284,105.339716
c1213,1740,260.789913,281.796722,94.836337,109.541068,120.04445,168.360025,117.943773,88.53431,90.634986,222.977671,69.628233,124.245803
c1213,1800,208.272916,229.27971,90.634986,120.04445,75.930258,159.957314,111.641745,73.829583,96.937013,153.655281,80.131608,90.634986
c1213,1860,176.762737,185.16545,54.92351,107.440392,111.641745,126.34648,69.628233,63.326208,61.225534,212.474275,94.836337,65.426883
c1213,1920,132.64851,122.145126,50.722161,113.742421,84.332959,96.937013,107.440392,80.131608,82.232284,138.950541,73.829583,65.426883
c1213,1980,159.957314,130.547833,80.131608,99.037688,80.131608,99.037688,84.332959,52.822835,63.326208,134.749187,73.829583,71.728908
c1213,2040,126.34648,103.23904,46.520812,69.628233,63.326208,75.930258,63.326208,50.722161,44.420138,124.245803,86.433635,141.051218
c1213,2100,157.856636,132.64851,71.728908,84.332959,44.420138,96.937013,92.735661,67.527558,63.326208,178.863415,124.245803,132.64851
c1213,2160,216.675633,111.641745,50.722161,105.339716,44.420138,94.836337,63.326208,65.426883,73.829583,210.373595,162.057992,101.138364
c1213,2220,166.259347,88.53431,82.232284,126.34648,71.728908,269.192636,71.728908,84.332959,61.225534,292.300129,164.158669,103.23904
c1213,2280,191.467486,99.037688,63.326208,122.145126,65.426883,75.930258,84.332959,48.621486,65.426883,298.602174,187.266129,126.34648
c1213,2340,162.057992,82.232284,88.53431,69.628233,96.937013,96.937013,99.037688,73.829583,67.527558,330.112408,147.353249,124.245803
c1213,2400,174.662059,170.460703,67.527558,75.930258,42.319464,180.964093,69.628233,44.420138,67.527558,252.387191,103.23904,107.440392
c1213,2460,189.366807,151.554604,65.426883,103.23904,69.628233,109.541068,71.728908,54.92351,82.232284,290.199448,128.447156,105.339716
c1213,2520,107.440392,220.876992,84.332959,92.735661,57.024184,84.332959,65.426883,63.326208,63.326208,267.091955,122.145126,115.843097
c1213,2580,147.353249,174.662059,103.23904,42.319464,73.829583,71.728908,88.53431,48.621486,78.030933,201.970879,65.426883,92.735661
c1213,2640,122.145126,227.179031,90.634986,69.628233,82.232284,88.53431,82.232284,82.232284,75.930258,138.950541,113.742421,113.742421
c1213,2700,151.554604,218.776312,73.829583,57.024184,44.420138,82.232284,90.634986,90.634986,73.829583,164.158669,88.53431,105.339716
c1213,2760,130.547833,208.272916,61.225534,67.527558,67.527558,99.037688,86.433635,48.621486,59.124859,218.776312,71.728908,117.943773
c1213,2820,117.943773,222.977671,44.420138,73.829583,61.225534,75.930258,109.541068,63.326208,73.829583,197.769522,80.131608,84.332959
c1213,2880,117.943773,172.561381,78.030933,75.930258,50.722161,75.930258,69.628233,54.92351,57.024184,168.360025,50.722161,75.930258
c1213,2940,128.447156,170.460703,71.728908,52.822835,52.822835,90.634986,69.628233,63.326208,54.92351,178.863415,92.735661,84.332959
fe1213,0,638.913439,391.032233,323.81036,241.88379,246.08515,168.360025,134.749187,145.252572,120.04445,128.447156,130.547833,111.641745
fe1213,60,103.23904,71.728908,86.433635,65.426883,103.23904,54.92351,57.024184,63.326208,67.527558,113.742421,54.92351,67.527558
fe1213,120,48.621486,54.92351,52.822835,61.225534,57.024184,46.520812,65.426883,50.722161,61.225534,73.829583,54.92351,52.822835
fe1213,180,57.024184,57.024184,71.728908,63.326208,61.225534,67.527558,50.722161,69.628233,54.92351,44.420138,65.426883,44.420138
fe1213,240,54.92351,38.118115,40.21879,57.024184,57.024184,48.621486,48.621486,69.628233,48.621486,59.124859,50.722161,65.426883
fe1213,300,80.131608,48.621486,48.621486,61.225534,65.426883,44.420138,50.722161,71.728908,71.728908,57.024184,48.621486,50.722161
fe1213,360,54.92351,48.621486,46.520812,57.024184,48.621486,48.621486,52.822835,65.426883,52.822835,50.722161,96.937013,46.520812
fe1213,420,44.420138,78.030933,59.124859,54.92351,84.332959,63.326208,44.420138,63.326208,52.822835,63.326208,36.017441,48.621486
fe1213,480,73.829583,82.232284,46.520812,48.621486,54.92351,48.621486,40.21879,40.21879,50.722161,54.92351,67.527558,50.722161
fe1213,540,42.319464,44.420138,40.21879,48.621486,52.822835,50.722161,46.520812,67.527558,48.621486,92.735661,80.131608,57.024184
fe1213,600,38.118115,65.426883,78.030933,54.92351,44.420138,44.420138,61.225534,52.822835,44.420138,92.735661,65.426883,52.822835
fe1213,660,40.21879,44.420138,46.520812,63.326208,44.420138,40.21879,59.124859,65.426883,42.319464,50.722161,48.621486,59.124859
fe1213,720,78.030933,40.21879,63.326208,67.527558,33.916768,46.520812,44.420138,50.722161,48.621486,44.420138,57.024184,52.822835
fe1213,780,33.916768,46.520812,46.520812,63.326208,75.930258,63.326208,63.326208,54.92351,48.621486,29.71542,40.21879,57.024184
fe1213,840,52.822835,57.024184,46.520812,48.621486,61.225534,57.024184,61.225534,54.92351,44.420138,59.124859,46.520812,61.225534
fe1213,900,48.621486,63.326208,59.124859,48.621486,36.017441,94.836337,44.420138,57.024184,44.420138,88.53431,52.822835,44.420138
fe1213,960,69.628233,57.024184,48.621486,44.420138,63.326208,52.822835,75.930258,48.621486,36.017441,44.420138,42.319464,44.420138
fe1213,1020,38.118115,42.319464,67.527558,67.527558,54.92351,40.21879,59.124859,61.225534,48.621486,61.225534,38.118115,46.520812
fe1213,1080,42.319464,61.225534,44.420138,33.916768,38.118115,63.326208,31.816094,52.822835,80.131608,78.030933,40.21879,63.326208
fe1213,1140,48.621486,57.024184,46.520812,61.225534,33.916768,52.822835,29.71542,78.030933,57.024184,59.124859,52.822835,40.21879
fe1213,1200,46.520812,52.822835,61.225534,44.420138,52.822835,99.037688,38.118115,50.722161,75.930258,54.92351,46.520812,54.92351
fe1213,1260,65.426883,63.326208,59.124859,38.118115,52.822835,75.930258,69.628233,50.722161,48.621486,63.326208,50.722161,38.118115
fe1213,1320,52.822835,44.420138,57.024184,40.21879,57.024184,128.447156,63.326208,61.225534,40.21879,63.326208,48.621486,57.024184
fe1213,1380,86.433635,48.621486,54.92351,82.232284,46.520812,52.822835,48.621486,48.621486,40.21879,54.92351,63.326208,78.030933
fe1213,1440,57.024184,59.124859,40.21879,61.225534,61.225534,57.024184,50.722161,48.621486,44.420138,33.916768,61.225534,50.722161
fe1213,1500,67.527558,59.124859,71.728908,42.319464,78.030933,113.742421,69.628233,46.520812,40.21879,50.722161,61.225534,38.118115
fe1213,1560,54.92351,65.426883,46.520812,44.420138,46.520812,231.38039,78.030933,101.138364,46.520812,44.420138,50.722161,50.722161
fe1213,1620,65.426883,33.916768,57.024184,44.420138,48.621486,90.634986,54.92351,128.447156,46.520812,54.92351,80.131608,46.520812
fe1213,1680,71.728908,52.822835,65.426883,40.21879,52.822835,92.735661,65.426883,94.836337,46.520812,38.118115,48.621486,48.621486
fe1213,1740,52.822835,73.829583,44.420138,65.426883,38.118115,96.937013,57.024184,94.836337,38.118115,48.621486,57.024184,59.124859
fe1213,1800,57.024184,42.319464,33.916768,50.722161,48.621486,59.124859,44.420138,75.930258,50.722161,63.326208,52.822835,54.92351
fe1213,1860,38.118115,59.124859,73.829583,52.822835,54.92351,50.722161,44.420138,88.53431,40.21879,63.326208,54.92351,57.024184
fe1213,1920,52.822835,36.017441,42.319464,44.420138,52.822835,124.245803,61.225534,65.426883,61.225534,33.916768,38.118115,46.520812
fe1213,1980,50.722161,59.124859,38.118115,50.722161,38.118115,61.225534,73.829583,80.131608,42.319464,59.124859,48.621486,54.92351
fe1213,2040,57.024184,38.118115,46.520812,48.621486,57.024184,78.030933,48.621486,61.225534,54.92351,52.822835,42.319464,36.017441
fe1213,2100,73.829583,40.21879,57.024184,61.225534,46.520812,40.21879,48.621486,65.426883,61.225534,48.621486,31.816094,78.030933
fe1213,2160,73.829583,54.92351,50.722161,46.520812,50.722161,189.366807,38.118115,90.634986,61.225534,44.420138,40.21879,52.822835
fe1213,2220,48.621486,59.124859,59.124859,73.829583,65.426883,71.728908,65.426883,94.836337,54.92351,42.319464,48.621486,42.319464
fe1213,2280,48.621486,40.21879,42.319464,50.722161,61.225534,109.541068,31.816094,78.030933,84.332959,50.722161,52.822835,44.420138
fe1213,2340,59.124859,63.326208,54.92351,57.024184,61.225534,78.030933,42.319464,69.628233,44.420138,78.030933,52.822835,38.118115
fe1213,2400,59.124859,48.621486,50.722161,50.722161,63.326208,69.628233,113.742421,48.621486,42.319464,48.621486,38.118115,36.017441
fe1213,2460,52.822835,69.628233,48.621486,63.326208,52.822835,124.245803,113.742421,69.628233,40.21879,44.420138,40.21879,54.92351
fe1213,2520,48.621486,86.433635,59.124859,71.728908,44.420138,105.339716,136.849864,42.319464,69.628233,57.024184,63.326208,40.21879
fe1213,2580,44.420138,50.722161,46.520812,57.024184,50.722161,141.051218,69.628233,59.124859,42.319464,48.621486,88.53431,44.420138
fe1213,2640,36.017441,38.118115,42.319464,44.420138,73.829583,96.937013,67.527558,50.722161,82.232284,67.527558,50.722161,48.621486
fe1213,2700,73.829583,46.520812,46.520812,63.326208,63.326208,40.21879,42.319464,48.621486,44.420138,50.722161,48.621486,48.621486
fe1213,2760,63.326208,38.118115,48.621486,42.319464,59.124859,94.836337,96.937013,40.21879,44.420138,50.722161,42.319464,48.621486
fe1213,2820,25.514072,65.426883,46.520812,59.124859,46.520812,122.145126,120.04445,44.420138,44.420138,48.621486,80.131608,46.520812
fe1213,2880,71.728908,57.024184,33.916768,40.21879,59.124859,174.662059,50.722161,40.21879,61.225534,46.520812,33.916768,42.319464
fe1213,2940,44.420138,75.930258,73.829583,54.92351,40.21879,147.353249,67.527558,75.930258,65.426883,54.92351,54.92351,25.514072
c1471,0,628.409981,300.702856,334.313773,172.561381,189.366807,153.655281,126.34648,107.440392,130.547833,92.735661,92.735661,92.735661
c1471,60,96.937013,46.520812,86.433635,63.326208,59.124859,67.527558,59.124859,94.836337,117.943773,82.232284,48.621486,57.024184
c1471,120,75.930258,71.728908,405.737026,73.829583,57.024184,99.037688,50.722161,67.527558,78.030933,59.124859,65.426883,73.829583
c1471,180,120.04445,67.527558,2464.43825,155.755959,71.728908,391.032233,67.527558,174.662059,96.937013,101.138364,69.628233,75.930258
c1471,240,349.018555,99.037688,8134.579406,638.913439,239.783109,1712.375138,134.749187,922.507412,269.192636,222.977671,122.145126,174.662059
c1471,300,895.198313,166.259347,13613.97704,1703.972244,704.034918,3287.935526,256.588552,1895.138343,584.295472,367.924707,227.179031,601.100996
c1471,360,1859.425956,454.052796,16442.083837,2554.770391,1334.24587,4058.922537,613.705141,2670.31167,1248.116709,641.014131,441.448679,1302.735189
c1471,420,2577.878631,857.385732,16797.181019,3296.338609,1941.354401,4918.152301,859.486431,3203.904752,2090.506429,897.299013,563.288572,2096.808634
c1471,480,2550.568893,1432.979428,15414.623336,3428.687295,2067.398348,4540.005886,996.031961,3126.176375,2180.838092,1237.613159,901.500412,2647.203399
c1471,540,2556.87114,2243.860251,13426.981395,3006.432827,2111.513782,3943.378989,1033.844615,2876.185689,2296.37876,1241.814579,819.573172,2859.379624
c1471,600,1823.713586,2458.136012,9756.504091,2535.863654,2046.391008,2886.689481,905.701811,2283.774314,2035.88734,1122.074222,691.430756,2206.046949
c1471,660,1365.756565,2468.639742,6844.629602,1865.72814,1764.893252,1701.87152,771.257152,1491.799486,1724.979482,1090.563636,556.986504,2031.685873
c1471,720,880.493418,2157.729981,4481.183292,1273.325233,1496.000921,1096.865752,601.100996,907.802511,1248.116709,970.823535,401.535656,1508.605226
c1471,780,489.764474,1785.900509,2939.208468,800.666899,1038.046023,743.948111,397.334286,647.316207,775.458543,617.906524,237.68243,1048.549542
c1471,840,302.803538,1538.01528,1701.87152,460.354855,722.941164,420.441822,279.696041,338.515139,464.556229,454.052796,178.863415,636.812748
c1471,900,222.977671,1281.728076,966.622132,285.998085,386.830864,332.213091,206.172237,281.796722,304.90422,321.709678,151.554604,502.368599
c1471,960,189.366807,857.385732,554.885814,204.071558,363.723339,178.863415,132.64851,204.071558,233.48107,252.387191,71.728908,311.206266
c1471,1020,115.843097,687.229369,372.126074,111.641745,237.68243,187.266129,157.856636,138.950541,157.856636,178.863415,94.836337,145.252572
c1471,1080,99.037688,332.213091,227.179031,136.849864,162.057992,141.051218,78.030933,94.836337,115.843097,155.755959,122.145126,136.849864
c1471,1140,96.937013,317.508313,178.863415,101.138364,126.34648,94.836337,96.937013,94.836337,84.332959,132.64851,84.332959,115.843097
c1471,1200,78.030933,153.655281,126.34648,78.030933,67.527558,115.843097,101.138364,80.131608,105.339716,99.037688,67.527558,96.937013
c1471,1260,59.124859,120.04445,109.541068,59.124859,86.433635,80.131608,61.225534,61.225534,61.225534,82.232284,73.829583,90.634986
c1471,1320,52.822835,143.151895,120.04445,50.722161,61.225534,111.641745,90.634986,65.426883,88.53431,99.037688,57.024184,117.943773
c1471,1380,86.433635,147.353249,124.245803,75.930258,69.628233,65.426883,92.735661,78.030933,96.937013,120.04445,57.024184,103.23904
c1471,1440,96.937013,99.037688,80.131608,69.628233,80.131608,63.326208,73.829583,88.53431,69.628233,99.037688,48.621486,103.23904
c1471,1500,71.728908,103.23904,101.138364,67.527558,88.53431,80.131608,86.433635,103.23904,63.326208,80.131608,75.930258,103.23904
c1471,1560,78.030933,88.53431,101.138364,69.628233,50.722161,94.836337,151.554604,88.53431,78.030933,75.930258,44.420138,124.245803
c1471,1620,67.527558,99.037688,101.138364,54.92351,61.225534,65.426883,67.527558,84.332959,69.628233,96.937013,63.326208,115.843097
c1471,1680,71.728908,73.829583,151.554604,52.822835,48.621486,84.332959,90.634986,73.829583,75.930258,67.527558,65.426883,109.541068
c1471,1740,94.836337,63.326208,143.151895,90.634986,90.634986,65.426883,73.829583,80.131608,71.728908,90.634986,54.92351,115.843097
c1471,1800,84.332959,71.728908,113.742421,71.728908,59.124859,61.225534,88.53431,92.735661,75.930258,105.339716,92.735661,80.131608
c1471,1860,63.326208,61.225534,134.749187,73.829583,44.420138,50.722161,88.53431,113.742421,67.527558,88.53431,69.628233,92.735661
c1471,1920,90.634986,50.722161,141.051218,57.024184,71.728908,73.829583,65.426883,86.433635,67.527558,84.332959,78.030933,96.937013
c1471,1980,63.326208,80.131608,99.037688,65.426883,71.728908,80.131608,80.131608,78.030933,69.628233,99.037688,52.822835,80.131608
c1471,2040,73.829583,40.21879,120.04445,48.621486,63.326208,69.628233,94.836337,75.930258,71.728908,73.829583,61.225534,86.433635
c1471,2100,78.030933,88.53431,130.547833,52.822835,80.131608,75.930258,57.024184,61.225534,59.124859,71.728908,48.621486,92.735661
c1471,2160,75.930258,50.722161,128.447156,65.426883,73.829583,59.124859,61.225534,63.326208,40.21879,111.641745,61.225534,124.245803
c1471,2220,90.634986,82.232284,132.64851,65.426883,63.326208,67.527558,94.836337,82.232284,84.332959,69.628233,65.426883,132.64851
c1471,2280,75.930258,75.930258,113.742421,59.124859,61.225534,80.131608,94.836337,65.426883,59.124859,69.628233,63.326208,134.749187
c1471,2340,54.92351,52.822835,94.836337,69.628233,44.420138,69.628233,82.232284,84.332959,54.92351,65.426883,57.024184,130.547833
c1471,2400,73.829583,63.326208,109.541068,78.030933,65.426883,54.92351,69.628233,75.930258,44.420138,78.030933,67.527558,130.547833
c1471,2460,94.836337,63.326208,82.232284,54.92351,54.92351,57.024184,101.138364,75.930258,57.024184,78.030933,75.930258,73.829583
c1471,2520,90.634986,75.930258,99.037688,50.722161,59.124859,65.426883,67.527558,40.21879,69.628233,59.124859,48.621486,78.030933
c1471,2580,80.131608,69.628233,111.641745,90.634986,42.319464,59.124859,61.225534,92.735661,75.930258,94.836337,63.326208,128.447156
c1471,2640,44.420138,111.641745,141.051218,65.426883,48.621486,54.92351,92.735661,94.836337,46.520812,65.426883,57.024184,120.04445
c1471,2700,75.930258,44.420138,132.64851,75.930258,59.124859,57.024184,88.53431,73.829583,82.232284,59.124859,50.722161,103.23904
c1471,2760,42.319464,48.621486,164.158669,54.92351,80.131608,80.131608,36.017441,52.822835,46.520812,84.332959,65.426883,84.332959
c1471,2820,82.232284,54.92351,189.366807,67.527558,67.527558,42.319464,52.822835,61.225534,46.520812,117.943773,33.916768,88.53431
c1471,2880,86.433635,57.024184,210.373595,71.728908,44.420138,80.131608,52.822835,88.53431,40.21879,84.332959,54.92351,73.829583
c1471,2940,67.527558,65.426883,250.28651,48.621486,31.816094,71.728908,96.937013,82.232284,59.124859,54.92351,54.92351,99.037688
fe1471,0,531.778235,325.911043,300.702856,183.064772,162.057992,120.04445,151.554604,153.655281,134.749187,99.037688,103.23904,88.53431
fe1471,60,69.628233,69.628233,75.930258,63.326208,69.628233,67.527558,67.527558,57.024184,61.225534,78.030933,84.332959,75.930258
fe1471,120,50.722161,57.024184,59.124859,67.527558,54.92351,52.822835,52.822835,59.124859,90.634986,71.728908,67.527558,80.131608
fe1471,180,73.829583,46.520812,73.829583,67.527558,57.024184,52.822835,48.621486,69.628233,86.433635,57.024184,69.628233,54.92351
fe1471,240,67.527558,46.520812,38.118115,94.836337,57.024184,69.628233,44.420138,65.426883,96.937013,82.232284,80.131608,57.024184
fe1471,300,92.735661,48.621486,75.930258,71.728908,69.628233,78.030933,65.426883,52.822835,46.520812,84.332959,38.118115,59.124859
fe1471,360,38.118115,52.822835,172.561381,57.024184,75.930258,59.124859,71.728908,69.628233,86.433635,84.332959,59.124859,52.822835
fe1471,420,54.92351,59.124859,189.366807,40.21879,84.332959,59.124859,75.930258,33.916768,57.024184,80.131608,48.621486,92.735661
fe1471,480,61.225534,42.319464,124.245803,61.225534,57.024184,50.722161,69.628233,80.131608,46.520812,48.621486,65.426883,69.628233
fe1471,540,69.628233,48.621486,57.024184,61.225534,65.426883,67.527558,65.426883,65.426883,44.420138,90.634986,50.722161,57.024184
fe1471,600,42.319464,57.024184,69.628233,36.017441,84.332959,80.131608,103.23904,71.728908,36.017441,96.937013,54.92351,54.92351
fe1471,660,61.225534,40.21879,33.916768,88.53431,44.420138,71.728908,159.957314,52.822835,63.326208,50.722161,50.722161,61.225534
fe1471,720,42.319464,54.92351,46.520812,61.225534,63.326208,36.017441,162.057992,195.668843,40.21879,57.024184,69.628233,48.621486
fe1471,780,71.728908,65.426883,59.124859,50.722161,54.92351,54.92351,468.757602,107.440392,46.520812,57.024184,73.829583,73.829583
fe1471,840,59.124859,42.319464,40.21879,63.326208,73.829583,38.118115,183.064772,96.937013,59.124859,57.024184,50.722161,69.628233
fe1471,900,50.722161,78.030933,78.030933,69.628233,36.017441,63.326208,233.48107,59.124859,59.124859,71.728908,88.53431,80.131608
fe1471,960,46.520812,42.319464,48.621486,59.124859,67.527558,82.232284,823.774566,42.319464,78.030933,80.131608,63.326208,61.225534
fe1471,1020,50.722161,59.124859,54.92351,61.225534,80.131608,103.23904,403.636341,86.433635,59.124859,61.225534,67.527558,46.520812
fe1471,1080,44.420138,48.621486,82.232284,73.829583,67.527558,38.118115,697.732836,48.621486,46.520812,42.319464,73.829583,65.426883
fe1471,1140,50.722161,73.829583,42.319464,57.024184,92.735661,61.225534,504.469287,27.614746,82.232284,48.621486,63.326208,73.829583
fe1471,1200,33.916768,69.628233,40.21879,40.21879,52.822835,61.225534,985.528449,63.326208,44.420138,71.728908,46.520812,73.829583
fe1471,1260,59.124859,57.024184,59.124859,52.822835,46.520812,50.722161,672.524517,31.816094,54.92351,61.225534,94.836337,103.23904
fe1471,1320,63.326208,46.520812,46.520812,46.520812,48.621486,46.520812,697.732836,69.628233,50.722161,50.722161,54.92351,61.225534
fe1471,1380,59.124859,50.722161,65.426883,36.017441,57.024184,54.92351,233.48107,54.92351,36.017441,67.527558,48.621486,80.131608
fe1471,1440,46.520812,71.728908,65.426883,65.426883,88.53431,90.634986,183.064772,67.527558,48.621486,59.124859,57.024184,61.225534
fe1471,1500,42.319464,82.232284,61.225534,52.822835,46.520812,78.030933,704.034918,54.92351,42.319464,50.722161,61.225534,52.822835
fe1471,1560,38.118115,59.124859,71.728908,59.124859,50.722161,69.628233,334.313773,48.621486,50.722161,82.232284,90.634986,94.836337
fe1471,1620,75.930258,40.21879,48.621486,63.326208,54.92351,44.420138,378.428127,80.131608,94.836337,48.621486,50.722161,69.628233
fe1471,1680,78.030933,52.822835,61.225534,84.332959,48.621486,73.829583,498.167224,69.628233,57.024184,73.829583,63.326208,50.722161
fe1471,1740,44.420138,33.916768,40.21879,65.426883,75.930258,44.420138,491.865161,50.722161,67.527558,78.030933,38.118115,54.92351
fe1471,1800,63.326208,59.124859,78.030933,65.426883,86.433635,48.621486,317.508313,59.124859,59.124859,48.621486,52.822835,46.520812
fe1471,1860,63.326208,57.024184,75.930258,63.326208,71.728908,67.527558,54.92351,65.426883,48.621486,67.527558,33.916768,63.326208
fe1471,1920,57.024184,52.822835,40.21879,33.916768,57.024184,65.426883,315.407631,94.836337,75.930258,63.326208,65.426883,29.71542
fe1471,1980,59.124859,50.722161,52.822835,94.836337,63.326208,75.930258,353.219921,96.937013,36.017441,82.232284,88.53431,46.520812
fe1471,2040,33.916768,50.722161,44.420138,65.426883,304.90422,57.024184,208.272916,63.326208,63.326208,50.722161,50.722161,40.21879
fe1471,2100,67.527558,52.822835,67.527558,63.326208,57.024184,59.124859,109.541068,99.037688,71.728908,57.024184,67.527558,103.23904
fe1471,2160,54.92351,36.017441,65.426883,61.225534,157.856636,73.829583,441.448679,54.92351,52.822835,67.527558,57.024184,48.621486
fe1471,2220,44.420138,42.319464,54.92351,52.822835,145.252572,50.722161,241.88379,46.520812,82.232284,88.53431,46.520812,92.735661
fe1471,2280,59.124859,42.319464,50.722161,52.822835,569.590641,84.332959,556.986504,88.53431,59.124859,54.92351,40.21879,80.131608
fe1471,2340,38.118115,59.124859,50.722161,57.024184,59.124859,82.232284,44.420138,99.037688,42.319464,44.420138,63.326208,54.92351
fe1471,2400,50.722161,50.722161,46.520812,67.527558,229.27971,54.92351,376.327442,54.92351,48.621486,61.225534,48.621486,50.722161
fe1471,2460,40.21879,42.319464,63.326208,52.822835,36.017441,84.332959,59.124859,130.547833,117.943773,59.124859,90.634986,52.822835
fe1471,2520,38.118115,54.92351,44.420138,46.520812,216.675633,61.225534,269.192636,44.420138,80.131608,44.420138,107.440392,130.547833
fe1471,2580,75.930258,46.520812,40.21879,86.433635,65.426883,42.319464,61.225534,50.722161,65.426883,48.621486,78.030933,46.520812
fe1471,2640,59.124859,50.722161,61.225534,145.252572,159.957314,46.520812,71.728908,52.822835,80.131608,86.433635,52.822835,61.225534
fe1471,2700,50.722161,57.024184,63.326208,88.53431,92.735661,50.722161,61.225534,40.21879,50.722161,40.21879,67.527558,65.426883
fe1471,2760,48.621486,44.420138,78.030933,59.124859,54.92351,44.420138,67.527558,48.621486,52.822835,57.024184,42.319464,67.527558
fe1471,2820,46.520812,40.21879,33.916768,84.332959,254.487871,50.722161,166.259347,69.628233,46.520812,65.426883,63.326208,57.024184
fe1471,2880,38.118115,48.621486,44.420138,189.366807,59.124859,57.024184,46.520812,52.822835,65.426883,40.21879,50.722161,92.735661
fe1471,2940,67.527558,42.319464,61.225534,75.930258,82.232284,73.829583,210.373595,52.822835,61.225534,48.621486,36.017441,44.420138
