Name,Time,A1,A2,A3,A4,A5,A6,A7,A8,A9,A10,A11,A12
cPta,0,874.453909,547.270816,284.422574,255.013041,177.813076,188.841637,118.994112,131.860756,113.479836,93.26083,71.203739,65.689467
cPta,60,47.308565,111.641745,243.98447,126.34648,56.499016,49.146655,78.556102,56.499016,52.822835,91.422739,49.146655,63.851377
cPta,120,106.12747,106.12747,922.244824,506.832561,73.04183,58.337106,63.851377,71.203739,41.794295,98.775104,80.394193,98.775104
cPta,180,618.956869,1240.239047,1804.544454,1299.058944,216.413048,319.34641,225.603521,247.66066,100.613195,824.824915,232.9559,657.557082
cPta,240,2550.831487,3260.362917,2940.521443,2453.409334,530.727891,1137.304344,646.528448,913.054261,234.793995,2613.328788,751.300544,1229.210321
cPta,300,4477.244281,5243.780001,3458.885939,3809.978945,1170.390482,2214.449903,1082.160815,1532.500894,471.908632,4473.56787,1403.832007,1872.555508
cPta,360,5462.529129,5990.103339,3923.946683,4054.458351,1396.479507,3142.719908,1411.184509,2058.207636,611.60445,5999.294562,1788.001235,2436.865962
cPta,420,6116.942325,5894.514688,4212.543229,4473.56787,1661.170015,3874.315549,1725.504663,2475.467168,824.824915,6760.331992,2317.386174,2997.504588
cPta,480,6230.913782,6372.459235,4521.361219,4563.639977,2120.704501,4655.550409,1819.249541,2995.666421,997.607487,8175.809867,2653.768248,3131.690886
cPta,540,6690.477973,6556.284921,4254.821802,4598.565927,2242.022104,4868.78307,2028.797365,3372.491593,1124.437517,8436.849142,3096.76566,3451.533225
cPta,600,6613.27098,6289.737832,4390.848689,4543.419698,2166.658114,5265.838706,2199.744734,3523.222224,1124.437517,8697.889381,3451.533225,3425.79873
cPta,660,6659.227513,6615.109241,4528.714045,4578.345638,2561.860418,5795.249688,2276.946907,3541.60403,1383.612632,9069.229972,3534.251307,3683.144098
cPta,720,6789.74423,6545.255366,4414.745332,4684.961772,2390.912174,5881.646995,2159.305534,3835.71358,1245.75341,9207.104451,3911.079349,3593.073113
cPta,780,7012.174684,6394.518292,4308.129605,4357.761044,2567.374885,6429.445146,2148.276665,3791.597069,1536.177151,9962.661367,4043.429187,3462.562297
cPta,840,6534.225813,6216.207778,4515.8466,4477.244281,2583.918286,6964.379651,2219.964343,3973.577852,1604.187947,9732.868263,4197.837644,3627.998583
cPta,900,6379.812253,6195.987026,4269.527399,4405.554314,2651.93009,7098.573478,2128.057077,3517.707683,1519.633995,10003.105031,4370.62846,3420.284197
cPta,960,6333.855901,5940.470754,4115.118785,4286.071199,2420.322595,7014.012955,2107.837495,3765.862451,1523.310252,9764.120081,4445.994799,3350.433478
cPta,1020,5830.176246,5990.103339,3991.959776,4056.296545,2539.802557,7184.972379,1890.936885,3571.01493,1585.806644,9725.514896,4350.408236,2942.359608
cPta,1080,5695.984827,5526.867236,3747.480586,3833.875391,2368.854366,6846.730478,2006.73967,3376.167946,1484.709566,9580.286055,4455.185822,2721.780118
cPta,1140,5232.750651,5328.338407,3449.695046,3561.824022,2221.802489,6490.107619,1721.828396,3131.690886,1311.925803,9117.026428,4627.977267,2696.045889
cPta,1200,5045.251966,5105.913251,3515.869502,3093.089322,2034.31179,6727.243237,1495.738331,2912.94897,1444.270775,8429.49591,4337.540824,2589.432755
cPta,1260,4526.875838,4767.681297,3012.209923,2957.064932,1938.728487,6394.518292,1629.921778,2699.722207,1275.163355,8021.392722,4170.26468,2299.004686
cPta,1320,4343.055429,4282.394799,2802.659184,2642.739302,1876.231783,5843.04393,1387.288882,2315.548025,1080.322698,7576.526165,4197.837644,1962.624301
cPta,1380,3379.844299,3833.875391,2583.918286,2567.374885,1611.540469,5745.61724,1278.839599,2118.866357,1017.826752,7366.961897,4109.604198,1900.127575
cPta,1440,3186.836013,3253.010223,2348.634715,1986.520122,1425.889514,4973.561424,975.550114,1920.347098,924.082937,6479.078074,3918.432111,1477.357057
cPta,1500,2736.485396,2883.538343,2264.079872,1661.170015,1238.400926,4679.447141,918.568599,1514.11961,837.691688,5664.734807,3411.093309,1449.785154
cPta,1560,2449.733029,2389.074023,1846.821588,1701.60893,1058.265299,3835.71358,815.634364,1367.069511,802.767596,5245.618226,3260.362917,1087.675166
cPta,1620,2028.797365,2157.467389,1602.349816,1315.602049,940.625954,3326.537196,677.77625,1109.732574,709.024066,4514.008394,3008.533589,1017.826752
cPta,1680,1639.112435,1723.66653,1341.335775,1225.53408,771.519739,2966.255761,615.28066,940.625954,743.948111,3936.81402,2810.011831,929.597276
cPta,1740,1337.659528,1376.260133,1232.886563,1036.207907,672.261931,2337.605816,519.699276,857.910907,539.918404,3447.856868,2466.276403,760.491086
cPta,1800,1041.722254,1113.40881,944.302181,793.577048,567.489952,2023.282941,488.451544,644.690342,444.337122,3037.944267,2249.374693,690.642996
cPta,1860,810.120035,887.32069,868.939574,650.204659,391.032233,1604.187947,444.337122,438.822821,409.413224,2422.160747,1854.174135,492.127747
cPta,1920,637.337921,701.671637,679.614356,573.004263,346.917872,1317.440172,249.498755,383.679837,315.670216,1924.023375,1681.38947,453.527624
cPta,1980,488.451544,609.766346,576.68047,444.337122,306.479732,1205.314756,295.451152,289.936863,249.498755,1549.044054,1425.889514,354.270263
cPta,2040,402.060827,425.956121,455.365725,391.032233,302.803538,964.52143,216.413048,319.34641,284.422574,1400.155757,1326.630788,260.527328
cPta,2100,324.860701,374.489344,449.851423,308.317828,238.470185,736.595679,212.736859,207.222577,221.927332,986.5788,1137.304344,218.251143
cPta,2160,256.851137,311.994022,372.651245,242.146375,199.8702,606.090136,183.327357,133.698848,163.10833,802.767596,890.996914,247.66066
cPta,2220,214.574954,218.251143,367.13695,238.470185,135.536941,492.127747,185.16545,146.565495,157.594052,617.118765,826.663025,144.727403
cPta,2280,155.755959,168.62261,225.603521,183.327357,120.832204,429.632321,148.403588,133.698848,130.022664,484.775341,771.519739,146.565495
cPta,2340,113.479836,126.34648,192.517825,150.24168,89.584648,354.270263,135.536941,82.232284,80.394193,394.708431,808.281925,179.65117
cPta,2400,113.479836,122.670296,192.517825,161.270237,106.12747,260.527328,91.422739,78.556102,95.098921,311.994022,580.356678,152.079773
cPta,2460,87.746557,80.394193,155.755959,168.62261,113.479836,225.603521,91.422739,71.203739,87.746557,258.689232,449.851423,109.803653
cPta,2520,74.87992,91.422739,128.184572,111.641745,95.098921,181.489263,122.670296,76.718011,69.365649,245.822565,550.947022,122.670296
cPta,2580,69.365649,82.232284,128.184572,118.994112,85.908466,146.565495,111.641745,45.470475,47.308565,234.793995,389.194134,96.937013
cPta,2640,60.175196,52.822835,137.375033,142.88931,84.070375,126.34648,87.746557,73.04183,49.146655,175.974983,440.660922,82.232284
cPta,2700,84.070375,56.499016,164.946423,98.775104,74.87992,93.26083,106.12747,56.499016,60.175196,139.213125,356.108361,71.203739
cPta,2760,52.822835,45.470475,82.232284,137.375033,98.775104,104.289378,82.232284,63.851377,36.280026,144.727403,284.422574,58.337106
cPta,2820,56.499016,82.232284,62.013287,73.04183,76.718011,49.146655,82.232284,56.499016,36.280026,137.375033,339.565481,74.87992
cPta,2880,89.584648,52.822835,89.584648,107.965561,73.04183,93.26083,100.613195,52.822835,45.470475,102.451287,234.793995,67.527558
cPta,2940,52.822835,45.470475,130.022664,120.832204,54.660925,89.584648,95.098921,49.146655,54.660925,98.775104,205.384483,84.070375
fePta,0,845.04413,501.318255,284.422574,234.793995,175.974983,144.727403,122.670296,120.832204,98.775104,117.15602,100.613195,74.87992
fePta,60,95.098921,96.937013,54.660925,84.070375,47.308565,87.746557,65.689467,78.556102,69.365649,58.337106,73.04183,67.527558
fePta,120,50.984745,73.04183,47.308565,65.689467,58.337106,56.499016,47.308565,43.632385,50.984745,74.87992,54.660925,39.956205
fePta,180,56.499016,50.984745,49.146655,58.337106,52.822835,38.118115,52.822835,54.660925,71.203739,73.04183,62.013287,38.118115
fePta,240,36.280026,50.984745,38.118115,39.956205,49.146655,63.851377,39.956205,71.203739,58.337106,32.603846,56.499016,49.146655
fePta,300,32.603846,49.146655,45.470475,56.499016,34.441936,73.04183,45.470475,38.118115,58.337106,52.822835,52.822835,45.470475
fePta,360,43.632385,34.441936,80.394193,39.956205,32.603846,43.632385,56.499016,47.308565,54.660925,47.308565,41.794295,32.603846
fePta,420,34.441936,73.04183,41.794295,45.470475,34.441936,50.984745,32.603846,36.280026,43.632385,32.603846,58.337106,49.146655
fePta,480,38.118115,60.175196,41.794295,41.794295,41.794295,62.013287,49.146655,41.794295,56.499016,49.146655,41.794295,34.441936
fePta,540,52.822835,41.794295,50.984745,56.499016,49.146655,43.632385,41.794295,52.822835,32.603846,54.660925,50.984745,74.87992
fePta,600,65.689467,58.337106,56.499016,41.794295,52.822835,54.660925,45.470475,62.013287,41.794295,32.603846,38.118115,45.470475
fePta,660,41.794295,84.070375,39.956205,65.689467,62.013287,41.794295,39.956205,45.470475,49.146655,30.765757,71.203739,47.308565
fePta,720,47.308565,39.956205,34.441936,47.308565,39.956205,43.632385,32.603846,52.822835,47.308565,69.365649,52.822835,45.470475
fePta,780,54.660925,58.337106,76.718011,39.956205,49.146655,49.146655,45.470475,49.146655,34.441936,60.175196,62.013287,49.146655
fePta,840,52.822835,62.013287,47.308565,50.984745,45.470475,60.175196,58.337106,43.632385,50.984745,30.765757,67.527558,58.337106
fePta,900,36.280026,52.822835,27.089578,49.146655,56.499016,47.308565,43.632385,36.280026,71.203739,63.851377,50.984745,34.441936
fePta,960,28.927667,45.470475,71.203739,69.365649,47.308565,52.822835,63.851377,34.441936,60.175196,67.527558,43.632385,47.308565
fePta,1020,41.794295,69.365649,32.603846,47.308565,56.499016,49.146655,49.146655,34.441936,38.118115,54.660925,52.822835,30.765757
fePta,1080,50.984745,58.337106,65.689467,39.956205,38.118115,41.794295,36.280026,34.441936,38.118115,39.956205,41.794295,39.956205
fePta,1140,52.822835,45.470475,50.984745,41.794295,41.794295,32.603846,52.822835,34.441936,84.070375,67.527558,52.822835,45.470475
fePta,1200,41.794295,50.984745,41.794295,49.146655,60.175196,39.956205,36.280026,39.956205,34.441936,47.308565,52.822835,43.632385
fePta,1260,56.499016,45.470475,58.337106,63.851377,47.308565,34.441936,27.089578,47.308565,47.308565,47.308565,52.822835,60.175196
fePta,1320,49.146655,34.441936,41.794295,45.470475,34.441936,62.013287,54.660925,65.689467,47.308565,32.603846,49.146655,128.184572
fePta,1380,41.794295,56.499016,49.146655,49.146655,38.118115,36.280026,58.337106,49.146655,45.470475,62.013287,65.689467,36.280026
fePta,1440,49.146655,30.765757,63.851377,50.984745,39.956205,50.984745,36.280026,47.308565,32.603846,38.118115,49.146655,69.365649
fePta,1500,38.118115,50.984745,34.441936,25.251488,43.632385,41.794295,36.280026,41.794295,36.280026,36.280026,32.603846,39.956205
fePta,1560,58.337106,38.118115,54.660925,38.118115,63.851377,41.794295,41.794295,45.470475,27.089578,43.632385,30.765757,56.499016
fePta,1620,39.956205,43.632385,43.632385,45.470475,69.365649,43.632385,30.765757,52.822835,28.927667,54.660925,49.146655,62.013287
fePta,1680,38.118115,38.118115,84.070375,52.822835,45.470475,47.308565,49.146655,45.470475,65.689467,107.965561,47.308565,45.470475
fePta,1740,47.308565,65.689467,80.394193,27.089578,39.956205,49.146655,43.632385,32.603846,47.308565,41.794295,39.956205,34.441936
fePta,1800,63.851377,34.441936,39.956205,65.689467,104.289378,49.146655,43.632385,43.632385,34.441936,45.470475,54.660925,43.632385
fePta,1860,32.603846,49.146655,38.118115,89.584648,39.956205,52.822835,63.851377,41.794295,80.394193,41.794295,50.984745,54.660925
fePta,1920,36.280026,45.470475,47.308565,41.794295,32.603846,50.984745,36.280026,36.280026,58.337106,28.927667,54.660925,47.308565
fePta,1980,36.280026,56.499016,49.146655,52.822835,41.794295,111.641745,41.794295,28.927667,32.603846,45.470475,25.251488,39.956205
fePta,2040,43.632385,47.308565,47.308565,30.765757,60.175196,47.308565,34.441936,36.280026,45.470475,58.337106,36.280026,47.308565
fePta,2100,45.470475,39.956205,34.441936,54.660925,43.632385,32.603846,41.794295,52.822835,41.794295,39.956205,49.146655,39.956205
fePta,2160,36.280026,65.689467,30.765757,32.603846,45.470475,67.527558,34.441936,43.632385,54.660925,56.499016,54.660925,38.118115
fePta,2220,43.632385,43.632385,34.441936,38.118115,50.984745,45.470475,39.956205,27.089578,54.660925,93.26083,47.308565,34.441936
fePta,2280,34.441936,38.118115,54.660925,30.765757,50.984745,54.660925,56.499016,45.470475,27.089578,27.089578,49.146655,56.499016
fePta,2340,45.470475,30.765757,27.089578,34.441936,28.927667,43.632385,50.984745,38.118115,47.308565,50.984745,49.146655,28.927667
fePta,2400,67.527558,45.470475,30.765757,45.470475,34.441936,54.660925,38.118115,41.794295,36.280026,56.499016,43.632385,43.632385
fePta,2460,32.603846,52.822835,172.298796,56.499016,38.118115,52.822835,34.441936,56.499016,30.765757,41.794295,56.499016,45.470475
fePta,2520,43.632385,67.527558,39.956205,52.822835,74.87992,36.280026,52.822835,56.499016,45.470475,38.118115,41.794295,39.956205
fePta,2580,47.308565,47.308565,41.794295,36.280026,54.660925,56.499016,50.984745,34.441936,32.603846,47.308565,49.146655,36.280026
fePta,2640,39.956205,50.984745,60.175196,45.470475,28.927667,85.908466,34.441936,36.280026,47.308565,58.337106,95.098921,45.470475
fePta,2700,49.146655,52.822835,50.984745,34.441936,50.984745,56.499016,52.822835,52.822835,49.146655,91.422739,65.689467,38.118115
fePta,2760,28.927667,45.470475,36.280026,41.794295,38.118115,52.822835,41.794295,52.822835,78.556102,39.956205,38.118115,71.203739
fePta,2820,56.499016,32.603846,36.280026,49.146655,32.603846,74.87992,36.280026,43.632385,76.718011,67.527558,41.794295,28.927667
fePta,2880,43.632385,43.632385,34.441936,43.632385,38.118115,47.308565,41.794295,56.499016,27.089578,56.499016,47.308565,30.765757
fePta,2940,38.118115,49.146655,39.956205,45.470475,58.337106,34.441936,50.984745,60.175196,43.632385,76.718011,52.822835,50.984745
fe1184,0,589.547198,510.508765,310.155925,221.927332,232.9559,209.060671,148.403588,117.15602,96.937013,93.26083,93.26083,89.584648
fe1184,60,71.203739,60.175196,80.394193,80.394193,43.632385,85.908466,56.499016,73.04183,85.908466,74.87992,47.308565,47.308565
fe1184,120,60.175196,58.337106,80.394193,58.337106,82.232284,54.660925,41.794295,45.470475,38.118115,71.203739,54.660925,52.822835
fe1184,180,58.337106,50.984745,45.470475,60.175196,43.632385,38.118115,38.118115,45.470475,36.280026,41.794295,60.175196,47.308565
fe1184,240,49.146655,49.146655,45.470475,67.527558,47.308565,63.851377,54.660925,38.118115,36.280026,43.632385,45.470475,49.146655
fe1184,300,39.956205,52.822835,41.794295,39.956205,39.956205,49.146655,36.280026,41.794295,52.822835,54.660925,67.527558,47.308565
fe1184,360,62.013287,36.280026,52.822835,52.822835,62.013287,49.146655,34.441936,43.632385,32.603846,41.794295,41.794295,67.527558
fe1184,420,39.956205,50.984745,43.632385,49.146655,39.956205,65.689467,28.927667,54.660925,41.794295,38.118115,54.660925,49.146655
fe1184,480,41.794295,50.984745,54.660925,39.956205,47.308565,32.603846,50.984745,28.927667,41.794295,41.794295,47.308565,60.175196
fe1184,540,49.146655,36.280026,62.013287,38.118115,41.794295,50.984745,54.660925,38.118115,49.146655,39.956205,49.146655,34.441936
fe1184,600,30.765757,54.660925,56.499016,39.956205,41.794295,62.013287,49.146655,36.280026,38.118115,49.146655,41.794295,32.603846
fe1184,660,43.632385,32.603846,38.118115,54.660925,43.632385,38.118115,56.499016,49.146655,62.013287,32.603846,28.927667,56.499016
fe1184,720,65.689467,36.280026,177.813076,41.794295,43.632385,28.927667,41.794295,45.470475,49.146655,34.441936,60.175196,50.984745
fe1184,780,54.660925,38.118115,60.175196,43.632385,38.118115,45.470475,41.794295,38.118115,43.632385,47.308565,56.499016,45.470475
fe1184,840,43.632385,49.146655,54.660925,39.956205,28.927667,54.660925,43.632385,49.146655,60.175196,49.146655,36.280026,36.280026
fe1184,900,43.632385,36.280026,39.956205,63.851377,32.603846,49.146655,41.794295,43.632385,45.470475,85.908466,45.470475,41.794295
fe1184,960,41.794295,36.280026,56.499016,56.499016,38.118115,69.365649,52.822835,41.794295,38.118115,49.146655,27.089578,41.794295
fe1184,1020,28.927667,45.470475,36.280026,27.089578,50.984745,39.956205,89.584648,41.794295,43.632385,32.603846,32.603846,50.984745
fe1184,1080,43.632385,36.280026,45.470475,36.280026,45.470475,47.308565,38.118115,41.794295,41.794295,38.118115,52.822835,45.470475
fe1184,1140,67.527558,71.203739,47.308565,45.470475,49.146655,56.499016,32.603846,43.632385,50.984745,45.470475,39.956205,58.337106
fe1184,1200,34.441936,41.794295,43.632385,49.146655,28.927667,43.632385,25.251488,39.956205,49.146655,34.441936,32.603846,32.603846
fe1184,1260,63.851377,34.441936,47.308565,32.603846,52.822835,43.632385,30.765757,32.603846,49.146655,39.956205,41.794295,39.956205
fe1184,1320,39.956205,34.441936,41.794295,38.118115,58.337106,41.794295,39.956205,30.765757,54.660925,36.280026,41.794295,56.499016
fe1184,1380,50.984745,47.308565,36.280026,45.470475,28.927667,50.984745,60.175196,28.927667,27.089578,27.089578,34.441936,36.280026
fe1184,1440,52.822835,39.956205,34.441936,52.822835,28.927667,27.089578,45.470475,65.689467,38.118115,43.632385,39.956205,34.441936
fe1184,1500,38.118115,38.118115,34.441936,49.146655,34.441936,39.956205,43.632385,30.765757,63.851377,32.603846,62.013287,50.984745
fe1184,1560,65.689467,36.280026,36.280026,28.927667,38.118115,45.470475,41.794295,50.984745,60.175196,45.470475,54.660925,27.089578
fe1184,1620,65.689467,65.689467,30.765757,41.794295,39.956205,39.956205,52.822835,52.822835,49.146655,38.118115,38.118115,45.470475
fe1184,1680,28.927667,34.441936,47.308565,45.470475,38.118115,34.441936,50.984745,30.765757,41.794295,47.308565,62.013287,56.499016
fe1184,1740,45.470475,25.251488,32.603846,47.308565,36.280026,45.470475,47.308565,38.118115,54.660925,30.765757,28.927667,39.956205
fe1184,1800,54.660925,67.527558,28.927667,36.280026,38.118115,41.794295,28.927667,49.146655,67.527558,41.794295,38.118115,34.441936
fe1184,1860,60.175196,52.822835,54.660925,28.927667,30.765757,32.603846,27.089578,43.632385,50.984745,38.118115,39.956205,34.441936
fe1184,1920,41.794295,38.118115,41.794295,49.146655,41.794295,47.308565,36.280026,49.146655,43.632385,41.794295,36.280026,41.794295
fe1184,1980,34.441936,54.660925,39.956205,47.308565,47.308565,38.118115,27.089578,38.118115,50.984745,47.308565,45.470475,43.632385
fe1184,2040,49.146655,39.956205,47.308565,30.765757,41.794295,49.146655,45.470475,34.441936,45.470475,41.794295,41.794295,52.822835
fe1184,2100,30.765757,47.308565,67.527558,50.984745,52.822835,32.603846,41.794295,52.822835,56.499016,39.956205,41.794295,45.470475
fe1184,2160,50.984745,43.632385,275.232094,41.794295,36.280026,36.280026,73.04183,30.765757,41.794295,36.280026,41.794295,56.499016
fe1184,2220,41.794295,28.927667,38.118115,45.470475,49.146655,43.632385,30.765757,49.146655,41.794295,43.632385,45.470475,41.794295
fe1184,2280,34.441936,45.470475,50.984745,36.280026,49.146655,41.794295,56.499016,30.765757,63.851377,36.280026,41.794295,36.280026
fe1184,2340,60.175196,34.441936,43.632385,56.499016,43.632385,36.280026,36.280026,62.013287,63.851377,47.308565,62.013287,60.175196
fe1184,2400,34.441936,39.956205,62.013287,30.765757,56.499016,41.794295,36.280026,50.984745,45.470475,41.794295,52.822835,43.632385
fe1184,2460,39.956205,34.441936,52.822835,50.984745,39.956205,28.927667,38.118115,54.660925,56.499016,39.956205,41.794295,38.118115
fe1184,2520,28.927667,62.013287,166.784517,36.280026,39.956205,36.280026,28.927667,38.118115,34.441936,36.280026,32.603846,43.632385
fe1184,2580,50.984745,45.470475,115.317928,45.470475,39.956205,43.632385,54.660925,36.280026,34.441936,45.470475,54.660925,43.632385
fe1184,2640,47.308565,39.956205,122.670296,32.603846,39.956205,39.956205,39.956205,34.441936,49.146655,32.603846,38.118115,43.632385
fe1184,2700,41.794295,47.308565,95.098921,49.146655,58.337106,39.956205,39.956205,30.765757,43.632385,36.280026,39.956205,39.956205
fe1184,2760,39.956205,52.822835,67.527558,34.441936,34.441936,34.441936,50.984745,74.87992,41.794295,41.794295,28.927667,62.013287
fe1184,2820,52.822835,54.660925,155.755959,45.470475,28.927667,36.280026,50.984745,30.765757,47.308565,45.470475,30.765757,89.584648
fe1184,2880,39.956205,28.927667,150.24168,50.984745,38.118115,58.337106,38.118115,30.765757,65.689467,32.603846,45.470475,45.470475
fe1184,2940,47.308565,36.280026,73.04183,34.441936,43.632385,36.280026,65.689467,52.822835,62.013287,63.851377,56.499016,52.822835
fe1213,0,696.157316,416.765622,304.641635,221.927332,209.060671,142.88931,128.184572,126.34648,95.098921,78.556102,100.613195,95.098921
fe1213,60,67.527558,62.013287,73.04183,63.851377,82.232284,69.365649,62.013287,78.556102,74.87992,58.337106,54.660925,49.146655
fe1213,120,76.718011,43.632385,65.689467,54.660925,56.499016,74.87992,47.308565,65.689467,47.308565,56.499016,56.499016,52.822835
fe1213,180,49.146655,58.337106,39.956205,34.441936,67.527558,56.499016,56.499016,41.794295,41.794295,58.337106,50.984745,50.984745
fe1213,240,58.337106,54.660925,39.956205,47.308565,56.499016,58.337106,47.308565,39.956205,38.118115,41.794295,32.603846,62.013287
fe1213,300,49.146655,43.632385,38.118115,47.308565,45.470475,49.146655,39.956205,39.956205,32.603846,36.280026,54.660925,39.956205
fe1213,360,34.441936,41.794295,52.822835,60.175196,41.794295,52.822835,67.527558,49.146655,43.632385,50.984745,34.441936,58.337106
fe1213,420,50.984745,74.87992,32.603846,32.603846,39.956205,49.146655,60.175196,58.337106,54.660925,49.146655,43.632385,49.146655
fe1213,480,56.499016,36.280026,38.118115,39.956205,41.794295,38.118115,54.660925,34.441936,36.280026,39.956205,43.632385,32.603846
fe1213,540,30.765757,34.441936,67.527558,36.280026,27.089578,52.822835,54.660925,34.441936,36.280026,47.308565,41.794295,34.441936
fe1213,600,45.470475,34.441936,49.146655,28.927667,50.984745,36.280026,38.118115,43.632385,34.441936,30.765757,43.632385,36.280026
fe1213,660,39.956205,28.927667,45.470475,34.441936,63.851377,39.956205,36.280026,39.956205,50.984745,34.441936,43.632385,27.089578
fe1213,720,34.441936,41.794295,65.689467,28.927667,49.146655,39.956205,27.089578,43.632385,38.118115,32.603846,43.632385,32.603846
fe1213,780,36.280026,45.470475,49.146655,39.956205,39.956205,41.794295,39.956205,41.794295,50.984745,41.794295,56.499016,41.794295
fe1213,840,39.956205,23.413399,30.765757,32.603846,28.927667,41.794295,28.927667,32.603846,27.089578,28.927667,28.927667,47.308565
fe1213,900,36.280026,45.470475,36.280026,47.308565,41.794295,34.441936,38.118115,60.175196,38.118115,60.175196,47.308565,30.765757
fe1213,960,62.013287,30.765757,41.794295,47.308565,38.118115,32.603846,39.956205,50.984745,34.441936,52.822835,56.499016,52.822835
fe1213,1020,60.175196,47.308565,45.470475,36.280026,34.441936,43.632385,34.441936,27.089578,49.146655,32.603846,52.822835,34.441936
fe1213,1080,49.146655,34.441936,50.984745,36.280026,36.280026,50.984745,38.118115,38.118115,41.794295,47.308565,43.632385,25.251488
fe1213,1140,38.118115,45.470475,36.280026,30.765757,34.441936,62.013287,36.280026,45.470475,58.337106,43.632385,43.632385,49.146655
fe1213,1200,30.765757,41.794295,43.632385,39.956205,43.632385,45.470475,23.413399,30.765757,36.280026,45.470475,41.794295,30.765757
fe1213,1260,50.984745,41.794295,27.089578,56.499016,49.146655,41.794295,47.308565,32.603846,36.280026,41.794295,43.632385,49.146655
fe1213,1320,34.441936,52.822835,43.632385,27.089578,52.822835,58.337106,45.470475,45.470475,45.470475,41.794295,39.956205,49.146655
fe1213,1380,58.337106,50.984745,25.251488,41.794295,25.251488,56.499016,41.794295,36.280026,47.308565,43.632385,43.632385,41.794295
fe1213,1440,30.765757,62.013287,23.413399,30.765757,38.118115,38.118115,52.822835,50.984745,56.499016,63.851377,56.499016,49.146655
fe1213,1500,39.956205,34.441936,39.956205,45.470475,39.956205,62.013287,56.499016,38.118115,58.337106,45.470475,41.794295,36.280026
fe1213,1560,62.013287,52.822835,32.603846,32.603846,41.794295,34.441936,41.794295,34.441936,47.308565,30.765757,41.794295,39.956205
fe1213,1620,45.470475,56.499016,28.927667,28.927667,38.118115,23.413399,32.603846,27.089578,30.765757,39.956205,39.956205,74.87992
fe1213,1680,50.984745,45.470475,54.660925,50.984745,47.308565,30.765757,28.927667,39.956205,38.118115,32.603846,41.794295,43.632385
fe1213,1740,49.146655,25.251488,34.441936,36.280026,41.794295,30.765757,30.765757,43.632385,32.603846,25.251488,47.308565,41.794295
fe1213,1800,34.441936,41.794295,34.441936,52.822835,34.441936,49.146655,34.441936,30.765757,45.470475,41.794295,38.118115,49.146655
fe1213,1860,38.118115,41.794295,28.927667,34.441936,45.470475,32.603846,52.822835,41.794295,54.660925,38.118115,54.660925,30.765757
fe1213,1920,43.632385,41.794295,84.070375,47.308565,49.146655,36.280026,56.499016,32.603846,34.441936,60.175196,43.632385,52.822835
fe1213,1980,39.956205,54.660925,49.146655,38.118115,27.089578,45.470475,36.280026,50.984745,39.956205,43.632385,34.441936,27.089578
fe1213,2040,32.603846,27.089578,50.984745,39.956205,39.956205,23.413399,49.146655,38.118115,71.203739,34.441936,58.337106,36.280026
fe1213,2100,52.822835,36.280026,34.441936,43.632385,38.118115,41.794295,32.603846,52.822835,52.822835,47.308565,50.984745,36.280026
fe1213,2160,36.280026,39.956205,32.603846,60.175196,56.499016,36.280026,52.822835,52.822835,39.956205,41.794295,43.632385,50.984745
fe1213,2220,45.470475,45.470475,47.308565,39.956205,41.794295,49.146655,54.660925,36.280026,56.499016,50.984745,41.794295,34.441936
fe1213,2280,27.089578,73.04183,32.603846,74.87992,52.822835,43.632385,27.089578,41.794295,47.308565,27.089578,39.956205,34.441936
fe1213,2340,39.956205,49.146655,36.280026,27.089578,30.765757,41.794295,41.794295,58.337106,32.603846,27.089578,32.603846,45.470475
fe1213,2400,52.822835,50.984745,41.794295,45.470475,45.470475,32.603846,41.794295,52.822835,56.499016,34.441936,39.956205,38.118115
fe1213,2460,32.603846,45.470475,56.499016,52.822835,41.794295,38.118115,36.280026,54.660925,36.280026,41.794295,38.118115,36.280026
fe1213,2520,56.499016,43.632385,65.689467,36.280026,43.632385,49.146655,58.337106,43.632385,30.765757,39.956205,50.984745,43.632385
fe1213,2580,38.118115,52.822835,36.280026,36.280026,52.822835,34.441936,47.308565,43.632385,32.603846,47.308565,54.660925,34.441936
fe1213,2640,43.632385,62.013287,38.118115,25.251488,58.337106,52.822835,65.689467,41.794295,30.765757,38.118115,34.441936,32.603846
fe1213,2700,36.280026,45.470475,23.413399,41.794295,43.632385,38.118115,27.089578,56.499016,54.660925,45.470475,52.822835,25.251488
fe1213,2760,52.822835,39.956205,36.280026,45.470475,39.956205,60.175196,34.441936,36.280026,30.765757,32.603846,27.089578,47.308565
fe1213,2820,34.441936,41.794295,47.308565,58.337106,36.280026,39.956205,32.603846,39.956205,43.632385,34.441936,30.765757,45.470475
fe1213,2880,34.441936,49.146655,41.794295,49.146655,27.089578,56.499016,52.822835,43.632385,39.956205,49.146655,41.794295,36.280026
fe1213,2940,39.956205,39.956205,30.765757,45.470475,39.956205,34.441936,41.794295,41.794295,76.718011,34.441936,50.984745,41.794295
fe1471,0,607.928241,359.784557,323.022604,236.63209,135.536941,150.24168,107.965561,144.727403,100.613195,100.613195,128.184572,96.937013
fe1471,60,62.013287,78.556102,67.527558,78.556102,47.308565,93.26083,50.984745,52.822835,58.337106,60.175196,69.365649,49.146655
fe1471,120,62.013287,69.365649,60.175196,73.04183,47.308565,41.794295,47.308565,56.499016,67.527558,54.660925,69.365649,41.794295
fe1471,180,69.365649,39.956205,60.175196,60.175196,58.337106,78.556102,47.308565,39.956205,50.984745,36.280026,54.660925,58.337106
fe1471,240,45.470475,38.118115,50.984745,41.794295,34.441936,62.013287,41.794295,38.118115,62.013287,36.280026,52.822835,28.927667
fe1471,300,56.499016,60.175196,39.956205,49.146655,43.632385,54.660925,45.470475,52.822835,62.013287,56.499016,41.794295,36.280026
fe1471,360,60.175196,45.470475,38.118115,52.822835,36.280026,52.822835,41.794295,49.146655,41.794295,58.337106,36.280026,36.280026
fe1471,420,34.441936,41.794295,60.175196,38.118115,63.851377,50.984745,39.956205,47.308565,39.956205,34.441936,47.308565,47.308565
fe1471,480,56.499016,54.660925,38.118115,67.527558,62.013287,49.146655,52.822835,50.984745,30.765757,39.956205,32.603846,43.632385
fe1471,540,41.794295,43.632385,63.851377,27.089578,41.794295,39.956205,50.984745,43.632385,52.822835,47.308565,41.794295,38.118115
fe1471,600,45.470475,39.956205,36.280026,50.984745,38.118115,41.794295,45.470475,39.956205,30.765757,25.251488,28.927667,34.441936
fe1471,660,47.308565,34.441936,47.308565,45.470475,49.146655,32.603846,52.822835,49.146655,38.118115,58.337106,41.794295,52.822835
fe1471,720,45.470475,41.794295,45.470475,43.632385,38.118115,45.470475,43.632385,38.118115,43.632385,39.956205,36.280026,43.632385
fe1471,780,54.660925,38.118115,45.470475,50.984745,28.927667,36.280026,39.956205,49.146655,36.280026,47.308565,36.280026,34.441936
fe1471,840,43.632385,34.441936,45.470475,28.927667,65.689467,34.441936,32.603846,45.470475,43.632385,41.794295,34.441936,50.984745
fe1471,900,32.603846,39.956205,36.280026,38.118115,32.603846,52.822835,43.632385,41.794295,30.765757,41.794295,32.603846,45.470475
fe1471,960,54.660925,30.765757,54.660925,43.632385,43.632385,45.470475,52.822835,34.441936,50.984745,49.146655,43.632385,34.441936
fe1471,1020,50.984745,38.118115,36.280026,38.118115,38.118115,63.851377,30.765757,47.308565,52.822835,28.927667,28.927667,30.765757
fe1471,1080,45.470475,54.660925,27.089578,38.118115,67.527558,52.822835,36.280026,56.499016,41.794295,30.765757,41.794295,34.441936
fe1471,1140,39.956205,41.794295,43.632385,30.765757,43.632385,43.632385,41.794295,36.280026,43.632385,47.308565,60.175196,63.851377
fe1471,1200,47.308565,47.308565,47.308565,30.765757,52.822835,41.794295,54.660925,65.689467,36.280026,34.441936,50.984745,34.441936
fe1471,1260,63.851377,54.660925,49.146655,36.280026,58.337106,30.765757,41.794295,47.308565,43.632385,47.308565,38.118115,71.203739
fe1471,1320,74.87992,73.04183,36.280026,36.280026,49.146655,41.794295,47.308565,34.441936,39.956205,36.280026,41.794295,45.470475
fe1471,1380,67.527558,36.280026,65.689467,41.794295,34.441936,52.822835,39.956205,38.118115,49.146655,52.822835,50.984745,43.632385
fe1471,1440,41.794295,36.280026,45.470475,47.308565,41.794295,36.280026,67.527558,62.013287,69.365649,38.118115,38.118115,41.794295
fe1471,1500,60.175196,56.499016,50.984745,34.441936,34.441936,27.089578,23.413399,50.984745,45.470475,34.441936,36.280026,34.441936
fe1471,1560,38.118115,36.280026,52.822835,38.118115,41.794295,47.308565,41.794295,49.146655,111.641745,49.146655,45.470475,30.765757
fe1471,1620,39.956205,41.794295,36.280026,32.603846,78.556102,56.499016,50.984745,32.603846,36.280026,45.470475,36.280026,41.794295
fe1471,1680,54.660925,45.470475,41.794295,32.603846,39.956205,52.822835,52.822835,34.441936,56.499016,65.689467,45.470475,71.203739
fe1471,1740,54.660925,34.441936,56.499016,34.441936,41.794295,27.089578,39.956205,41.794295,36.280026,50.984745,30.765757,34.441936
fe1471,1800,43.632385,32.603846,45.470475,52.822835,34.441936,45.470475,36.280026,56.499016,43.632385,36.280026,38.118115,32.603846
fe1471,1860,52.822835,28.927667,45.470475,49.146655,36.280026,39.956205,38.118115,50.984745,32.603846,41.794295,43.632385,47.308565
fe1471,1920,62.013287,28.927667,30.765757,43.632385,96.937013,36.280026,41.794295,49.146655,34.441936,32.603846,30.765757,36.280026
fe1471,1980,54.660925,39.956205,30.765757,28.927667,32.603846,45.470475,36.280026,34.441936,49.146655,56.499016,47.308565,39.956205
fe1471,2040,60.175196,60.175196,28.927667,47.308565,32.603846,45.470475,49.146655,25.251488,34.441936,34.441936,43.632385,60.175196
fe1471,2100,28.927667,52.822835,28.927667,27.089578,39.956205,32.603846,47.308565,27.089578,58.337106,41.794295,28.927667,41.794295
fe1471,2160,54.660925,30.765757,34.441936,58.337106,32.603846,39.956205,38.118115,28.927667,38.118115,36.280026,30.765757,38.118115
fe1471,2220,69.365649,38.118115,43.632385,45.470475,62.013287,63.851377,49.146655,47.308565,38.118115,39.956205,28.927667,36.280026
fe1471,2280,65.689467,67.527558,32.603846,49.146655,30.765757,41.794295,41.794295,39.956205,39.956205,65.689467,36.280026,34.441936
fe1471,2340,36.280026,39.956205,45.470475,30.765757,47.308565,34.441936,54.660925,65.689467,39.956205,38.118115,25.251488,45.470475
fe1471,2400,82.232284,36.280026,54.660925,43.632385,30.765757,38.118115,38.118115,41.794295,41.794295,36.280026,39.956205,38.118115
fe1471,2460,54.660925,34.441936,36.280026,30.765757,47.308565,34.441936,49.146655,34.441936,38.118115,43.632385,41.794295,54.660925
fe1471,2520,32.603846,45.470475,27.089578,28.927667,30.765757,45.470475,36.280026,41.794295,34.441936,34.441936,45.470475,41.794295
fe1471,2580,76.718011,56.499016,39.956205,27.089578,58.337106,45.470475,47.308565,60.175196,43.632385,28.927667,47.308565,30.765757
fe1471,2640,47.308565,28.927667,34.441936,45.470475,84.070375,50.984745,45.470475,63.851377,30.765757,47.308565,41.794295,36.280026
fe1471,2700,84.070375,38.118115,32.603846,60.175196,69.365649,43.632385,58.337106,56.499016,43.632385,43.632385,54.660925,52.822835
fe1471,2760,96.937013,80.394193,30.765757,32.603846,49.146655,27.089578,32.603846,43.632385,43.632385,36.280026,38.118115,36.280026
fe1471,2820,67.527558,47.308565,39.956205,47.308565,54.660925,41.794295,63.851377,49.146655,34.441936,50.984745,39.956205,58.337106
fe1471,2880,223.765426,34.441936,28.927667,39.956205,41.794295,38.118115,43.632385,28.927667,56.499016,41.794295,36.280026,52.822835
fe1471,2940,80.394193,32.603846,41.794295,58.337106,41.794295,43.632385,28.927667,41.794295,43.632385,65.689467,39.956205,41.794295
fe1544,0,512.346867,403.898926,300.965441,223.765426,181.489263,107.965561,128.184572,122.670296,118.994112,104.289378,85.908466,107.965561
fe1544,60,67.527558,43.632385,69.365649,84.070375,56.499016,50.984745,63.851377,69.365649,49.146655,62.013287,63.851377,58.337106
fe1544,120,50.984745,52.822835,54.660925,56.499016,47.308565,56.499016,45.470475,50.984745,47.308565,69.365649,43.632385,56.499016
fe1544,180,50.984745,52.822835,49.146655,45.470475,52.822835,27.089578,43.632385,50.984745,39.956205,65.689467,71.203739,54.660925
fe1544,240,52.822835,38.118115,45.470475,49.146655,49.146655,85.908466,41.794295,67.527558,47.308565,36.280026,63.851377,43.632385
fe1544,300,45.470475,34.441936,73.04183,56.499016,50.984745,45.470475,34.441936,43.632385,39.956205,49.146655,30.765757,67.527558
fe1544,360,58.337106,50.984745,36.280026,47.308565,43.632385,28.927667,39.956205,39.956205,34.441936,38.118115,38.118115,49.146655
fe1544,420,41.794295,39.956205,43.632385,32.603846,50.984745,50.984745,45.470475,38.118115,43.632385,60.175196,50.984745,30.765757
fe1544,480,28.927667,50.984745,62.013287,38.118115,39.956205,41.794295,54.660925,41.794295,54.660925,36.280026,60.175196,32.603846
fe1544,540,43.632385,36.280026,32.603846,39.956205,36.280026,45.470475,65.689467,60.175196,34.441936,27.089578,36.280026,36.280026
fe1544,600,38.118115,34.441936,50.984745,34.441936,36.280026,41.794295,36.280026,38.118115,38.118115,36.280026,39.956205,62.013287
fe1544,660,49.146655,43.632385,41.794295,45.470475,58.337106,30.765757,49.146655,34.441936,36.280026,50.984745,56.499016,36.280026
fe1544,720,45.470475,115.317928,39.956205,30.765757,39.956205,38.118115,47.308565,39.956205,62.013287,54.660925,25.251488,58.337106
fe1544,780,50.984745,52.822835,54.660925,45.470475,41.794295,45.470475,41.794295,30.765757,49.146655,49.146655,41.794295,47.308565
fe1544,840,45.470475,60.175196,34.441936,43.632385,45.470475,49.146655,58.337106,43.632385,58.337106,23.413399,56.499016,38.118115
fe1544,900,54.660925,38.118115,30.765757,45.470475,27.089578,62.013287,60.175196,41.794295,34.441936,45.470475,30.765757,41.794295
fe1544,960,39.956205,34.441936,41.794295,47.308565,36.280026,30.765757,45.470475,45.470475,41.794295,38.118115,50.984745,34.441936
fe1544,1020,45.470475,36.280026,49.146655,28.927667,47.308565,38.118115,60.175196,45.470475,56.499016,39.956205,36.280026,30.765757
fe1544,1080,41.794295,39.956205,32.603846,27.089578,67.527558,60.175196,43.632385,39.956205,28.927667,47.308565,43.632385,45.470475
fe1544,1140,36.280026,76.718011,38.118115,49.146655,27.089578,43.632385,41.794295,49.146655,32.603846,43.632385,39.956205,38.118115
fe1544,1200,38.118115,39.956205,43.632385,41.794295,28.927667,47.308565,49.146655,49.146655,38.118115,32.603846,43.632385,45.470475
fe1544,1260,52.822835,41.794295,47.308565,36.280026,38.118115,76.718011,39.956205,39.956205,32.603846,27.089578,38.118115,43.632385
fe1544,1320,36.280026,78.556102,41.794295,28.927667,43.632385,50.984745,38.118115,56.499016,47.308565,36.280026,47.308565,45.470475
fe1544,1380,32.603846,28.927667,41.794295,50.984745,58.337106,49.146655,49.146655,47.308565,43.632385,62.013287,28.927667,32.603846
fe1544,1440,43.632385,43.632385,28.927667,36.280026,47.308565,34.441936,36.280026,47.308565,36.280026,39.956205,52.822835,41.794295
fe1544,1500,41.794295,69.365649,36.280026,49.146655,54.660925,65.689467,41.794295,60.175196,47.308565,41.794295,38.118115,60.175196
fe1544,1560,45.470475,49.146655,39.956205,45.470475,30.765757,65.689467,34.441936,38.118115,36.280026,47.308565,41.794295,43.632385
fe1544,1620,54.660925,54.660925,54.660925,54.660925,47.308565,60.175196,38.118115,41.794295,39.956205,34.441936,23.413399,47.308565
fe1544,1680,43.632385,47.308565,36.280026,49.146655,36.280026,34.441936,45.470475,58.337106,43.632385,38.118115,50.984745,38.118115
fe1544,1740,56.499016,45.470475,63.851377,43.632385,30.765757,56.499016,56.499016,50.984745,45.470475,39.956205,38.118115,41.794295
fe1544,1800,41.794295,69.365649,38.118115,38.118115,34.441936,50.984745,34.441936,30.765757,30.765757,38.118115,41.794295,54.660925
fe1544,1860,58.337106,39.956205,41.794295,47.308565,52.822835,56.499016,25.251488,30.765757,45.470475,41.794295,32.603846,27.089578
fe1544,1920,50.984745,54.660925,38.118115,38.118115,34.441936,43.632385,32.603846,39.956205,50.984745,50.984745,39.956205,30.765757
fe1544,1980,50.984745,25.251488,36.280026,36.280026,56.499016,41.794295,38.118115,38.118115,43.632385,39.956205,30.765757,28.927667
fe1544,2040,39.956205,41.794295,38.118115,56.499016,43.632385,54.660925,49.146655,54.660925,39.956205,49.146655,34.441936,65.689467
fe1544,2100,41.794295,56.499016,32.603846,56.499016,43.632385,38.118115,34.441936,32.603846,45.470475,49.146655,45.470475,45.470475
fe1544,2160,41.794295,47.308565,58.337106,28.927667,65.689467,65.689467,32.603846,38.118115,47.308565,28.927667,34.441936,47.308565
fe1544,2220,41.794295,56.499016,38.118115,28.927667,32.603846,39.956205,60.175196,50.984745,49.146655,32.603846,38.118115,30.765757
fe1544,2280,43.632385,58.337106,63.851377,41.794295,45.470475,54.660925,34.441936,41.794295,39.956205,47.308565,39.956205,38.118115
fe1544,2340,58.337106,50.984745,50.984745,49.146655,71.203739,56.499016,60.175196,39.956205,45.470475,30.765757,30.765757,41.794295
fe1544,2400,39.956205,56.499016,39.956205,32.603846,36.280026,36.280026,38.118115,47.308565,56.499016,34.441936,43.632385,39.956205
fe1544,2460,39.956205,45.470475,45.470475,39.956205,84.070375,30.765757,50.984745,38.118115,41.794295,47.308565,32.603846,67.527558
fe1544,2520,50.984745,50.984745,30.765757,52.822835,45.470475,36.280026,30.765757,49.146655,38.118115,30.765757,41.794295,50.984745
fe1544,2580,62.013287,45.470475,27.089578,43.632385,36.280026,47.308565,43.632385,41.794295,36.280026,62.013287,38.118115,34.441936
fe1544,2640,36.280026,45.470475,45.470475,47.308565,32.603846,39.956205,45.470475,34.441936,28.927667,27.089578,27.089578,30.765757
fe1544,2700,102.451287,73.04183,54.660925,34.441936,54.660925,39.956205,41.794295,30.765757,41.794295,39.956205,41.794295,45.470475
fe1544,2760,47.308565,58.337106,28.927667,47.308565,45.470475,50.984745,49.146655,38.118115,41.794295,39.956205,62.013287,38.118115
fe1544,2820,45.470475,50.984745,45.470475,50.984745,32.603846,43.632385,52.822835,41.794295,56.499016,36.280026,49.146655,58.337106
fe1544,2880,45.470475,43.632385,36.280026,32.603846,30.765757,87.746557,34.441936,54.660925,38.118115,28.927667,41.794295,30.765757
fe1544,2940,50.984745,43.632385,41.794295,63.851377,56.499016,32.603846,47.308565,73.04183,23.413399,43.632385,30.765757,39.956205
fe166,0,1199.800396,378.165541,249.498755,201.708294,142.88931,150.24168,124.508388,104.289378,106.12747,117.15602,100.613195,69.365649
fe166,60,690.642996,71.203739,80.394193,74.87992,95.098921,69.365649,74.87992,58.337106,56.499016,71.203739,76.718011,76.718011
fe166,120,528.889788,67.527558,73.04183,63.851377,43.632385,41.794295,62.013287,78.556102,36.280026,49.146655,38.118115,62.013287
fe166,180,462.718128,74.87992,54.660925,39.956205,58.337106,50.984745,52.822835,54.660925,49.146655,47.308565,60.175196,63.851377
fe166,240,357.946459,62.013287,45.470475,27.089578,58.337106,49.146655,34.441936,45.470475,36.280026,32.603846,45.470475,56.499016
fe166,300,416.765622,56.499016,50.984745,43.632385,38.118115,32.603846,54.660925,45.470475,32.603846,49.146655,41.794295,63.851377
fe166,360,269.717806,50.984745,41.794295,58.337106,41.794295,52.822835,38.118115,56.499016,50.984745,30.765757,73.04183,45.470475
fe166,420,304.641635,62.013287,58.337106,30.765757,39.956205,62.013287,62.013287,34.441936,34.441936,71.203739,27.089578,47.308565
fe166,480,221.927332,49.146655,39.956205,38.118115,36.280026,34.441936,52.822835,47.308565,41.794295,47.308565,34.441936,28.927667
fe166,540,262.365423,52.822835,39.956205,52.822835,28.927667,38.118115,32.603846,45.470475,38.118115,62.013287,27.089578,32.603846
fe166,600,210.898765,47.308565,47.308565,60.175196,41.794295,39.956205,36.280026,39.956205,36.280026,45.470475,45.470475,38.118115
fe166,660,175.974983,34.441936,142.88931,60.175196,41.794295,41.794295,32.603846,54.660925,67.527558,32.603846,28.927667,49.146655
fe166,720,183.327357,41.794295,43.632385,36.280026,39.956205,38.118115,56.499016,34.441936,36.280026,39.956205,30.765757,36.280026
fe166,780,185.16545,45.470475,45.470475,54.660925,43.632385,27.089578,41.794295,45.470475,41.794295,43.632385,39.956205,54.660925
fe166,840,214.574954,36.280026,34.441936,45.470475,38.118115,89.584648,65.689467,32.603846,45.470475,54.660925,49.146655,47.308565
fe166,900,146.565495,47.308565,27.089578,36.280026,50.984745,54.660925,41.794295,52.822835,52.822835,50.984745,49.146655,50.984745
fe166,960,130.022664,41.794295,54.660925,43.632385,45.470475,43.632385,74.87992,25.251488,47.308565,28.927667,30.765757,49.146655
fe166,1020,155.755959,41.794295,25.251488,39.956205,47.308565,36.280026,36.280026,39.956205,47.308565,34.441936,39.956205,65.689467
fe166,1080,120.832204,41.794295,50.984745,52.822835,38.118115,58.337106,38.118115,43.632385,27.089578,50.984745,38.118115,74.87992
fe166,1140,187.003544,41.794295,43.632385,38.118115,63.851377,38.118115,52.822835,39.956205,36.280026,43.632385,54.660925,45.470475
fe166,1200,135.536941,45.470475,45.470475,47.308565,39.956205,45.470475,50.984745,52.822835,39.956205,41.794295,36.280026,47.308565
fe166,1260,107.965561,47.308565,36.280026,39.956205,54.660925,32.603846,49.146655,67.527558,39.956205,41.794295,49.146655,39.956205
fe166,1320,120.832204,34.441936,43.632385,39.956205,45.470475,36.280026,58.337106,38.118115,38.118115,47.308565,47.308565,50.984745
fe166,1380,126.34648,49.146655,39.956205,54.660925,49.146655,38.118115,93.26083,39.956205,38.118115,62.013287,45.470475,49.146655
fe166,1440,135.536941,34.441936,39.956205,56.499016,41.794295,36.280026,34.441936,49.146655,34.441936,23.413399,50.984745,30.765757
fe166,1500,106.12747,54.660925,32.603846,41.794295,45.470475,52.822835,41.794295,63.851377,28.927667,45.470475,32.603846,43.632385
fe166,1560,102.451287,43.632385,38.118115,58.337106,47.308565,25.251488,34.441936,47.308565,25.251488,30.765757,32.603846,39.956205
fe166,1620,84.070375,36.280026,47.308565,39.956205,30.765757,39.956205,32.603846,41.794295,41.794295,32.603846,30.765757,47.308565
fe166,1680,95.098921,43.632385,28.927667,30.765757,58.337106,54.660925,47.308565,49.146655,28.927667,41.794295,38.118115,32.603846
fe166,1740,74.87992,36.280026,38.118115,39.956205,50.984745,43.632385,36.280026,39.956205,27.089578,43.632385,45.470475,32.603846
fe166,1800,98.775104,30.765757,34.441936,78.556102,34.441936,43.632385,39.956205,43.632385,28.927667,36.280026,30.765757,34.441936
fe166,1860,82.232284,41.794295,36.280026,27.089578,39.956205,41.794295,30.765757,30.765757,50.984745,41.794295,39.956205,25.251488
fe166,1920,82.232284,49.146655,56.499016,36.280026,34.441936,36.280026,30.765757,38.118115,41.794295,30.765757,43.632385,30.765757
fe166,1980,63.851377,47.308565,28.927667,58.337106,45.470475,50.984745,41.794295,41.794295,34.441936,30.765757,41.794295,47.308565
fe166,2040,95.098921,49.146655,38.118115,36.280026,32.603846,52.822835,30.765757,45.470475,38.118115,49.146655,41.794295,38.118115
fe166,2100,87.746557,52.822835,52.822835,43.632385,62.013287,32.603846,56.499016,45.470475,39.956205,30.765757,39.956205,39.956205
fe166,2160,96.937013,41.794295,62.013287,32.603846,49.146655,30.765757,62.013287,36.280026,39.956205,80.394193,60.175196,52.822835
fe166,2220,82.232284,60.175196,47.308565,45.470475,47.308565,43.632385,39.956205,58.337106,34.441936,52.822835,49.146655,47.308565
fe166,2280,91.422739,47.308565,67.527558,52.822835,71.203739,32.603846,60.175196,58.337106,52.822835,38.118115,52.822835,43.632385
fe166,2340,78.556102,39.956205,49.146655,38.118115,39.956205,30.765757,41.794295,39.956205,47.308565,49.146655,41.794295,49.146655
fe166,2400,60.175196,49.146655,50.984745,58.337106,58.337106,28.927667,39.956205,43.632385,47.308565,36.280026,41.794295,36.280026
fe166,2460,104.289378,71.203739,27.089578,34.441936,36.280026,36.280026,54.660925,34.441936,27.089578,39.956205,71.203739,28.927667
fe166,2520,62.013287,69.365649,50.984745,52.822835,47.308565,45.470475,45.470475,62.013287,36.280026,36.280026,23.413399,41.794295
fe166,2580,91.422739,65.689467,41.794295,32.603846,52.822835,28.927667,30.765757,36.280026,41.794295,50.984745,41.794295,41.794295
fe166,2640,91.422739,45.470475,38.118115,28.927667,56.499016,65.689467,43.632385,43.632385,28.927667,32.603846,52.822835,34.441936
fe166,2700,63.851377,58.337106,34.441936,43.632385,50.984745,58.337106,49.146655,58.337106,36.280026,52.822835,65.689467,60.175196
fe166,2760,82.232284,36.280026,50.984745,43.632385,28.927667,45.470475,36.280026,65.689467,38.118115,50.984745,41.794295,47.308565
fe166,2820,76.718011,34.441936,43.632385,47.308565,39.956205,47.308565,41.794295,36.280026,54.660925,47.308565,39.956205,41.794295
fe166,2880,60.175196,58.337106,50.984745,52.822835,60.175196,30.765757,45.470475,41.794295,38.118115,43.632385,32.603846,36.280026
fe166,2940,62.013287,32.603846,52.822835,34.441936,39.956205,41.794295,38.118115,78.556102,41.794295,69.365649,38.118115,52.822835
fe17,0,664.909506,295.451152,264.203519,238.470185,174.136889,135.536941,144.727403,98.775104,84.070375,76.718011,104.289378,76.718011
fe17,60,73.04183,71.203739,62.013287,93.26083,62.013287,54.660925,80.394193,146.565495,45.470475,52.822835,58.337106,76.718011
fe17,120,63.851377,54.660925,30.765757,39.956205,56.499016,41.794295,60.175196,39.956205,36.280026,38.118115,67.527558,54.660925
fe17,180,38.118115,45.470475,69.365649,45.470475,58.337106,49.146655,52.822835,41.794295,28.927667,34.441936,41.794295,41.794295
fe17,240,56.499016,62.013287,49.146655,39.956205,45.470475,50.984745,32.603846,47.308565,34.441936,47.308565,50.984745,36.280026
fe17,300,30.765757,62.013287,50.984745,45.470475,38.118115,34.441936,28.927667,58.337106,41.794295,41.794295,34.441936,36.280026
fe17,360,47.308565,32.603846,47.308565,50.984745,45.470475,52.822835,41.794295,32.603846,49.146655,50.984745,45.470475,52.822835
fe17,420,54.660925,30.765757,39.956205,32.603846,62.013287,41.794295,49.146655,47.308565,38.118115,43.632385,60.175196,47.308565
fe17,480,27.089578,47.308565,43.632385,50.984745,58.337106,39.956205,49.146655,41.794295,41.794295,39.956205,32.603846,60.175196
fe17,540,39.956205,30.765757,45.470475,28.927667,49.146655,58.337106,43.632385,41.794295,47.308565,38.118115,45.470475,43.632385
fe17,600,36.280026,38.118115,52.822835,38.118115,47.308565,25.251488,60.175196,30.765757,38.118115,32.603846,67.527558,52.822835
fe17,660,62.013287,50.984745,34.441936,49.146655,43.632385,39.956205,39.956205,25.251488,52.822835,43.632385,32.603846,38.118115
fe17,720,63.851377,38.118115,45.470475,32.603846,34.441936,47.308565,63.851377,43.632385,28.927667,36.280026,30.765757,45.470475
fe17,780,43.632385,47.308565,34.441936,39.956205,36.280026,34.441936,62.013287,38.118115,34.441936,45.470475,43.632385,45.470475
fe17,840,41.794295,39.956205,39.956205,30.765757,30.765757,38.118115,50.984745,62.013287,49.146655,39.956205,34.441936,27.089578
fe17,900,54.660925,30.765757,45.470475,43.632385,30.765757,32.603846,45.470475,71.203739,30.765757,49.146655,36.280026,47.308565
fe17,960,54.660925,45.470475,28.927667,45.470475,62.013287,122.670296,39.956205,36.280026,56.499016,56.499016,30.765757,54.660925
fe17,1020,39.956205,49.146655,45.470475,50.984745,52.822835,78.556102,32.603846,50.984745,80.394193,45.470475,52.822835,54.660925
fe17,1080,32.603846,32.603846,56.499016,39.956205,45.470475,45.470475,56.499016,38.118115,56.499016,49.146655,41.794295,38.118115
fe17,1140,32.603846,34.441936,28.927667,38.118115,25.251488,41.794295,45.470475,71.203739,43.632385,38.118115,43.632385,28.927667
fe17,1200,50.984745,49.146655,52.822835,41.794295,41.794295,30.765757,27.089578,38.118115,43.632385,43.632385,34.441936,47.308565
fe17,1260,50.984745,34.441936,28.927667,45.470475,34.441936,52.822835,60.175196,43.632385,34.441936,56.499016,41.794295,49.146655
fe17,1320,54.660925,38.118115,32.603846,45.470475,54.660925,32.603846,47.308565,52.822835,60.175196,60.175196,45.470475,41.794295
fe17,1380,43.632385,38.118115,39.956205,36.280026,36.280026,50.984745,45.470475,38.118115,43.632385,39.956205,56.499016,36.280026
fe17,1440,47.308565,39.956205,38.118115,43.632385,41.794295,45.470475,56.499016,30.765757,62.013287,56.499016,39.956205,32.603846
fe17,1500,47.308565,45.470475,38.118115,36.280026,41.794295,47.308565,49.146655,34.441936,38.118115,28.927667,49.146655,27.089578
fe17,1560,49.146655,30.765757,43.632385,32.603846,32.603846,32.603846,63.851377,39.956205,39.956205,38.118115,47.308565,39.956205
fe17,1620,27.089578,34.441936,38.118115,38.118115,43.632385,47.308565,62.013287,38.118115,30.765757,43.632385,32.603846,39.956205
fe17,1680,27.089578,43.632385,47.308565,28.927667,49.146655,38.118115,39.956205,62.013287,36.280026,43.632385,41.794295,38.118115
fe17,1740,49.146655,60.175196,27.089578,43.632385,32.603846,38.118115,50.984745,36.280026,43.632385,34.441936,49.146655,56.499016
fe17,1800,27.089578,47.308565,52.822835,32.603846,39.956205,47.308565,52.822835,56.499016,34.441936,52.822835,49.146655,47.308565
fe17,1860,36.280026,54.660925,25.251488,27.089578,43.632385,52.822835,54.660925,41.794295,85.908466,34.441936,38.118115,47.308565
fe17,1920,52.822835,43.632385,34.441936,32.603846,30.765757,41.794295,38.118115,47.308565,45.470475,60.175196,28.927667,49.146655
fe17,1980,28.927667,45.470475,43.632385,54.660925,36.280026,30.765757,38.118115,39.956205,36.280026,30.765757,38.118115,39.956205
fe17,2040,39.956205,63.851377,39.956205,41.794295,76.718011,54.660925,41.794295,54.660925,39.956205,52.822835,50.984745,39.956205
fe17,2100,36.280026,36.280026,30.765757,34.441936,54.660925,54.660925,30.765757,28.927667,28.927667,34.441936,30.765757,52.822835
fe17,2160,41.794295,50.984745,28.927667,34.441936,38.118115,47.308565,47.308565,30.765757,43.632385,36.280026,50.984745,62.013287
fe17,2220,43.632385,49.146655,124.508388,39.956205,43.632385,54.660925,73.04183,60.175196,39.956205,52.822835,39.956205,54.660925
fe17,2280,50.984745,67.527558,52.822835,23.413399,58.337106,34.441936,54.660925,54.660925,67.527558,25.251488,45.470475,36.280026
fe17,2340,34.441936,28.927667,56.499016,47.308565,41.794295,47.308565,47.308565,34.441936,49.146655,28.927667,52.822835,36.280026
fe17,2400,45.470475,69.365649,38.118115,43.632385,32.603846,49.146655,28.927667,36.280026,34.441936,41.794295,62.013287,38.118115
fe17,2460,58.337106,63.851377,36.280026,49.146655,38.118115,43.632385,27.089578,39.956205,45.470475,43.632385,41.794295,38.118115
fe17,2520,47.308565,56.499016,32.603846,30.765757,34.441936,38.118115,32.603846,43.632385,45.470475,43.632385,38.118115,34.441936
fe17,2580,30.765757,45.470475,38.118115,32.603846,41.794295,32.603846,52.822835,65.689467,38.118115,52.822835,41.794295,43.632385
fe17,2640,47.308565,45.470475,45.470475,43.632385,43.632385,47.308565,47.308565,45.470475,80.394193,39.956205,41.794295,27.089578
fe17,2700,54.660925,32.603846,54.660925,34.441936,38.118115,43.632385,30.765757,62.013287,43.632385,34.441936,27.089578,41.794295
fe17,2760,47.308565,47.308565,60.175196,38.118115,36.280026,45.470475,45.470475,30.765757,36.280026,45.470475,49.146655,73.04183
fe17,2820,41.794295,80.394193,28.927667,58.337106,52.822835,41.794295,74.87992,60.175196,41.794295,34.441936,38.118115,43.632385
fe17,2880,32.603846,34.441936,41.794295,36.280026,32.603846,36.280026,47.308565,38.118115,52.822835,47.308565,43.632385,38.118115
fe17,2940,25.251488,43.632385,28.927667,43.632385,67.527558,47.308565,34.441936,50.984745,49.146655,30.765757,43.632385,38.118115
