Name,Time,A1,A2,A3,A4,A5,A6,A7,A8,A9,A10,A11,A12
cPta,0,1321.641596,422.542507,336.414456,357.421288,246.08515,212.474275,222.977671,132.64851,126.34648,134.749187,122.145126,94.836337
cPta,60,69.628233,50.722161,90.634986,54.92351,99.037688,48.621486,96.937013,80.131608,67.527558,88.53431,96.937013,48.621486
cPta,120,159.957314,67.527558,73.829583,145.252572,80.131608,109.541068,96.937013,222.977671,71.728908,92.735661,71.728908,38.118115
cPta,180,1592.633985,195.668843,279.696041,954.017923,569.590641,895.198313,588.496852,1577.928945,199.8702,754.451587,271.293317,96.937013
cPta,240,3926.57267,582.194782,882.594117,2428.725575,1760.691802,3138.780971,1550.619593,3827.835629,722.941164,1865.72814,1027.542505,388.931548
cPta,300,6042.099418,1006.535474,1739.684553,3840.44035,3140.881737,5100.923793,2021.182208,6937.068219,1598.936146,3248.020896,1777.497605,956.118625
cPta,360,8145.08398,1470.792317,2544.266648,4945.462953,4269.002199,6649.248378,2748.039545,9164.035061,2353.098793,4371.941462,2332.091368,1519.108815
cPta,420,9033.776578,1697.670074,2901.394794,5903.443293,5472.770701,8025.331931,3170.29247,10817.498271,3037.944267,5237.477515,2918.200868,2019.081475
cPta,480,10409.906544,1998.074149,2935.006947,6521.095395,6388.740919,8792.168738,3922.371091,11515.031832,3563.137009,6243.781539,3077.858779,2393.012918
cPta,540,10878.427133,2140.924087,2974.9214,7040.011366,6970.682291,9065.290705,4266.9014,11846.992992,3655.571335,6596.726636,3550.532337,2498.050196
cPta,600,11798.669435,2458.136012,3000.13054,6605.130112,7716.498634,9569.518648,4455.973624,12002.469008,4075.728887,7187.073265,3840.44035,2708.12522
cPta,660,12097.015401,2575.777882,2871.984172,7271.108773,8611.488631,9615.739723,4632.441489,12786.157374,4269.002199,8147.184895,4191.272651,2666.110165
cPta,720,12992.060852,2729.132757,2806.860697,7285.814997,9075.795417,9220.760604,4741.683722,12357.543894,4239.591009,8315.258294,4304.715804,2956.014551
cPta,780,13055.092649,2714.42748,2416.121106,7663.976099,9474.975635,9489.682317,5172.351861,12746.237381,4518.997811,8617.791418,4407.655118,2920.301628
cPta,840,13200.065995,2435.02781,2598.886129,7035.809602,9693.475235,8964.445548,4934.958855,12311.321027,4434.965574,8724.938877,4630.340679,2983.324446
cPta,900,13324.028947,2535.863654,2422.42334,6993.791975,9464.470863,8508.543196,4855.127758,11681.012217,4481.183292,8550.561723,4426.562356,2987.525969
cPta,960,13040.385225,2458.136012,2334.19211,6739.585866,9689.273313,8441.313605,4989.580184,11515.031832,4676.558524,8239.625215,4460.175234,2939.208468
cPta,1020,13357.646056,2252.26321,2155.629244,6491.683268,10170.394976,8065.249258,4712.272335,11067.517039,4163.96229,7995.919178,4565.215584,2924.503147
cPta,1080,12861.795317,2266.96839,1960.260978,5913.947536,9266.981451,7428.67562,4533.703463,10254.43403,4338.328625,7693.388714,4380.344673,2706.024467
cPta,1140,12466.798064,1995.973417,1827.91504,5659.745309,9624.143558,6924.462946,4441.267988,9384.634651,3899.262411,7334.13547,4216.482225,2796.356916
cPta,1200,11786.063295,1899.339802,1645.15201,5289.998247,9435.057512,6724.879755,4134.551143,8947.638036,3871.952162,6825.721718,4191.272651,2382.509199
cPta,1260,11945.741233,1659.857064,1640.950566,4510.594583,8605.185845,6273.193563,3882.456103,8485.433017,3617.757278,6258.48755,4004.301927,2554.770391
cPta,1320,11611.678591,1647.252731,1296.433055,4287.909399,8392.992376,5563.106686,3611.454937,7617.7563,3605.152597,5827.812794,3750.106567,2128.319669
cPta,1380,11111.63809,1531.713125,1252.318129,3876.153739,7735.406757,5319.409875,3378.268719,6689.164928,3292.137067,5056.806493,3582.04402,2077.90202
cPta,1440,10204.010585,1374.15942,1237.613159,3390.87336,7563.132941,4619.836627,2945.510748,6035.796861,3176.594772,4342.530229,3126.176375,1926.649288
cPta,1500,9609.436847,1208.20323,983.427747,2970.719878,6624.037937,4256.397402,2579.979381,5262.687462,3054.750375,4037.914605,2785.853137,1777.497605
cPta,1560,8638.800711,1077.959405,815.371777,2508.553932,6262.689267,3884.556891,2277.472092,4722.7764,2697.621454,3439.19117,2527.460662,1624.144795
cPta,1620,7941.295526,1174.591898,918.306011,2206.046949,5577.812555,3058.951902,1930.850749,3857.246648,2584.18088,3014.835876,2334.19211,1512.806661
cPta,1680,7203.880359,941.413717,693.531449,1863.627412,4865.631844,2682.916184,1777.497605,3369.865626,2500.150943,2430.82632,2073.700551,1378.360847
cPta,1740,6651.349248,872.090622,704.034918,1638.849845,4300.514202,2495.949449,1517.008097,2796.356916,2245.960991,2134.621878,1731.281655,1052.75095
cPta,1800,6281.597001,823.774566,500.267912,1477.094467,4065.224918,2084.204224,1201.901104,2287.975796,1922.447828,1716.576586,1538.01528,996.031961
cPta,1860,5340.418187,651.517592,464.556229,1309.037324,3458.098148,1769.094703,1075.8587,1830.015768,1777.497605,1523.310252,1130.477048,857.385732
cPta,1920,4983.277721,496.066536,370.025391,1155.68553,3113.571782,1470.792317,920.406711,1420.375137,1695.56935,1208.20323,987.629151,641.014131
cPta,1980,4201.776639,529.677546,323.81036,975.024939,2708.12522,1153.584823,683.027983,1176.692605,1489.698769,1027.542505,901.500412,653.618284
cPta,2040,3792.122266,458.254169,273.393998,836.378752,2382.509199,1027.542505,567.489952,867.889225,1353.152286,888.896215,823.774566,504.469287
cPta,2100,3248.020896,420.441822,218.776312,760.753673,2195.543258,809.069686,510.771351,880.493418,1185.095437,655.718976,624.208598,403.636341
cPta,2160,3172.393238,372.126074,218.776312,647.316207,1863.627412,834.278054,451.95211,653.618284,1176.692605,569.590641,556.986504,319.608995
cPta,2220,2775.34936,313.306948,170.460703,514.972727,1598.936146,651.517592,445.650051,472.958976,1092.664341,496.066536,401.535656,372.126074
cPta,2280,2451.833774,300.702856,153.655281,500.267912,1382.562275,510.771351,275.494679,372.126074,928.809513,380.528811,323.81036,285.998085
cPta,2340,2159.830718,214.574954,132.64851,451.95211,1159.886945,407.837711,294.400811,296.501493,666.222439,336.414456,357.421288,239.783109
cPta,2400,2035.88734,216.675633,105.339716,437.247307,1159.886945,370.025391,264.991274,304.90422,643.114823,298.602174,279.696041,233.48107
cPta,2460,1693.468627,151.554604,96.937013,325.911043,1071.657291,313.306948,197.769522,216.675633,659.920361,210.373595,344.817188,164.158669
cPta,2520,1489.698769,185.16545,124.245803,307.004902,895.198313,201.970879,206.172237,168.360025,634.712056,216.675633,267.091955,180.964093
cPta,2580,1487.598052,120.04445,107.440392,363.723339,834.278054,178.863415,180.964093,136.849864,519.174104,128.447156,197.769522,153.655281
cPta,2640,1290.130921,153.655281,92.735661,285.998085,674.62521,189.366807,164.158669,155.755959,344.817188,141.051218,164.158669,143.151895
cPta,2700,1092.664341,134.749187,86.433635,313.306948,632.611364,138.950541,185.16545,151.554604,319.608995,155.755959,155.755959,149.453926
cPta,2760,926.708812,109.541068,94.836337,311.206266,582.194782,103.23904,122.145126,136.849864,323.81036,115.843097,151.554604,107.440392
cPta,2820,880.493418,117.943773,67.527558,315.407631,535.979612,96.937013,149.453926,65.426883,277.59536,103.23904,153.655281,94.836337
cPta,2880,777.559239,94.836337,52.822835,298.602174,397.334286,130.547833,90.634986,99.037688,243.98447,103.23904,141.051218,111.641745
cPta,2940,708.236305,82.232284,67.527558,254.487871,399.434971,107.440392,88.53431,54.92351,262.890593,86.433635,86.433635,71.728908
fePta,0,1103.167869,699.83353,328.011725,283.897404,191.467486,193.568164,204.071558,143.151895,141.051218,178.863415,107.440392,94.836337
fePta,60,99.037688,78.030933,65.426883,115.843097,96.937013,78.030933,75.930258,61.225534,101.138364,84.332959,71.728908,107.440392
fePta,120,54.92351,52.822835,59.124859,63.326208,63.326208,69.628233,61.225534,61.225534,54.92351,86.433635,38.118115,65.426883
fePta,180,84.332959,63.326208,54.92351,69.628233,40.21879,50.722161,63.326208,33.916768,67.527558,57.024184,50.722161,61.225534
fePta,240,42.319464,40.21879,78.030933,38.118115,54.92351,46.520812,48.621486,54.92351,54.92351,50.722161,48.621486,44.420138
fePta,300,71.728908,65.426883,44.420138,31.816094,50.722161,57.024184,54.92351,46.520812,33.916768,54.92351,67.527558,54.92351
fePta,360,46.520812,54.92351,38.118115,33.916768,54.92351,40.21879,61.225534,40.21879,44.420138,48.621486,78.030933,44.420138
fePta,420,52.822835,50.722161,69.628233,54.92351,40.21879,46.520812,42.319464,59.124859,50.722161,69.628233,80.131608,67.527558
fePta,480,40.21879,44.420138,48.621486,42.319464,44.420138,46.520812,46.520812,40.21879,63.326208,44.420138,71.728908,27.614746
fePta,540,38.118115,44.420138,50.722161,36.017441,44.420138,65.426883,57.024184,40.21879,50.722161,42.319464,33.916768,67.527558
fePta,600,52.822835,52.822835,46.520812,71.728908,48.621486,33.916768,69.628233,38.118115,44.420138,38.118115,54.92351,38.118115
fePta,660,38.118115,38.118115,42.319464,52.822835,48.621486,38.118115,42.319464,48.621486,38.118115,36.017441,52.822835,61.225534
fePta,720,57.024184,50.722161,59.124859,29.71542,69.628233,52.822835,50.722161,46.520812,61.225534,33.916768,67.527558,25.514072
fePta,780,38.118115,36.017441,38.118115,33.916768,29.71542,50.722161,38.118115,42.319464,38.118115,44.420138,59.124859,69.628233
fePta,840,46.520812,52.822835,33.916768,38.118115,36.017441,38.118115,57.024184,40.21879,50.722161,65.426883,52.822835,48.621486
fePta,900,65.426883,59.124859,31.816094,42.319464,59.124859,31.816094,44.420138,36.017441,38.118115,29.71542,42.319464,65.426883
fePta,960,61.225534,44.420138,50.722161,42.319464,48.621486,54.92351,46.520812,46.520812,44.420138,46.520812,59.124859,31.816094
fePta,1020,52.822835,57.024184,40.21879,44.420138,61.225534,36.017441,36.017441,27.614746,48.621486,50.722161,52.822835,44.420138
fePta,1080,46.520812,40.21879,42.319464,42.319464,48.621486,48.621486,44.420138,59.124859,63.326208,75.930258,46.520812,63.326208
fePta,1140,50.722161,36.017441,38.118115,52.822835,38.118115,33.916768,54.92351,29.71542,38.118115,63.326208,59.124859,57.024184
fePta,1200,50.722161,31.816094,57.024184,33.916768,44.420138,33.916768,29.71542,29.71542,44.420138,40.21879,59.124859,50.722161
fePta,1260,46.520812,50.722161,48.621486,44.420138,46.520812,54.92351,67.527558,31.816094,31.816094,40.21879,46.520812,29.71542
fePta,1320,80.131608,40.21879,52.822835,48.621486,52.822835,33.916768,38.118115,52.822835,63.326208,36.017441,59.124859,52.822835
fePta,1380,50.722161,57.024184,48.621486,40.21879,48.621486,38.118115,36.017441,50.722161,44.420138,36.017441,42.319464,33.916768
fePta,1440,59.124859,38.118115,52.822835,44.420138,40.21879,46.520812,42.319464,48.621486,54.92351,38.118115,42.319464,42.319464
fePta,1500,44.420138,50.722161,57.024184,40.21879,46.520812,54.92351,63.326208,31.816094,54.92351,31.816094,42.319464,40.21879
fePta,1560,57.024184,59.124859,50.722161,46.520812,44.420138,46.520812,36.017441,36.017441,40.21879,46.520812,54.92351,33.916768
fePta,1620,54.92351,33.916768,38.118115,36.017441,61.225534,57.024184,52.822835,44.420138,65.426883,48.621486,75.930258,59.124859
fePta,1680,42.319464,36.017441,54.92351,48.621486,52.822835,57.024184,52.822835,48.621486,38.118115,46.520812,40.21879,29.71542
fePta,1740,33.916768,38.118115,50.722161,65.426883,38.118115,50.722161,33.916768,31.816094,40.21879,31.816094,27.614746,33.916768
fePta,1800,42.319464,46.520812,48.621486,33.916768,59.124859,36.017441,44.420138,40.21879,46.520812,50.722161,44.420138,48.621486
fePta,1860,75.930258,38.118115,50.722161,50.722161,42.319464,44.420138,52.822835,40.21879,33.916768,29.71542,40.21879,27.614746
fePta,1920,71.728908,52.822835,36.017441,48.621486,40.21879,42.319464,57.024184,67.527558,61.225534,46.520812,33.916768,44.420138
fePta,1980,52.822835,33.916768,42.319464,50.722161,44.420138,33.916768,36.017441,48.621486,36.017441,40.21879,48.621486,44.420138
fePta,2040,36.017441,38.118115,57.024184,36.017441,44.420138,31.816094,25.514072,50.722161,44.420138,36.017441,54.92351,40.21879
fePta,2100,57.024184,42.319464,50.722161,36.017441,38.118115,63.326208,46.520812,48.621486,36.017441,63.326208,50.722161,23.413399
fePta,2160,40.21879,40.21879,50.722161,27.614746,54.92351,36.017441,36.017441,50.722161,44.420138,36.017441,50.722161,52.822835
fePta,2220,36.017441,59.124859,44.420138,36.017441,40.21879,23.413399,86.433635,42.319464,50.722161,67.527558,59.124859,61.225534
fePta,2280,71.728908,46.520812,44.420138,36.017441,38.118115,48.621486,54.92351,75.930258,48.621486,38.118115,42.319464,61.225534
fePta,2340,50.722161,31.816094,29.71542,42.319464,31.816094,52.822835,44.420138,27.614746,59.124859,57.024184,46.520812,29.71542
fePta,2400,36.017441,38.118115,48.621486,31.816094,38.118115,67.527558,31.816094,48.621486,38.118115,42.319464,33.916768,52.822835
fePta,2460,57.024184,46.520812,36.017441,61.225534,38.118115,57.024184,27.614746,42.319464,40.21879,33.916768,33.916768,36.017441
fePta,2520,29.71542,25.514072,40.21879,31.816094,31.816094,65.426883,31.816094,54.92351,31.816094,31.816094,54.92351,48.621486
fePta,2580,48.621486,33.916768,38.118115,46.520812,52.822835,61.225534,42.319464,54.92351,29.71542,48.621486,54.92351,46.520812
fePta,2640,50.722161,48.621486,38.118115,38.118115,31.816094,36.017441,29.71542,42.319464,29.71542,42.319464,52.822835,50.722161
fePta,2700,52.822835,44.420138,48.621486,40.21879,23.413399,48.621486,44.420138,31.816094,33.916768,50.722161,33.916768,84.332959
fePta,2760,69.628233,42.319464,48.621486,36.017441,50.722161,63.326208,33.916768,38.118115,38.118115,42.319464,40.21879,44.420138
fePta,2820,61.225534,31.816094,40.21879,40.21879,46.520812,48.621486,42.319464,50.722161,33.916768,61.225534,54.92351,38.118115
fePta,2880,33.916768,48.621486,33.916768,36.017441,36.017441,84.332959,33.916768,48.621486,54.92351,48.621486,40.21879,78.030933
fePta,2940,54.92351,42.319464,42.319464,42.319464,44.420138,44.420138,44.420138,48.621486,42.319464,80.131608,48.621486,50.722161
c1544,0,1077.959405,514.972727,599.000305,231.38039,252.387191,271.293317,225.078351,162.057992,162.057992,109.541068,138.950541,94.836337
c1544,60,82.232284,103.23904,78.030933,69.628233,75.930258,94.836337,80.131608,115.843097,73.829583,71.728908,69.628233,57.024184
c1544,120,50.722161,65.426883,71.728908,61.225534,84.332959,86.433635,73.829583,50.722161,69.628233,46.520812,61.225534,69.628233
c1544,180,69.628233,75.930258,48.621486,67.527558,86.433635,71.728908,71.728908,59.124859,80.131608,57.024184,65.426883,57.024184
c1544,240,96.937013,48.621486,59.124859,86.433635,210.373595,78.030933,88.53431,65.426883,208.272916,67.527558,44.420138,71.728908
c1544,300,388.931548,75.930258,164.158669,145.252572,426.743878,90.634986,212.474275,222.977671,718.739776,80.131608,103.23904,170.460703
c1544,360,1258.620259,99.037688,470.858289,262.890593,821.673869,82.232284,472.958976,569.590641,1174.591898,138.950541,92.735661,424.643193
c1544,420,2092.607164,328.011725,1134.678461,382.629495,1418.274422,134.749187,582.194782,962.420729,1529.612406,250.28651,122.145126,672.524517
c1544,480,2979.122923,739.746721,2155.629244,571.691331,2075.801286,136.849864,670.423825,1143.081288,1523.310252,382.629495,199.8702,844.781543
c1544,540,3327.850178,1109.469986,2670.31167,538.080301,2086.304959,141.051218,569.590641,1281.728076,1359.454425,622.107906,185.16545,771.257152
c1544,600,3056.851138,1283.828787,3300.54015,599.000305,1779.598331,204.071558,491.865161,1264.92239,1025.441801,615.805833,193.568164,514.972727
c1544,660,2561.072637,1222.908193,3869.851375,340.615822,1361.555139,210.373595,283.897404,1033.844615,809.069686,508.670663,212.474275,334.313773
c1544,720,1752.288901,890.996914,3781.618339,319.608995,890.996914,201.970879,210.373595,754.451587,603.201687,353.219921,178.863415,225.078351
c1544,780,1004.434771,714.538387,3300.54015,183.064772,496.066536,174.662059,222.977671,613.705141,523.375481,258.689232,178.863415,141.051218
c1544,840,554.885814,428.844564,2716.528234,115.843097,357.421288,237.68243,176.762737,464.556229,634.712056,235.58175,117.943773,111.641745
c1544,900,342.716505,267.091955,1741.785277,145.252572,214.574954,143.151895,84.332959,353.219921,395.233602,159.957314,113.742421,88.53431
c1544,960,193.568164,132.64851,1319.540884,94.836337,132.64851,153.655281,101.138364,248.18583,290.199448,59.124859,92.735661,71.728908
c1544,1020,132.64851,111.641745,842.680845,92.735661,71.728908,73.829583,61.225534,204.071558,185.16545,111.641745,124.245803,63.326208
c1544,1080,90.634986,71.728908,514.972727,75.930258,80.131608,120.04445,44.420138,178.863415,126.34648,94.836337,63.326208,61.225534
c1544,1140,78.030933,52.822835,334.313773,82.232284,59.124859,99.037688,52.822835,92.735661,105.339716,69.628233,50.722161,54.92351
c1544,1200,61.225534,57.024184,214.574954,38.118115,67.527558,84.332959,42.319464,126.34648,82.232284,61.225534,61.225534,65.426883
c1544,1260,54.92351,52.822835,172.561381,71.728908,61.225534,25.514072,61.225534,88.53431,82.232284,80.131608,69.628233,63.326208
c1544,1320,46.520812,69.628233,111.641745,61.225534,54.92351,84.332959,57.024184,90.634986,59.124859,75.930258,67.527558,73.829583
c1544,1380,59.124859,71.728908,80.131608,31.816094,44.420138,59.124859,54.92351,78.030933,59.124859,128.447156,52.822835,73.829583
c1544,1440,67.527558,61.225534,80.131608,67.527558,50.722161,42.319464,84.332959,67.527558,54.92351,78.030933,65.426883,48.621486
c1544,1500,63.326208,59.124859,75.930258,59.124859,54.92351,59.124859,40.21879,73.829583,67.527558,44.420138,61.225534,36.017441
c1544,1560,44.420138,46.520812,40.21879,54.92351,50.722161,75.930258,40.21879,36.017441,42.319464,54.92351,54.92351,38.118115
c1544,1620,50.722161,52.822835,57.024184,42.319464,48.621486,59.124859,33.916768,54.92351,29.71542,36.017441,59.124859,59.124859
c1544,1680,50.722161,48.621486,78.030933,54.92351,46.520812,65.426883,57.024184,67.527558,57.024184,61.225534,40.21879,46.520812
c1544,1740,99.037688,65.426883,75.930258,50.722161,71.728908,78.030933,46.520812,46.520812,67.527558,67.527558,40.21879,65.426883
c1544,1800,80.131608,44.420138,38.118115,52.822835,57.024184,50.722161,46.520812,44.420138,42.319464,38.118115,52.822835,71.728908
c1544,1860,59.124859,33.916768,54.92351,80.131608,38.118115,59.124859,80.131608,69.628233,38.118115,69.628233,57.024184,78.030933
c1544,1920,40.21879,50.722161,73.829583,38.118115,59.124859,69.628233,38.118115,57.024184,73.829583,78.030933,67.527558,67.527558
c1544,1980,69.628233,92.735661,57.024184,48.621486,61.225534,52.822835,54.92351,63.326208,42.319464,63.326208,50.722161,44.420138
c1544,2040,42.319464,63.326208,75.930258,27.614746,59.124859,63.326208,52.822835,75.930258,54.92351,50.722161,69.628233,40.21879
c1544,2100,61.225534,44.420138,48.621486,54.92351,61.225534,71.728908,36.017441,69.628233,65.426883,31.816094,54.92351,61.225534
c1544,2160,63.326208,38.118115,48.621486,52.822835,42.319464,40.21879,38.118115,59.124859,73.829583,57.024184,54.92351,46.520812
c1544,2220,50.722161,84.332959,36.017441,48.621486,46.520812,50.722161,65.426883,63.326208,52.822835,40.21879,44.420138,44.420138
c1544,2280,63.326208,67.527558,88.53431,38.118115,73.829583,52.822835,31.816094,71.728908,50.722161,50.722161,69.628233,44.420138
c1544,2340,71.728908,40.21879,50.722161,40.21879,69.628233,54.92351,59.124859,57.024184,38.118115,48.621486,71.728908,46.520812
c1544,2400,46.520812,25.514072,71.728908,71.728908,50.722161,42.319464,57.024184,59.124859,38.118115,65.426883,50.722161,38.118115
c1544,2460,50.722161,54.92351,84.332959,27.614746,50.722161,61.225534,42.319464,48.621486,67.527558,63.326208,65.426883,33.916768
c1544,2520,57.024184,54.92351,145.252572,50.722161,57.024184,88.53431,52.822835,31.816094,57.024184,31.816094,50.722161,52.822835
c1544,2580,42.319464,54.92351,147.353249,63.326208,48.621486,69.628233,33.916768,69.628233,52.822835,63.326208,48.621486,63.326208
c1544,2640,50.722161,46.520812,84.332959,42.319464,36.017441,54.92351,50.722161,42.319464,63.326208,65.426883,46.520812,50.722161
c1544,2700,65.426883,57.024184,101.138364,42.319464,54.92351,73.829583,50.722161,73.829583,42.319464,48.621486,33.916768,48.621486
c1544,2760,50.722161,57.024184,86.433635,46.520812,52.822835,73.829583,50.722161,59.124859,50.722161,44.420138,36.017441,54.92351
c1544,2820,65.426883,38.118115,46.520812,44.420138,57.024184,63.326208,36.017441,57.024184,65.426883,46.520812,46.520812,63.326208
c1544,2880,65.426883,54.92351,61.225534,48.621486,33.916768,50.722161,42.319464,69.628233,61.225534,33.916768,50.722161,54.92351
c1544,2940,73.829583,54.92351,52.822835,33.916768,59.124859,52.822835,54.92351,46.520812,50.722161,46.520812,75.930258,38.118115
fe1544,0,865.788526,409.938396,330.112408,256.588552,262.890593,157.856636,168.360025,168.360025,159.957314,180.964093,136.849864,124.245803
fe1544,60,107.440392,61.225534,52.822835,71.728908,86.433635,78.030933,96.937013,86.433635,115.843097,46.520812,65.426883,75.930258
fe1544,120,75.930258,59.124859,63.326208,65.426883,48.621486,75.930258,88.53431,75.930258,44.420138,50.722161,75.930258,67.527558
fe1544,180,73.829583,75.930258,33.916768,57.024184,65.426883,50.722161,73.829583,46.520812,57.024184,61.225534,59.124859,52.822835
fe1544,240,48.621486,50.722161,48.621486,31.816094,54.92351,63.326208,44.420138,48.621486,54.92351,50.722161,44.420138,33.916768
fe1544,300,67.527558,52.822835,63.326208,42.319464,52.822835,42.319464,33.916768,36.017441,63.326208,36.017441,52.822835,63.326208
fe1544,360,59.124859,29.71542,44.420138,54.92351,42.319464,46.520812,46.520812,31.816094,50.722161,44.420138,48.621486,78.030933
fe1544,420,50.722161,50.722161,50.722161,59.124859,36.017441,29.71542,42.319464,48.621486,61.225534,59.124859,61.225534,33.916768
fe1544,480,42.319464,48.621486,69.628233,33.916768,54.92351,42.319464,50.722161,40.21879,63.326208,48.621486,42.319464,63.326208
fe1544,540,31.816094,50.722161,36.017441,38.118115,42.319464,44.420138,44.420138,31.816094,42.319464,52.822835,54.92351,52.822835
fe1544,600,50.722161,38.118115,65.426883,50.722161,59.124859,65.426883,46.520812,48.621486,61.225534,59.124859,23.413399,42.319464
fe1544,660,50.722161,44.420138,48.621486,33.916768,52.822835,46.520812,69.628233,57.024184,82.232284,57.024184,44.420138,46.520812
fe1544,720,52.822835,42.319464,61.225534,33.916768,31.816094,59.124859,52.822835,36.017441,33.916768,44.420138,54.92351,38.118115
fe1544,780,46.520812,61.225534,40.21879,52.822835,31.816094,57.024184,69.628233,42.319464,46.520812,46.520812,42.319464,48.621486
fe1544,840,48.621486,40.21879,48.621486,52.822835,57.024184,44.420138,33.916768,36.017441,44.420138,46.520812,44.420138,46.520812
fe1544,900,29.71542,40.21879,75.930258,36.017441,57.024184,38.118115,52.822835,36.017441,40.21879,54.92351,42.319464,78.030933
fe1544,960,40.21879,36.017441,40.21879,44.420138,46.520812,46.520812,52.822835,42.319464,33.916768,59.124859,25.514072,40.21879
fe1544,1020,38.118115,36.017441,52.822835,36.017441,33.916768,59.124859,33.916768,31.816094,78.030933,54.92351,61.225534,44.420138
fe1544,1080,29.71542,50.722161,52.822835,69.628233,36.017441,67.527558,54.92351,63.326208,33.916768,36.017441,27.614746,46.520812
fe1544,1140,46.520812,52.822835,40.21879,57.024184,31.816094,52.822835,44.420138,71.728908,57.024184,36.017441,52.822835,57.024184
fe1544,1200,38.118115,61.225534,42.319464,48.621486,48.621486,42.319464,44.420138,52.822835,42.319464,44.420138,65.426883,36.017441
fe1544,1260,71.728908,40.21879,46.520812,33.916768,46.520812,42.319464,59.124859,48.621486,52.822835,59.124859,46.520812,50.722161
fe1544,1320,46.520812,42.319464,29.71542,36.017441,38.118115,29.71542,40.21879,52.822835,36.017441,52.822835,33.916768,54.92351
fe1544,1380,38.118115,63.326208,36.017441,48.621486,48.621486,33.916768,36.017441,44.420138,42.319464,38.118115,40.21879,33.916768
fe1544,1440,44.420138,82.232284,40.21879,44.420138,36.017441,48.621486,48.621486,57.024184,48.621486,44.420138,33.916768,46.520812
fe1544,1500,52.822835,38.118115,36.017441,67.527558,57.024184,36.017441,57.024184,50.722161,48.621486,54.92351,46.520812,40.21879
fe1544,1560,40.21879,38.118115,63.326208,31.816094,36.017441,33.916768,48.621486,48.621486,57.024184,50.722161,40.21879,36.017441
fe1544,1620,46.520812,44.420138,65.426883,38.118115,40.21879,71.728908,50.722161,25.514072,50.722161,73.829583,40.21879,46.520812
fe1544,1680,50.722161,40.21879,48.621486,31.816094,42.319464,57.024184,46.520812,36.017441,29.71542,48.621486,57.024184,36.017441
fe1544,1740,42.319464,40.21879,40.21879,33.916768,75.930258,31.816094,38.118115,61.225534,48.621486,31.816094,50.722161,36.017441
fe1544,1800,59.124859,36.017441,44.420138,46.520812,42.319464,38.118115,54.92351,25.514072,52.822835,38.118115,65.426883,50.722161
fe1544,1860,59.124859,36.017441,38.118115,50.722161,36.017441,46.520812,48.621486,59.124859,40.21879,69.628233,42.319464,44.420138
fe1544,1920,54.92351,40.21879,46.520812,38.118115,46.520812,36.017441,84.332959,23.413399,65.426883,38.118115,48.621486,63.326208
fe1544,1980,57.024184,27.614746,65.426883,63.326208,31.816094,67.527558,36.017441,63.326208,40.21879,42.319464,44.420138,31.816094
fe1544,2040,36.017441,36.017441,31.816094,52.822835,57.024184,40.21879,33.916768,42.319464,50.722161,40.21879,42.319464,46.520812
fe1544,2100,31.816094,31.816094,46.520812,54.92351,36.017441,42.319464,38.118115,29.71542,61.225534,57.024184,63.326208,31.816094
fe1544,2160,31.816094,40.21879,48.621486,75.930258,42.319464,42.319464,52.822835,44.420138,54.92351,42.319464,44.420138,44.420138
fe1544,2220,38.118115,42.319464,36.017441,31.816094,44.420138,33.916768,31.816094,36.017441,54.92351,31.816094,33.916768,48.621486
fe1544,2280,80.131608,48.621486,48.621486,33.916768,40.21879,31.816094,54.92351,75.930258,63.326208,42.319464,42.319464,33.916768
fe1544,2340,40.21879,29.71542,40.21879,27.614746,42.319464,54.92351,31.816094,44.420138,57.024184,71.728908,46.520812,50.722161
fe1544,2400,44.420138,65.426883,65.426883,42.319464,50.722161,48.621486,65.426883,33.916768,42.319464,50.722161,52.822835,54.92351
fe1544,2460,42.319464,57.024184,54.92351,54.92351,42.319464,42.319464,33.916768,46.520812,36.017441,44.420138,54.92351,52.822835
fe1544,2520,46.520812,40.21879,63.326208,48.621486,65.426883,59.124859,61.225534,48.621486,48.621486,44.420138,59.124859,44.420138
fe1544,2580,44.420138,44.420138,61.225534,27.614746,40.21879,40.21879,36.017441,38.118115,50.722161,48.621486,44.420138,38.118115
fe1544,2640,40.21879,36.017441,46.520812,29.71542,44.420138,33.916768,38.118115,38.118115,36.017441,29.71542,46.520812,71.728908
fe1544,2700,59.124859,44.420138,46.520812,54.92351,31.816094,23.413399,42.319464,67.527558,40.21879,46.520812,38.118115,48.621486
fe1544,2760,63.326208,40.21879,69.628233,59.124859,33.916768,52.822835,42.319464,42.319464,42.319464,42.319464,48.621486,48.621486
fe1544,2820,33.916768,36.017441,48.621486,54.92351,54.92351,50.722161,57.024184,31.816094,40.21879,57.024184,46.520812,40.21879
fe1544,2880,50.722161,25.514072,48.621486,52.822835,73.829583,57.024184,44.420138,48.621486,36.017441,48.621486,27.614746,40.21879
fe1544,2940,33.916768,36.017441,61.225534,40.21879,46.520812,50.722161,61.225534,40.21879,54.92351,48.621486,29.71542,29.71542
c166,0,800.666899,538.080301,321.709678,275.494679,264.991274,193.568164,141.051218,145.252572,130.547833,117.943773,111.641745,99.037688
c166,60,69.628233,57.024184,75.930258,80.131608,63.326208,61.225534,63.326208,52.822835,48.621486,84.332959,80.131608,75.930258
c166,120,44.420138,59.124859,75.930258,46.520812,63.326208,52.822835,73.829583,115.843097,52.822835,52.822835,50.722161,115.843097
c166,180,193.568164,187.266129,241.88379,107.440392,395.233602,166.259347,105.339716,412.039081,141.051218,138.950541,75.930258,498.167224
c166,240,641.014131,1128.376341,1004.434771,346.917872,3287.935526,1563.223908,264.991274,2390.912174,556.986504,733.444637,174.662059,2447.632283
c166,300,2052.693209,3178.695539,2456.035266,1029.643208,6743.787612,5056.806493,678.826596,5472.770701,1882.533969,1760.691802,527.576858,4890.841658
c166,360,3607.253377,5878.233118,3308.943235,1827.91504,9514.89378,8325.762894,1033.844615,7695.489616,3147.184036,2892.991758,1229.210321,6134.536985
c166,420,4924.454758,8279.542663,4105.140009,2306.882466,10628.409033,10369.987893,1374.15942,8487.533942,4226.986217,3951.78215,2027.484407,6863.537491
c166,480,5829.913641,10050.639496,4949.664593,3214.408593,11449.900395,11533.94097,1561.123188,9296.394733,4960.168694,4918.152301,2220.75212,7680.783306
c166,540,6023.191748,10414.108508,5294.199908,3447.594271,10443.522267,11220.890335,1731.281655,9701.879079,5321.510706,5539.997469,2682.916184,7653.471597
c166,600,6054.704534,10956.164033,5600.921783,3645.067428,9901.470673,10922.548066,1844.72086,9512.792825,5054.70567,5512.686587,2903.495553,7071.524604
c166,660,5168.150208,10414.108508,5386.636497,3552.633116,8487.533942,9512.792825,1827.91504,9437.158465,4869.833479,5418.148999,2516.956922,6844.629602
c166,720,4514.796197,9922.480348,5187.057648,3239.617819,7462.289926,7846.75469,1502.303073,8374.084077,4239.591009,5401.34233,2256.46469,6298.403879
c166,780,3903.463989,8489.634867,4922.353939,3191.300145,6340.421093,6121.931855,1365.756565,6916.059432,3653.470554,5264.788291,1867.828869,5342.519019
c166,840,2752.241054,7269.007884,4439.167183,2672.412422,5023.19333,4863.531027,1256.519549,6147.142117,2846.775078,5111.427916,1525.41097,4794.204086
c166,900,2065.297613,5838.317026,3498.012897,2348.897308,3995.89876,3619.858058,888.896215,5105.125442,2250.16247,4443.368793,1092.664341,3955.98373
c166,960,1477.094467,4876.135932,2924.503147,2000.174881,3308.943235,2813.162966,817.472474,4279.506199,1779.598331,4166.063087,832.177356,3115.672547
c166,1020,1029.643208,3913.967934,2771.147849,1556.92175,2327.889884,2025.383674,657.819669,3451.795822,1409.871562,3479.105908,821.673869,2596.785379
c166,1080,827.975961,3300.54015,2094.707899,1250.217419,1865.72814,1659.857064,626.309289,2712.326727,1153.584823,2907.697071,527.576858,1985.469757
c166,1140,569.590641,2407.718127,1781.699057,943.514418,1529.612406,1254.418839,563.288572,2195.543258,998.132663,2489.647208,405.737026,1622.044074
c166,1200,487.663786,1909.843449,1248.116709,731.343942,1130.477048,848.982939,485.563099,1769.094703,811.170383,1998.074149,340.615822,1306.936612
c166,1260,334.313773,1668.259953,1126.275635,620.007215,968.722833,687.229369,414.139766,1378.360847,758.652978,1813.209951,258.689232,1086.362225
c166,1320,273.393998,1445.583722,764.955064,416.240451,647.316207,548.583746,321.709678,1107.36928,735.545332,1563.223908,277.59536,796.465506
c166,1380,174.662059,1197.699687,693.531449,370.025391,464.556229,399.434971,235.58175,788.06272,599.000305,1061.153768,204.071558,695.632143
c166,1440,136.849864,947.71582,514.972727,239.783109,359.521972,292.300129,180.964093,718.739776,489.764474,956.118625,141.051218,594.798924
c166,1500,136.849864,819.573172,472.958976,229.27971,307.004902,281.796722,193.568164,521.274792,489.764474,922.507412,130.547833,382.629495
c166,1560,105.339716,693.531449,340.615822,201.970879,239.783109,208.272916,155.755959,401.535656,420.441822,596.899614,138.950541,346.917872
c166,1620,80.131608,706.135611,298.602174,183.064772,212.474275,130.547833,183.064772,325.911043,498.167224,617.906524,101.138364,294.400811
c166,1680,57.024184,590.597543,294.400811,153.655281,141.051218,86.433635,136.849864,264.991274,458.254169,561.187883,96.937013,281.796722
c166,1740,50.722161,517.073416,239.783109,136.849864,132.64851,120.04445,111.641745,212.474275,395.233602,460.354855,94.836337,271.293317
c166,1800,36.017441,504.469287,235.58175,99.037688,136.849864,101.138364,99.037688,197.769522,355.320605,458.254169,88.53431,233.48107
c166,1860,75.930258,370.025391,206.172237,113.742421,143.151895,101.138364,101.138364,191.467486,292.300129,382.629495,71.728908,157.856636
c166,1920,48.621486,393.132917,183.064772,84.332959,84.332959,86.433635,84.332959,157.856636,269.192636,359.521972,90.634986,130.547833
c166,1980,54.92351,309.105584,138.950541,80.131608,107.440392,78.030933,78.030933,166.259347,319.608995,285.998085,71.728908,141.051218
c166,2040,61.225534,353.219921,147.353249,57.024184,78.030933,90.634986,109.541068,117.943773,296.501493,206.172237,54.92351,109.541068
c166,2100,65.426883,267.091955,107.440392,96.937013,88.53431,84.332959,75.930258,132.64851,254.487871,208.272916,57.024184,109.541068
c166,2160,52.822835,208.272916,130.547833,78.030933,73.829583,149.453926,69.628233,88.53431,241.88379,191.467486,50.722161,115.843097
c166,2220,65.426883,277.59536,101.138364,65.426883,48.621486,67.527558,78.030933,101.138364,225.078351,243.98447,80.131608,117.943773
c166,2280,33.916768,183.064772,124.245803,75.930258,78.030933,57.024184,69.628233,101.138364,216.675633,195.668843,63.326208,99.037688
c166,2340,71.728908,187.266129,117.943773,59.124859,57.024184,61.225534,52.822835,105.339716,191.467486,212.474275,73.829583,96.937013
c166,2400,40.21879,113.742421,86.433635,54.92351,54.92351,52.822835,52.822835,90.634986,130.547833,189.366807,61.225534,138.950541
c166,2460,57.024184,128.447156,88.53431,59.124859,52.822835,90.634986,69.628233,107.440392,103.23904,174.662059,65.426883,115.843097
c166,2520,48.621486,197.769522,109.541068,48.621486,46.520812,61.225534,65.426883,96.937013,128.447156,117.943773,61.225534,122.145126
c166,2580,42.319464,151.554604,54.92351,52.822835,54.92351,40.21879,67.527558,71.728908,143.151895,115.843097,54.92351,80.131608
c166,2640,44.420138,189.366807,109.541068,69.628233,59.124859,29.71542,50.722161,86.433635,162.057992,141.051218,48.621486,84.332959
c166,2700,50.722161,187.266129,117.943773,78.030933,50.722161,78.030933,61.225534,67.527558,120.04445,130.547833,69.628233,105.339716
c166,2760,29.71542,149.453926,88.53431,63.326208,75.930258,38.118115,48.621486,94.836337,147.353249,143.151895,67.527558,84.332959
c166,2820,52.822835,105.339716,78.030933,67.527558,78.030933,63.326208,63.326208,59.124859,124.245803,107.440392,48.621486,90.634986
c166,2880,50.722161,130.547833,67.527558,78.030933,88.53431,73.829583,42.319464,73.829583,176.762737,155.755959,54.92351,132.64851
c166,2940,50.722161,107.440392,73.829583,42.319464,99.037688,38.118115,36.017441,69.628233,103.23904,109.541068,69.628233,115.843097
fe166,0,804.868293,430.94525,361.622655,273.393998,260.789913,229.27971,134.749187,166.259347,185.16545,147.353249,84.332959,103.23904
fe166,60,92.735661,92.735661,105.339716,65.426883,59.124859,84.332959,82.232284,61.225534,73.829583,75.930258,50.722161,80.131608
fe166,120,78.030933,78.030933,65.426883,69.628233,48.621486,63.326208,80.131608,63.326208,101.138364,69.628233,65.426883,71.728908
fe166,180,52.822835,44.420138,54.92351,59.124859,38.118115,46.520812,59.124859,59.124859,57.024184,48.621486,54.92351,1065.355177
fe166,240,59.124859,40.21879,54.92351,44.420138,61.225534,46.520812,48.621486,71.728908,42.319464,44.420138,61.225534,75.930258
fe166,300,59.124859,54.92351,50.722161,33.916768,59.124859,29.71542,42.319464,54.92351,63.326208,46.520812,52.822835,52.822835
fe166,360,38.118115,63.326208,42.319464,31.816094,44.420138,63.326208,50.722161,69.628233,48.621486,31.816094,59.124859,44.420138
fe166,420,40.21879,63.326208,59.124859,31.816094,46.520812,38.118115,59.124859,48.621486,50.722161,44.420138,29.71542,42.319464
fe166,480,59.124859,46.520812,52.822835,36.017441,67.527558,44.420138,46.520812,40.21879,33.916768,42.319464,48.621486,40.21879
fe166,540,48.621486,40.21879,63.326208,50.722161,44.420138,38.118115,31.816094,40.21879,46.520812,48.621486,31.816094,40.21879
fe166,600,52.822835,54.92351,42.319464,33.916768,36.017441,46.520812,38.118115,42.319464,44.420138,38.118115,44.420138,40.21879
fe166,660,40.21879,50.722161,50.722161,36.017441,57.024184,38.118115,27.614746,52.822835,38.118115,50.722161,65.426883,40.21879
fe166,720,36.017441,38.118115,29.71542,57.024184,63.326208,48.621486,40.21879,42.319464,36.017441,57.024184,38.118115,57.024184
fe166,780,36.017441,46.520812,78.030933,42.319464,36.017441,52.822835,44.420138,57.024184,67.527558,54.92351,33.916768,61.225534
fe166,840,36.017441,29.71542,52.822835,67.527558,40.21879,48.621486,42.319464,42.319464,33.916768,48.621486,46.520812,48.621486
fe166,900,40.21879,40.21879,44.420138,44.420138,29.71542,46.520812,50.722161,52.822835,33.916768,44.420138,52.822835,59.124859
fe166,960,48.621486,40.21879,42.319464,38.118115,38.118115,38.118115,57.024184,67.527558,44.420138,40.21879,63.326208,42.319464
fe166,1020,44.420138,27.614746,44.420138,42.319464,40.21879,44.420138,42.319464,42.319464,50.722161,38.118115,46.520812,50.722161
fe166,1080,44.420138,46.520812,36.017441,27.614746,38.118115,33.916768,38.118115,54.92351,73.829583,36.017441,48.621486,63.326208
fe166,1140,31.816094,33.916768,54.92351,33.916768,27.614746,44.420138,63.326208,36.017441,42.319464,36.017441,44.420138,40.21879
fe166,1200,33.916768,29.71542,54.92351,61.225534,29.71542,59.124859,40.21879,59.124859,42.319464,31.816094,42.319464,38.118115
fe166,1260,65.426883,29.71542,42.319464,31.816094,42.319464,57.024184,36.017441,48.621486,29.71542,46.520812,33.916768,52.822835
fe166,1320,36.017441,44.420138,52.822835,50.722161,73.829583,38.118115,33.916768,69.628233,50.722161,25.514072,38.118115,59.124859
fe166,1380,46.520812,40.21879,46.520812,33.916768,42.319464,48.621486,42.319464,65.426883,57.024184,57.024184,54.92351,50.722161
fe166,1440,33.916768,40.21879,31.816094,38.118115,33.916768,63.326208,46.520812,69.628233,52.822835,50.722161,50.722161,63.326208
fe166,1500,36.017441,57.024184,44.420138,59.124859,46.520812,50.722161,33.916768,42.319464,36.017441,50.722161,46.520812,42.319464
fe166,1560,44.420138,40.21879,38.118115,31.816094,50.722161,48.621486,40.21879,46.520812,33.916768,40.21879,44.420138,42.319464
fe166,1620,48.621486,61.225534,38.118115,42.319464,38.118115,29.71542,36.017441,25.514072,31.816094,46.520812,46.520812,40.21879
fe166,1680,50.722161,46.520812,40.21879,31.816094,61.225534,33.916768,31.816094,42.319464,38.118115,38.118115,33.916768,48.621486
fe166,1740,61.225534,46.520812,36.017441,54.92351,57.024184,40.21879,23.413399,44.420138,48.621486,46.520812,50.722161,42.319464
fe166,1800,29.71542,48.621486,42.319464,48.621486,31.816094,42.319464,36.017441,61.225534,52.822835,31.816094,38.118115,52.822835
fe166,1860,38.118115,44.420138,50.722161,42.319464,40.21879,36.017441,54.92351,44.420138,36.017441,52.822835,59.124859,52.822835
fe166,1920,50.722161,31.816094,54.92351,42.319464,67.527558,38.118115,40.21879,44.420138,52.822835,48.621486,42.319464,57.024184
fe166,1980,40.21879,40.21879,40.21879,40.21879,40.21879,33.916768,40.21879,50.722161,27.614746,52.822835,31.816094,36.017441
fe166,2040,36.017441,36.017441,57.024184,29.71542,42.319464,33.916768,48.621486,52.822835,73.829583,46.520812,38.118115,65.426883
fe166,2100,54.92351,42.319464,42.319464,42.319464,36.017441,38.118115,40.21879,42.319464,48.621486,40.21879,40.21879,31.816094
fe166,2160,25.514072,84.332959,44.420138,38.118115,33.916768,48.621486,38.118115,46.520812,48.621486,48.621486,50.722161,38.118115
fe166,2220,65.426883,40.21879,33.916768,44.420138,52.822835,42.319464,31.816094,42.319464,38.118115,48.621486,42.319464,59.124859
fe166,2280,38.118115,65.426883,42.319464,75.930258,65.426883,50.722161,38.118115,54.92351,59.124859,57.024184,54.92351,42.319464
fe166,2340,54.92351,31.816094,33.916768,59.124859,57.024184,46.520812,36.017441,33.916768,40.21879,40.21879,67.527558,38.118115
fe166,2400,31.816094,33.916768,52.822835,42.319464,44.420138,54.92351,36.017441,50.722161,40.21879,50.722161,48.621486,33.916768
fe166,2460,54.92351,59.124859,44.420138,40.21879,31.816094,61.225534,59.124859,44.420138,46.520812,27.614746,38.118115,46.520812
fe166,2520,52.822835,44.420138,67.527558,46.520812,36.017441,59.124859,67.527558,40.21879,69.628233,46.520812,33.916768,48.621486
fe166,2580,33.916768,33.916768,67.527558,31.816094,48.621486,36.017441,42.319464,40.21879,73.829583,73.829583,48.621486,44.420138
fe166,2640,38.118115,48.621486,38.118115,46.520812,46.520812,29.71542,38.118115,71.728908,40.21879,44.420138,44.420138,46.520812
fe166,2700,42.319464,38.118115,57.024184,40.21879,31.816094,42.319464,40.21879,57.024184,38.118115,52.822835,40.21879,38.118115
fe166,2760,44.420138,44.420138,48.621486,38.118115,46.520812,44.420138,31.816094,33.916768,48.621486,38.118115,33.916768,59.124859
fe166,2820,54.92351,29.71542,31.816094,42.319464,31.816094,38.118115,36.017441,44.420138,36.017441,27.614746,31.816094,42.319464
fe166,2880,36.017441,48.621486,42.319464,42.319464,31.816094,42.319464,46.520812,36.017441,78.030933,48.621486,33.916768,46.520812
fe166,2940,29.71542,61.225534,42.319464,42.319464,48.621486,25.514072,44.420138,63.326208,33.916768,29.71542,57.024184,27.614746
c17,0,937.212315,491.865161,296.501493,258.689232,235.58175,176.762737,187.266129,162.057992,159.957314,80.131608,120.04445,132.64851
c17,60,96.937013,73.829583,71.728908,75.930258,52.822835,105.339716,101.138364,86.433635,109.541068,67.527558,57.024184,57.024184
c17,120,65.426883,80.131608,88.53431,96.937013,69.628233,94.836337,103.23904,111.641745,86.433635,63.326208,92.735661,80.131608
c17,180,153.655281,630.510672,309.105584,582.194782,256.588552,878.392719,378.428127,420.441822,155.755959,99.037688,1048.549542,790.163416
c17,240,1008.636177,2453.93452,1103.167869,1941.354401,1084.26152,4348.832635,1193.49827,1584.231104,798.566202,391.032233,4466.477651,4027.410641
c17,300,2848.875835,4897.144113,2435.02781,3378.268719,2084.204224,7264.806107,2245.960991,2974.9214,1785.900509,968.722833,7916.084624,7567.334736
c17,360,5025.294152,6640.844896,3275.330903,4298.413402,3203.904752,10134.678408,2827.868263,4073.628093,2579.979381,1348.95086,9851.04748,9622.042599
c17,420,5918.149233,7895.075546,4090.434446,5132.436167,4008.503511,11636.890811,3651.369772,4766.893492,3201.803984,1909.843449,10975.073022,11088.52706
c17,480,6365.631433,8706.03049,4077.829681,5420.249833,4281.606999,13729.536393,4323.623014,5365.628171,3985.394803,2344.695822,11141.052139,10773.377403
c17,540,7145.055548,9058.987879,4378.24387,5579.913393,4346.731833,14032.092687,4661.852843,5840.417872,4121.94637,2516.956922,11500.324728,11225.092347
c17,600,6705.971903,9382.5337,4138.752735,5210.166749,4302.615003,14744.365739,4773.195936,5815.207719,4079.930475,2600.98688,11084.325055,10951.962036
c17,660,6653.450119,9317.404227,4275.304599,5218.570061,4176.567071,15004.903987,4928.656396,6182.856671,3867.750587,2552.669642,10760.771446,10033.831726
c17,720,5642.938582,9014.868109,3985.394803,4771.095121,3785.819909,14693.939092,5273.191609,5773.190818,4054.72095,2594.684629,9960.297777,9292.192834
c17,780,5247.981658,9325.808027,3794.223051,4540.005886,3479.105908,14769.579076,4909.749025,5552.602496,3600.951037,2279.572833,8916.123961,8676.617454
c17,840,4502.191355,8409.799756,3548.431559,4035.813812,2779.55087,14414.492077,4823.615507,4632.441489,3458.098148,2237.558033,7464.390821,7424.473833
c17,900,3836.238776,8073.652908,3329.95095,3374.067172,2527.460662,12884.906927,4353.034239,4329.925418,2981.223685,1951.858054,6874.041876,5985.376425
c17,960,3296.338609,7703.893222,2796.356916,2947.611509,2004.376346,12025.580337,4079.930475,3649.268991,2500.150943,1851.023043,5836.216179,4960.168694
c17,1020,2737.535773,7061.02019,2466.538996,2729.132757,1682.965012,11025.497016,3798.424623,2882.487964,2206.046949,1451.88587,5205.965094,3878.254527
c17,1080,2292.177278,6514.792795,2109.413047,2250.16247,1481.295901,10229.222303,3395.074907,2474.941981,1838.418677,1271.224522,4201.776639,3455.997373
c17,1140,1771.195429,5718.568883,1672.461398,1649.353453,1092.664341,8899.316461,3273.230133,2023.282941,1498.101638,1115.772104,3775.315983,2600.98688
c17,1200,1363.655852,5479.073208,1514.907379,1386.763703,1061.153768,7813.140201,2720.729741,1680.864289,1204.001813,838.479449,3193.400912,2021.182208
c17,1260,1172.49119,4832.018773,1327.943733,989.729853,886.795516,6666.055344,2342.59508,1580.029664,964.52143,775.458543,2634.59889,1483.396618
c17,1320,943.514418,4065.224918,1086.362225,859.486431,689.330062,5439.157341,2233.356554,1204.001813,704.034918,743.948111,2004.376346,1298.533766
c17,1380,691.430756,3609.354157,895.198313,470.858289,533.878924,4997.983469,1811.109225,855.285034,645.215515,544.382368,1821.612859,1025.441801
c17,1440,580.094091,3094.664895,758.652978,582.194782,449.851423,3928.67346,1577.928945,754.451587,483.462411,454.052796,1529.612406,622.107906
c17,1500,428.844564,2781.651626,687.229369,302.803538,349.018555,3386.671812,1369.957992,676.725903,285.998085,336.414456,1140.980581,636.812748
c17,1560,378.428127,2195.543258,481.361724,336.414456,302.803538,2643.001896,1319.540884,481.361724,246.08515,355.320605,941.413717,445.650051
c17,1620,328.011725,1853.123771,514.972727,233.48107,296.501493,2329.990626,1119.973516,458.254169,191.467486,313.306948,956.118625,365.824023
c17,1680,294.400811,1848.922316,382.629495,170.460703,220.876992,2004.376346,865.788526,353.219921,243.98447,231.38039,718.739776,365.824023
c17,1740,218.776312,1456.087302,233.48107,138.950541,197.769522,1630.446959,840.580147,313.306948,189.366807,180.964093,605.302377,300.702856
c17,1800,180.964093,1140.980581,317.508313,147.353249,199.8702,1290.130921,716.639082,267.091955,180.964093,145.252572,580.094091,281.796722
c17,1860,174.662059,975.024939,288.098766,105.339716,145.252572,1143.081288,607.403068,243.98447,159.957314,122.145126,433.045935,260.789913
c17,1920,174.662059,905.701811,275.494679,120.04445,99.037688,935.111615,468.757602,212.474275,128.447156,149.453926,428.844564,237.68243
c17,1980,168.360025,811.170383,185.16545,84.332959,138.950541,710.336999,481.361724,183.064772,141.051218,136.849864,414.139766,187.266129
c17,2040,128.447156,668.323132,201.970879,90.634986,48.621486,613.705141,430.94525,197.769522,111.641745,78.030933,359.521972,143.151895
c17,2100,117.943773,697.732836,170.460703,86.433635,109.541068,519.174104,393.132917,117.943773,86.433635,75.930258,304.90422,183.064772
c17,2160,99.037688,651.517592,149.453926,80.131608,80.131608,493.965849,302.803538,147.353249,124.245803,82.232284,267.091955,227.179031
c17,2220,115.843097,506.569975,122.145126,59.124859,88.53431,447.750737,340.615822,138.950541,149.453926,109.541068,296.501493,145.252572
c17,2280,109.541068,426.743878,147.353249,71.728908,86.433635,353.219921,233.48107,149.453926,134.749187,96.937013,264.991274,151.554604
c17,2340,109.541068,426.743878,105.339716,48.621486,65.426883,380.528811,212.474275,130.547833,168.360025,84.332959,311.206266,168.360025
c17,2400,124.245803,409.938396,115.843097,61.225534,69.628233,283.897404,212.474275,143.151895,103.23904,94.836337,210.373595,180.964093
c17,2460,84.332959,346.917872,92.735661,59.124859,90.634986,334.313773,229.27971,117.943773,105.339716,78.030933,220.876992,164.158669
c17,2520,90.634986,294.400811,113.742421,59.124859,86.433635,315.407631,237.68243,82.232284,136.849864,105.339716,195.668843,191.467486
c17,2580,65.426883,277.59536,96.937013,71.728908,73.829583,216.675633,216.675633,117.943773,92.735661,78.030933,212.474275,149.453926
c17,2640,63.326208,254.487871,126.34648,52.822835,73.829583,258.689232,153.655281,80.131608,149.453926,78.030933,162.057992,141.051218
c17,2700,113.742421,239.783109,111.641745,80.131608,94.836337,166.259347,193.568164,82.232284,105.339716,69.628233,168.360025,153.655281
c17,2760,84.332959,218.776312,149.453926,59.124859,71.728908,172.561381,170.460703,69.628233,101.138364,73.829583,174.662059,115.843097
c17,2820,99.037688,218.776312,99.037688,75.930258,59.124859,162.057992,174.662059,78.030933,92.735661,67.527558,122.145126,162.057992
c17,2880,73.829583,220.876992,61.225534,71.728908,52.822835,185.16545,103.23904,46.520812,73.829583,59.124859,147.353249,151.554604
c17,2940,73.829583,185.16545,94.836337,63.326208,54.92351,168.360025,134.749187,99.037688,42.319464,52.822835,138.950541,109.541068
fe17,0,493.965849,330.112408,260.789913,1632.54768,210.373595,178.863415,199.8702,124.245803,141.051218,141.051218,111.641745,84.332959
fe17,60,75.930258,92.735661,54.92351,611.60445,52.822835,71.728908,92.735661,80.131608,75.930258,73.829583,71.728908,80.131608
fe17,120,48.621486,82.232284,80.131608,521.274792,111.641745,61.225534,78.030933,75.930258,59.124859,61.225534,65.426883,67.527558
fe17,180,44.420138,57.024184,61.225534,86.433635,54.92351,67.527558,54.92351,54.92351,57.024184,69.628233,105.339716,78.030933
fe17,240,50.722161,59.124859,59.124859,48.621486,54.92351,59.124859,48.621486,61.225534,99.037688,57.024184,67.527558,50.722161
fe17,300,57.024184,44.420138,48.621486,75.930258,40.21879,65.426883,38.118115,42.319464,36.017441,48.621486,59.124859,42.319464
fe17,360,33.916768,31.816094,59.124859,54.92351,44.420138,52.822835,44.420138,44.420138,61.225534,42.319464,50.722161,44.420138
fe17,420,33.916768,42.319464,50.722161,71.728908,67.527558,46.520812,40.21879,38.118115,46.520812,46.520812,36.017441,42.319464
fe17,480,54.92351,44.420138,48.621486,63.326208,48.621486,36.017441,40.21879,48.621486,40.21879,57.024184,29.71542,63.326208
fe17,540,59.124859,65.426883,59.124859,38.118115,52.822835,59.124859,71.728908,50.722161,54.92351,54.92351,36.017441,73.829583
fe17,600,52.822835,33.916768,46.520812,69.628233,31.816094,52.822835,50.722161,44.420138,48.621486,59.124859,54.92351,31.816094
fe17,660,65.426883,44.420138,63.326208,52.822835,71.728908,40.21879,36.017441,48.621486,42.319464,44.420138,46.520812,65.426883
fe17,720,33.916768,31.816094,52.822835,61.225534,44.420138,65.426883,38.118115,57.024184,57.024184,38.118115,61.225534,69.628233
fe17,780,36.017441,52.822835,75.930258,65.426883,46.520812,52.822835,57.024184,25.514072,61.225534,52.822835,65.426883,54.92351
fe17,840,40.21879,38.118115,84.332959,69.628233,65.426883,52.822835,54.92351,46.520812,48.621486,59.124859,42.319464,31.816094
fe17,900,61.225534,96.937013,40.21879,54.92351,25.514072,38.118115,61.225534,46.520812,38.118115,57.024184,38.118115,40.21879
fe17,960,50.722161,46.520812,46.520812,36.017441,42.319464,42.319464,46.520812,42.319464,48.621486,54.92351,48.621486,38.118115
fe17,1020,40.21879,71.728908,73.829583,44.420138,50.722161,50.722161,61.225534,48.621486,48.621486,59.124859,40.21879,46.520812
fe17,1080,65.426883,42.319464,59.124859,38.118115,57.024184,52.822835,44.420138,46.520812,44.420138,38.118115,33.916768,29.71542
fe17,1140,57.024184,69.628233,54.92351,40.21879,65.426883,57.024184,50.722161,33.916768,52.822835,57.024184,63.326208,50.722161
fe17,1200,44.420138,33.916768,40.21879,52.822835,46.520812,36.017441,40.21879,33.916768,42.319464,48.621486,59.124859,50.722161
fe17,1260,52.822835,23.413399,27.614746,46.520812,33.916768,36.017441,40.21879,69.628233,75.930258,50.722161,36.017441,71.728908
fe17,1320,42.319464,42.319464,67.527558,42.319464,29.71542,25.514072,57.024184,57.024184,71.728908,44.420138,67.527558,61.225534
fe17,1380,38.118115,44.420138,78.030933,42.319464,50.722161,50.722161,46.520812,46.520812,48.621486,38.118115,33.916768,36.017441
fe17,1440,46.520812,52.822835,52.822835,52.822835,59.124859,57.024184,50.722161,46.520812,42.319464,42.319464,27.614746,44.420138
fe17,1500,40.21879,48.621486,40.21879,65.426883,46.520812,46.520812,38.118115,67.527558,38.118115,54.92351,80.131608,29.71542
fe17,1560,33.916768,57.024184,40.21879,36.017441,44.420138,48.621486,52.822835,38.118115,61.225534,36.017441,40.21879,38.118115
fe17,1620,50.722161,48.621486,40.21879,42.319464,44.420138,25.514072,54.92351,40.21879,50.722161,40.21879,31.816094,33.916768
fe17,1680,42.319464,42.319464,67.527558,31.816094,59.124859,44.420138,46.520812,48.621486,44.420138,46.520812,44.420138,61.225534
fe17,1740,29.71542,50.722161,50.722161,48.621486,52.822835,46.520812,42.319464,46.520812,46.520812,57.024184,46.520812,44.420138
fe17,1800,44.420138,57.024184,48.621486,29.71542,50.722161,31.816094,31.816094,33.916768,40.21879,38.118115,36.017441,59.124859
fe17,1860,46.520812,46.520812,59.124859,78.030933,61.225534,31.816094,71.728908,38.118115,52.822835,54.92351,33.916768,40.21879
fe17,1920,29.71542,57.024184,38.118115,38.118115,40.21879,36.017441,33.916768,48.621486,52.822835,48.621486,46.520812,40.21879
fe17,1980,40.21879,33.916768,65.426883,38.118115,36.017441,31.816094,40.21879,27.614746,44.420138,65.426883,48.621486,38.118115
fe17,2040,33.916768,40.21879,46.520812,67.527558,48.621486,78.030933,59.124859,42.319464,40.21879,42.319464,29.71542,42.319464
fe17,2100,46.520812,40.21879,63.326208,29.71542,40.21879,29.71542,59.124859,33.916768,46.520812,42.319464,57.024184,36.017441
fe17,2160,50.722161,50.722161,57.024184,38.118115,44.420138,38.118115,54.92351,31.816094,54.92351,44.420138,50.722161,38.118115
fe17,2220,31.816094,48.621486,44.420138,48.621486,36.017441,48.621486,36.017441,73.829583,50.722161,25.514072,54.92351,48.621486
fe17,2280,40.21879,36.017441,54.92351,52.822835,48.621486,36.017441,54.92351,50.722161,42.319464,31.816094,52.822835,48.621486
fe17,2340,59.124859,36.017441,38.118115,63.326208,42.319464,54.92351,63.326208,46.520812,40.21879,57.024184,33.916768,46.520812
fe17,2400,42.319464,44.420138,48.621486,50.722161,36.017441,50.722161,36.017441,36.017441,52.822835,31.816094,59.124859,36.017441
fe17,2460,57.024184,42.319464,54.92351,44.420138,33.916768,38.118115,40.21879,59.124859,48.621486,42.319464,42.319464,46.520812
fe17,2520,40.21879,46.520812,36.017441,48.621486,29.71542,52.822835,27.614746,36.017441,44.420138,33.916768,75.930258,29.71542
fe17,2580,65.426883,40.21879,44.420138,52.822835,40.21879,44.420138,73.829583,31.816094,33.916768,57.024184,36.017441,38.118115
fe17,2640,40.21879,33.916768,31.816094,40.21879,46.520812,57.024184,33.916768,31.816094,52.822835,40.21879,46.520812,75.930258
fe17,2700,31.816094,57.024184,52.822835,38.118115,27.614746,46.520812,40.21879,69.628233,46.520812,40.21879,46.520812,65.426883
fe17,2760,40.21879,36.017441,50.722161,31.816094,52.822835,44.420138,33.916768,48.621486,44.420138,57.024184,27.614746,40.21879
fe17,2820,40.21879,36.017441,42.319464,31.816094,36.017441,36.017441,42.319464,65.426883,52.822835,48.621486,40.21879,36.017441
fe17,2880,31.816094,40.21879,59.124859,29.71542,46.520812,31.816094,42.319464,29.71542,36.017441,67.527558,59.124859,29.71542
fe17,2940,44.420138,57.024184,33.916768,25.514072,33.916768,38.118115,63.326208,65.426883,48.621486,29.71542,42.319464,42.319464
