Name,Time,A1,A2,A3,A4,A5,A6,A7,A8,A9,A10,A11,A12
cPta,0,741.847416,466.656915,355.320605,355.320605,143.151895,162.057992,189.366807,101.138364,134.749187,86.433635,138.950541,94.836337
cPta,60,88.53431,73.829583,63.326208,50.722161,73.829583,57.024184,67.527558,50.722161,73.829583,63.326208,84.332959,107.440392
cPta,120,166.259347,73.829583,71.728908,59.124859,92.735661,86.433635,111.641745,99.037688,101.138364,113.742421,78.030933,155.755959
cPta,180,540.18099,315.407631,380.528811,666.222439,191.467486,712.437693,821.673869,1170.390482,1243.915289,672.524517,439.347993,872.090622
cPta,240,1323.742308,1208.20323,1670.360675,2907.697071,498.167224,1718.67731,2628.296637,3733.300294,4023.209056,1703.972244,1531.713125,2105.211576
cPta,300,2477.042728,1903.54126,3512.718336,5243.780001,1193.49827,3201.803984,4340.429427,6004.284084,6369.833157,3113.571782,2762.744828,2901.394794
cPta,360,3832.037203,2785.853137,4729.07884,7002.195499,1634.648401,4231.187814,5233.275858,7342.539034,8405.59791,4857.228575,3859.347436,3913.967934
cPta,420,4680.760148,3124.075609,5680.753723,8006.423731,2157.729981,4804.708164,5989.578127,8006.423731,10279.645766,5409.745664,4844.623673,4371.941462
cPta,480,5189.158475,3458.098148,6573.617081,8582.075635,2668.210917,5128.234516,6947.572615,8546.359869,11657.901001,6134.536985,5113.528741,4594.62691
cPta,540,5449.661514,3947.580569,7145.055548,8989.656824,2773.248604,5518.989097,7411.868473,8941.33522,12599.163919,6348.824538,5687.056248,4369.840659
cPta,600,5382.434832,3899.262411,7670.278801,9298.495682,2989.626731,5745.879845,7498.005144,8935.032405,13689.615868,6561.011873,5882.434813,4607.231767
cPta,660,5090.419671,4023.209056,8168.194048,9245.971971,3455.997373,6073.612211,7781.626632,9380.432748,13912.330666,6750.090233,6149.242973,4451.772013
cPta,720,4846.724489,4197.575044,8195.505956,9447.663232,3579.943241,6525.297129,8014.827375,9815.331074,14668.725782,6674.458828,6430.758186,4647.147165
cPta,780,4544.207501,4134.551143,8489.634867,9678.76851,3722.796376,6157.646396,8065.249258,9483.379453,13918.633925,6747.989359,6527.397995,4443.368793
cPta,840,4037.914605,4407.655118,8796.370606,9712.383886,4027.410641,6382.438331,8130.377577,9250.173867,14109.833055,6445.464236,6445.464236,4256.397402
cPta,900,3235.41628,4384.54628,8441.313605,9386.735603,3981.19322,6035.796861,8027.432842,8964.445548,14097.226503,6157.646396,6243.781539,4455.973624
cPta,960,3119.874078,4155.559104,8435.010834,9021.170931,3745.904998,5886.636509,7796.332963,9649.355069,13679.11047,5916.048384,6063.107945,4476.98168
cPta,1020,2685.016937,3981.19322,7743.810368,8857.297727,3792.122266,5888.737357,7609.352704,9294.293784,12416.373041,5403.443163,5838.317026,3987.495594
cPta,1080,2313.184691,3785.819909,7600.949108,8443.414529,3926.57267,5571.510039,7241.696334,8869.903344,12504.616854,5214.368405,6008.485787,3916.068723
cPta,1140,1743.886002,3741.70343,7670.278801,8178.698627,3567.338567,5136.637818,7281.613219,8682.920246,11804.972506,4846.724489,5586.21591,3848.843499
cPta,1200,1586.331824,3403.478003,7384.556868,7392.960438,3500.113674,4823.615507,6874.041876,8500.139494,11216.688322,4357.235844,5212.267577,3626.1604
cPta,1260,1338.447295,2981.223685,6615.634458,6928.664703,3216.509362,4416.058334,6508.490196,8029.533753,10420.411456,4004.301927,4766.893492,3598.850257
cPta,1320,966.622132,2756.442564,6281.597001,6510.591063,3111.471016,3955.98373,5928.653477,7611.453603,9718.68677,3338.354038,4500.090549,2945.510748
cPta,1380,792.264113,2785.853137,5861.426339,6008.485787,2706.024467,3569.439345,5495.879895,7462.289926,9103.107676,3170.29247,4019.007472,3058.951902
cPta,1440,596.899614,2361.501765,5130.335341,5840.417872,2514.856175,3073.65725,4842.522856,6697.568415,7916.084624,2771.147849,3537.927668,2750.1403
cPta,1500,504.469287,2075.801286,4928.656396,5050.504024,2437.128556,2477.042728,4399.251903,6052.603681,7306.823894,2357.300279,3287.935526,2359.401022
cPta,1560,370.025391,1794.303413,4233.288613,4726.978027,2321.587658,2317.386174,3892.960045,5518.989097,6245.882397,2021.182208,2787.953893,2166.13293
cPta,1620,328.011725,1508.605226,3699.687761,4119.845575,2138.823351,1922.447828,3432.888845,5138.738643,5720.669726,1636.749123,2378.307711,1884.634698
cPta,1680,250.28651,1220.807484,3142.982503,3399.276455,1739.684553,1544.317436,3119.874078,4367.739856,4859.329392,1586.331824,2138.823351,1617.842632
cPta,1740,176.762737,1117.87281,2598.886129,3115.672547,1510.705944,1195.598979,2498.050196,4014.805887,4395.050296,1315.33946,1720.778034,1369.957992
cPta,1800,195.668843,916.205311,2115.715254,2710.225973,1414.072992,863.687828,2113.614518,3290.036296,3783.719124,1138.879874,1514.907379,1119.973516
cPta,1860,155.755959,758.652978,1911.944179,2304.781725,1128.376341,735.545332,1844.72086,2947.611509,3178.695539,853.184336,1252.318129,897.299013
cPta,1920,138.950541,651.517592,1466.590884,1880.43324,1021.240395,685.128676,1575.828225,2634.59889,2619.893634,775.458543,972.924237,741.847416
cPta,1980,105.339716,426.743878,1182.994729,1703.972244,855.285034,502.368599,1225.008903,2153.528507,2359.401022,594.798924,872.090622,603.201687
cPta,2040,126.34648,313.306948,882.594117,1432.979428,735.545332,412.039081,1075.8587,1869.929597,1823.713586,462.455542,708.236305,493.965849
cPta,2100,75.930258,262.890593,809.069686,1262.82168,666.222439,359.521972,954.017923,1500.202356,1632.54768,420.441822,672.524517,357.421288
cPta,2160,67.527558,231.38039,678.826596,1065.355177,622.107906,220.876992,815.371777,1336.346583,1416.173707,380.528811,454.052796,328.011725
cPta,2220,105.339716,191.467486,611.60445,876.29202,479.261037,176.762737,687.229369,1056.952359,1258.620259,258.689232,451.95211,199.8702
cPta,2280,50.722161,180.964093,502.368599,628.409981,433.045935,151.554604,556.986504,947.71582,1117.87281,162.057992,441.448679,199.8702
cPta,2340,65.426883,153.655281,433.045935,540.18099,405.737026,107.440392,512.872039,998.132663,966.622132,208.272916,237.68243,164.158669
cPta,2400,52.822835,138.950541,397.334286,409.938396,304.90422,124.245803,367.924707,727.142553,727.142553,130.547833,233.48107,124.245803
cPta,2460,50.722161,132.64851,302.803538,378.428127,298.602174,78.030933,372.126074,641.014131,712.437693,145.252572,195.668843,122.145126
cPta,2520,50.722161,65.426883,262.890593,351.119238,269.192636,67.527558,328.011725,546.483057,554.885814,80.131608,153.655281,71.728908
cPta,2580,59.124859,103.23904,233.48107,233.48107,206.172237,63.326208,241.88379,525.476169,519.174104,105.339716,185.16545,57.024184
cPta,2640,57.024184,75.930258,237.68243,178.863415,141.051218,63.326208,262.890593,531.778235,435.146621,90.634986,115.843097,65.426883
cPta,2700,69.628233,94.836337,260.789913,178.863415,120.04445,63.326208,229.27971,397.334286,386.830864,78.030933,111.641745,59.124859
cPta,2760,57.024184,99.037688,157.856636,187.266129,111.641745,96.937013,208.272916,323.81036,376.327442,67.527558,82.232284,61.225534
cPta,2820,52.822835,48.621486,164.158669,130.547833,176.762737,65.426883,138.950541,317.508313,325.911043,61.225534,90.634986,40.21879
cPta,2880,44.420138,57.024184,168.360025,145.252572,128.447156,65.426883,122.145126,212.474275,254.487871,42.319464,78.030933,50.722161
cPta,2940,44.420138,75.930258,99.037688,113.742421,120.04445,33.916768,117.943773,258.689232,283.897404,54.92351,99.037688,42.319464
fePta,0,819.573172,401.535656,283.897404,220.876992,227.179031,220.876992,151.554604,153.655281,99.037688,96.937013,117.943773,82.232284
fePta,60,80.131608,80.131608,75.930258,40.21879,86.433635,59.124859,80.131608,61.225534,90.634986,59.124859,69.628233,63.326208
fePta,120,71.728908,54.92351,54.92351,46.520812,59.124859,42.319464,54.92351,61.225534,50.722161,40.21879,52.822835,52.822835
fePta,180,33.916768,63.326208,50.722161,54.92351,59.124859,46.520812,44.420138,78.030933,61.225534,38.118115,61.225534,50.722161
fePta,240,48.621486,54.92351,38.118115,36.017441,52.822835,46.520812,42.319464,63.326208,63.326208,50.722161,59.124859,67.527558
fePta,300,36.017441,40.21879,57.024184,75.930258,48.621486,71.728908,48.621486,57.024184,50.722161,46.520812,33.916768,59.124859
fePta,360,31.816094,44.420138,40.21879,40.21879,59.124859,50.722161,59.124859,54.92351,84.332959,38.118115,75.930258,52.822835
fePta,420,46.520812,38.118115,57.024184,73.829583,36.017441,61.225534,38.118115,63.326208,82.232284,46.520812,65.426883,65.426883
fePta,480,54.92351,52.822835,57.024184,59.124859,44.420138,57.024184,31.816094,33.916768,48.621486,59.124859,48.621486,59.124859
fePta,540,44.420138,57.024184,38.118115,88.53431,46.520812,36.017441,48.621486,59.124859,46.520812,46.520812,48.621486,36.017441
fePta,600,59.124859,31.816094,44.420138,52.822835,36.017441,52.822835,40.21879,48.621486,48.621486,54.92351,48.621486,42.319464
fePta,660,63.326208,44.420138,48.621486,59.124859,50.722161,36.017441,36.017441,50.722161,101.138364,46.520812,44.420138,50.722161
fePta,720,63.326208,59.124859,50.722161,40.21879,38.118115,48.621486,42.319464,44.420138,80.131608,82.232284,46.520812,46.520812
fePta,780,27.614746,44.420138,54.92351,42.319464,63.326208,59.124859,44.420138,44.420138,82.232284,59.124859,52.822835,42.319464
fePta,840,38.118115,40.21879,46.520812,69.628233,50.722161,61.225534,44.420138,42.319464,57.024184,54.92351,57.024184,48.621486
fePta,900,52.822835,44.420138,59.124859,67.527558,50.722161,61.225534,31.816094,48.621486,44.420138,38.118115,54.92351,46.520812
fePta,960,36.017441,46.520812,52.822835,44.420138,42.319464,52.822835,42.319464,40.21879,48.621486,48.621486,40.21879,44.420138
fePta,1020,36.017441,57.024184,63.326208,65.426883,67.527558,69.628233,52.822835,61.225534,44.420138,54.92351,54.92351,52.822835
fePta,1080,52.822835,31.816094,54.92351,38.118115,40.21879,46.520812,48.621486,52.822835,82.232284,46.520812,65.426883,59.124859
fePta,1140,44.420138,46.520812,78.030933,52.822835,46.520812,50.722161,54.92351,57.024184,71.728908,31.816094,31.816094,36.017441
fePta,1200,36.017441,65.426883,73.829583,59.124859,40.21879,61.225534,27.614746,25.514072,54.92351,31.816094,50.722161,46.520812
fePta,1260,27.614746,33.916768,38.118115,36.017441,63.326208,52.822835,46.520812,61.225534,52.822835,54.92351,29.71542,54.92351
fePta,1320,48.621486,42.319464,44.420138,40.21879,54.92351,48.621486,59.124859,54.92351,38.118115,73.829583,40.21879,44.420138
fePta,1380,40.21879,52.822835,61.225534,31.816094,63.326208,42.319464,73.829583,42.319464,29.71542,44.420138,42.319464,40.21879
fePta,1440,44.420138,57.024184,48.621486,44.420138,44.420138,29.71542,42.319464,48.621486,80.131608,31.816094,50.722161,40.21879
fePta,1500,46.520812,46.520812,44.420138,48.621486,40.21879,50.722161,25.514072,29.71542,78.030933,44.420138,40.21879,42.319464
fePta,1560,59.124859,50.722161,54.92351,54.92351,69.628233,54.92351,46.520812,44.420138,65.426883,52.822835,50.722161,48.621486
fePta,1620,31.816094,46.520812,52.822835,75.930258,38.118115,48.621486,50.722161,111.641745,46.520812,33.916768,46.520812,44.420138
fePta,1680,42.319464,38.118115,38.118115,48.621486,38.118115,36.017441,46.520812,50.722161,44.420138,57.024184,48.621486,42.319464
fePta,1740,36.017441,27.614746,59.124859,40.21879,38.118115,42.319464,46.520812,46.520812,65.426883,50.722161,31.816094,46.520812
fePta,1800,31.816094,50.722161,36.017441,31.816094,31.816094,33.916768,40.21879,31.816094,57.024184,52.822835,40.21879,29.71542
fePta,1860,42.319464,46.520812,82.232284,65.426883,38.118115,25.514072,44.420138,50.722161,40.21879,36.017441,42.319464,48.621486
fePta,1920,52.822835,44.420138,44.420138,44.420138,46.520812,42.319464,36.017441,38.118115,29.71542,46.520812,48.621486,52.822835
fePta,1980,42.319464,27.614746,50.722161,36.017441,31.816094,73.829583,75.930258,44.420138,36.017441,31.816094,42.319464,40.21879
fePta,2040,52.822835,36.017441,27.614746,57.024184,27.614746,61.225534,61.225534,46.520812,42.319464,46.520812,42.319464,27.614746
fePta,2100,33.916768,36.017441,36.017441,27.614746,52.822835,33.916768,54.92351,31.816094,71.728908,36.017441,31.816094,25.514072
fePta,2160,27.614746,42.319464,67.527558,48.621486,40.21879,36.017441,44.420138,38.118115,44.420138,59.124859,46.520812,40.21879
fePta,2220,57.024184,36.017441,42.319464,31.816094,42.319464,46.520812,46.520812,36.017441,57.024184,38.118115,50.722161,36.017441
fePta,2280,31.816094,42.319464,50.722161,27.614746,48.621486,54.92351,40.21879,46.520812,38.118115,44.420138,42.319464,65.426883
fePta,2340,38.118115,36.017441,29.71542,25.514072,80.131608,46.520812,31.816094,48.621486,48.621486,38.118115,23.413399,73.829583
fePta,2400,33.916768,27.614746,33.916768,33.916768,38.118115,42.319464,29.71542,57.024184,48.621486,52.822835,57.024184,48.621486
fePta,2460,31.816094,31.816094,27.614746,36.017441,33.916768,40.21879,52.822835,54.92351,40.21879,52.822835,42.319464,42.319464
fePta,2520,25.514072,54.92351,42.319464,36.017441,33.916768,33.916768,94.836337,29.71542,44.420138,42.319464,38.118115,38.118115
fePta,2580,61.225534,69.628233,36.017441,52.822835,33.916768,29.71542,33.916768,27.614746,52.822835,44.420138,38.118115,48.621486
fePta,2640,46.520812,50.722161,50.722161,40.21879,54.92351,44.420138,44.420138,40.21879,44.420138,38.118115,40.21879,40.21879
fePta,2700,44.420138,42.319464,99.037688,59.124859,48.621486,36.017441,31.816094,27.614746,46.520812,25.514072,29.71542,25.514072
fePta,2760,33.916768,33.916768,31.816094,44.420138,57.024184,40.21879,48.621486,46.520812,52.822835,38.118115,31.816094,33.916768
fePta,2820,27.614746,73.829583,50.722161,46.520812,31.816094,50.722161,69.628233,57.024184,42.319464,48.621486,42.319464,54.92351
fePta,2880,61.225534,33.916768,25.514072,27.614746,40.21879,36.017441,40.21879,38.118115,50.722161,44.420138,38.118115,44.420138
fePta,2940,27.614746,69.628233,50.722161,54.92351,40.21879,27.614746,63.326208,31.816094,48.621486,31.816094,27.614746,46.520812
fe1810,0,672.524517,403.636341,300.702856,304.90422,220.876992,166.259347,136.849864,115.843097,126.34648,115.843097,88.53431,99.037688
fe1810,60,90.634986,101.138364,82.232284,75.930258,50.722161,86.433635,86.433635,54.92351,40.21879,88.53431,103.23904,57.024184
fe1810,120,80.131608,59.124859,40.21879,36.017441,40.21879,46.520812,61.225534,42.319464,50.722161,48.621486,36.017441,52.822835
fe1810,180,33.916768,50.722161,59.124859,54.92351,36.017441,29.71542,46.520812,36.017441,63.326208,46.520812,54.92351,50.722161
fe1810,240,31.816094,52.822835,33.916768,61.225534,44.420138,40.21879,36.017441,50.722161,40.21879,42.319464,52.822835,44.420138
fe1810,300,52.822835,36.017441,46.520812,33.916768,38.118115,54.92351,36.017441,29.71542,44.420138,50.722161,59.124859,63.326208
fe1810,360,33.916768,54.92351,31.816094,40.21879,48.621486,48.621486,57.024184,48.621486,59.124859,42.319464,44.420138,42.319464
fe1810,420,33.916768,50.722161,59.124859,36.017441,50.722161,44.420138,46.520812,59.124859,33.916768,42.319464,38.118115,67.527558
fe1810,480,40.21879,31.816094,33.916768,36.017441,42.319464,48.621486,33.916768,31.816094,38.118115,65.426883,36.017441,31.816094
fe1810,540,50.722161,36.017441,44.420138,63.326208,46.520812,36.017441,31.816094,36.017441,40.21879,67.527558,31.816094,46.520812
fe1810,600,48.621486,50.722161,48.621486,44.420138,38.118115,31.816094,52.822835,29.71542,36.017441,54.92351,40.21879,33.916768
fe1810,660,36.017441,54.92351,33.916768,46.520812,52.822835,52.822835,44.420138,52.822835,61.225534,40.21879,57.024184,31.816094
fe1810,720,73.829583,36.017441,52.822835,36.017441,46.520812,48.621486,25.514072,46.520812,63.326208,40.21879,46.520812,36.017441
fe1810,780,31.816094,42.319464,50.722161,38.118115,44.420138,54.92351,38.118115,42.319464,44.420138,40.21879,46.520812,33.916768
fe1810,840,29.71542,40.21879,27.614746,29.71542,44.420138,31.816094,59.124859,40.21879,63.326208,36.017441,50.722161,50.722161
fe1810,900,57.024184,46.520812,48.621486,42.319464,36.017441,46.520812,44.420138,44.420138,50.722161,63.326208,67.527558,36.017441
fe1810,960,33.916768,31.816094,71.728908,31.816094,36.017441,38.118115,44.420138,44.420138,31.816094,52.822835,40.21879,27.614746
fe1810,1020,50.722161,31.816094,54.92351,44.420138,44.420138,46.520812,57.024184,63.326208,48.621486,36.017441,61.225534,50.722161
fe1810,1080,48.621486,31.816094,40.21879,46.520812,61.225534,52.822835,36.017441,33.916768,52.822835,38.118115,42.319464,36.017441
fe1810,1140,46.520812,48.621486,44.420138,33.916768,46.520812,46.520812,40.21879,82.232284,33.916768,44.420138,46.520812,33.916768
fe1810,1200,29.71542,31.816094,38.118115,33.916768,44.420138,40.21879,48.621486,61.225534,38.118115,48.621486,40.21879,38.118115
fe1810,1260,42.319464,36.017441,27.614746,31.816094,57.024184,86.433635,38.118115,23.413399,44.420138,29.71542,80.131608,36.017441
fe1810,1320,36.017441,36.017441,40.21879,44.420138,40.21879,33.916768,40.21879,44.420138,54.92351,59.124859,42.319464,52.822835
fe1810,1380,63.326208,44.420138,65.426883,40.21879,44.420138,40.21879,38.118115,31.816094,36.017441,46.520812,27.614746,57.024184
fe1810,1440,50.722161,38.118115,29.71542,57.024184,31.816094,48.621486,38.118115,31.816094,109.541068,40.21879,44.420138,52.822835
fe1810,1500,52.822835,40.21879,31.816094,50.722161,38.118115,36.017441,36.017441,48.621486,36.017441,38.118115,42.319464,36.017441
fe1810,1560,36.017441,44.420138,50.722161,36.017441,38.118115,29.71542,44.420138,46.520812,36.017441,65.426883,61.225534,57.024184
fe1810,1620,75.930258,36.017441,46.520812,50.722161,38.118115,38.118115,33.916768,52.822835,36.017441,42.319464,63.326208,46.520812
fe1810,1680,42.319464,36.017441,29.71542,44.420138,31.816094,42.319464,40.21879,46.520812,33.916768,29.71542,38.118115,36.017441
fe1810,1740,46.520812,50.722161,50.722161,50.722161,54.92351,36.017441,48.621486,59.124859,44.420138,38.118115,44.420138,40.21879
fe1810,1800,46.520812,40.21879,29.71542,36.017441,54.92351,57.024184,29.71542,73.829583,40.21879,33.916768,40.21879,36.017441
fe1810,1860,54.92351,52.822835,36.017441,57.024184,57.024184,25.514072,54.92351,52.822835,29.71542,54.92351,42.319464,44.420138
fe1810,1920,46.520812,27.614746,33.916768,46.520812,31.816094,52.822835,40.21879,44.420138,52.822835,38.118115,23.413399,44.420138
fe1810,1980,48.621486,40.21879,36.017441,33.916768,29.71542,46.520812,57.024184,61.225534,48.621486,27.614746,88.53431,61.225534
fe1810,2040,54.92351,46.520812,33.916768,31.816094,36.017441,27.614746,50.722161,65.426883,38.118115,46.520812,61.225534,48.621486
fe1810,2100,29.71542,38.118115,23.413399,48.621486,40.21879,29.71542,44.420138,33.916768,27.614746,33.916768,42.319464,46.520812
fe1810,2160,36.017441,33.916768,31.816094,42.319464,36.017441,54.92351,50.722161,38.118115,33.916768,44.420138,44.420138,44.420138
fe1810,2220,40.21879,67.527558,54.92351,27.614746,29.71542,36.017441,73.829583,50.722161,50.722161,36.017441,46.520812,36.017441
fe1810,2280,46.520812,33.916768,63.326208,57.024184,40.21879,38.118115,31.816094,40.21879,33.916768,36.017441,52.822835,40.21879
fe1810,2340,44.420138,38.118115,57.024184,38.118115,33.916768,40.21879,65.426883,65.426883,38.118115,42.319464,52.822835,31.816094
fe1810,2400,59.124859,31.816094,31.816094,31.816094,40.21879,42.319464,40.21879,42.319464,42.319464,31.816094,27.614746,65.426883
fe1810,2460,44.420138,44.420138,33.916768,38.118115,40.21879,40.21879,57.024184,44.420138,42.319464,31.816094,36.017441,48.621486
fe1810,2520,46.520812,54.92351,59.124859,36.017441,42.319464,36.017441,27.614746,52.822835,25.514072,63.326208,44.420138,29.71542
fe1810,2580,44.420138,40.21879,38.118115,50.722161,31.816094,59.124859,52.822835,46.520812,59.124859,42.319464,46.520812,57.024184
fe1810,2640,78.030933,29.71542,46.520812,44.420138,54.92351,59.124859,42.319464,50.722161,50.722161,42.319464,38.118115,50.722161
fe1810,2700,61.225534,46.520812,31.816094,44.420138,50.722161,46.520812,48.621486,33.916768,52.822835,36.017441,25.514072,36.017441
fe1810,2760,36.017441,54.92351,50.722161,67.527558,44.420138,27.614746,40.21879,57.024184,44.420138,36.017441,33.916768,36.017441
fe1810,2820,40.21879,40.21879,71.728908,59.124859,25.514072,46.520812,27.614746,57.024184,59.124859,31.816094,52.822835,57.024184
fe1810,2880,48.621486,48.621486,27.614746,69.628233,33.916768,40.21879,27.614746,52.822835,44.420138,67.527558,27.614746,75.930258
fe1810,2940,57.024184,54.92351,46.520812,42.319464,33.916768,31.816094,42.319464,52.822835,40.21879,48.621486,42.319464,40.21879
fe1814,0,756.552282,454.052796,285.998085,254.487871,176.762737,122.145126,115.843097,96.937013,86.433635,101.138364,107.440392,120.04445
fe1814,60,109.541068,59.124859,80.131608,109.541068,61.225534,63.326208,67.527558,84.332959,67.527558,73.829583,40.21879,57.024184
fe1814,120,65.426883,54.92351,71.728908,46.520812,80.131608,57.024184,65.426883,23.413399,52.822835,69.628233,40.21879,38.118115
fe1814,180,38.118115,44.420138,71.728908,73.829583,65.426883,44.420138,57.024184,33.916768,50.722161,46.520812,48.621486,36.017441
fe1814,240,42.319464,48.621486,36.017441,42.319464,50.722161,42.319464,38.118115,40.21879,38.118115,42.319464,40.21879,46.520812
fe1814,300,42.319464,46.520812,67.527558,42.319464,50.722161,38.118115,29.71542,46.520812,44.420138,50.722161,44.420138,44.420138
fe1814,360,36.017441,40.21879,36.017441,38.118115,33.916768,44.420138,38.118115,38.118115,44.420138,40.21879,31.816094,50.722161
fe1814,420,48.621486,46.520812,42.319464,33.916768,27.614746,50.722161,48.621486,50.722161,25.514072,33.916768,42.319464,82.232284
fe1814,480,46.520812,48.621486,44.420138,54.92351,48.621486,29.71542,59.124859,38.118115,42.319464,59.124859,42.319464,59.124859
fe1814,540,40.21879,31.816094,38.118115,25.514072,38.118115,38.118115,63.326208,84.332959,46.520812,46.520812,48.621486,36.017441
fe1814,600,50.722161,38.118115,57.024184,44.420138,48.621486,38.118115,23.413399,38.118115,54.92351,36.017441,38.118115,52.822835
fe1814,660,38.118115,59.124859,59.124859,31.816094,54.92351,50.722161,65.426883,48.621486,46.520812,31.816094,33.916768,42.319464
fe1814,720,29.71542,42.319464,36.017441,31.816094,65.426883,42.319464,44.420138,40.21879,29.71542,48.621486,54.92351,36.017441
fe1814,780,42.319464,63.326208,69.628233,57.024184,44.420138,38.118115,29.71542,40.21879,54.92351,48.621486,38.118115,27.614746
fe1814,840,31.816094,42.319464,31.816094,38.118115,40.21879,33.916768,33.916768,50.722161,40.21879,65.426883,23.413399,52.822835
fe1814,900,36.017441,59.124859,31.816094,46.520812,42.319464,52.822835,46.520812,44.420138,36.017441,33.916768,38.118115,44.420138
fe1814,960,42.319464,44.420138,42.319464,36.017441,31.816094,57.024184,57.024184,44.420138,54.92351,44.420138,42.319464,50.722161
fe1814,1020,27.614746,36.017441,31.816094,40.21879,27.614746,42.319464,54.92351,65.426883,31.816094,36.017441,42.319464,23.413399
fe1814,1080,38.118115,33.916768,36.017441,40.21879,40.21879,38.118115,36.017441,33.916768,78.030933,50.722161,29.71542,36.017441
fe1814,1140,36.017441,46.520812,36.017441,23.413399,38.118115,33.916768,52.822835,44.420138,36.017441,54.92351,50.722161,36.017441
fe1814,1200,54.92351,50.722161,40.21879,36.017441,44.420138,38.118115,29.71542,38.118115,50.722161,44.420138,40.21879,48.621486
fe1814,1260,33.916768,38.118115,38.118115,27.614746,29.71542,38.118115,36.017441,23.413399,57.024184,31.816094,44.420138,31.816094
fe1814,1320,50.722161,25.514072,40.21879,42.319464,40.21879,38.118115,33.916768,36.017441,44.420138,57.024184,67.527558,33.916768
fe1814,1380,33.916768,36.017441,40.21879,42.319464,44.420138,57.024184,23.413399,44.420138,29.71542,44.420138,42.319464,52.822835
fe1814,1440,57.024184,40.21879,38.118115,40.21879,42.319464,40.21879,44.420138,36.017441,46.520812,36.017441,40.21879,40.21879
fe1814,1500,36.017441,31.816094,42.319464,33.916768,36.017441,29.71542,38.118115,46.520812,54.92351,33.916768,36.017441,46.520812
fe1814,1560,27.614746,44.420138,38.118115,38.118115,44.420138,52.822835,46.520812,46.520812,38.118115,42.319464,42.319464,50.722161
fe1814,1620,29.71542,29.71542,27.614746,31.816094,29.71542,31.816094,38.118115,80.131608,48.621486,54.92351,36.017441,54.92351
fe1814,1680,38.118115,40.21879,46.520812,44.420138,23.413399,59.124859,42.319464,31.816094,65.426883,44.420138,42.319464,40.21879
fe1814,1740,48.621486,33.916768,29.71542,44.420138,42.319464,48.621486,57.024184,33.916768,29.71542,50.722161,44.420138,29.71542
fe1814,1800,38.118115,46.520812,48.621486,27.614746,31.816094,29.71542,38.118115,33.916768,42.319464,36.017441,36.017441,48.621486
fe1814,1860,44.420138,54.92351,31.816094,29.71542,36.017441,23.413399,42.319464,46.520812,25.514072,52.822835,38.118115,71.728908
fe1814,1920,46.520812,31.816094,36.017441,29.71542,31.816094,44.420138,40.21879,40.21879,52.822835,48.621486,46.520812,33.916768
fe1814,1980,29.71542,46.520812,48.621486,31.816094,44.420138,42.319464,52.822835,31.816094,25.514072,50.722161,61.225534,50.722161
fe1814,2040,31.816094,36.017441,44.420138,48.621486,44.420138,40.21879,40.21879,40.21879,38.118115,59.124859,54.92351,36.017441
fe1814,2100,65.426883,29.71542,31.816094,52.822835,27.614746,40.21879,29.71542,59.124859,42.319464,38.118115,31.816094,38.118115
fe1814,2160,38.118115,25.514072,23.413399,50.722161,31.816094,54.92351,42.319464,36.017441,63.326208,50.722161,31.816094,38.118115
fe1814,2220,40.21879,27.614746,42.319464,33.916768,42.319464,33.916768,54.92351,52.822835,59.124859,44.420138,50.722161,40.21879
fe1814,2280,23.413399,48.621486,36.017441,42.319464,31.816094,38.118115,46.520812,31.816094,38.118115,48.621486,33.916768,57.024184
fe1814,2340,54.92351,29.71542,59.124859,46.520812,48.621486,40.21879,31.816094,52.822835,40.21879,48.621486,46.520812,50.722161
fe1814,2400,42.319464,33.916768,50.722161,48.621486,27.614746,38.118115,69.628233,40.21879,31.816094,29.71542,40.21879,33.916768
fe1814,2460,61.225534,40.21879,50.722161,33.916768,69.628233,46.520812,44.420138,31.816094,36.017441,69.628233,46.520812,46.520812
fe1814,2520,23.413399,38.118115,42.319464,63.326208,38.118115,27.614746,42.319464,46.520812,40.21879,36.017441,48.621486,57.024184
fe1814,2580,42.319464,33.916768,42.319464,36.017441,33.916768,36.017441,52.822835,59.124859,46.520812,23.413399,61.225534,59.124859
fe1814,2640,36.017441,36.017441,38.118115,27.614746,42.319464,61.225534,61.225534,52.822835,29.71542,27.614746,61.225534,33.916768
fe1814,2700,52.822835,25.514072,29.71542,48.621486,44.420138,36.017441,65.426883,40.21879,46.520812,33.916768,59.124859,57.024184
fe1814,2760,65.426883,31.816094,42.319464,33.916768,33.916768,25.514072,36.017441,36.017441,38.118115,38.118115,50.722161,44.420138
fe1814,2820,44.420138,40.21879,42.319464,42.319464,31.816094,71.728908,31.816094,31.816094,29.71542,23.413399,29.71542,31.816094
fe1814,2880,50.722161,48.621486,29.71542,40.21879,33.916768,29.71542,27.614746,27.614746,29.71542,42.319464,33.916768,40.21879
fe1814,2940,33.916768,42.319464,61.225534,48.621486,44.420138,27.614746,57.024184,38.118115,36.017441,40.21879,36.017441,61.225534
fe264,0,645.215515,399.434971,323.81036,229.27971,162.057992,122.145126,147.353249,117.943773,80.131608,134.749187,90.634986,75.930258
fe264,60,75.930258,67.527558,52.822835,71.728908,48.621486,38.118115,71.728908,44.420138,59.124859,50.722161,111.641745,54.92351
fe264,120,109.541068,33.916768,48.621486,54.92351,54.92351,63.326208,65.426883,48.621486,46.520812,65.426883,82.232284,63.326208
fe264,180,40.21879,52.822835,44.420138,48.621486,52.822835,59.124859,31.816094,54.92351,46.520812,50.722161,50.722161,31.816094
fe264,240,33.916768,48.621486,67.527558,38.118115,40.21879,50.722161,27.614746,46.520812,52.822835,46.520812,57.024184,59.124859
fe264,300,44.420138,36.017441,44.420138,71.728908,71.728908,52.822835,57.024184,36.017441,38.118115,48.621486,54.92351,57.024184
fe264,360,42.319464,48.621486,38.118115,54.92351,73.829583,52.822835,48.621486,44.420138,36.017441,50.722161,29.71542,38.118115
fe264,420,25.514072,38.118115,40.21879,50.722161,48.621486,44.420138,33.916768,29.71542,59.124859,63.326208,40.21879,31.816094
fe264,480,38.118115,48.621486,46.520812,23.413399,48.621486,54.92351,38.118115,36.017441,46.520812,36.017441,69.628233,50.722161
fe264,540,63.326208,38.118115,61.225534,40.21879,33.916768,38.118115,42.319464,52.822835,46.520812,36.017441,44.420138,63.326208
fe264,600,59.124859,61.225534,38.118115,52.822835,46.520812,40.21879,50.722161,38.118115,54.92351,31.816094,38.118115,40.21879
fe264,660,59.124859,46.520812,40.21879,52.822835,36.017441,38.118115,36.017441,54.92351,40.21879,50.722161,40.21879,44.420138
fe264,720,50.722161,42.319464,27.614746,54.92351,23.413399,73.829583,52.822835,57.024184,46.520812,44.420138,36.017441,33.916768
fe264,780,27.614746,31.816094,38.118115,48.621486,46.520812,46.520812,36.017441,29.71542,44.420138,61.225534,36.017441,36.017441
fe264,840,46.520812,54.92351,36.017441,23.413399,46.520812,52.822835,52.822835,33.916768,48.621486,40.21879,33.916768,36.017441
fe264,900,31.816094,63.326208,36.017441,40.21879,63.326208,36.017441,38.118115,31.816094,36.017441,42.319464,40.21879,31.816094
fe264,960,44.420138,42.319464,50.722161,46.520812,33.916768,25.514072,40.21879,52.822835,29.71542,40.21879,40.21879,61.225534
fe264,1020,42.319464,31.816094,36.017441,40.21879,84.332959,61.225534,44.420138,38.118115,48.621486,48.621486,73.829583,33.916768
fe264,1080,25.514072,48.621486,42.319464,40.21879,29.71542,40.21879,33.916768,63.326208,46.520812,31.816094,44.420138,29.71542
fe264,1140,54.92351,36.017441,33.916768,36.017441,73.829583,29.71542,46.520812,61.225534,36.017441,33.916768,57.024184,23.413399
fe264,1200,46.520812,40.21879,38.118115,33.916768,65.426883,29.71542,57.024184,36.017441,61.225534,29.71542,48.621486,31.816094
fe264,1260,46.520812,29.71542,36.017441,46.520812,61.225534,44.420138,36.017441,29.71542,52.822835,42.319464,25.514072,57.024184
fe264,1320,38.118115,44.420138,50.722161,67.527558,107.440392,40.21879,48.621486,50.722161,23.413399,52.822835,36.017441,57.024184
fe264,1380,36.017441,50.722161,48.621486,36.017441,52.822835,33.916768,27.614746,31.816094,52.822835,29.71542,94.836337,67.527558
fe264,1440,31.816094,27.614746,27.614746,65.426883,38.118115,38.118115,44.420138,36.017441,59.124859,29.71542,52.822835,44.420138
fe264,1500,44.420138,59.124859,36.017441,57.024184,25.514072,52.822835,67.527558,50.722161,29.71542,33.916768,52.822835,38.118115
fe264,1560,33.916768,50.722161,31.816094,48.621486,46.520812,23.413399,40.21879,31.816094,44.420138,38.118115,46.520812,48.621486
fe264,1620,33.916768,57.024184,44.420138,38.118115,23.413399,42.319464,38.118115,29.71542,69.628233,38.118115,29.71542,38.118115
fe264,1680,36.017441,46.520812,44.420138,71.728908,42.319464,42.319464,44.420138,57.024184,50.722161,46.520812,38.118115,27.614746
fe264,1740,38.118115,46.520812,23.413399,50.722161,38.118115,31.816094,33.916768,33.916768,38.118115,63.326208,50.722161,52.822835
fe264,1800,59.124859,40.21879,44.420138,42.319464,63.326208,23.413399,57.024184,31.816094,29.71542,23.413399,59.124859,67.527558
fe264,1860,38.118115,42.319464,46.520812,33.916768,40.21879,52.822835,57.024184,40.21879,46.520812,38.118115,52.822835,40.21879
fe264,1920,52.822835,38.118115,42.319464,33.916768,59.124859,29.71542,31.816094,38.118115,33.916768,27.614746,38.118115,33.916768
fe264,1980,40.21879,36.017441,57.024184,29.71542,44.420138,33.916768,40.21879,48.621486,36.017441,40.21879,36.017441,54.92351
fe264,2040,31.816094,36.017441,42.319464,44.420138,54.92351,52.822835,42.319464,29.71542,33.916768,40.21879,82.232284,48.621486
fe264,2100,36.017441,54.92351,44.420138,33.916768,31.816094,38.118115,48.621486,42.319464,44.420138,52.822835,44.420138,44.420138
fe264,2160,31.816094,42.319464,52.822835,42.319464,46.520812,38.118115,33.916768,57.024184,54.92351,38.118115,31.816094,42.319464
fe264,2220,38.118115,67.527558,61.225534,38.118115,63.326208,27.614746,46.520812,44.420138,82.232284,27.614746,40.21879,59.124859
fe264,2280,42.319464,44.420138,23.413399,54.92351,71.728908,42.319464,40.21879,38.118115,46.520812,25.514072,31.816094,31.816094
fe264,2340,50.722161,33.916768,40.21879,33.916768,84.332959,44.420138,29.71542,52.822835,46.520812,36.017441,54.92351,36.017441
fe264,2400,42.319464,50.722161,29.71542,48.621486,38.118115,54.92351,44.420138,40.21879,69.628233,29.71542,48.621486,31.816094
fe264,2460,52.822835,38.118115,29.71542,31.816094,54.92351,65.426883,42.319464,29.71542,40.21879,44.420138,40.21879,52.822835
fe264,2520,31.816094,38.118115,36.017441,40.21879,50.722161,44.420138,31.816094,67.527558,38.118115,33.916768,36.017441,42.319464
fe264,2580,31.816094,27.614746,31.816094,27.614746,46.520812,42.319464,38.118115,57.024184,25.514072,38.118115,52.822835,42.319464
fe264,2640,29.71542,31.816094,36.017441,40.21879,57.024184,40.21879,61.225534,42.319464,33.916768,44.420138,33.916768,27.614746
fe264,2700,40.21879,33.916768,40.21879,57.024184,63.326208,40.21879,33.916768,33.916768,38.118115,48.621486,27.614746,42.319464
fe264,2760,46.520812,27.614746,38.118115,33.916768,57.024184,38.118115,61.225534,36.017441,46.520812,38.118115,29.71542,42.319464
fe264,2820,29.71542,33.916768,50.722161,27.614746,48.621486,59.124859,50.722161,38.118115,46.520812,33.916768,38.118115,46.520812
fe264,2880,33.916768,38.118115,69.628233,61.225534,61.225534,54.92351,48.621486,48.621486,36.017441,59.124859,42.319464,38.118115
fe264,2940,44.420138,52.822835,33.916768,27.614746,52.822835,40.21879,27.614746,52.822835,29.71542,36.017441,33.916768,40.21879
fe289,0,630.510672,330.112408,298.602174,248.18583,185.16545,111.641745,162.057992,120.04445,120.04445,84.332959,126.34648,78.030933
fe289,60,107.440392,63.326208,90.634986,59.124859,59.124859,59.124859,50.722161,63.326208,42.319464,63.326208,63.326208,54.92351
fe289,120,44.420138,42.319464,50.722161,75.930258,46.520812,61.225534,40.21879,38.118115,57.024184,80.131608,50.722161,54.92351
fe289,180,44.420138,40.21879,63.326208,69.628233,50.722161,33.916768,29.71542,46.520812,52.822835,46.520812,46.520812,50.722161
fe289,240,50.722161,50.722161,31.816094,50.722161,38.118115,61.225534,31.816094,36.017441,40.21879,33.916768,63.326208,36.017441
fe289,300,59.124859,57.024184,33.916768,44.420138,50.722161,46.520812,36.017441,48.621486,65.426883,63.326208,50.722161,42.319464
fe289,360,54.92351,44.420138,54.92351,44.420138,52.822835,61.225534,40.21879,50.722161,42.319464,40.21879,42.319464,36.017441
fe289,420,61.225534,57.024184,52.822835,44.420138,52.822835,36.017441,52.822835,42.319464,29.71542,50.722161,61.225534,40.21879
fe289,480,42.319464,54.92351,27.614746,40.21879,44.420138,69.628233,38.118115,42.319464,31.816094,36.017441,50.722161,54.92351
fe289,540,61.225534,31.816094,33.916768,38.118115,29.71542,54.92351,59.124859,54.92351,69.628233,23.413399,46.520812,48.621486
fe289,600,52.822835,61.225534,38.118115,69.628233,48.621486,36.017441,25.514072,31.816094,59.124859,31.816094,61.225534,40.21879
fe289,660,33.916768,36.017441,40.21879,42.319464,52.822835,57.024184,36.017441,59.124859,40.21879,48.621486,52.822835,50.722161
fe289,720,33.916768,48.621486,33.916768,48.621486,40.21879,29.71542,29.71542,50.722161,27.614746,61.225534,36.017441,38.118115
fe289,780,57.024184,31.816094,52.822835,46.520812,63.326208,52.822835,52.822835,57.024184,38.118115,40.21879,33.916768,44.420138
fe289,840,57.024184,46.520812,29.71542,40.21879,40.21879,44.420138,38.118115,36.017441,31.816094,59.124859,54.92351,46.520812
fe289,900,71.728908,25.514072,42.319464,31.816094,48.621486,36.017441,57.024184,40.21879,33.916768,36.017441,36.017441,63.326208
fe289,960,48.621486,38.118115,61.225534,29.71542,46.520812,33.916768,40.21879,59.124859,36.017441,48.621486,27.614746,57.024184
fe289,1020,38.118115,38.118115,44.420138,25.514072,52.822835,31.816094,36.017441,61.225534,50.722161,31.816094,27.614746,59.124859
fe289,1080,42.319464,44.420138,38.118115,31.816094,48.621486,52.822835,38.118115,48.621486,38.118115,48.621486,38.118115,36.017441
fe289,1140,40.21879,33.916768,27.614746,36.017441,36.017441,38.118115,33.916768,44.420138,42.319464,40.21879,33.916768,38.118115
fe289,1200,40.21879,63.326208,27.614746,48.621486,38.118115,38.118115,50.722161,36.017441,52.822835,33.916768,54.92351,33.916768
fe289,1260,42.319464,44.420138,42.319464,44.420138,50.722161,36.017441,50.722161,44.420138,46.520812,48.621486,42.319464,54.92351
fe289,1320,52.822835,27.614746,27.614746,57.024184,31.816094,38.118115,50.722161,36.017441,52.822835,40.21879,50.722161,36.017441
fe289,1380,29.71542,36.017441,36.017441,29.71542,42.319464,33.916768,36.017441,46.520812,48.621486,65.426883,33.916768,59.124859
fe289,1440,42.319464,38.118115,23.413399,36.017441,38.118115,48.621486,29.71542,46.520812,48.621486,27.614746,44.420138,52.822835
fe289,1500,42.319464,29.71542,36.017441,44.420138,44.420138,48.621486,50.722161,42.319464,46.520812,36.017441,27.614746,48.621486
fe289,1560,46.520812,38.118115,54.92351,33.916768,46.520812,42.319464,61.225534,57.024184,52.822835,42.319464,29.71542,42.319464
fe289,1620,27.614746,63.326208,33.916768,31.816094,46.520812,46.520812,27.614746,50.722161,33.916768,42.319464,36.017441,36.017441
fe289,1680,42.319464,50.722161,31.816094,27.614746,33.916768,42.319464,42.319464,27.614746,59.124859,52.822835,38.118115,44.420138
fe289,1740,42.319464,38.118115,44.420138,42.319464,38.118115,46.520812,38.118115,42.319464,29.71542,44.420138,46.520812,59.124859
fe289,1800,42.319464,38.118115,31.816094,33.916768,48.621486,57.024184,52.822835,27.614746,44.420138,38.118115,27.614746,33.916768
fe289,1860,31.816094,78.030933,29.71542,36.017441,46.520812,44.420138,36.017441,36.017441,46.520812,44.420138,57.024184,69.628233
fe289,1920,44.420138,44.420138,36.017441,50.722161,31.816094,50.722161,31.816094,50.722161,42.319464,46.520812,44.420138,52.822835
fe289,1980,36.017441,31.816094,33.916768,42.319464,48.621486,33.916768,29.71542,31.816094,25.514072,42.319464,52.822835,29.71542
fe289,2040,40.21879,31.816094,46.520812,36.017441,36.017441,33.916768,42.319464,44.420138,48.621486,46.520812,44.420138,57.024184
fe289,2100,44.420138,38.118115,57.024184,46.520812,31.816094,38.118115,36.017441,29.71542,31.816094,54.92351,50.722161,52.822835
fe289,2160,40.21879,40.21879,33.916768,33.916768,44.420138,61.225534,38.118115,44.420138,33.916768,31.816094,54.92351,54.92351
fe289,2220,50.722161,25.514072,38.118115,40.21879,38.118115,54.92351,42.319464,46.520812,36.017441,33.916768,54.92351,40.21879
fe289,2280,52.822835,50.722161,27.614746,31.816094,36.017441,29.71542,65.426883,42.319464,31.816094,29.71542,57.024184,31.816094
fe289,2340,36.017441,29.71542,27.614746,52.822835,86.433635,48.621486,38.118115,31.816094,50.722161,31.816094,33.916768,36.017441
fe289,2400,48.621486,36.017441,57.024184,48.621486,38.118115,40.21879,29.71542,46.520812,27.614746,61.225534,42.319464,38.118115
fe289,2460,38.118115,33.916768,33.916768,42.319464,36.017441,40.21879,52.822835,36.017441,38.118115,40.21879,40.21879,44.420138
fe289,2520,54.92351,59.124859,40.21879,48.621486,48.621486,44.420138,50.722161,36.017441,31.816094,31.816094,33.916768,31.816094
fe289,2580,36.017441,38.118115,36.017441,59.124859,44.420138,38.118115,29.71542,40.21879,46.520812,42.319464,46.520812,36.017441
fe289,2640,36.017441,31.816094,46.520812,38.118115,48.621486,44.420138,48.621486,59.124859,38.118115,54.92351,33.916768,40.21879
fe289,2700,38.118115,23.413399,33.916768,42.319464,42.319464,23.413399,31.816094,40.21879,52.822835,33.916768,65.426883,48.621486
fe289,2760,44.420138,44.420138,46.520812,48.621486,33.916768,42.319464,33.916768,36.017441,36.017441,50.722161,50.722161,42.319464
fe289,2820,40.21879,23.413399,48.621486,27.614746,27.614746,38.118115,54.92351,46.520812,36.017441,40.21879,54.92351,46.520812
fe289,2880,33.916768,40.21879,52.822835,40.21879,25.514072,33.916768,23.413399,27.614746,44.420138,52.822835,33.916768,46.520812
fe289,2940,40.21879,46.520812,27.614746,69.628233,50.722161,38.118115,31.816094,50.722161,31.816094,48.621486,46.520812,57.024184
fe295,0,596.899614,405.737026,288.098766,170.460703,178.863415,122.145126,130.547833,113.742421,166.259347,99.037688,86.433635,96.937013
fe295,60,86.433635,90.634986,82.232284,84.332959,65.426883,38.118115,50.722161,48.621486,82.232284,84.332959,44.420138,67.527558
fe295,120,65.426883,63.326208,71.728908,67.527558,48.621486,42.319464,71.728908,54.92351,42.319464,59.124859,61.225534,50.722161
fe295,180,38.118115,44.420138,59.124859,61.225534,40.21879,59.124859,38.118115,54.92351,52.822835,52.822835,61.225534,59.124859
fe295,240,46.520812,44.420138,29.71542,42.319464,42.319464,40.21879,59.124859,46.520812,50.722161,38.118115,40.21879,36.017441
fe295,300,52.822835,59.124859,29.71542,48.621486,33.916768,33.916768,54.92351,40.21879,52.822835,48.621486,42.319464,36.017441
fe295,360,27.614746,99.037688,27.614746,29.71542,54.92351,44.420138,44.420138,27.614746,36.017441,48.621486,40.21879,59.124859
fe295,420,63.326208,48.621486,42.319464,29.71542,46.520812,38.118115,29.71542,42.319464,46.520812,44.420138,48.621486,80.131608
fe295,480,52.822835,36.017441,44.420138,40.21879,52.822835,40.21879,42.319464,46.520812,48.621486,31.816094,36.017441,33.916768
fe295,540,42.319464,36.017441,46.520812,27.614746,50.722161,61.225534,36.017441,38.118115,48.621486,52.822835,38.118115,33.916768
fe295,600,63.326208,27.614746,36.017441,33.916768,42.319464,40.21879,31.816094,33.916768,31.816094,31.816094,78.030933,42.319464
fe295,660,65.426883,40.21879,54.92351,40.21879,23.413399,44.420138,42.319464,57.024184,29.71542,40.21879,52.822835,46.520812
fe295,720,48.621486,36.017441,50.722161,42.319464,36.017441,36.017441,42.319464,50.722161,46.520812,48.621486,50.722161,31.816094
fe295,780,52.822835,57.024184,75.930258,27.614746,54.92351,40.21879,29.71542,29.71542,40.21879,31.816094,54.92351,33.916768
fe295,840,54.92351,57.024184,31.816094,46.520812,54.92351,33.916768,54.92351,29.71542,50.722161,33.916768,48.621486,69.628233
fe295,900,33.916768,33.916768,27.614746,42.319464,40.21879,29.71542,38.118115,46.520812,36.017441,31.816094,63.326208,57.024184
fe295,960,44.420138,31.816094,54.92351,48.621486,48.621486,27.614746,36.017441,71.728908,42.319464,44.420138,46.520812,42.319464
fe295,1020,73.829583,38.118115,46.520812,52.822835,33.916768,48.621486,52.822835,44.420138,59.124859,31.816094,29.71542,36.017441
fe295,1080,59.124859,59.124859,48.621486,38.118115,33.916768,48.621486,38.118115,38.118115,29.71542,31.816094,50.722161,40.21879
fe295,1140,33.916768,36.017441,59.124859,61.225534,25.514072,27.614746,33.916768,33.916768,52.822835,50.722161,23.413399,40.21879
fe295,1200,42.319464,23.413399,48.621486,36.017441,65.426883,27.614746,52.822835,36.017441,31.816094,36.017441,36.017441,38.118115
fe295,1260,29.71542,61.225534,50.722161,50.722161,63.326208,57.024184,46.520812,36.017441,46.520812,46.520812,46.520812,50.722161
fe295,1320,40.21879,48.621486,36.017441,46.520812,52.822835,27.614746,67.527558,33.916768,38.118115,48.621486,40.21879,31.816094
fe295,1380,50.722161,42.319464,46.520812,44.420138,38.118115,90.634986,31.816094,40.21879,36.017441,42.319464,40.21879,38.118115
fe295,1440,27.614746,59.124859,23.413399,54.92351,36.017441,46.520812,40.21879,31.816094,38.118115,40.21879,50.722161,42.319464
fe295,1500,31.816094,36.017441,59.124859,40.21879,52.822835,38.118115,38.118115,31.816094,40.21879,36.017441,38.118115,48.621486
fe295,1560,57.024184,48.621486,31.816094,40.21879,33.916768,61.225534,33.916768,31.816094,48.621486,38.118115,31.816094,44.420138
fe295,1620,46.520812,44.420138,44.420138,38.118115,27.614746,46.520812,36.017441,36.017441,59.124859,48.621486,40.21879,63.326208
fe295,1680,40.21879,40.21879,36.017441,33.916768,38.118115,48.621486,61.225534,50.722161,44.420138,40.21879,36.017441,29.71542
fe295,1740,50.722161,31.816094,48.621486,40.21879,33.916768,27.614746,50.722161,54.92351,44.420138,38.118115,54.92351,48.621486
fe295,1800,40.21879,25.514072,57.024184,46.520812,48.621486,65.426883,36.017441,48.621486,48.621486,27.614746,29.71542,59.124859
fe295,1860,54.92351,44.420138,54.92351,48.621486,38.118115,69.628233,23.413399,36.017441,40.21879,27.614746,38.118115,46.520812
fe295,1920,31.816094,50.722161,38.118115,33.916768,31.816094,44.420138,46.520812,38.118115,29.71542,52.822835,48.621486,52.822835
fe295,1980,63.326208,38.118115,38.118115,33.916768,59.124859,46.520812,29.71542,71.728908,33.916768,27.614746,38.118115,59.124859
fe295,2040,44.420138,52.822835,33.916768,50.722161,48.621486,36.017441,42.319464,36.017441,27.614746,29.71542,73.829583,38.118115
fe295,2100,38.118115,33.916768,48.621486,42.319464,57.024184,33.916768,46.520812,40.21879,67.527558,46.520812,54.92351,40.21879
fe295,2160,31.816094,33.916768,54.92351,78.030933,46.520812,46.520812,36.017441,36.017441,65.426883,29.71542,31.816094,31.816094
fe295,2220,57.024184,33.916768,67.527558,42.319464,46.520812,42.319464,42.319464,42.319464,46.520812,33.916768,40.21879,42.319464
fe295,2280,52.822835,36.017441,40.21879,31.816094,23.413399,40.21879,33.916768,50.722161,57.024184,44.420138,44.420138,33.916768
fe295,2340,40.21879,54.92351,67.527558,25.514072,57.024184,29.71542,36.017441,38.118115,36.017441,31.816094,29.71542,48.621486
fe295,2400,52.822835,46.520812,36.017441,71.728908,65.426883,46.520812,48.621486,40.21879,36.017441,52.822835,52.822835,40.21879
fe295,2460,52.822835,42.319464,38.118115,46.520812,38.118115,40.21879,38.118115,29.71542,46.520812,29.71542,33.916768,73.829583
fe295,2520,40.21879,38.118115,33.916768,29.71542,33.916768,36.017441,44.420138,40.21879,38.118115,33.916768,52.822835,40.21879
fe295,2580,31.816094,52.822835,36.017441,50.722161,36.017441,46.520812,40.21879,40.21879,48.621486,36.017441,63.326208,46.520812
fe295,2640,46.520812,48.621486,59.124859,90.634986,38.118115,75.930258,50.722161,54.92351,42.319464,36.017441,27.614746,46.520812
fe295,2700,36.017441,38.118115,33.916768,38.118115,59.124859,40.21879,40.21879,54.92351,38.118115,36.017441,33.916768,38.118115
fe295,2760,67.527558,23.413399,33.916768,31.816094,31.816094,44.420138,38.118115,36.017441,54.92351,36.017441,44.420138,54.92351
fe295,2820,40.21879,48.621486,33.916768,54.92351,40.21879,29.71542,23.413399,46.520812,40.21879,23.413399,44.420138,88.53431
fe295,2880,44.420138,38.118115,44.420138,31.816094,48.621486,61.225534,27.614746,38.118115,36.017441,48.621486,46.520812,48.621486
fe295,2940,38.118115,63.326208,50.722161,46.520812,31.816094,46.520812,25.514072,36.017441,27.614746,52.822835,29.71542,31.816094
fe468,0,533.878924,380.528811,229.27971,176.762737,105.339716,130.547833,136.849864,107.440392,94.836337,115.843097,75.930258,117.943773
fe468,60,90.634986,71.728908,69.628233,67.527558,44.420138,80.131608,67.527558,75.930258,67.527558,59.124859,73.829583,78.030933
fe468,120,40.21879,33.916768,42.319464,42.319464,52.822835,57.024184,54.92351,42.319464,52.822835,67.527558,48.621486,75.930258
fe468,180,36.017441,31.816094,54.92351,52.822835,29.71542,42.319464,48.621486,73.829583,36.017441,48.621486,54.92351,57.024184
fe468,240,46.520812,42.319464,48.621486,71.728908,46.520812,46.520812,65.426883,48.621486,46.520812,40.21879,29.71542,48.621486
fe468,300,46.520812,29.71542,31.816094,42.319464,29.71542,40.21879,42.319464,54.92351,38.118115,44.420138,63.326208,44.420138
fe468,360,48.621486,46.520812,42.319464,63.326208,44.420138,40.21879,48.621486,130.547833,42.319464,33.916768,33.916768,40.21879
fe468,420,46.520812,50.722161,36.017441,44.420138,50.722161,44.420138,38.118115,52.822835,52.822835,38.118115,52.822835,67.527558
fe468,480,52.822835,40.21879,38.118115,65.426883,54.92351,44.420138,33.916768,48.621486,59.124859,52.822835,59.124859,38.118115
fe468,540,40.21879,38.118115,44.420138,29.71542,48.621486,46.520812,40.21879,57.024184,40.21879,50.722161,59.124859,90.634986
fe468,600,46.520812,36.017441,50.722161,46.520812,38.118115,40.21879,59.124859,69.628233,38.118115,36.017441,54.92351,46.520812
fe468,660,50.722161,42.319464,29.71542,38.118115,40.21879,48.621486,29.71542,99.037688,48.621486,42.319464,65.426883,29.71542
fe468,720,29.71542,38.118115,46.520812,33.916768,42.319464,46.520812,59.124859,73.829583,42.319464,63.326208,33.916768,61.225534
fe468,780,52.822835,44.420138,40.21879,38.118115,57.024184,40.21879,36.017441,52.822835,42.319464,52.822835,42.319464,50.722161
fe468,840,57.024184,27.614746,27.614746,33.916768,38.118115,59.124859,50.722161,44.420138,42.319464,44.420138,38.118115,36.017441
fe468,900,65.426883,27.614746,44.420138,52.822835,31.816094,33.916768,42.319464,54.92351,33.916768,88.53431,57.024184,31.816094
fe468,960,36.017441,33.916768,38.118115,40.21879,48.621486,50.722161,54.92351,65.426883,38.118115,48.621486,31.816094,57.024184
fe468,1020,33.916768,33.916768,25.514072,38.118115,25.514072,40.21879,46.520812,54.92351,38.118115,36.017441,33.916768,48.621486
fe468,1080,38.118115,48.621486,29.71542,40.21879,46.520812,63.326208,50.722161,38.118115,48.621486,36.017441,40.21879,33.916768
fe468,1140,67.527558,33.916768,38.118115,31.816094,46.520812,50.722161,61.225534,38.118115,65.426883,36.017441,36.017441,63.326208
fe468,1200,27.614746,63.326208,36.017441,52.822835,27.614746,31.816094,50.722161,27.614746,50.722161,29.71542,69.628233,29.71542
fe468,1260,25.514072,29.71542,42.319464,44.420138,27.614746,52.822835,42.319464,57.024184,38.118115,31.816094,63.326208,27.614746
fe468,1320,46.520812,38.118115,44.420138,52.822835,36.017441,44.420138,38.118115,44.420138,31.816094,44.420138,38.118115,27.614746
fe468,1380,52.822835,31.816094,36.017441,130.547833,33.916768,50.722161,44.420138,44.420138,29.71542,38.118115,52.822835,38.118115
fe468,1440,44.420138,50.722161,25.514072,33.916768,27.614746,52.822835,61.225534,46.520812,29.71542,42.319464,46.520812,38.118115
fe468,1500,42.319464,40.21879,33.916768,71.728908,29.71542,38.118115,48.621486,38.118115,38.118115,36.017441,31.816094,52.822835
fe468,1560,50.722161,46.520812,44.420138,52.822835,23.413399,40.21879,69.628233,63.326208,36.017441,29.71542,46.520812,36.017441
fe468,1620,33.916768,33.916768,46.520812,33.916768,50.722161,52.822835,48.621486,36.017441,54.92351,31.816094,38.118115,25.514072
fe468,1680,36.017441,33.916768,44.420138,48.621486,48.621486,25.514072,57.024184,92.735661,48.621486,59.124859,48.621486,50.722161
fe468,1740,33.916768,36.017441,42.319464,46.520812,59.124859,40.21879,48.621486,27.614746,44.420138,44.420138,31.816094,33.916768
fe468,1800,48.621486,52.822835,46.520812,31.816094,59.124859,54.92351,36.017441,67.527558,42.319464,40.21879,33.916768,36.017441
fe468,1860,46.520812,42.319464,57.024184,36.017441,33.916768,52.822835,23.413399,38.118115,50.722161,31.816094,52.822835,48.621486
fe468,1920,31.816094,44.420138,33.916768,36.017441,23.413399,27.614746,57.024184,31.816094,27.614746,48.621486,71.728908,33.916768
fe468,1980,44.420138,42.319464,67.527558,27.614746,36.017441,36.017441,31.816094,33.916768,33.916768,25.514072,38.118115,44.420138
fe468,2040,36.017441,31.816094,50.722161,52.822835,44.420138,36.017441,59.124859,23.413399,42.319464,40.21879,42.319464,29.71542
fe468,2100,36.017441,40.21879,48.621486,50.722161,36.017441,38.118115,42.319464,29.71542,36.017441,54.92351,44.420138,36.017441
fe468,2160,46.520812,48.621486,44.420138,54.92351,46.520812,46.520812,27.614746,69.628233,54.92351,48.621486,50.722161,27.614746
fe468,2220,23.413399,40.21879,40.21879,54.92351,40.21879,67.527558,40.21879,75.930258,36.017441,48.621486,38.118115,31.816094
fe468,2280,31.816094,40.21879,36.017441,61.225534,57.024184,46.520812,44.420138,44.420138,52.822835,31.816094,38.118115,27.614746
fe468,2340,48.621486,42.319464,44.420138,36.017441,46.520812,38.118115,48.621486,42.319464,40.21879,40.21879,36.017441,44.420138
fe468,2400,38.118115,38.118115,54.92351,46.520812,33.916768,40.21879,50.722161,52.822835,33.916768,31.816094,31.816094,33.916768
fe468,2460,42.319464,40.21879,38.118115,48.621486,38.118115,27.614746,36.017441,38.118115,33.916768,25.514072,46.520812,38.118115
fe468,2520,36.017441,61.225534,23.413399,52.822835,27.614746,61.225534,31.816094,59.124859,44.420138,46.520812,44.420138,54.92351
fe468,2580,25.514072,36.017441,52.822835,33.916768,25.514072,38.118115,54.92351,33.916768,27.614746,50.722161,42.319464,57.024184
fe468,2640,59.124859,59.124859,61.225534,61.225534,46.520812,38.118115,44.420138,50.722161,44.420138,29.71542,33.916768,29.71542
fe468,2700,50.722161,42.319464,40.21879,42.319464,40.21879,54.92351,46.520812,54.92351,46.520812,61.225534,48.621486,46.520812
fe468,2760,31.816094,44.420138,48.621486,67.527558,29.71542,31.816094,40.21879,33.916768,38.118115,61.225534,54.92351,48.621486
fe468,2820,29.71542,25.514072,31.816094,40.21879,42.319464,48.621486,27.614746,48.621486,40.21879,38.118115,33.916768,29.71542
fe468,2880,44.420138,36.017441,40.21879,50.722161,40.21879,38.118115,36.017441,59.124859,27.614746,46.520812,31.816094,44.420138
fe468,2940,27.614746,88.53431,46.520812,40.21879,40.21879,33.916768,61.225534,23.413399,42.319464,46.520812,46.520812,46.520812
