Name,Time,A1,A2,A3,A4,A5,A6,A7,A8,A9,A10,A11,A12
cPta,0,903.601111,458.254169,378.428127,225.078351,231.38039,208.272916,151.554604,117.943773,122.145126,96.937013,78.030933,88.53431
cPta,60,107.440392,86.433635,61.225534,57.024184,80.131608,90.634986,65.426883,84.332959,71.728908,48.621486,63.326208,46.520812
cPta,120,149.453926,269.192636,80.131608,206.172237,90.634986,82.232284,80.131608,315.407631,195.668843,82.232284,250.28651,73.829583
cPta,180,914.104611,556.986504,498.167224,996.031961,334.313773,802.767596,737.646027,1737.583828,2930.805427,502.368599,1697.670074,689.330062
cPta,240,2561.072637,2010.678544,1655.655619,2890.890999,1273.325233,2308.983208,2836.271291,4443.368793,6514.792795,1710.274415,5334.115693,2735.435019
cPta,300,4077.829681,3806.827766,2819.465236,4907.648206,2661.908661,4546.308309,5558.90501,6804.712964,9168.236951,2846.775078,8909.821148,4063.124124
cPta,360,5212.267577,4811.010611,3550.532337,6371.934019,4029.511434,5953.863671,7655.572497,8317.359214,11330.142748,3836.238776,10483.44096,5666.047833
cPta,420,5966.468771,5231.17503,3930.774249,6974.884051,5096.722144,6869.840122,9447.663232,9008.565287,12067.600954,4573.618818,11315.435682,6491.683268
cPta,480,6252.184973,5579.913393,4075.728887,7804.736581,5598.820944,7829.947444,10399.401634,9084.199188,11725.133651,4781.599195,11512.930817,6884.546263
cPta,540,6119.831001,5550.501658,4663.953654,8708.131422,6224.873816,8258.533477,10832.205233,9231.265339,11760.851022,4876.135932,12082.308176,7445.482771
cPta,600,6443.363371,5220.670889,4512.69539,9218.659657,6474.876344,8571.570996,11367.96093,8977.051185,11832.285819,5275.292438,12277.704415,7535.821277
cPta,660,6445.464236,5502.182404,4716.473961,9079.997303,6945.471735,8951.839914,11685.214257,8886.710838,11580.163329,5422.350667,12015.075186,7941.295526
cPta,720,6212.26867,5386.636497,4405.554314,9351.019431,6981.186692,8821.581822,11588.567398,8292.148177,11571.759262,5220.670889,11586.46638,7758.516691
cPta,780,6010.586638,5319.409875,4350.933437,9447.663232,7401.364008,9195.549246,12097.015401,8229.120627,10855.316179,5264.788291,11601.173502,7941.295526
cPta,840,5823.611102,5258.485803,4712.272335,9790.119504,7061.02019,8703.929558,11804.972506,7861.461034,10550.672493,5397.140663,11023.396016,8550.561723
cPta,900,5380.333999,5098.822968,4743.784536,9432.956558,6796.309464,8895.114586,11220.890335,7374.052407,10115.769644,5321.510706,10714.549623,8550.561723
cPta,960,5350.922346,4760.591049,4542.106694,9281.68809,6781.603342,8447.616376,11317.536692,6775.300719,9472.87468,5208.065922,10098.961858,8058.94652
cPta,1020,4920.25312,4504.292162,4558.913158,8956.041792,6592.524898,8021.130108,10662.024861,6189.159241,9119.915225,4892.942477,9189.246408,7983.313716
cPta,1080,4712.272335,4474.880874,4336.227823,8821.581822,6441.262507,7905.580084,10275.443809,5382.434832,8548.460796,4750.086978,8371.983156,7468.592611
cPta,1140,4512.69539,3928.67346,4084.132063,8769.058466,6510.591063,7168.165289,9290.091885,4939.160494,8166.093132,4735.381281,8037.9374,7382.455975
cPta,1200,3823.634056,3703.889327,4109.341599,8458.120997,5668.148674,6905.55504,8657.70908,4455.973624,7371.951515,4306.816605,7283.714108,6901.353284
cPta,1260,3516.919891,2998.029778,3861.448224,8191.304123,5613.526821,6344.622815,8397.19422,3892.960045,6666.055344,3836.238776,6472.775478,7023.204311
cPta,1320,3317.34632,2884.588723,3655.571335,7636.664396,5063.108962,5680.753723,7420.272046,3096.76566,6199.663526,3659.772898,5353.023178,6100.92331
cPta,1380,2634.59889,2565.274136,3294.237838,7208.082133,4420.259943,4890.841658,6388.740919,2867.782656,5479.073208,3376.167946,4880.337568,5991.678977
cPta,1440,2386.710686,2004.376346,2937.107707,6584.121423,4052.620157,4329.925418,5708.06467,2176.636617,4718.574774,2798.457672,4159.760697,5243.780001
cPta,1500,2187.140306,1834.217222,2737.535773,5968.569621,3621.958839,3695.486195,4758.490234,1907.742719,4182.869462,2693.419948,3630.361961,4512.69539
cPta,1560,1735.483104,1506.504508,2380.408455,5388.73733,2880.387206,3153.486336,3882.456103,1554.821031,3363.563307,2201.845472,2916.100109,4161.861493
cPta,1620,1517.008097,1138.879874,2082.10349,5029.495797,2210.248426,2643.001896,3218.61013,1267.023101,2995.929016,2117.815989,2556.87114,3773.215198
cPta,1680,1201.901104,1038.046023,1764.893252,4151.357511,1970.764635,2054.793943,2701.82296,1111.570692,2426.62483,1605.238307,1920.347098,3044.246557
cPta,1740,983.427747,830.076659,1407.770847,3680.780718,1634.648401,1764.893252,2101.010105,764.955064,2042.18954,1538.01528,1510.705944,2674.513174
cPta,1800,903.601111,651.517592,1220.807484,3176.594772,1304.835901,1437.18086,1645.15201,573.792021,1655.655619,1300.634478,1298.533766,2334.19211
cPta,1860,815.371777,580.094091,1054.851655,2716.528234,884.694816,1313.238748,1348.95086,575.892711,1435.080144,1157.786237,1019.139692,1924.548558
cPta,1920,657.819669,414.139766,800.666899,2290.076537,729.243248,966.622132,1025.441801,483.462411,1101.067163,933.010914,937.212315,1649.353453
cPta,1980,491.865161,370.025391,672.524517,2050.592475,567.489952,802.767596,842.680845,395.233602,958.219326,783.861328,687.229369,1424.576567
cPta,2040,447.750737,323.81036,542.281679,1678.763566,489.764474,748.149501,733.444637,386.830864,773.357847,674.62521,544.382368,1290.130921
cPta,2100,328.011725,281.796722,458.254169,1315.33946,359.521972,559.087193,531.778235,290.199448,569.590641,567.489952,525.476169,1151.484116
cPta,2160,359.521972,189.366807,424.643193,1132.577754,304.90422,464.556229,386.830864,204.071558,424.643193,454.052796,340.615822,855.285034
cPta,2220,246.08515,113.742421,361.622655,977.125641,218.776312,437.247307,281.796722,193.568164,374.226758,395.233602,344.817188,827.975961
cPta,2280,250.28651,164.158669,271.293317,857.385732,189.366807,359.521972,279.696041,128.447156,361.622655,311.206266,264.991274,573.792021
cPta,2340,195.668843,88.53431,246.08515,636.812748,162.057992,275.494679,218.776312,151.554604,248.18583,252.387191,172.561381,533.878924
cPta,2400,147.353249,73.829583,222.977671,529.677546,115.843097,199.8702,176.762737,65.426883,220.876992,183.064772,195.668843,441.448679
cPta,2460,166.259347,86.433635,206.172237,464.556229,96.937013,145.252572,109.541068,88.53431,206.172237,222.977671,111.641745,365.824023
cPta,2520,126.34648,67.527558,130.547833,388.931548,174.662059,162.057992,94.836337,92.735661,166.259347,162.057992,117.943773,288.098766
cPta,2580,90.634986,69.628233,128.447156,433.045935,84.332959,99.037688,141.051218,78.030933,92.735661,172.561381,120.04445,243.98447
cPta,2640,84.332959,78.030933,117.943773,275.494679,101.138364,136.849864,96.937013,82.232284,132.64851,153.655281,109.541068,227.179031
cPta,2700,86.433635,67.527558,73.829583,285.998085,71.728908,78.030933,94.836337,78.030933,96.937013,164.158669,101.138364,122.145126
cPta,2760,61.225534,67.527558,88.53431,206.172237,84.332959,120.04445,73.829583,65.426883,84.332959,197.769522,103.23904,117.943773
cPta,2820,46.520812,132.64851,78.030933,197.769522,92.735661,82.232284,69.628233,46.520812,103.23904,136.849864,84.332959,141.051218
cPta,2880,42.319464,54.92351,78.030933,145.252572,88.53431,109.541068,88.53431,59.124859,128.447156,90.634986,82.232284,124.245803
cPta,2940,69.628233,75.930258,82.232284,128.447156,71.728908,52.822835,42.319464,73.829583,65.426883,67.527558,78.030933,88.53431
fePta,0,867.889225,449.851423,338.515139,256.588552,183.064772,151.554604,151.554604,103.23904,107.440392,86.433635,109.541068,153.655281
fePta,60,73.829583,80.131608,103.23904,71.728908,52.822835,71.728908,50.722161,109.541068,73.829583,59.124859,65.426883,57.024184
fePta,120,46.520812,48.621486,44.420138,57.024184,63.326208,44.420138,67.527558,86.433635,67.527558,44.420138,80.131608,40.21879
fePta,180,54.92351,59.124859,73.829583,65.426883,111.641745,33.916768,42.319464,54.92351,46.520812,54.92351,46.520812,44.420138
fePta,240,40.21879,73.829583,63.326208,69.628233,61.225534,65.426883,40.21879,75.930258,65.426883,80.131608,59.124859,46.520812
fePta,300,54.92351,50.722161,50.722161,42.319464,52.822835,50.722161,69.628233,75.930258,67.527558,38.118115,59.124859,29.71542
fePta,360,63.326208,57.024184,44.420138,71.728908,69.628233,33.916768,36.017441,59.124859,73.829583,52.822835,52.822835,46.520812
fePta,420,42.319464,40.21879,101.138364,42.319464,82.232284,44.420138,65.426883,50.722161,52.822835,61.225534,40.21879,46.520812
fePta,480,42.319464,42.319464,61.225534,88.53431,73.829583,57.024184,42.319464,84.332959,61.225534,54.92351,61.225534,54.92351
fePta,540,54.92351,61.225534,33.916768,63.326208,46.520812,42.319464,59.124859,57.024184,57.024184,59.124859,61.225534,54.92351
fePta,600,46.520812,44.420138,73.829583,44.420138,52.822835,40.21879,67.527558,75.930258,73.829583,63.326208,67.527558,44.420138
fePta,660,52.822835,63.326208,48.621486,46.520812,44.420138,52.822835,57.024184,75.930258,48.621486,36.017441,57.024184,65.426883
fePta,720,42.319464,27.614746,73.829583,52.822835,48.621486,52.822835,48.621486,36.017441,78.030933,71.728908,96.937013,44.420138
fePta,780,38.118115,57.024184,82.232284,50.722161,52.822835,52.822835,50.722161,86.433635,50.722161,52.822835,71.728908,50.722161
fePta,840,57.024184,44.420138,48.621486,46.520812,80.131608,40.21879,57.024184,46.520812,54.92351,33.916768,90.634986,50.722161
fePta,900,36.017441,48.621486,54.92351,46.520812,50.722161,59.124859,75.930258,65.426883,48.621486,67.527558,59.124859,27.614746
fePta,960,69.628233,42.319464,63.326208,71.728908,73.829583,40.21879,50.722161,52.822835,63.326208,42.319464,75.930258,40.21879
fePta,1020,59.124859,44.420138,44.420138,44.420138,44.420138,61.225534,54.92351,57.024184,54.92351,50.722161,46.520812,50.722161
fePta,1080,48.621486,42.319464,40.21879,50.722161,42.319464,69.628233,44.420138,33.916768,52.822835,78.030933,48.621486,46.520812
fePta,1140,29.71542,67.527558,42.319464,46.520812,50.722161,69.628233,48.621486,99.037688,57.024184,54.92351,42.319464,44.420138
fePta,1200,36.017441,48.621486,42.319464,57.024184,46.520812,61.225534,54.92351,69.628233,65.426883,44.420138,54.92351,94.836337
fePta,1260,29.71542,40.21879,48.621486,71.728908,48.621486,52.822835,44.420138,36.017441,63.326208,52.822835,50.722161,44.420138
fePta,1320,38.118115,48.621486,40.21879,38.118115,67.527558,57.024184,33.916768,73.829583,65.426883,46.520812,80.131608,36.017441
fePta,1380,42.319464,46.520812,42.319464,50.722161,59.124859,42.319464,48.621486,52.822835,42.319464,57.024184,42.319464,36.017441
fePta,1440,40.21879,67.527558,29.71542,38.118115,42.319464,75.930258,46.520812,54.92351,54.92351,57.024184,71.728908,42.319464
fePta,1500,27.614746,52.822835,52.822835,31.816094,38.118115,27.614746,38.118115,69.628233,65.426883,52.822835,63.326208,29.71542
fePta,1560,40.21879,44.420138,40.21879,42.319464,48.621486,48.621486,36.017441,50.722161,57.024184,48.621486,50.722161,44.420138
fePta,1620,38.118115,25.514072,36.017441,44.420138,33.916768,84.332959,40.21879,71.728908,33.916768,52.822835,94.836337,42.319464
fePta,1680,46.520812,52.822835,42.319464,29.71542,48.621486,27.614746,42.319464,48.621486,50.722161,57.024184,44.420138,54.92351
fePta,1740,46.520812,50.722161,40.21879,50.722161,29.71542,33.916768,44.420138,63.326208,42.319464,36.017441,52.822835,59.124859
fePta,1800,27.614746,48.621486,44.420138,36.017441,52.822835,50.722161,48.621486,50.722161,50.722161,73.829583,42.319464,40.21879
fePta,1860,42.319464,48.621486,44.420138,36.017441,36.017441,52.822835,40.21879,61.225534,54.92351,40.21879,59.124859,50.722161
fePta,1920,36.017441,42.319464,50.722161,42.319464,44.420138,63.326208,67.527558,50.722161,33.916768,36.017441,69.628233,38.118115
fePta,1980,57.024184,44.420138,48.621486,33.916768,40.21879,48.621486,40.21879,46.520812,38.118115,40.21879,42.319464,29.71542
fePta,2040,33.916768,36.017441,36.017441,33.916768,69.628233,46.520812,40.21879,46.520812,31.816094,54.92351,46.520812,78.030933
fePta,2100,36.017441,59.124859,46.520812,59.124859,36.017441,38.118115,31.816094,44.420138,38.118115,40.21879,33.916768,38.118115
fePta,2160,31.816094,40.21879,46.520812,50.722161,29.71542,65.426883,52.822835,57.024184,57.024184,46.520812,46.520812,42.319464
fePta,2220,52.822835,38.118115,69.628233,38.118115,29.71542,42.319464,48.621486,42.319464,42.319464,54.92351,65.426883,33.916768
fePta,2280,50.722161,57.024184,40.21879,38.118115,46.520812,63.326208,40.21879,48.621486,33.916768,52.822835,54.92351,36.017441
fePta,2340,57.024184,52.822835,54.92351,59.124859,42.319464,54.92351,42.319464,42.319464,69.628233,46.520812,71.728908,44.420138
fePta,2400,36.017441,46.520812,36.017441,48.621486,46.520812,23.413399,57.024184,29.71542,46.520812,36.017441,40.21879,46.520812
fePta,2460,75.930258,31.816094,46.520812,48.621486,54.92351,33.916768,50.722161,36.017441,52.822835,40.21879,38.118115,40.21879
fePta,2520,38.118115,67.527558,33.916768,48.621486,42.319464,52.822835,38.118115,67.527558,57.024184,40.21879,36.017441,36.017441
fePta,2580,42.319464,31.816094,44.420138,42.319464,48.621486,54.92351,44.420138,27.614746,50.722161,44.420138,75.930258,29.71542
fePta,2640,27.614746,23.413399,52.822835,63.326208,44.420138,46.520812,27.614746,29.71542,44.420138,31.816094,48.621486,40.21879
fePta,2700,33.916768,46.520812,29.71542,36.017441,52.822835,44.420138,63.326208,52.822835,61.225534,36.017441,59.124859,36.017441
fePta,2760,44.420138,44.420138,44.420138,31.816094,61.225534,59.124859,38.118115,31.816094,31.816094,65.426883,33.916768,63.326208
fePta,2820,88.53431,46.520812,46.520812,59.124859,38.118115,42.319464,63.326208,46.520812,27.614746,50.722161,31.816094,46.520812
fePta,2880,69.628233,33.916768,38.118115,38.118115,27.614746,36.017441,40.21879,63.326208,67.527558,46.520812,42.319464,50.722161
fePta,2940,36.017441,31.816094,57.024184,40.21879,38.118115,31.816094,50.722161,50.722161,52.822835,57.024184,33.916768,29.71542
fe470,0,851.083637,409.938396,342.716505,222.977671,180.964093,151.554604,84.332959,126.34648,122.145126,120.04445,69.628233,105.339716
fe470,60,67.527558,73.829583,73.829583,78.030933,69.628233,63.326208,75.930258,84.332959,86.433635,69.628233,78.030933,69.628233
fe470,120,78.030933,42.319464,69.628233,63.326208,42.319464,63.326208,44.420138,57.024184,57.024184,40.21879,40.21879,75.930258
fe470,180,52.822835,38.118115,31.816094,44.420138,57.024184,52.822835,48.621486,42.319464,42.319464,48.621486,44.420138,36.017441
fe470,240,54.92351,46.520812,65.426883,29.71542,40.21879,80.131608,52.822835,71.728908,73.829583,38.118115,52.822835,75.930258
fe470,300,44.420138,57.024184,38.118115,48.621486,40.21879,59.124859,33.916768,31.816094,38.118115,40.21879,67.527558,42.319464
fe470,360,42.319464,54.92351,40.21879,69.628233,44.420138,46.520812,27.614746,31.816094,65.426883,67.527558,42.319464,61.225534
fe470,420,44.420138,42.319464,69.628233,27.614746,46.520812,54.92351,40.21879,36.017441,31.816094,65.426883,44.420138,36.017441
fe470,480,42.319464,38.118115,46.520812,40.21879,38.118115,40.21879,48.621486,33.916768,46.520812,40.21879,46.520812,42.319464
fe470,540,44.420138,29.71542,36.017441,54.92351,59.124859,63.326208,50.722161,73.829583,38.118115,48.621486,50.722161,57.024184
fe470,600,92.735661,63.326208,27.614746,42.319464,42.319464,59.124859,59.124859,38.118115,69.628233,36.017441,40.21879,33.916768
fe470,660,27.614746,46.520812,44.420138,44.420138,42.319464,50.722161,54.92351,84.332959,59.124859,61.225534,33.916768,36.017441
fe470,720,44.420138,50.722161,42.319464,46.520812,94.836337,54.92351,42.319464,33.916768,38.118115,40.21879,50.722161,29.71542
fe470,780,36.017441,42.319464,52.822835,57.024184,61.225534,63.326208,36.017441,38.118115,50.722161,65.426883,31.816094,52.822835
fe470,840,33.916768,59.124859,40.21879,38.118115,48.621486,38.118115,44.420138,57.024184,54.92351,44.420138,52.822835,38.118115
fe470,900,36.017441,33.916768,65.426883,50.722161,61.225534,42.319464,71.728908,42.319464,67.527558,38.118115,36.017441,65.426883
fe470,960,63.326208,38.118115,61.225534,42.319464,29.71542,31.816094,23.413399,57.024184,44.420138,46.520812,42.319464,40.21879
fe470,1020,29.71542,50.722161,42.319464,48.621486,40.21879,42.319464,52.822835,44.420138,40.21879,40.21879,31.816094,29.71542
fe470,1080,57.024184,52.822835,25.514072,46.520812,52.822835,42.319464,46.520812,31.816094,46.520812,42.319464,69.628233,27.614746
fe470,1140,31.816094,31.816094,38.118115,33.916768,42.319464,42.319464,59.124859,33.916768,38.118115,40.21879,40.21879,46.520812
fe470,1200,31.816094,42.319464,40.21879,42.319464,52.822835,57.024184,46.520812,46.520812,54.92351,46.520812,46.520812,59.124859
fe470,1260,50.722161,38.118115,54.92351,38.118115,54.92351,33.916768,50.722161,46.520812,48.621486,38.118115,46.520812,38.118115
fe470,1320,38.118115,44.420138,59.124859,42.319464,46.520812,27.614746,50.722161,57.024184,52.822835,33.916768,29.71542,40.21879
fe470,1380,33.916768,40.21879,33.916768,57.024184,48.621486,40.21879,50.722161,44.420138,42.319464,57.024184,40.21879,50.722161
fe470,1440,31.816094,31.816094,36.017441,36.017441,42.319464,40.21879,33.916768,33.916768,33.916768,46.520812,40.21879,42.319464
fe470,1500,48.621486,33.916768,54.92351,40.21879,36.017441,38.118115,54.92351,42.319464,31.816094,29.71542,57.024184,44.420138
fe470,1560,33.916768,33.916768,50.722161,57.024184,50.722161,36.017441,38.118115,33.916768,38.118115,44.420138,57.024184,54.92351
fe470,1620,42.319464,36.017441,44.420138,42.319464,59.124859,42.319464,44.420138,59.124859,59.124859,65.426883,48.621486,38.118115
fe470,1680,36.017441,44.420138,40.21879,50.722161,38.118115,36.017441,52.822835,48.621486,42.319464,33.916768,42.319464,44.420138
fe470,1740,31.816094,27.614746,69.628233,33.916768,50.722161,27.614746,46.520812,38.118115,48.621486,38.118115,46.520812,61.225534
fe470,1800,46.520812,42.319464,48.621486,42.319464,36.017441,33.916768,40.21879,40.21879,46.520812,40.21879,31.816094,42.319464
fe470,1860,57.024184,42.319464,40.21879,44.420138,52.822835,42.319464,38.118115,38.118115,80.131608,52.822835,46.520812,48.621486
fe470,1920,33.916768,40.21879,31.816094,50.722161,59.124859,31.816094,36.017441,42.319464,40.21879,46.520812,29.71542,38.118115
fe470,1980,42.319464,29.71542,33.916768,48.621486,67.527558,40.21879,48.621486,61.225534,31.816094,44.420138,48.621486,38.118115
fe470,2040,36.017441,48.621486,33.916768,59.124859,48.621486,50.722161,33.916768,42.319464,38.118115,40.21879,59.124859,48.621486
fe470,2100,38.118115,36.017441,44.420138,25.514072,63.326208,38.118115,52.822835,44.420138,50.722161,61.225534,46.520812,48.621486
fe470,2160,44.420138,44.420138,38.118115,46.520812,27.614746,36.017441,40.21879,33.916768,33.916768,23.413399,78.030933,42.319464
fe470,2220,52.822835,31.816094,42.319464,40.21879,23.413399,61.225534,48.621486,46.520812,38.118115,40.21879,38.118115,46.520812
fe470,2280,31.816094,40.21879,44.420138,44.420138,44.420138,42.319464,44.420138,27.614746,42.319464,57.024184,36.017441,40.21879
fe470,2340,48.621486,38.118115,36.017441,44.420138,57.024184,31.816094,65.426883,36.017441,42.319464,42.319464,33.916768,48.621486
fe470,2400,29.71542,31.816094,63.326208,33.916768,71.728908,61.225534,40.21879,36.017441,50.722161,48.621486,25.514072,40.21879
fe470,2460,29.71542,33.916768,52.822835,48.621486,54.92351,40.21879,33.916768,33.916768,48.621486,40.21879,63.326208,46.520812
fe470,2520,44.420138,36.017441,52.822835,57.024184,29.71542,40.21879,33.916768,36.017441,67.527558,31.816094,33.916768,46.520812
fe470,2580,25.514072,67.527558,61.225534,40.21879,69.628233,59.124859,40.21879,50.722161,33.916768,27.614746,42.319464,36.017441
fe470,2640,40.21879,61.225534,38.118115,31.816094,42.319464,40.21879,40.21879,46.520812,46.520812,50.722161,57.024184,42.319464
fe470,2700,29.71542,44.420138,46.520812,38.118115,59.124859,42.319464,31.816094,50.722161,38.118115,59.124859,80.131608,40.21879
fe470,2760,52.822835,31.816094,29.71542,48.621486,27.614746,40.21879,42.319464,29.71542,29.71542,31.816094,40.21879,52.822835
fe470,2820,42.319464,29.71542,23.413399,40.21879,42.319464,40.21879,40.21879,40.21879,61.225534,52.822835,75.930258,40.21879
fe470,2880,42.319464,40.21879,42.319464,36.017441,31.816094,27.614746,36.017441,52.822835,33.916768,48.621486,38.118115,31.816094
fe470,2940,46.520812,40.21879,29.71542,63.326208,71.728908,63.326208,52.822835,46.520812,36.017441,59.124859,48.621486,40.21879
fe94,0,739.746721,393.132917,267.091955,225.078351,180.964093,170.460703,157.856636,157.856636,88.53431,134.749187,105.339716,75.930258
fe94,60,86.433635,52.822835,57.024184,59.124859,88.53431,73.829583,80.131608,48.621486,57.024184,67.527558,73.829583,54.92351
fe94,120,59.124859,44.420138,46.520812,57.024184,54.92351,80.131608,38.118115,67.527558,86.433635,38.118115,52.822835,42.319464
fe94,180,78.030933,40.21879,65.426883,42.319464,50.722161,48.621486,57.024184,46.520812,44.420138,46.520812,27.614746,57.024184
fe94,240,44.420138,40.21879,54.92351,48.621486,46.520812,59.124859,50.722161,40.21879,57.024184,46.520812,78.030933,42.319464
fe94,300,65.426883,50.722161,50.722161,48.621486,38.118115,57.024184,61.225534,42.319464,40.21879,36.017441,50.722161,54.92351
fe94,360,29.71542,71.728908,52.822835,61.225534,50.722161,42.319464,40.21879,38.118115,29.71542,48.621486,40.21879,52.822835
fe94,420,46.520812,36.017441,61.225534,31.816094,31.816094,48.621486,46.520812,44.420138,50.722161,46.520812,33.916768,44.420138
fe94,480,33.916768,46.520812,42.319464,54.92351,46.520812,40.21879,40.21879,38.118115,46.520812,50.722161,38.118115,31.816094
fe94,540,54.92351,71.728908,38.118115,50.722161,42.319464,57.024184,59.124859,40.21879,42.319464,50.722161,40.21879,48.621486
fe94,600,44.420138,57.024184,59.124859,40.21879,27.614746,61.225534,42.319464,46.520812,27.614746,27.614746,48.621486,36.017441
fe94,660,38.118115,40.21879,50.722161,36.017441,52.822835,46.520812,52.822835,42.319464,31.816094,44.420138,31.816094,31.816094
fe94,720,44.420138,27.614746,54.92351,38.118115,59.124859,42.319464,44.420138,33.916768,38.118115,33.916768,40.21879,31.816094
fe94,780,31.816094,36.017441,44.420138,42.319464,50.722161,46.520812,46.520812,42.319464,54.92351,44.420138,46.520812,44.420138
fe94,840,38.118115,31.816094,40.21879,48.621486,33.916768,46.520812,33.916768,29.71542,38.118115,59.124859,46.520812,73.829583
fe94,900,33.916768,42.319464,36.017441,42.319464,44.420138,31.816094,50.722161,59.124859,36.017441,54.92351,54.92351,27.614746
fe94,960,23.413399,40.21879,44.420138,59.124859,27.614746,50.722161,52.822835,78.030933,48.621486,31.816094,50.722161,46.520812
fe94,1020,48.621486,42.319464,38.118115,40.21879,40.21879,36.017441,44.420138,44.420138,29.71542,40.21879,59.124859,65.426883
fe94,1080,63.326208,38.118115,57.024184,54.92351,61.225534,46.520812,40.21879,52.822835,36.017441,54.92351,67.527558,40.21879
fe94,1140,50.722161,40.21879,38.118115,29.71542,44.420138,31.816094,46.520812,42.319464,44.420138,31.816094,78.030933,31.816094
fe94,1200,63.326208,40.21879,36.017441,40.21879,33.916768,36.017441,59.124859,71.728908,31.816094,42.319464,50.722161,48.621486
fe94,1260,52.822835,27.614746,40.21879,27.614746,42.319464,27.614746,40.21879,46.520812,42.319464,38.118115,48.621486,29.71542
fe94,1320,61.225534,42.319464,54.92351,38.118115,31.816094,42.319464,44.420138,50.722161,38.118115,46.520812,29.71542,50.722161
fe94,1380,42.319464,46.520812,54.92351,54.92351,36.017441,46.520812,67.527558,33.916768,31.816094,57.024184,44.420138,63.326208
fe94,1440,44.420138,33.916768,25.514072,33.916768,46.520812,40.21879,50.722161,40.21879,59.124859,38.118115,44.420138,29.71542
fe94,1500,54.92351,42.319464,40.21879,40.21879,31.816094,29.71542,42.319464,46.520812,42.319464,40.21879,44.420138,67.527558
fe94,1560,27.614746,42.319464,40.21879,27.614746,36.017441,38.118115,29.71542,48.621486,48.621486,23.413399,46.520812,23.413399
fe94,1620,38.118115,33.916768,31.816094,27.614746,33.916768,33.916768,44.420138,40.21879,46.520812,29.71542,46.520812,33.916768
fe94,1680,31.816094,36.017441,48.621486,57.024184,40.21879,29.71542,40.21879,42.319464,40.21879,46.520812,48.621486,46.520812
fe94,1740,63.326208,44.420138,38.118115,50.722161,38.118115,46.520812,33.916768,29.71542,44.420138,50.722161,61.225534,31.816094
fe94,1800,52.822835,27.614746,40.21879,33.916768,40.21879,54.92351,25.514072,42.319464,59.124859,38.118115,65.426883,107.440392
fe94,1860,46.520812,33.916768,48.621486,42.319464,42.319464,33.916768,50.722161,59.124859,59.124859,25.514072,48.621486,52.822835
fe94,1920,42.319464,36.017441,48.621486,61.225534,48.621486,38.118115,40.21879,48.621486,67.527558,44.420138,61.225534,50.722161
fe94,1980,63.326208,40.21879,52.822835,33.916768,52.822835,40.21879,40.21879,38.118115,42.319464,36.017441,59.124859,36.017441
fe94,2040,38.118115,33.916768,50.722161,44.420138,52.822835,36.017441,31.816094,59.124859,40.21879,36.017441,71.728908,40.21879
fe94,2100,46.520812,52.822835,33.916768,48.621486,42.319464,59.124859,38.118115,31.816094,61.225534,69.628233,63.326208,23.413399
fe94,2160,61.225534,44.420138,33.916768,52.822835,54.92351,29.71542,44.420138,40.21879,52.822835,48.621486,38.118115,40.21879
fe94,2220,42.319464,36.017441,33.916768,33.916768,40.21879,48.621486,36.017441,46.520812,38.118115,44.420138,40.21879,44.420138
fe94,2280,44.420138,50.722161,38.118115,80.131608,42.319464,38.118115,29.71542,48.621486,40.21879,38.118115,36.017441,27.614746
fe94,2340,61.225534,36.017441,50.722161,31.816094,38.118115,31.816094,42.319464,40.21879,36.017441,29.71542,52.822835,46.520812
fe94,2400,42.319464,48.621486,29.71542,73.829583,61.225534,31.816094,40.21879,42.319464,29.71542,23.413399,54.92351,29.71542
fe94,2460,54.92351,59.124859,29.71542,59.124859,46.520812,46.520812,71.728908,40.21879,31.816094,33.916768,50.722161,33.916768
fe94,2520,50.722161,33.916768,40.21879,50.722161,29.71542,33.916768,36.017441,61.225534,48.621486,40.21879,31.816094,38.118115
fe94,2580,48.621486,38.118115,61.225534,31.816094,54.92351,50.722161,50.722161,40.21879,31.816094,31.816094,44.420138,61.225534
fe94,2640,52.822835,63.326208,59.124859,48.621486,42.319464,31.816094,54.92351,31.816094,44.420138,33.916768,50.722161,33.916768
fe94,2700,54.92351,44.420138,61.225534,44.420138,54.92351,46.520812,33.916768,57.024184,40.21879,27.614746,42.319464,23.413399
fe94,2760,71.728908,42.319464,44.420138,52.822835,38.118115,31.816094,52.822835,42.319464,36.017441,25.514072,50.722161,52.822835
fe94,2820,42.319464,36.017441,29.71542,27.614746,40.21879,38.118115,33.916768,48.621486,29.71542,50.722161,42.319464,42.319464
fe94,2880,42.319464,46.520812,46.520812,44.420138,38.118115,33.916768,44.420138,50.722161,57.024184,44.420138,48.621486,50.722161
fe94,2940,36.017441,67.527558,33.916768,29.71542,46.520812,44.420138,29.71542,67.527558,38.118115,44.420138,29.71542,71.728908
fe1294,0,771.257152,435.146621,309.105584,191.467486,180.964093,143.151895,174.662059,99.037688,109.541068,96.937013,105.339716,82.232284
fe1294,60,61.225534,84.332959,69.628233,78.030933,65.426883,86.433635,73.829583,69.628233,54.92351,65.426883,67.527558,44.420138
fe1294,120,61.225534,44.420138,63.326208,46.520812,33.916768,61.225534,69.628233,52.822835,59.124859,63.326208,46.520812,40.21879
fe1294,180,44.420138,50.722161,48.621486,61.225534,42.319464,50.722161,46.520812,46.520812,33.916768,40.21879,50.722161,44.420138
fe1294,240,31.816094,57.024184,38.118115,54.92351,46.520812,48.621486,42.319464,50.722161,61.225534,67.527558,46.520812,54.92351
fe1294,300,40.21879,44.420138,40.21879,54.92351,63.326208,54.92351,38.118115,44.420138,42.319464,65.426883,80.131608,50.722161
fe1294,360,42.319464,80.131608,40.21879,52.822835,36.017441,40.21879,44.420138,33.916768,40.21879,50.722161,46.520812,33.916768
fe1294,420,44.420138,42.319464,42.319464,36.017441,36.017441,46.520812,36.017441,52.822835,36.017441,61.225534,57.024184,52.822835
fe1294,480,42.319464,42.319464,31.816094,38.118115,42.319464,36.017441,27.614746,44.420138,63.326208,67.527558,63.326208,29.71542
fe1294,540,38.118115,61.225534,44.420138,75.930258,33.916768,31.816094,59.124859,40.21879,52.822835,36.017441,33.916768,40.21879
fe1294,600,52.822835,59.124859,48.621486,84.332959,52.822835,46.520812,67.527558,52.822835,48.621486,46.520812,44.420138,57.024184
fe1294,660,61.225534,59.124859,36.017441,71.728908,52.822835,36.017441,38.118115,33.916768,57.024184,40.21879,48.621486,44.420138
fe1294,720,38.118115,31.816094,63.326208,50.722161,38.118115,27.614746,61.225534,38.118115,48.621486,38.118115,48.621486,33.916768
fe1294,780,42.319464,29.71542,40.21879,67.527558,36.017441,44.420138,46.520812,44.420138,61.225534,54.92351,27.614746,67.527558
fe1294,840,48.621486,50.722161,40.21879,52.822835,33.916768,40.21879,31.816094,88.53431,40.21879,46.520812,54.92351,40.21879
fe1294,900,44.420138,59.124859,31.816094,38.118115,40.21879,44.420138,57.024184,54.92351,33.916768,38.118115,40.21879,31.816094
fe1294,960,48.621486,54.92351,48.621486,40.21879,48.621486,40.21879,42.319464,50.722161,23.413399,40.21879,73.829583,46.520812
fe1294,1020,38.118115,54.92351,75.930258,63.326208,46.520812,50.722161,36.017441,46.520812,40.21879,52.822835,36.017441,40.21879
fe1294,1080,65.426883,42.319464,36.017441,27.614746,29.71542,25.514072,44.420138,46.520812,46.520812,38.118115,31.816094,31.816094
fe1294,1140,33.916768,44.420138,33.916768,42.319464,29.71542,31.816094,46.520812,46.520812,44.420138,38.118115,71.728908,36.017441
fe1294,1200,44.420138,40.21879,36.017441,65.426883,27.614746,40.21879,33.916768,42.319464,54.92351,54.92351,40.21879,42.319464
fe1294,1260,38.118115,31.816094,31.816094,59.124859,38.118115,40.21879,31.816094,54.92351,33.916768,44.420138,46.520812,65.426883
fe1294,1320,80.131608,59.124859,42.319464,46.520812,50.722161,33.916768,54.92351,46.520812,44.420138,46.520812,44.420138,31.816094
fe1294,1380,61.225534,40.21879,50.722161,59.124859,29.71542,33.916768,48.621486,36.017441,44.420138,40.21879,52.822835,36.017441
fe1294,1440,44.420138,38.118115,36.017441,40.21879,50.722161,65.426883,40.21879,54.92351,38.118115,48.621486,59.124859,50.722161
fe1294,1500,52.822835,31.816094,63.326208,38.118115,29.71542,42.319464,36.017441,50.722161,36.017441,48.621486,61.225534,52.822835
fe1294,1560,40.21879,44.420138,52.822835,46.520812,61.225534,44.420138,57.024184,38.118115,46.520812,36.017441,29.71542,29.71542
fe1294,1620,52.822835,27.614746,29.71542,36.017441,48.621486,44.420138,33.916768,50.722161,33.916768,23.413399,50.722161,63.326208
fe1294,1680,33.916768,33.916768,44.420138,44.420138,38.118115,27.614746,29.71542,50.722161,44.420138,54.92351,44.420138,38.118115
fe1294,1740,52.822835,59.124859,46.520812,38.118115,46.520812,44.420138,36.017441,36.017441,36.017441,65.426883,40.21879,42.319464
fe1294,1800,38.118115,40.21879,59.124859,44.420138,46.520812,46.520812,44.420138,46.520812,52.822835,36.017441,44.420138,40.21879
fe1294,1860,33.916768,46.520812,48.621486,38.118115,46.520812,27.614746,40.21879,75.930258,54.92351,31.816094,44.420138,46.520812
fe1294,1920,29.71542,31.816094,46.520812,50.722161,52.822835,31.816094,44.420138,25.514072,38.118115,44.420138,40.21879,46.520812
fe1294,1980,50.722161,29.71542,29.71542,44.420138,29.71542,23.413399,31.816094,54.92351,40.21879,75.930258,50.722161,38.118115
fe1294,2040,36.017441,40.21879,44.420138,31.816094,40.21879,36.017441,38.118115,42.319464,46.520812,40.21879,38.118115,36.017441
fe1294,2100,59.124859,42.319464,25.514072,31.816094,63.326208,46.520812,50.722161,42.319464,33.916768,38.118115,38.118115,57.024184
fe1294,2160,27.614746,38.118115,31.816094,33.916768,46.520812,33.916768,36.017441,36.017441,48.621486,31.816094,44.420138,52.822835
fe1294,2220,50.722161,67.527558,75.930258,38.118115,40.21879,29.71542,29.71542,33.916768,36.017441,31.816094,36.017441,23.413399
fe1294,2280,31.816094,27.614746,61.225534,50.722161,36.017441,38.118115,36.017441,38.118115,29.71542,57.024184,29.71542,38.118115
fe1294,2340,36.017441,61.225534,65.426883,48.621486,44.420138,61.225534,33.916768,33.916768,27.614746,36.017441,31.816094,54.92351
fe1294,2400,59.124859,57.024184,33.916768,25.514072,29.71542,40.21879,44.420138,59.124859,44.420138,44.420138,40.21879,42.319464
fe1294,2460,44.420138,54.92351,44.420138,63.326208,44.420138,40.21879,46.520812,44.420138,31.816094,42.319464,44.420138,44.420138
fe1294,2520,50.722161,54.92351,33.916768,73.829583,33.916768,42.319464,44.420138,63.326208,54.92351,54.92351,38.118115,33.916768
fe1294,2580,67.527558,42.319464,38.118115,42.319464,42.319464,40.21879,50.722161,71.728908,36.017441,42.319464,44.420138,40.21879
fe1294,2640,63.326208,25.514072,50.722161,40.21879,38.118115,27.614746,38.118115,31.816094,38.118115,33.916768,31.816094,23.413399
fe1294,2700,31.816094,31.816094,44.420138,40.21879,52.822835,63.326208,61.225534,36.017441,42.319464,42.319464,40.21879,38.118115
fe1294,2760,44.420138,33.916768,36.017441,59.124859,40.21879,36.017441,50.722161,48.621486,42.319464,50.722161,61.225534,86.433635
fe1294,2820,46.520812,31.816094,50.722161,33.916768,52.822835,50.722161,36.017441,40.21879,57.024184,65.426883,40.21879,27.614746
fe1294,2880,65.426883,48.621486,33.916768,33.916768,38.118115,31.816094,33.916768,48.621486,33.916768,40.21879,31.816094,25.514072
fe1294,2940,50.722161,42.319464,25.514072,52.822835,52.822835,27.614746,69.628233,52.822835,31.816094,48.621486,86.433635,48.621486
feDW,0,577.993401,407.837711,279.696041,185.16545,208.272916,122.145126,138.950541,117.943773,117.943773,105.339716,99.037688,59.124859
feDW,60,101.138364,63.326208,73.829583,124.245803,71.728908,90.634986,63.326208,44.420138,107.440392,69.628233,63.326208,52.822835
feDW,120,44.420138,48.621486,71.728908,65.426883,52.822835,48.621486,57.024184,33.916768,65.426883,52.822835,44.420138,50.722161
feDW,180,59.124859,54.92351,63.326208,40.21879,40.21879,103.23904,40.21879,61.225534,52.822835,61.225534,54.92351,50.722161
feDW,240,65.426883,44.420138,78.030933,44.420138,67.527558,65.426883,38.118115,40.21879,67.527558,44.420138,46.520812,42.319464
feDW,300,44.420138,40.21879,31.816094,48.621486,48.621486,44.420138,78.030933,42.319464,50.722161,50.722161,59.124859,59.124859
feDW,360,57.024184,65.426883,40.21879,42.319464,59.124859,63.326208,40.21879,52.822835,61.225534,46.520812,44.420138,46.520812
feDW,420,42.319464,33.916768,29.71542,52.822835,36.017441,50.722161,40.21879,50.722161,50.722161,44.420138,38.118115,31.816094
feDW,480,42.319464,52.822835,42.319464,31.816094,48.621486,42.319464,44.420138,48.621486,46.520812,36.017441,50.722161,36.017441
feDW,540,40.21879,36.017441,42.319464,54.92351,40.21879,42.319464,36.017441,31.816094,29.71542,29.71542,36.017441,42.319464
feDW,600,59.124859,50.722161,50.722161,50.722161,75.930258,33.916768,63.326208,42.319464,61.225534,65.426883,36.017441,48.621486
feDW,660,71.728908,48.621486,46.520812,40.21879,38.118115,36.017441,31.816094,52.822835,36.017441,48.621486,61.225534,31.816094
feDW,720,33.916768,40.21879,38.118115,71.728908,27.614746,42.319464,44.420138,46.520812,50.722161,42.319464,50.722161,38.118115
feDW,780,59.124859,33.916768,38.118115,42.319464,27.614746,48.621486,31.816094,36.017441,36.017441,50.722161,40.21879,40.21879
feDW,840,48.621486,36.017441,46.520812,23.413399,31.816094,33.916768,44.420138,36.017441,54.92351,38.118115,54.92351,44.420138
feDW,900,36.017441,33.916768,48.621486,33.916768,54.92351,67.527558,33.916768,29.71542,38.118115,54.92351,44.420138,46.520812
feDW,960,36.017441,44.420138,57.024184,40.21879,40.21879,57.024184,52.822835,36.017441,29.71542,63.326208,61.225534,52.822835
feDW,1020,48.621486,52.822835,52.822835,52.822835,48.621486,40.21879,38.118115,27.614746,44.420138,42.319464,31.816094,31.816094
feDW,1080,54.92351,46.520812,25.514072,38.118115,40.21879,57.024184,40.21879,63.326208,42.319464,50.722161,44.420138,38.118115
feDW,1140,36.017441,36.017441,57.024184,42.319464,67.527558,38.118115,46.520812,38.118115,52.822835,59.124859,67.527558,36.017441
feDW,1200,44.420138,29.71542,42.319464,44.420138,33.916768,61.225534,38.118115,38.118115,44.420138,25.514072,33.916768,48.621486
feDW,1260,31.816094,38.118115,57.024184,31.816094,29.71542,63.326208,40.21879,46.520812,31.816094,38.118115,38.118115,27.614746
feDW,1320,52.822835,50.722161,46.520812,46.520812,69.628233,46.520812,63.326208,65.426883,46.520812,57.024184,31.816094,36.017441
feDW,1380,61.225534,46.520812,44.420138,50.722161,29.71542,38.118115,23.413399,48.621486,48.621486,33.916768,44.420138,42.319464
feDW,1440,27.614746,29.71542,36.017441,40.21879,52.822835,48.621486,40.21879,31.816094,38.118115,54.92351,40.21879,57.024184
feDW,1500,27.614746,54.92351,48.621486,29.71542,40.21879,42.319464,54.92351,48.621486,44.420138,57.024184,38.118115,50.722161
feDW,1560,31.816094,31.816094,48.621486,54.92351,36.017441,36.017441,73.829583,44.420138,52.822835,42.319464,36.017441,31.816094
feDW,1620,38.118115,63.326208,46.520812,38.118115,46.520812,38.118115,33.916768,25.514072,69.628233,78.030933,48.621486,36.017441
feDW,1680,31.816094,48.621486,33.916768,38.118115,46.520812,25.514072,27.614746,40.21879,44.420138,54.92351,44.420138,42.319464
feDW,1740,29.71542,27.614746,67.527558,42.319464,33.916768,36.017441,61.225534,27.614746,50.722161,42.319464,48.621486,29.71542
feDW,1800,52.822835,59.124859,57.024184,33.916768,44.420138,44.420138,33.916768,42.319464,29.71542,48.621486,50.722161,52.822835
feDW,1860,29.71542,44.420138,36.017441,29.71542,29.71542,48.621486,42.319464,33.916768,48.621486,31.816094,65.426883,54.92351
feDW,1920,42.319464,46.520812,65.426883,38.118115,48.621486,57.024184,36.017441,29.71542,27.614746,61.225534,48.621486,54.92351
feDW,1980,27.614746,44.420138,40.21879,40.21879,54.92351,61.225534,27.614746,33.916768,65.426883,50.722161,38.118115,54.92351
feDW,2040,44.420138,42.319464,33.916768,27.614746,40.21879,46.520812,42.319464,36.017441,50.722161,52.822835,27.614746,75.930258
feDW,2100,40.21879,48.621486,36.017441,44.420138,31.816094,36.017441,36.017441,31.816094,38.118115,42.319464,48.621486,31.816094
feDW,2160,42.319464,46.520812,33.916768,40.21879,69.628233,40.21879,42.319464,46.520812,44.420138,38.118115,78.030933,59.124859
feDW,2220,48.621486,50.722161,54.92351,27.614746,27.614746,42.319464,33.916768,33.916768,52.822835,33.916768,50.722161,50.722161
feDW,2280,46.520812,31.816094,38.118115,42.319464,42.319464,31.816094,54.92351,48.621486,57.024184,38.118115,33.916768,42.319464
feDW,2340,31.816094,46.520812,36.017441,40.21879,31.816094,50.722161,46.520812,38.118115,42.319464,78.030933,44.420138,29.71542
feDW,2400,29.71542,46.520812,57.024184,31.816094,42.319464,44.420138,48.621486,40.21879,40.21879,46.520812,63.326208,57.024184
feDW,2460,69.628233,40.21879,27.614746,50.722161,50.722161,33.916768,69.628233,42.319464,44.420138,42.319464,50.722161,50.722161
feDW,2520,38.118115,57.024184,42.319464,33.916768,29.71542,44.420138,42.319464,44.420138,40.21879,38.118115,48.621486,33.916768
feDW,2580,40.21879,38.118115,42.319464,44.420138,36.017441,61.225534,44.420138,23.413399,38.118115,48.621486,46.520812,46.520812
feDW,2640,33.916768,44.420138,38.118115,33.916768,33.916768,65.426883,75.930258,36.017441,48.621486,73.829583,40.21879,63.326208
feDW,2700,31.816094,59.124859,57.024184,31.816094,54.92351,42.319464,33.916768,50.722161,36.017441,38.118115,33.916768,73.829583
feDW,2760,44.420138,33.916768,48.621486,40.21879,33.916768,44.420138,46.520812,23.413399,54.92351,38.118115,67.527558,40.21879
feDW,2820,46.520812,31.816094,27.614746,44.420138,42.319464,46.520812,38.118115,36.017441,23.413399,36.017441,54.92351,50.722161
feDW,2880,42.319464,36.017441,29.71542,63.326208,44.420138,31.816094,44.420138,31.816094,44.420138,48.621486,46.520812,44.420138
feDW,2940,52.822835,40.21879,36.017441,36.017441,38.118115,46.520812,42.319464,31.816094,44.420138,46.520812,54.92351,42.319464
DW,0,73.829583,88.53431,63.326208,63.326208,63.326208,82.232284,48.621486,57.024184,50.722161,48.621486,65.426883,48.621486
DW,60,420.441822,69.628233,57.024184,59.124859,67.527558,50.722161,63.326208,75.930258,48.621486,52.822835,50.722161,88.53431
DW,120,40.21879,40.21879,69.628233,54.92351,42.319464,57.024184,44.420138,78.030933,57.024184,50.722161,69.628233,61.225534
DW,180,405.737026,90.634986,59.124859,46.520812,44.420138,67.527558,69.628233,57.024184,46.520812,48.621486,42.319464,54.92351
DW,240,46.520812,52.822835,65.426883,42.319464,50.722161,40.21879,42.319464,61.225534,52.822835,42.319464,59.124859,57.024184
DW,300,75.930258,40.21879,48.621486,59.124859,44.420138,46.520812,40.21879,61.225534,65.426883,48.621486,40.21879,48.621486
DW,360,48.621486,75.930258,33.916768,42.319464,48.621486,36.017441,71.728908,69.628233,42.319464,67.527558,52.822835,57.024184
DW,420,42.319464,50.722161,111.641745,65.426883,69.628233,61.225534,46.520812,48.621486,40.21879,36.017441,40.21879,46.520812
DW,480,73.829583,54.92351,57.024184,33.916768,65.426883,38.118115,54.92351,44.420138,27.614746,46.520812,61.225534,27.614746
DW,540,48.621486,69.628233,50.722161,57.024184,65.426883,54.92351,61.225534,44.420138,44.420138,84.332959,25.514072,40.21879
DW,600,48.621486,54.92351,44.420138,48.621486,48.621486,36.017441,46.520812,57.024184,57.024184,40.21879,52.822835,42.319464
DW,660,42.319464,36.017441,57.024184,38.118115,52.822835,29.71542,44.420138,38.118115,50.722161,46.520812,40.21879,40.21879
DW,720,38.118115,57.024184,59.124859,33.916768,36.017441,46.520812,59.124859,25.514072,63.326208,67.527558,40.21879,44.420138
DW,780,44.420138,42.319464,42.319464,59.124859,48.621486,40.21879,36.017441,50.722161,40.21879,38.118115,92.735661,33.916768
DW,840,52.822835,42.319464,57.024184,48.621486,38.118115,57.024184,36.017441,25.514072,44.420138,46.520812,44.420138,46.520812
DW,900,29.71542,52.822835,38.118115,44.420138,59.124859,46.520812,63.326208,44.420138,42.319464,46.520812,59.124859,61.225534
DW,960,44.420138,42.319464,65.426883,29.71542,44.420138,54.92351,31.816094,29.71542,52.822835,52.822835,40.21879,61.225534
DW,1020,44.420138,44.420138,42.319464,61.225534,38.118115,40.21879,31.816094,38.118115,40.21879,38.118115,38.118115,46.520812
DW,1080,57.024184,42.319464,48.621486,42.319464,52.822835,33.916768,44.420138,46.520812,44.420138,31.816094,59.124859,40.21879
DW,1140,38.118115,29.71542,50.722161,38.118115,33.916768,31.816094,46.520812,25.514072,40.21879,44.420138,40.21879,52.822835
DW,1200,59.124859,25.514072,36.017441,44.420138,38.118115,36.017441,44.420138,38.118115,42.319464,44.420138,31.816094,27.614746
DW,1260,38.118115,27.614746,38.118115,46.520812,38.118115,42.319464,48.621486,27.614746,48.621486,31.816094,36.017441,40.21879
DW,1320,27.614746,40.21879,31.816094,27.614746,52.822835,38.118115,27.614746,48.621486,57.024184,61.225534,36.017441,54.92351
DW,1380,40.21879,42.319464,38.118115,46.520812,54.92351,33.916768,29.71542,52.822835,44.420138,33.916768,50.722161,33.916768
DW,1440,23.413399,57.024184,33.916768,33.916768,36.017441,38.118115,42.319464,25.514072,33.916768,31.816094,38.118115,57.024184
DW,1500,48.621486,33.916768,44.420138,88.53431,61.225534,42.319464,57.024184,29.71542,27.614746,48.621486,61.225534,52.822835
DW,1560,38.118115,46.520812,73.829583,31.816094,46.520812,40.21879,36.017441,40.21879,54.92351,27.614746,29.71542,40.21879
DW,1620,31.816094,44.420138,27.614746,63.326208,50.722161,31.816094,52.822835,48.621486,57.024184,38.118115,57.024184,40.21879
DW,1680,46.520812,36.017441,59.124859,27.614746,52.822835,40.21879,40.21879,36.017441,42.319464,25.514072,48.621486,33.916768
DW,1740,44.420138,48.621486,46.520812,78.030933,50.722161,38.118115,31.816094,46.520812,44.420138,44.420138,38.118115,42.319464
DW,1800,38.118115,33.916768,33.916768,50.722161,46.520812,33.916768,36.017441,61.225534,69.628233,36.017441,31.816094,42.319464
DW,1860,31.816094,59.124859,42.319464,48.621486,42.319464,46.520812,40.21879,36.017441,46.520812,29.71542,29.71542,44.420138
DW,1920,27.614746,52.822835,42.319464,57.024184,36.017441,63.326208,48.621486,40.21879,38.118115,40.21879,38.118115,48.621486
DW,1980,31.816094,33.916768,57.024184,40.21879,42.319464,44.420138,54.92351,36.017441,44.420138,38.118115,40.21879,50.722161
DW,2040,33.916768,42.319464,33.916768,52.822835,71.728908,48.621486,44.420138,48.621486,42.319464,31.816094,44.420138,31.816094
DW,2100,59.124859,33.916768,42.319464,40.21879,46.520812,44.420138,42.319464,33.916768,46.520812,63.326208,73.829583,40.21879
DW,2160,46.520812,36.017441,54.92351,40.21879,40.21879,40.21879,38.118115,44.420138,31.816094,31.816094,44.420138,44.420138
DW,2220,38.118115,31.816094,29.71542,40.21879,33.916768,36.017441,33.916768,31.816094,33.916768,44.420138,29.71542,29.71542
DW,2280,57.024184,52.822835,25.514072,31.816094,33.916768,27.614746,46.520812,42.319464,42.319464,33.916768,54.92351,82.232284
DW,2340,31.816094,23.413399,54.92351,36.017441,44.420138,50.722161,31.816094,42.319464,33.916768,44.420138,36.017441,46.520812
DW,2400,69.628233,38.118115,46.520812,23.413399,33.916768,67.527558,29.71542,25.514072,48.621486,50.722161,31.816094,42.319464
DW,2460,44.420138,48.621486,36.017441,44.420138,31.816094,38.118115,52.822835,38.118115,44.420138,50.722161,36.017441,36.017441
DW,2520,40.21879,27.614746,40.21879,63.326208,36.017441,38.118115,63.326208,38.118115,40.21879,48.621486,40.21879,42.319464
DW,2580,42.319464,44.420138,42.319464,29.71542,59.124859,40.21879,31.816094,38.118115,36.017441,52.822835,38.118115,36.017441
DW,2640,50.722161,42.319464,25.514072,42.319464,59.124859,48.621486,31.816094,38.118115,31.816094,54.92351,23.413399,69.628233
DW,2700,38.118115,33.916768,36.017441,57.024184,84.332959,31.816094,42.319464,36.017441,36.017441,52.822835,46.520812,44.420138
DW,2760,44.420138,44.420138,42.319464,44.420138,42.319464,50.722161,69.628233,23.413399,42.319464,73.829583,42.319464,27.614746
DW,2820,33.916768,33.916768,29.71542,42.319464,36.017441,57.024184,48.621486,42.319464,52.822835,52.822835,44.420138,27.614746
DW,2880,42.319464,63.326208,40.21879,38.118115,23.413399,31.816094,57.024184,31.816094,40.21879,40.21879,50.722161,33.916768
DW,2940,27.614746,40.21879,40.21879,46.520812,46.520812,50.722161,38.118115,31.816094,42.319464,50.722161,29.71542,33.916768
DW,0,73.829583,88.53431,63.326208,63.326208,63.326208,82.232284,48.621486,57.024184,50.722161,48.621486,65.426883,48.621486
DW,60,420.441822,69.628233,57.024184,59.124859,67.527558,50.722161,63.326208,75.930258,48.621486,52.822835,50.722161,88.53431
DW,120,40.21879,40.21879,69.628233,54.92351,42.319464,57.024184,44.420138,78.030933,57.024184,50.722161,69.628233,61.225534
DW,180,405.737026,90.634986,59.124859,46.520812,44.420138,67.527558,69.628233,57.024184,46.520812,48.621486,42.319464,54.92351
DW,240,46.520812,52.822835,65.426883,42.319464,50.722161,40.21879,42.319464,61.225534,52.822835,42.319464,59.124859,57.024184
DW,300,75.930258,40.21879,48.621486,59.124859,44.420138,46.520812,40.21879,61.225534,65.426883,48.621486,40.21879,48.621486
DW,360,48.621486,75.930258,33.916768,42.319464,48.621486,36.017441,71.728908,69.628233,42.319464,67.527558,52.822835,57.024184
DW,420,42.319464,50.722161,111.641745,65.426883,69.628233,61.225534,46.520812,48.621486,40.21879,36.017441,40.21879,46.520812
DW,480,73.829583,54.92351,57.024184,33.916768,65.426883,38.118115,54.92351,44.420138,27.614746,46.520812,61.225534,27.614746
DW,540,48.621486,69.628233,50.722161,57.024184,65.426883,54.92351,61.225534,44.420138,44.420138,84.332959,25.514072,40.21879
DW,600,48.621486,54.92351,44.420138,48.621486,48.621486,36.017441,46.520812,57.024184,57.024184,40.21879,52.822835,42.319464
DW,660,42.319464,36.017441,57.024184,38.118115,52.822835,29.71542,44.420138,38.118115,50.722161,46.520812,40.21879,40.21879
DW,720,38.118115,57.024184,59.124859,33.916768,36.017441,46.520812,59.124859,25.514072,63.326208,67.527558,40.21879,44.420138
DW,780,44.420138,42.319464,42.319464,59.124859,48.621486,40.21879,36.017441,50.722161,40.21879,38.118115,92.735661,33.916768
DW,840,52.822835,42.319464,57.024184,48.621486,38.118115,57.024184,36.017441,25.514072,44.420138,46.520812,44.420138,46.520812
DW,900,29.71542,52.822835,38.118115,44.420138,59.124859,46.520812,63.326208,44.420138,42.319464,46.520812,59.124859,61.225534
DW,960,44.420138,42.319464,65.426883,29.71542,44.420138,54.92351,31.816094,29.71542,52.822835,52.822835,40.21879,61.225534
DW,1020,44.420138,44.420138,42.319464,61.225534,38.118115,40.21879,31.816094,38.118115,40.21879,38.118115,38.118115,46.520812
DW,1080,57.024184,42.319464,48.621486,42.319464,52.822835,33.916768,44.420138,46.520812,44.420138,31.816094,59.124859,40.21879
DW,1140,38.118115,29.71542,50.722161,38.118115,33.916768,31.816094,46.520812,25.514072,40.21879,44.420138,40.21879,52.822835
DW,1200,59.124859,25.514072,36.017441,44.420138,38.118115,36.017441,44.420138,38.118115,42.319464,44.420138,31.816094,27.614746
DW,1260,38.118115,27.614746,38.118115,46.520812,38.118115,42.319464,48.621486,27.614746,48.621486,31.816094,36.017441,40.21879
DW,1320,27.614746,40.21879,31.816094,27.614746,52.822835,38.118115,27.614746,48.621486,57.024184,61.225534,36.017441,54.92351
DW,1380,40.21879,42.319464,38.118115,46.520812,54.92351,33.916768,29.71542,52.822835,44.420138,33.916768,50.722161,33.916768
DW,1440,23.413399,57.024184,33.916768,33.916768,36.017441,38.118115,42.319464,25.514072,33.916768,31.816094,38.118115,57.024184
DW,1500,48.621486,33.916768,44.420138,88.53431,61.225534,42.319464,57.024184,29.71542,27.614746,48.621486,61.225534,52.822835
DW,1560,38.118115,46.520812,73.829583,31.816094,46.520812,40.21879,36.017441,40.21879,54.92351,27.614746,29.71542,40.21879
DW,1620,31.816094,44.420138,27.614746,63.326208,50.722161,31.816094,52.822835,48.621486,57.024184,38.118115,57.024184,40.21879
DW,1680,46.520812,36.017441,59.124859,27.614746,52.822835,40.21879,40.21879,36.017441,42.319464,25.514072,48.621486,33.916768
DW,1740,44.420138,48.621486,46.520812,78.030933,50.722161,38.118115,31.816094,46.520812,44.420138,44.420138,38.118115,42.319464
DW,1800,38.118115,33.916768,33.916768,50.722161,46.520812,33.916768,36.017441,61.225534,69.628233,36.017441,31.816094,42.319464
DW,1860,31.816094,59.124859,42.319464,48.621486,42.319464,46.520812,40.21879,36.017441,46.520812,29.71542,29.71542,44.420138
DW,1920,27.614746,52.822835,42.319464,57.024184,36.017441,63.326208,48.621486,40.21879,38.118115,40.21879,38.118115,48.621486
DW,1980,31.816094,33.916768,57.024184,40.21879,42.319464,44.420138,54.92351,36.017441,44.420138,38.118115,40.21879,50.722161
DW,2040,33.916768,42.319464,33.916768,52.822835,71.728908,48.621486,44.420138,48.621486,42.319464,31.816094,44.420138,31.816094
DW,2100,59.124859,33.916768,42.319464,40.21879,46.520812,44.420138,42.319464,33.916768,46.520812,63.326208,73.829583,40.21879
DW,2160,46.520812,36.017441,54.92351,40.21879,40.21879,40.21879,38.118115,44.420138,31.816094,31.816094,44.420138,44.420138
DW,2220,38.118115,31.816094,29.71542,40.21879,33.916768,36.017441,33.916768,31.816094,33.916768,44.420138,29.71542,29.71542
DW,2280,57.024184,52.822835,25.514072,31.816094,33.916768,27.614746,46.520812,42.319464,42.319464,33.916768,54.92351,82.232284
DW,2340,31.816094,23.413399,54.92351,36.017441,44.420138,50.722161,31.816094,42.319464,33.916768,44.420138,36.017441,46.520812
DW,2400,69.628233,38.118115,46.520812,23.413399,33.916768,67.527558,29.71542,25.514072,48.621486,50.722161,31.816094,42.319464
DW,2460,44.420138,48.621486,36.017441,44.420138,31.816094,38.118115,52.822835,38.118115,44.420138,50.722161,36.017441,36.017441
DW,2520,40.21879,27.614746,40.21879,63.326208,36.017441,38.118115,63.326208,38.118115,40.21879,48.621486,40.21879,42.319464
DW,2580,42.319464,44.420138,42.319464,29.71542,59.124859,40.21879,31.816094,38.118115,36.017441,52.822835,38.118115,36.017441
DW,2640,50.722161,42.319464,25.514072,42.319464,59.124859,48.621486,31.816094,38.118115,31.816094,54.92351,23.413399,69.628233
DW,2700,38.118115,33.916768,36.017441,57.024184,84.332959,31.816094,42.319464,36.017441,36.017441,52.822835,46.520812,44.420138
DW,2760,44.420138,44.420138,42.319464,44.420138,42.319464,50.722161,69.628233,23.413399,42.319464,73.829583,42.319464,27.614746
DW,2820,33.916768,33.916768,29.71542,42.319464,36.017441,57.024184,48.621486,42.319464,52.822835,52.822835,44.420138,27.614746
DW,2880,42.319464,63.326208,40.21879,38.118115,23.413399,31.816094,57.024184,31.816094,40.21879,40.21879,50.722161,33.916768
DW,2940,27.614746,40.21879,40.21879,46.520812,46.520812,50.722161,38.118115,31.816094,42.319464,50.722161,29.71542,33.916768
