Name,Time,A1,A2,A3,A4,A5,A6,A7,A8,A9,A10,A11,A12
c5007,0,10567.207581,10546.39948,10163.531399,9899.270259,9976.259635,10332.076361,10427.793411,10236.359425,10448.601481,10563.04596,10775.288882,10511.025722
c5007,60,10334.157165,10640.035975,10242.601831,10434.035832,10398.662123,10459.005518,10275.894668,10280.056273,10290.460288,10719.106878,10802.339491,10602.581364
c5007,120,10454.843903,10267.571457,10438.197446,10839.794196,10606.742986,10590.096498,10648.359224,10546.39948,10669.167351,10827.309292,10862.68319,11172.725672
c5007,180,10754.480728,10864.764008,11828.188563,11399.536033,11376.646885,10979.209083,10979.209083,12375.452169,10916.784476,11301.736991,11824.026877,11938.473324
c5007,240,11507.739368,12317.188185,15111.826337,12362.967026,14808.011356,12367.128741,11861.48206,17240.644486,12242.277411,14169.171288,16693.347609,13875.764366
c5007,300,12799.94819,14708.127231,20680.584693,13800.852133,18216.631856,14808.011356,13211.961187,25394.354496,14604.081399,18478.839446,22414.137514,17261.454327
c5007,360,14398.071052,18156.282611,25169.585658,15867.206941,22468.246609,17380.070524,14849.629779,33209.62651,17748.406152,22160.241476,27677.458918,19918.915496
c5007,420,15738.188261,20566.125745,30122.971174,17848.294073,25756.483394,20054.184086,15873.449785,38798.378192,21279.936043,25084.256913,31269.786063,23080.09816
c5007,480,16366.636048,23275.725153,33203.382313,19958.455522,27508.877422,21408.963657,17188.619907,42012.347324,25421.410046,26996.891351,33507.267134,25100.906417
c5007,540,17563.19763,25517.145145,34887.251761,21458.909886,30374.811148,22965.63578,18961.636622,43688.075419,28793.019495,28380.926277,34177.48294,27223.746564
c5007,600,17748.406152,26424.553076,35561.642044,22253.89156,31956.634064,23265.31945,20164.480183,43142.679319,30982.560465,28054.167001,34720.736517,28345.544635
c5007,660,18366.464659,26976.078978,35380.555206,23073.854753,32160.608241,24162.29603,20466.234432,43030.269897,31427.968716,27013.541253,33690.431145,28682.711507
c5007,720,18832.612953,27336.133788,34770.691054,24033.263977,33192.975319,24230.974466,22041.618194,41265.046354,32464.489103,25931.304828,33163.835743,29538.122721
c5007,780,18988.689998,27598.371258,34387.707067,24120.672765,33259.580104,23171.668183,22243.48599,39179.30173,31736.009518,24049.913263,32395.803602,27700.352728
c5007,840,17436.257206,26734.655852,32050.295611,23356.889684,32235.537662,22437.029819,21198.773619,35878.024628,29638.025357,22409.975277,30420.60032,26118.613932
c5007,900,17242.72547,26004.147205,30705.742567,22955.230117,31438.375481,21642.046326,20946.962517,33016.056628,28093.711046,20672.260401,28135.336378,24511.932316
c5007,960,16183.51168,24443.253639,28281.02521,20899.097686,29733.7655,19796.133435,19533.921529,28909.571498,25236.183767,18699.427449,26339.222993,22447.435414
c5007,1020,15586.279437,23354.808541,25999.984782,20162.399123,28249.806152,18693.184384,18607.862544,25454.709198,23342.321685,17669.328304,24824.108862,21044.773347
c5007,1080,15001.537204,22372.515157,23889.664034,19217.603547,26921.966835,17579.84557,17894.076078,22578.546033,21866.805256,16454.036462,22828.281139,19236.332866
c5007,1140,14560.38219,20432.937356,21446.423326,18483.001478,25130.043058,16655.890165,16580.975329,19864.808124,19777.403985,15253.329599,21111.368022,17588.169541
c5007,1200,14439.689261,19810.700788,20326.803017,17950.26312,22959.392382,15917.149711,16146.054475,18347.735543,18589.133372,15305.35292,20072.913602,16978.440952
c5007,1260,13877.845263,18262.414071,18066.799333,16747.452837,22062.429283,15486.39434,15467.665899,16891.039965,17427.93325,15126.392838,18653.644984,16114.84015
c5007,1320,14065.126157,17473.715015,16066.97821,15657.031456,19413.221099,14614.485976,14924.542993,15388.590304,16106.516332,14666.508882,17598.574506,15500.960909
c5007,1380,13680.160349,16516.465388,15521.770298,15380.266562,18849.261157,14427.203796,14306.511068,14839.225171,15586.279437,14485.469316,17153.243213,14980.727951
c5007,1440,13571.954077,15567.550972,14976.566101,14685.237136,17192.781872,14316.915606,14391.828322,14260.731115,14899.571914,13969.404756,15890.097373,14522.925745
c5007,1500,13301.439038,14699.803559,13755.07247,13790.447662,15877.611682,13644.785206,13651.027877,13378.431687,14023.508143,13767.55783,15299.11012,13986.051948
c5007,1560,12966.417833,14337.724687,13565.711412,14131.715025,15078.531489,13592.762965,13297.277275,13403.402291,13703.050157,13773.800511,15091.017055,13869.521678
c5007,1620,13141.21133,13906.977818,13673.917676,13280.630226,14248.245678,13243.174379,13247.336139,13010.116171,13478.314152,13619.814526,14543.734879,14050.55985
c5007,1680,13361.784621,14083.854271,13732.182648,13648.946987,14102.582389,13497.042129,13565.711412,13567.792301,13869.521678,13956.919365,14595.757738,13965.242959
c5007,1740,13409.644944,13807.094817,13565.711412,13780.043192,13711.373724,13318.086091,13214.042066,13182.828885,13318.086091,13482.475925,13859.117197,13411.725828
c5007,1800,13101.674672,13445.019983,13286.872869,13515.770109,13767.55783,13361.784621,13214.042066,12797.867322,13230.689101,13405.483175,13775.881404,13526.174545
c5007,1860,13068.38066,13263.983181,12974.741324,12883.182968,13207.799429,13205.71855,12816.595139,12589.780761,12987.226562,13318.086091,13447.100869,13596.924743
c5007,1920,13222.365583,13330.571383,13120.40256,13257.74054,12956.01347,13440.858213,13282.711107,12978.90307,13232.769981,13680.160349,13994.375546,13736.344433
c5007,1980,13008.035297,13168.262738,13280.630226,13201.556792,13284.791988,12964.33696,12972.660451,13301.439038,13628.138085,13603.16741,13925.705894,13705.131048
c5007,2040,12860.293396,12895.668192,13407.56406,12928.962133,13141.21133,13316.005209,13211.961187,13309.762564,13332.652265,13278.549345,13636.461645,13777.962298
c5007,2100,13189.071521,13257.74054,13151.615717,13074.623286,13164.100983,13211.961187,13184.909764,13299.358156,13417.968481,13445.019983,13648.946987,13736.344433
c5007,2160,13291.034631,13241.0935,13318.086091,13132.887821,13501.203902,13128.726067,13216.122945,13172.424494,13122.483437,13580.277632,13569.873189,13653.108768
c5007,2220,13126.64519,13249.417019,13426.292019,13316.005209,13245.255259,13251.497899,13445.019983,13166.181861,13725.93997,13513.689222,13852.87451,13638.542535
c5007,2280,13399.240523,13305.6008,13397.159639,13303.519919,13436.696443,13551.145196,13486.637697,13095.432044,13526.174545,13526.174545,13592.762965,13578.196743
c5007,2340,13295.196394,13097.51292,13087.10854,13505.365675,13544.902532,13457.505295,13197.395035,13351.380207,13465.828837,13551.145196,13665.594112,13703.050157
c5007,2400,13005.954424,12720.875231,13340.975794,13274.387584,13840.389136,13141.21133,13060.057159,13116.240807,13228.608222,13619.814526,13607.329189,13882.007056
c5007,2460,13368.02727,13116.240807,13114.15993,13228.608222,13266.064061,13365.946387,13151.615717,13349.299324,13536.578982,13413.806712,13680.160349,13619.814526
c5007,2520,12901.910805,13186.990642,13060.057159,12781.220377,13259.82142,12983.064816,12926.881261,13336.814029,13291.034631,13807.094817,13896.573332,13665.594112
c5007,2580,12835.32296,12523.193176,13116.240807,12864.455135,12752.088232,12874.859486,12683.419647,13070.461535,12876.940357,13074.623286,13599.005632,13228.608222
c5007,2640,12602.26594,13041.329285,12858.212526,12675.096186,12496.141985,12541.920929,12766.654303,12739.60303,12641.802351,12818.676008,13232.769981,13218.203825
c5007,2700,12679.257916,13114.15993,12835.32296,12587.699898,12679.257916,12752.088232,12866.536006,12623.074575,12793.705585,13272.306703,12727.117831,13143.292207
c5007,2760,12891.506451,13303.519919,13068.38066,13066.299784,13301.439038,13355.541972,13272.306703,13162.020105,13324.328736,13686.403023,13904.89692,13917.382304
c5007,2820,13157.858349,13214.042066,13386.755221,12966.417833,13228.608222,13372.189037,13245.255259,13463.747952,13164.100983,13807.094817,13686.403023,13715.535509
c5007,2880,13771.719617,13395.078756,13430.453789,13407.56406,13239.01262,13480.395039,13320.166972,13445.019983,13538.659869,13515.770109,13651.027877,13632.299865
c5007,2940,13184.909764,12935.204748,13195.314156,13145.373084,13199.475914,13041.329285,13451.262639,13107.917301,13099.593796,13378.431687,13355.541972,13763.396043
fe5007,0,10525.591385,10777.369698,10323.753145,10084.461045,10103.188227,10375.773261,10431.955025,10123.996212,10188.501,10567.207581,10721.187692,10606.742986
fe5007,60,10213.47061,10598.419742,10473.571172,10315.429929,10459.005518,10427.793411,10390.3389,10548.48029,10875.168099,10596.33893,10754.480728,10758.642358
fe5007,120,10275.894668,10307.106715,10336.23797,10708.702807,10629.631914,10500.621679,10533.914623,10436.116639,10702.460365,10673.328977,10754.480728,10987.532367
fe5007,180,10440.278253,10419.470185,10529.753004,10483.975212,10338.318774,10515.18734,10504.783296,10723.268506,10689.975483,10744.076653,11070.76526,10862.68319
fe5007,240,10211.389809,10461.086325,10766.96562,10552.64191,10679.571416,10902.218742,10737.834208,10500.621679,10640.035975,10760.723174,10985.451546,10902.218742
fe5007,300,10652.520849,11124.866687,10935.511853,10933.431033,10814.824391,10850.198283,10758.642358,10827.309292,10873.087281,11530.628554,11089.492673,11430.748519
fe5007,360,11145.674938,11199.776415,11224.74634,11268.443728,11212.261377,11353.757743,11197.695588,10981.289904,11093.654321,11360.000236,11464.04185,11682.529679
fe5007,420,11137.351637,11195.614762,11499.416029,11210.18055,11645.07458,11355.838574,11355.838574,11345.434421,11376.646885,11657.559611,11486.931023,11451.556849
fe5007,480,11185.210629,11568.083599,11268.443728,11430.748519,11376.646885,11274.686214,11489.011857,11468.203517,11782.410028,11876.047969,11848.996997,11742.874042
fe5007,540,11580.568618,11836.511936,11672.125483,12042.51569,11772.00582,11873.967125,12181.932672,11665.882966,11759.520771,12050.839085,11948.877554,12292.21792
fe5007,600,11719.984795,11848.996997,11709.580595,12023.788054,11701.257235,11686.691358,11973.847713,11925.988249,11809.460978,12142.396488,12065.405028,12175.690115
fe5007,660,12088.294373,12236.03485,12398.341603,12229.792289,11932.230786,12261.005098,12485.737684,12015.464661,12242.277411,12425.392761,12156.962448,12916.476903
fe5007,720,13022.601415,12835.32296,12768.735171,12860.293396,13214.042066,12826.999483,13039.24841,12866.536006,13359.703738,13388.836104,13480.395039,13734.26354
fe5007,780,13293.115512,12953.932597,13282.711107,12935.204748,12849.889047,12866.536006,13066.299784,12931.043005,13480.395039,13451.262639,13472.071495,13463.747952
fe5007,840,12612.670256,12985.145689,12897.749063,12722.956098,12668.853591,13168.262738,13039.24841,12949.770853,13155.777472,13442.939098,13033.005786,13532.417207
fe5007,900,13155.777472,12974.741324,13426.292019,13349.299324,13168.262738,13318.086091,13218.203825,13241.0935,12783.301245,13176.586251,13072.54241,13193.233278
fe5007,960,12175.690115,12419.150185,12429.554478,12375.452169,12683.419647,12464.929085,12639.721486,12697.985705,12910.23429,12762.492568,12826.999483,12835.32296
fe5007,1020,12444.120491,12839.484699,12633.478894,12727.117831,12496.141985,12693.823974,12431.635337,12265.166807,12593.942487,12891.506451,12924.800389,13266.064061
fe5007,1080,12475.333383,13122.483437,13047.571909,12858.212526,12903.991676,12931.043005,12758.330834,12529.43576,12995.550056,13089.189416,13266.064061,12864.455135
fe5007,1140,12535.678344,12797.867322,12750.007365,12760.411701,12704.228303,12310.945618,12566.891273,12550.244376,12641.802351,12868.616876,12920.638646,13076.704161
fe5007,1200,12849.889047,12903.991676,13103.755548,13166.181861,12908.153418,12802.029059,13041.329285,12824.918614,12926.881261,13241.0935,13109.998177,13413.806712
fe5007,1260,13039.24841,12858.212526,12908.153418,13047.571909,13395.078756,13411.725828,13043.410159,13186.990642,13673.917676,13484.556811,13465.828837,13486.637697
fe5007,1320,13137.049575,13420.049366,13001.792676,13278.549345,12999.711803,13047.571909,13164.100983,13028.844038,13080.865913,13669.755894,13630.218975,13977.728352
fe5007,1380,13053.814533,13515.770109,13313.924327,13447.100869,13559.468748,13399.240523,13257.74054,13420.049366,13540.740757,13586.520298,13796.690345,13879.926159
fe5007,1440,13226.527342,13159.939227,13497.042129,13401.321407,13226.527342,13832.065555,13557.38786,13195.314156,13266.064061,13659.35144,13449.181754,13813.3375
fe5007,1500,13087.10854,12989.307435,12695.90484,12968.498705,13299.358156,13309.762564,13207.799429,13182.828885,13332.652265,13374.26992,13623.976305,13330.571383
fe5007,1560,12741.683897,13124.564314,13118.321683,13505.365675,13467.909723,12983.064816,13112.079054,13087.10854,13155.777472,13505.365675,13559.468748,13307.681682
fe5007,1620,12976.822197,12933.123876,12735.441297,13155.777472,12945.609108,13228.608222,12837.40383,13114.15993,13305.6008,13690.564806,13526.174545,13848.712718
fe5007,1680,13259.82142,13513.689222,13330.571383,13411.725828,13513.689222,13087.10854,13511.608335,13447.100869,13234.85086,13854.955406,13886.168849,13871.602574
fe5007,1740,13486.637697,13522.012771,13382.593454,13480.395039,13137.049575,13022.601415,13126.64519,13099.593796,12924.800389,13359.703738,13361.784621,13232.769981
fe5007,1800,13268.144942,13357.622855,13272.306703,13332.652265,13380.51257,13201.556792,12980.983943,12808.271664,13091.270292,13216.122945,13332.652265,13422.13025
fe5007,1860,13184.909764,13118.321683,12906.072547,12760.411701,13093.351168,13074.623286,13047.571909,12673.015321,13037.167535,13093.351168,12924.800389,13197.395035
fe5007,1920,13003.87355,13159.939227,13112.079054,13253.57878,12891.506451,13103.755548,13162.020105,13097.51292,13313.924327,13455.42441,13875.764366,13607.329189
fe5007,1980,13178.667129,13014.277919,13488.718583,13301.439038,13253.57878,12766.654303,13028.844038,13494.961242,13415.887597,13324.328736,13532.417207,13513.689222
fe5007,2040,12916.476903,12972.660451,13176.586251,13245.255259,13340.975794,13164.100983,13243.174379,13320.166972,13288.95375,13282.711107,13397.159639,13786.285874
fe5007,2100,13293.115512,13068.38066,12839.484699,12949.770853,13103.755548,13026.763163,13601.086521,13272.306703,13251.497899,13513.689222,13359.703738,13746.748897
fe5007,2160,13211.961187,12908.153418,13420.049366,13218.203825,13122.483437,13216.122945,13301.439038,13455.42441,13228.608222,13463.747952,13372.189037,13609.410078
fe5007,2220,13045.491034,13432.534673,13417.968481,13218.203825,13324.328736,13197.395035,13621.895416,13320.166972,13426.292019,13561.549636,13648.946987,13673.917676
fe5007,2280,13195.314156,13026.763163,13145.373084,13374.26992,13245.255259,13336.814029,13449.181754,13205.71855,13282.711107,13630.218975,13517.850996,13623.976305
fe5007,2340,13218.203825,13507.446562,12991.388309,13461.667066,13280.630226,13353.46109,13263.983181,13134.968698,13490.79947,13170.343616,13490.79947,13442.939098
fe5007,2400,13157.858349,13145.373084,13224.446463,13139.130453,13359.703738,13214.042066,13037.167535,13132.887821,13170.343616,13607.329189,13882.007056,13898.654229
fe5007,2460,13345.137559,12962.256087,13145.373084,13378.431687,13180.748007,13376.350803,13186.990642,13415.887597,13178.667129,13432.534673,13686.403023,13459.586181
fe5007,2520,13316.005209,13220.284704,12962.256087,12939.366492,13332.652265,13149.534839,13220.284704,13222.365583,13263.983181,13511.608335,13484.556811,13767.55783
fe5007,2580,12712.551767,12693.823974,12685.500512,12729.198697,13037.167535,12972.660451,12839.484699,12887.344709,12841.565568,12966.417833,13320.166972,13182.828885
fe5007,2640,12876.940357,12598.104213,12835.32296,12835.32296,12639.721486,12816.595139,12683.419647,12645.964079,13008.035297,12949.770853,12839.484699,13010.116171
fe5007,2700,12931.043005,12912.315161,12750.007365,12718.794365,12577.295585,12872.778616,12450.363068,12754.169099,12722.956098,13139.130453,12635.559758,13170.343616
fe5007,2760,12931.043005,13303.519919,12939.366492,13174.505373,13330.571383,13145.373084,13534.498094,13097.51292,13355.541972,13380.51257,13648.946987,13715.535509
fe5007,2820,13388.836104,13020.520541,13170.343616,13297.277275,12908.153418,13214.042066,13559.468748,13020.520541,13218.203825,13817.49929,13488.718583,13859.117197
fe5007,2880,13794.60945,13349.299324,13494.961242,13544.902532,13245.255259,13313.924327,13480.395039,13209.880308,13234.85086,13682.241241,13590.682076,13428.372904
fe5007,2940,13139.130453,13176.586251,13141.21133,13234.85086,13197.395035,13216.122945,13153.696594,13203.637671,13057.976283,13159.939227,13336.814029,13561.549636
c1256,0,10567.207581,10352.884406,10076.137854,10034.521914,9988.744405,10217.632212,10311.268322,10207.228207,10421.550992,10565.126771,10598.419742,10954.239234
c1256,60,10292.541091,10481.894404,10625.470291,10296.702698,10363.28843,10365.369235,10348.722797,10727.430135,10481.894404,10606.742986,10775.288882,10621.308667
c1256,120,10375.773261,10219.713014,10354.965211,10852.279101,10467.328748,10679.571416,10429.874218,10533.914623,10835.632561,10531.833813,10895.976285,11112.381739
c1256,180,10450.682288,10575.530823,10652.520849,10673.328977,10506.864105,10916.784476,10625.470291,11280.9287,10665.005725,10783.612146,11066.603613,10858.521554
c1256,240,10764.884804,10629.631914,11811.54182,11684.610518,11842.754466,11711.661435,11272.605385,13738.425326,10760.723174,11070.76526,13528.255432,11690.853037
c1256,300,11135.270812,11206.018896,13944.433975,14031.831744,14273.216554,12735.441297,12985.145689,17617.303446,12331.754177,12371.290455,18653.644984,13688.483915
c1256,360,11855.239528,11861.48206,15781.888113,17263.535311,18147.958581,14121.310511,14535.411224,21523.423811,13407.56406,13074.623286,22815.794365,16524.789249
c1256,420,12487.818544,12387.937314,17446.662151,19685.837846,21321.557831,14880.84361,15879.69263,23764.794728,14986.970726,14129.634122,25662.829212,17958.587129
c1256,480,12727.117831,12999.711803,18713.994603,21365.260732,22409.975277,15983.74012,16899.363865,25028.064863,16158.540208,15182.577937,27084.303375,19662.946328
c1256,540,13372.189037,14008.941843,20054.184086,22191.458159,22715.900245,17124.109476,17735.920171,24526.500528,16021.19725,15632.060148,27123.846941,20930.313877
c1256,600,14119.229608,14013.103643,19667.108421,20539.071835,21200.854705,17280.183189,16849.420481,23625.357566,16522.708283,15629.979206,24932.330348,20147.831706
c1256,660,14431.365618,14545.815793,19879.37549,18997.014115,19975.10396,17548.630686,16135.649698,22156.079253,16048.249632,15779.807167,22697.170111,19167.658717
c1256,720,14791.363993,15047.317581,19040.715747,17854.537072,19188.469059,17307.235996,15763.159602,20251.884745,16202.240289,16456.117426,21298.665845,18245.76599
c1256,780,15109.745409,15319.919456,18297.791256,16624.675642,17147.000268,16730.805071,14941.190384,18639.077841,15124.311909,16223.04986,18308.196313,16868.149247
c1256,840,14002.699144,14937.028536,17034.627352,15072.288706,15854.721253,15773.56433,14260.731115,16370.79797,14048.478949,15565.470032,15790.211897,15509.284664
c1256,900,14264.892928,14672.751633,16098.192515,14670.670716,14483.388404,14639.456967,13854.955406,15511.365603,13374.26992,14610.324145,14912.057453,14435.527439
c1256,960,13159.939227,13954.838466,14681.075301,13309.762564,13879.926159,13509.527449,12912.315161,13954.838466,13024.682289,13954.838466,13946.514873,13532.417207
c1256,1020,13257.74054,13730.101755,14017.265442,12718.794365,13216.122945,13447.100869,12635.559758,13170.343616,12854.050786,13840.389136,13445.019983,13549.064308
c1256,1080,13070.461535,13740.506219,13630.218975,13062.138034,13368.02727,13345.137559,12922.719518,13147.453962,13197.395035,13596.924743,13467.909723,13232.769981
c1256,1140,12939.366492,13280.630226,13401.321407,12953.932597,12777.058641,12566.891273,12814.51427,12920.638646,12772.896906,13149.534839,13186.990642,13201.556792
c1256,1200,13209.880308,13621.895416,13571.954077,13243.174379,12933.123876,13005.954424,13008.035297,13105.836425,13180.748007,13574.034966,13590.682076,13239.01262
c1256,1260,13318.086091,13447.100869,13403.402291,13328.4905,13263.983181,13122.483437,13370.108153,13478.314152,13653.108768,13648.946987,13515.770109,13482.475925
c1256,1320,13214.042066,13580.277632,13089.189416,13043.410159,13068.38066,13257.74054,12916.476903,13018.439667,13203.637671,13802.933028,13850.793614,13917.382304
c1256,1380,13392.997872,13592.762965,13553.226084,13438.777328,13411.725828,13509.527449,13397.159639,13544.902532,13509.527449,13906.977818,13986.051948,14094.25878
c1256,1440,13409.644944,13449.181754,13565.711412,13207.799429,13422.13025,13694.72659,13659.35144,13574.034966,13016.358793,13786.285874,13838.308241,13992.294646
c1256,1500,13109.998177,13284.791988,12845.727307,13209.880308,13068.38066,13324.328736,13153.696594,13076.704161,13368.02727,13617.733636,13667.675003,13517.850996
c1256,1560,12808.271664,13195.314156,12993.469182,13503.284788,13546.98342,13243.174379,13301.439038,13180.748007,13116.240807,13728.020863,13836.227346,13224.446463
c1256,1620,12897.749063,13249.417019,13103.755548,13051.733658,13166.181861,13261.902301,12824.918614,13203.637671,13153.696594,13365.946387,13861.198093,13715.535509
c1256,1680,13253.57878,13334.733147,13399.240523,13415.887597,13438.777328,13153.696594,13732.182648,13218.203825,13149.534839,14013.103643,13582.35852,13996.456445
c1256,1740,13380.51257,13744.668004,13168.262738,13530.33632,13186.990642,13661.43233,13313.924327,13078.785037,13120.40256,13611.490968,13307.681682,13311.843445
c1256,1800,13024.682289,13220.284704,13091.270292,13442.939098,13041.329285,13322.247854,12945.609108,12910.23429,13303.519919,13216.122945,13409.644944,13270.225823
c1256,1860,12980.983943,13128.726067,12564.81041,13166.181861,13026.763163,12931.043005,13085.027664,13157.858349,12774.977774,13565.711412,12870.697746,13534.498094
c1256,1920,13236.93174,13407.56406,13230.689101,12956.01347,12876.940357,13353.46109,13293.115512,13182.828885,13184.909764,13128.726067,13345.137559,13636.461645
c1256,1980,13033.005786,12928.962133,13353.46109,13105.836425,13041.329285,13035.086661,13026.763163,13388.836104,13359.703738,13580.277632,13542.821645,13655.189658
c1256,2040,12945.609108,12951.851725,13407.56406,13257.74054,13201.556792,13322.247854,13070.461535,13174.505373,13168.262738,13728.020863,13590.682076,13667.675003
c1256,2100,13026.763163,13172.424494,12974.741324,12997.630929,13107.917301,13534.498094,13278.549345,13216.122945,13461.667066,13503.284788,13665.594112,13805.013922
c1256,2160,13024.682289,13093.351168,13207.799429,13440.858213,13257.74054,13634.380755,13191.152399,13153.696594,13147.453962,13559.468748,13476.233267,13651.027877
c1256,2220,13060.057159,13155.777472,13469.990609,13343.056677,13134.968698,13241.0935,13486.637697,13384.674337,13657.270549,13447.100869,13730.101755,13582.35852
c1256,2280,13255.65966,13474.152381,13070.461535,13417.968481,12997.630929,13497.042129,13415.887597,13180.748007,13168.262738,13578.196743,13476.233267,13534.498094
c1256,2340,13214.042066,13509.527449,13124.564314,13330.571383,13368.02727,13349.299324,13274.387584,13053.814533,13445.019983,13280.630226,13368.02727,13563.630524
c1256,2400,13168.262738,13137.049575,13280.630226,13422.13025,13162.020105,13284.791988,13001.792676,13099.593796,13085.027664,13796.690345,13563.630524,13990.213747
c1256,2460,13295.196394,13447.100869,13128.726067,13218.203825,13303.519919,13280.630226,13153.696594,12985.145689,13434.615558,13291.034631,13698.888373,13320.166972
c1256,2520,13078.785037,13222.365583,12993.469182,13020.520541,13432.534673,13008.035297,13055.895408,13178.667129,13074.623286,13690.564806,13588.601187,13734.26354
c1256,2580,12614.75112,12629.317166,12889.42558,12760.411701,12774.977774,12951.851725,12941.447364,12747.926498,12837.40383,13087.10854,13230.689101,13326.409618
c1256,2640,12774.977774,12928.962133,13124.564314,12766.654303,12560.648686,12627.236302,12881.102098,12600.185076,12931.043005,13062.138034,12910.23429,12945.609108
c1256,2700,12814.51427,13043.410159,12708.390034,12854.050786,12747.926498,12974.741324,12774.977774,12866.536006,12760.411701,13278.549345,13051.733658,13332.652265
c1256,2760,13074.623286,13286.872869,12920.638646,13122.483437,13176.586251,13164.100983,13434.615558,13037.167535,13328.4905,13274.387584,13742.587111,13886.168849
c1256,2820,13218.203825,13087.10854,13037.167535,13053.814533,12862.374265,13278.549345,13380.51257,13445.019983,13646.866096,13834.14645,13703.050157,13667.675003
c1256,2880,13684.322132,13093.351168,13243.174379,13719.697293,13740.506219,13209.880308,13311.843445,13409.644944,13488.718583,13517.850996,13692.645698,13773.800511
c1256,2940,13197.395035,12922.719518,12893.587321,13026.763163,13139.130453,13249.417019,13072.54241,12926.881261,13057.976283,13413.806712,13594.843854,13782.124086
fe1256,0,10332.076361,10552.64191,10055.329882,10213.47061,10067.814665,10317.510733,10257.167445,10107.349824,10463.167133,10317.510733,10750.319098,10827.309292
fe1256,60,10400.742929,10662.924912,10469.409556,10446.520674,10573.450012,10496.460062,10394.500511,10477.732788,10404.904541,10369.530846,10604.662175,10960.481696
fe1256,120,10300.864304,10406.985347,10277.97547,10588.015687,10652.520849,10513.106531,10465.247941,10459.005518,10644.197599,10594.258119,10968.804978,10881.410554
fe1256,180,10409.066154,10469.409556,10392.419706,10425.712605,10396.581317,10637.955163,10373.692456,10563.04596,10459.005518,10825.228475,10885.572192,10943.835133
fe1256,240,10731.591764,10810.662757,10652.520849,10513.106531,10610.904609,10737.834208,10712.864435,10662.924912,10683.733043,10679.571416,11201.857242,10789.854594
fe1256,300,10694.13711,10775.288882,10843.955831,10966.724158,10887.65301,11000.017296,11060.361144,10893.895466,11008.340582,11326.706948,11466.122683,11382.889379
fe1256,360,11027.067981,11024.987158,11216.423031,11289.252016,10937.592673,11332.949439,10964.643337,11262.201242,11070.76526,11563.921926,11445.314349,11876.047969
fe1256,420,11243.473789,11031.229625,11101.977617,11170.644846,11701.257235,11087.411849,11276.767042,11351.676913,11468.203517,11740.793201,11418.263523,11686.691358
fe1256,480,10985.451546,11178.96815,11251.797101,11072.846084,11491.092692,11087.411849,11195.614762,11607.619499,11584.730291,11865.643748,11869.805436,11992.575337
fe1256,540,11684.610518,11957.20094,11707.499755,12138.234786,11838.59278,12248.519973,12236.03485,11582.649455,11516.062707,11903.09895,12096.617773,12161.124152
fe1256,600,12125.74968,11878.128813,11705.418915,11903.09895,11728.308157,11651.317096,11961.362633,11986.332795,12030.030598,12009.222118,11834.431093,12446.20135
fe1256,660,12052.919934,12131.992232,12371.290455,12402.503319,12252.681681,12034.192295,12267.247662,11963.443479,12219.388022,12082.051824,12229.792289,12714.632633
fe1256,720,12704.228303,12666.772726,12860.293396,12964.33696,13022.601415,12926.881261,12766.654303,13039.24841,13390.916988,13434.615558,13347.218442,13257.74054
fe1256,780,13203.637671,13047.571909,13230.689101,12910.23429,13209.880308,13184.909764,12897.749063,13274.387584,13407.56406,13259.82142,13636.461645,13436.696443
fe1256,840,12783.301245,13105.836425,12847.808177,12974.741324,12916.476903,13057.976283,12876.940357,12980.983943,13037.167535,13153.696594,13051.733658,13303.519919
fe1256,900,12872.778616,13193.233278,13199.475914,13105.836425,12893.587321,13205.71855,13055.895408,13137.049575,12989.307435,13047.571909,13184.909764,13318.086091
fe1256,960,12373.371312,12414.988468,12824.918614,12446.20135,12516.950593,12315.10733,12392.09903,12631.39803,12931.043005,12664.691861,12779.139509,12901.910805
fe1256,1020,12489.899404,12562.729548,12417.069327,12169.447559,12523.193176,12645.964079,12473.252524,12512.788871,12808.271664,12974.741324,13018.439667,13101.674672
fe1256,1080,12697.985705,13062.138034,12700.066571,12770.816038,12706.309168,12804.109927,12477.414243,12502.384567,12872.778616,12774.977774,13430.453789,13205.71855
fe1256,1140,12537.759206,12766.654303,12991.388309,12806.190796,12610.589393,12144.477339,12427.47362,12637.640622,12695.90484,12812.433401,12725.036964,13241.0935
fe1256,1200,12960.175215,13232.769981,13016.358793,12987.226562,12795.786454,12774.977774,12774.977774,12847.808177,13103.755548,13270.225823,13415.887597,13374.26992
fe1256,1260,13087.10854,12789.543849,12970.579578,13336.814029,13141.21133,13374.26992,13434.615558,13195.314156,13449.181754,13490.79947,13642.704316,13447.100869
fe1256,1320,13134.968698,13282.711107,13132.887821,12906.072547,13010.116171,13301.439038,12993.469182,13076.704161,13028.844038,13440.858213,13669.755894,13784.20498
fe1256,1380,13351.380207,13236.93174,13388.836104,13430.453789,13457.505295,13553.226084,13390.916988,13365.946387,13536.578982,13609.410078,13877.845263,13961.081162
fe1256,1440,13324.328736,13436.696443,13334.733147,13434.615558,13426.292019,13694.72659,13715.535509,13551.145196,13134.968698,13623.976305,13750.910683,13825.82287
fe1256,1500,12874.859486,13134.968698,12802.029059,13057.976283,13347.218442,13174.505373,13334.733147,13095.432044,13222.365583,13578.196743,13469.990609,13553.226084
fe1256,1560,12754.169099,13024.682289,13114.15993,13519.931883,13376.350803,13330.571383,13199.475914,13274.387584,13174.505373,13954.838466,13594.843854,13297.277275
fe1256,1620,12995.550056,13112.079054,12980.983943,13089.189416,13336.814029,13174.505373,12883.182968,13172.424494,12845.727307,13463.747952,13569.873189,13805.013922
fe1256,1680,13349.299324,13636.461645,13316.005209,13390.916988,13207.799429,13174.505373,13490.79947,13492.880356,13438.777328,13775.881404,13744.668004,13734.26354
fe1256,1740,13524.093658,13453.343524,13517.850996,13409.644944,13266.064061,13116.240807,13176.586251,12697.985705,13303.519919,13551.145196,13357.622855,13492.880356
fe1256,1800,13008.035297,13263.983181,13411.725828,13390.916988,13080.865913,13164.100983,13178.667129,12714.632633,13126.64519,13415.887597,13397.159639,13168.262738
fe1256,1860,12926.881261,13035.086661,13049.652784,13220.284704,13049.652784,13103.755548,13184.909764,12901.910805,12931.043005,13074.623286,12914.396032,12920.638646
fe1256,1920,13207.799429,13053.814533,12943.528236,12914.396032,13085.027664,13005.954424,13199.475914,13318.086091,13390.916988,13392.997872,13626.057195,13607.329189
fe1256,1980,12928.962133,12906.072547,13580.277632,13178.667129,13180.748007,12949.770853,12985.145689,13261.902301,13334.733147,13713.454616,13590.682076,13472.071495
fe1256,2040,12849.889047,13126.64519,13218.203825,13226.527342,13166.181861,13257.74054,13120.40256,13116.240807,13199.475914,13869.521678,13424.211135,13730.101755
fe1256,2100,12766.654303,12995.550056,12906.072547,12745.845631,12758.330834,13268.144942,13072.54241,13234.85086,13293.115512,13700.969265,13655.189658,13382.593454
fe1256,2160,13380.51257,13124.564314,13390.916988,13524.093658,13124.564314,13297.277275,13118.321683,12922.719518,13091.270292,13505.365675,13588.601187,13661.43233
fe1256,2220,13066.299784,13345.137559,13472.071495,13403.402291,13555.306972,12960.175215,13415.887597,13353.46109,13243.174379,13340.975794,13621.895416,13480.395039
fe1256,2280,13372.189037,13399.240523,13209.880308,12970.579578,13043.410159,13293.115512,13172.424494,13120.40256,13565.711412,13453.343524,13311.843445,13351.380207
fe1256,2340,13380.51257,13617.733636,13186.990642,13361.784621,13501.203902,13351.380207,13228.608222,12916.476903,13168.262738,13197.395035,13399.240523,13553.226084
fe1256,2400,12974.741324,13055.895408,13218.203825,13301.439038,13205.71855,13107.917301,13309.762564,13222.365583,13195.314156,13601.086521,13934.029485,13742.587111
fe1256,2460,13128.726067,13162.020105,13309.762564,13205.71855,13497.042129,13085.027664,13488.718583,13239.01262,13284.791988,13490.79947,13742.587111,13559.468748
fe1256,2520,13076.704161,13184.909764,12993.469182,12995.550056,13442.939098,12885.263839,13124.564314,13226.527342,13162.020105,13555.306972,13459.586181,13511.608335
fe1256,2580,12552.325238,12693.823974,12887.344709,12933.123876,12901.910805,12729.198697,13130.806944,12577.295585,12860.293396,13203.637671,13186.990642,13099.593796
fe1256,2640,13045.491034,12964.33696,12762.492568,13109.998177,12525.274037,12623.074575,12777.058641,12668.853591,12519.031454,12993.469182,12839.484699,13497.042129
fe1256,2700,12881.102098,13120.40256,12710.4709,12762.492568,12679.257916,12845.727307,12508.627149,12885.263839,13055.895408,13093.351168,13014.277919,13057.976283
fe1256,2760,13176.586251,12983.064816,13016.358793,13074.623286,13365.946387,12987.226562,13234.85086,13301.439038,13422.13025,13661.43233,13469.990609,13667.675003
fe1256,2820,13178.667129,13182.828885,13141.21133,13151.615717,12980.983943,13546.98342,13230.689101,12995.550056,13126.64519,13611.490968,13773.800511,13788.366768
fe1256,2880,13698.888373,13149.534839,13517.850996,13368.02727,13457.505295,13305.6008,13407.56406,13376.350803,13245.255259,13494.961242,13588.601187,13659.35144
fe1256,2940,12997.630929,13253.57878,12958.094342,12903.991676,13255.65966,13159.939227,13043.410159,12908.153418,13255.65966,13505.365675,13243.174379,13721.778185
c5006,0,10640.035975,10556.80353,9855.573619,10067.814665,10074.057057,10350.803601,10300.864304,10182.258599,10486.05602,10775.288882,10904.299561,10825.228475
c5006,60,10282.137076,10459.005518,10342.480383,10404.904541,10402.823735,10606.742986,10211.389809,10592.177308,10402.823735,10327.914753,10533.914623,10706.621993
c5006,120,10261.32905,10352.884406,10448.601481,10594.258119,10781.53133,10590.096498,10392.419706,10161.450599,10829.390109,10741.995838,11029.148803,11189.372282
c5006,180,10640.035975,10808.581941,10814.824391,10717.026063,10868.925645,12354.643599,11690.853037,10850.198283,11439.07185,10912.622838,11376.646885,11224.74634
c5006,240,12090.375223,11744.954883,11996.737032,12206.902903,11886.452191,16162.702119,17521.577797,11339.191929,17814.998085,11491.092692,15575.874734,14385.585593
c5006,300,14918.300223,13390.916988,13971.485655,15808.940414,13245.255259,21498.450673,26770.036782,13334.733147,26982.32269,12481.575964,21032.286851,20181.128664
c5006,360,18834.693979,16171.025943,16281.316688,19225.927688,15330.324126,26701.356167,35534.583065,15894.259271,34649.967643,14258.650209,25540.038338,26563.995115
c5006,420,21716.965899,18356.059594,19200.955267,22022.888218,17363.422626,30381.055125,41375.371685,18709.832559,40009.84622,15205.468174,28149.905249,30439.332261
c5006,480,24668.020437,20501.612591,20982.340888,24686.751032,18256.17104,33859.025662,43825.465863,21107.205854,42961.575328,16520.627318,31180.288121,33850.699998
c5006,540,26838.717455,22245.567104,23635.763316,26888.667073,19833.592349,35601.189798,45068.235588,22522.355742,43540.276872,17273.940234,31927.494938,36269.341661
c5006,600,27937.616244,22984.365976,24314.221133,27155.06556,20487.045112,36350.51937,43413.29524,23512.975552,42842.921212,18181.254707,32029.481925,36764.735116
c5006,660,28909.571498,24258.029623,26118.613932,27225.827807,21202.935792,35917.57254,40879.949692,23764.794728,41185.945267,18603.700505,31369.69086,36113.230913
c5006,720,29658.838422,25113.393548,27150.903077,26961.510321,22466.16549,34608.338922,39302.11353,24938.5739,38867.069187,19860.64602,31020.024615,36652.334651
c5006,780,30437.250934,26114.451502,26996.891351,26162.319452,22541.085834,33663.372798,36138.208612,24934.411532,36144.453038,19956.374467,29561.017064,34660.374826
c5006,840,28930.384373,24541.068742,26199.781346,24347.519825,22124.862584,31057.488782,31715.195913,24355.8445,32907.82421,19404.896938,28031.273089,33011.89384
c5006,900,28139.498912,25044.714355,25712.778095,22553.572565,22297.59497,29252.984634,28853.376761,23521.30014,29421.569804,19146.84838,25750.239779,30718.230572
c5006,960,27438.114924,23284.049717,23481.758354,20328.884081,20888.692292,26314.248352,25123.799491,22470.327729,26817.905123,18387.274793,23211.209815,28414.22666
c5006,1020,26193.537696,22482.814449,22045.780411,18443.462181,20239.398373,23781.443957,22678.439982,21656.614015,24353.763331,18066.799333,21843.913114,26068.664795
c5006,1080,25069.6886,21800.209952,21298.665845,17396.718426,19633.811677,21939.643934,20459.991229,20391.31603,22626.411868,17101.218691,20418.369889,23650.331368
c5006,1140,23177.911597,19902.26707,20127.021114,16158.540208,18410.165946,19750.350342,18489.244527,18861.747312,20181.128664,16466.522244,18530.864864,22101.970368
c5006,1200,22230.999307,19619.244356,18849.261157,15303.271987,17723.434192,18229.117912,17244.806454,18010.612209,18851.342183,16283.397647,17550.711678,20358.018984
c5006,1260,20559.882534,18643.239881,17640.19438,15001.537204,17265.616296,17563.19763,16341.664519,17590.250534,18100.095425,16210.564117,16599.704032,18776.425292
c5006,1320,19119.79495,17696.381243,16564.327598,13882.007056,16268.830936,16426.983943,15213.791898,16195.997419,16635.080481,15896.34022,15896.34022,17667.247309
c5006,1380,17762.973133,16811.962964,16106.516332,14416.799243,16087.787745,15571.712853,15168.011426,16241.778479,16258.426144,15461.423086,15494.718094,16516.465388
c5006,1440,16749.533808,16166.864031,15290.786387,13915.301407,15334.485995,15363.61908,14755.988359,15234.601212,15251.248667,14760.150197,14753.907439,15896.34022
c5006,1500,15382.347497,15032.751094,14522.925745,13669.755894,14864.196232,14395.990142,14246.164772,14660.266131,14437.60835,14570.786762,14254.488396,15045.236654
c5006,1560,14302.349253,14610.324145,14017.265442,13603.16741,14395.990142,14181.656713,14056.802553,14539.573052,14200.384854,14535.411224,14318.996514,14423.041975
c5006,1620,14189.98033,14079.692467,13484.556811,13307.681682,14277.378368,13740.506219,13526.174545,13956.919365,13784.20498,14452.174728,14221.193904,14366.857409
c5006,1680,14225.355715,14429.284707,13503.284788,13440.858213,13782.124086,13986.051948,14013.103643,14223.274809,14083.854271,14316.915606,14002.699144,14250.326584
c5006,1740,13769.638723,14092.177878,13757.153363,13415.887597,13365.946387,13442.939098,13603.16741,13320.166972,13690.564806,13956.919365,13542.821645,13811.256606
c5006,1800,13532.417207,13854.955406,13301.439038,13309.762564,13459.586181,13499.123015,13336.814029,13509.527449,13565.711412,13746.748897,13247.336139,13790.447662
c5006,1860,13409.644944,13646.866096,13311.843445,12889.42558,12908.153418,13151.615717,13313.924327,13145.373084,13012.197045,13474.152381,13243.174379,12987.226562
c5006,1920,13417.968481,12993.469182,13199.475914,13022.601415,13372.189037,13199.475914,13488.718583,13763.396043,13717.616401,13667.675003,13975.647453,13782.124086
c5006,1980,13091.270292,13116.240807,13268.144942,13472.071495,13370.108153,13230.689101,13145.373084,13501.203902,13370.108153,13771.719617,13524.093658,13499.123015
c5006,2040,13008.035297,13338.894912,13259.82142,13147.453962,13505.365675,13549.064308,13515.770109,13486.637697,13519.931883,13786.285874,13334.733147,13788.366768
c5006,2100,13137.049575,13195.314156,12781.220377,12639.721486,13035.086661,13461.667066,13594.843854,13673.917676,13268.144942,13755.07247,13865.359885,13574.034966
c5006,2160,13203.637671,13748.82979,13544.902532,13357.622855,13442.939098,13428.372904,13361.784621,13141.21133,13370.108153,13638.542535,13792.528556,13757.153363
c5006,2220,13241.0935,13370.108153,13141.21133,13374.26992,13551.145196,13291.034631,13665.594112,13299.358156,13478.314152,13642.704316,13638.542535,13655.189658
c5006,2280,13318.086091,13636.461645,13286.872869,13480.395039,13316.005209,13428.372904,13401.321407,13378.431687,13361.784621,13594.843854,13538.659869,13644.785206
c5006,2340,13255.65966,13303.519919,13076.704161,13297.277275,13257.74054,13411.725828,13295.196394,13434.615558,13463.747952,13284.791988,13671.836785,13705.131048
c5006,2400,13193.233278,13118.321683,13224.446463,13295.196394,13232.769981,13282.711107,13247.336139,13026.763163,13390.916988,13594.843854,13757.153363,14073.449763
c5006,2460,13376.350803,13297.277275,13288.95375,13164.100983,13459.586181,13307.681682,13076.704161,13469.990609,13282.711107,13530.33632,13983.971049,13553.226084
c5006,2520,13291.034631,13182.828885,12953.932597,13010.116171,13592.762965,13203.637671,13301.439038,13336.814029,13120.40256,13807.094817,13686.403023,13584.439409
c5006,2580,12876.940357,12764.573436,12868.616876,12941.447364,13074.623286,13270.225823,13043.410159,12872.778616,12802.029059,13024.682289,12968.498705,13282.711107
c5006,2640,12731.279564,12729.198697,12802.029059,12980.983943,12922.719518,12868.616876,12849.889047,12710.4709,12716.713499,13005.954424,13107.917301,12972.660451
c5006,2700,12831.161222,13035.086661,12756.249966,12620.993711,12951.851725,12916.476903,12670.934455,12808.271664,12926.881261,13107.917301,12922.719518,13253.57878
c5006,2760,13226.527342,13230.689101,13095.432044,13359.703738,13384.674337,13370.108153,13251.497899,13388.836104,13330.571383,13721.778185,13588.601187,13711.373724
c5006,2820,13488.718583,13164.100983,13093.351168,12864.455135,13122.483437,13293.115512,13261.902301,12962.256087,13463.747952,13684.322132,13617.733636,13913.220509
c5006,2880,13615.652747,13282.711107,13588.601187,13345.137559,13359.703738,13561.549636,13511.608335,13139.130453,13268.144942,13528.255432,13682.241241,13569.873189
c5006,2940,13201.556792,13191.152399,12854.050786,12795.786454,12953.932597,13430.453789,13361.784621,13109.998177,13226.527342,13380.51257,13771.719617,13680.160349
fe5006,0,10825.228475,10334.157165,9870.139163,10057.410679,10074.057057,10275.894668,10259.248247,10311.268322,10379.934872,10465.247941,10962.562516,11045.795383
fe5006,60,10440.278253,10508.944913,10340.399578,10602.581364,10463.167133,10334.157165,10211.389809,10427.793411,10456.92471,10263.409852,10392.419706,10513.106531
fe5006,120,10223.874616,10440.278253,10448.601481,10483.975212,10290.460288,10508.944913,10344.561187,10417.389379,10646.278412,10791.93541,10733.672579,11049.957029
fe5006,180,10305.025911,10558.88434,10446.520674,10708.702807,10311.268322,10369.530846,10402.823735,10862.68319,10413.227766,10608.823798,10733.672579,10991.69401
fe5006,240,10735.753393,10465.247941,10588.015687,10552.64191,10889.733829,10606.742986,10500.621679,10481.894404,10656.682474,10700.379551,11316.302798,11008.340582
fe5006,300,10775.288882,10941.754313,10945.915953,10966.724158,10698.298738,11027.067981,11041.633738,10983.370725,10806.501124,10993.774831,11403.697697,11464.04185
fe5006,360,10931.350214,11337.111099,11137.351637,10875.168099,11414.101858,11058.280321,10868.925645,11156.079065,10947.996774,11520.224378,11738.71236,11855.239528
fe5006,420,11239.312133,11280.9287,11087.411849,11114.462564,11491.092692,11330.868608,11312.141139,11166.483194,11218.503858,11595.134476,11351.676913,11838.59278
fe5006,480,11178.96815,11530.628554,11249.716273,11459.880183,11174.806498,11187.291456,11499.416029,11432.829351,11730.388998,11980.090254,11360.000236,12100.779474
fe5006,540,11441.152683,11742.874042,11840.673623,12063.324179,11772.00582,11921.826558,11934.311632,12079.970974,11474.446019,11921.826558,11934.311632,12138.234786
fe5006,600,11811.54182,11686.691358,11763.682453,11848.996997,11749.116565,12025.868902,11763.682453,11730.388998,11846.916154,12063.324179,12009.222118,12394.179888
fe5006,660,12159.0433,11955.120093,12406.665035,12265.166807,12327.592465,12404.584177,12263.085953,11932.230786,12150.719894,12075.809275,12460.767365,12727.117831
fe5006,720,12648.044944,12616.831983,12737.522164,13176.586251,12799.94819,13168.262738,12729.198697,12874.859486,13120.40256,13434.615558,13384.674337,13501.203902
fe5006,780,13095.432044,13001.792676,12991.388309,12847.808177,13095.432044,13037.167535,13201.556792,13068.38066,13249.417019,13340.975794,13790.447662,13301.439038
fe5006,840,12876.940357,12956.01347,13180.748007,12985.145689,12991.388309,12978.90307,12937.28562,12976.822197,12949.770853,12939.366492,13114.15993,13330.571383
fe5006,900,13082.946788,13085.027664,13016.358793,13155.777472,12989.307435,12922.719518,13105.836425,12966.417833,12922.719518,13211.961187,13153.696594,13330.571383
fe5006,960,12683.419647,12425.392761,12687.581377,12697.985705,12645.964079,12181.932672,12629.317166,12722.956098,12718.794365,12673.015321,12970.579578,12870.697746
fe5006,1020,12635.559758,12639.721486,12392.09903,12337.996746,12521.112315,12697.985705,12381.694742,12483.656824,12670.934455,12793.705585,13008.035297,13026.763163
fe5006,1080,12708.390034,12643.883215,12804.109927,12552.325238,12612.670256,12868.616876,12943.528236,12541.920929,12785.382113,12681.338781,13168.262738,13078.785037
fe5006,1140,12685.500512,12423.311902,12812.433401,12845.727307,12471.171664,12452.443928,12231.873143,12600.185076,12425.392761,12650.125808,12835.32296,13074.623286
fe5006,1200,13220.284704,12931.043005,12914.396032,13164.100983,12924.800389,13001.792676,12958.094342,13101.674672,13172.424494,13324.328736,13390.916988,13461.667066
fe5006,1260,12648.044944,13010.116171,12837.40383,13189.071521,13112.079054,13166.181861,13132.887821,13463.747952,13380.51257,13721.778185,13465.828837,13546.98342
fe5006,1320,13263.983181,13226.527342,13311.843445,13026.763163,12983.064816,13189.071521,12945.609108,13043.410159,13137.049575,13744.668004,13657.270549,13447.100869
fe5006,1380,13286.872869,13357.622855,13149.534839,13540.740757,13363.865504,13522.012771,13351.380207,13220.284704,13411.725828,13665.594112,13630.218975,13746.748897
fe5006,1440,13301.439038,13228.608222,13010.116171,13324.328736,13343.056677,13467.909723,13549.064308,13091.270292,13239.01262,13509.527449,13857.036301,13857.036301
fe5006,1500,13035.086661,12712.551767,12922.719518,13005.954424,12937.28562,12976.822197,13093.351168,12908.153418,13174.505373,13530.33632,13455.42441,13320.166972
fe5006,1560,13105.836425,13153.696594,13047.571909,13517.850996,13288.95375,13232.769981,13105.836425,13043.410159,13316.005209,13755.07247,13332.652265,13320.166972
fe5006,1620,12964.33696,12933.123876,13012.197045,13193.233278,13174.505373,13116.240807,13201.556792,13195.314156,13251.497899,13288.95375,13578.196743,13854.955406
fe5006,1680,13665.594112,13392.997872,13030.924912,13524.093658,13045.491034,13359.703738,13619.814526,13340.975794,13338.894912,13571.954077,13628.138085,13842.470032
fe5006,1740,13236.93174,13351.380207,13347.218442,13428.372904,13318.086091,13093.351168,13010.116171,13016.358793,12928.962133,13736.344433,13397.159639,12939.366492
fe5006,1800,13128.726067,13428.372904,13089.189416,13166.181861,12843.646438,13214.042066,12887.344709,12870.697746,13128.726067,13253.57878,13390.916988,13497.042129
fe5006,1860,13003.87355,13153.696594,12839.484699,13024.682289,12822.837745,12901.910805,12918.557775,13207.799429,12953.932597,13236.93174,13299.358156,13328.4905
fe5006,1920,13172.424494,12960.175215,12941.447364,12660.530131,13049.652784,13082.946788,12995.550056,13068.38066,13168.262738,13478.314152,14008.941843,13680.160349
fe5006,1980,13005.954424,13003.87355,13216.122945,13380.51257,12968.498705,12958.094342,12931.043005,13349.299324,13224.446463,13696.807481,13409.644944,13465.828837
fe5006,2040,12968.498705,13168.262738,13263.983181,13278.549345,13497.042129,13272.306703,13318.086091,13345.137559,13186.990642,13507.446562,13434.615558,13599.005632
fe5006,2100,13035.086661,13060.057159,12937.28562,13109.998177,12856.131656,13361.784621,13162.020105,13255.65966,13274.387584,13428.372904,13698.888373,13316.005209
fe5006,2160,13068.38066,13503.284788,13530.33632,13316.005209,13199.475914,12956.01347,13442.939098,13035.086661,13236.93174,13607.329189,13675.998567,13757.153363
fe5006,2220,13060.057159,13253.57878,13176.586251,13626.057195,13488.718583,13259.82142,13147.453962,13428.372904,13455.42441,13655.189658,13617.733636,13528.255432
fe5006,2280,13424.211135,13176.586251,13316.005209,13122.483437,13519.931883,13297.277275,13374.26992,13149.534839,13326.409618,13137.049575,13228.608222,13503.284788
fe5006,2340,13465.828837,13211.961187,12958.094342,13428.372904,13345.137559,13457.505295,13474.152381,13176.586251,13101.674672,13261.902301,13189.071521,13386.755221
fe5006,2400,12710.4709,12901.910805,13180.748007,13035.086661,13278.549345,12937.28562,13336.814029,12912.315161,13118.321683,13124.564314,13850.793614,13607.329189
fe5006,2460,12962.256087,13166.181861,13174.505373,13268.144942,13168.262738,13080.865913,13226.527342,13068.38066,13062.138034,13424.211135,13532.417207,13686.403023
fe5006,2520,13228.608222,13120.40256,13043.410159,13024.682289,12976.822197,12826.999483,13164.100983,13220.284704,13405.483175,13442.939098,13788.366768,13513.689222
fe5006,2580,12870.697746,12891.506451,13191.152399,12673.015321,12928.962133,12972.660451,13139.130453,12914.396032,12964.33696,13072.54241,13066.299784,12997.630929
fe5006,2640,12745.845631,12912.315161,12760.411701,12868.616876,12789.543849,12645.964079,12781.220377,12658.449266,12864.455135,13010.116171,13089.189416,13141.21133
fe5006,2700,12689.662243,12951.851725,12802.029059,12467.009944,12891.506451,12596.02335,12464.929085,12706.309168,12810.352533,12735.441297,13060.057159,12989.307435
fe5006,2760,13049.652784,13126.64519,13012.197045,13022.601415,13128.726067,13145.373084,13243.174379,13309.762564,13648.946987,13436.696443,13324.328736,13476.233267
fe5006,2820,13197.395035,13020.520541,12939.366492,13178.667129,13070.461535,13542.821645,13109.998177,13130.806944,13574.034966,13438.777328,13565.711412,13882.007056
fe5006,2880,13609.410078,13118.321683,13330.571383,13484.556811,13041.329285,13353.46109,13130.806944,13143.292207,13420.049366,13447.100869,13532.417207,13746.748897
fe5006,2940,12760.411701,12972.660451,13003.87355,12799.94819,12735.441297,13189.071521,13147.453962,12820.756877,13074.623286,13276.468465,13675.998567,13782.124086
c5013,0,10665.005725,10438.197446,10015.794748,9909.674224,9922.158984,10583.854065,10107.349824,10198.905003,10477.732788,10621.308667,10673.328977,10956.320055
c5013,60,10421.550992,10448.601481,10217.632212,10315.429929,10352.884406,10392.419706,10354.965211,10321.672341,10544.318671,10492.298445,10617.147044,10529.753004
c5013,120,10431.955025,10388.258094,10483.975212,10456.92471,10644.197599,11079.088554,10644.197599,10384.096483,10440.278253,10873.087281,10754.480728,11027.067981
c5013,180,11045.795383,10791.93541,10773.208067,10789.854594,11035.39127,14887.086377,14088.016074,10779.450514,11058.280321,13268.144942,11276.767042,14606.162314
c5013,240,13022.601415,11580.568618,12910.23429,12298.460485,12785.382113,22480.733329,22035.374868,12406.665035,15224.196554,19423.626301,14273.216554,25421.410046
c5013,300,15621.655439,13971.485655,15634.14109,14371.019227,15328.243192,31679.812797,29777.472995,15263.734261,22476.571089,26010.390841,18605.781525,33061.847311
c5013,360,17848.294073,15715.297872,18853.423208,16543.517938,18843.01808,38425.782605,34616.664665,18120.905489,28006.297919,30287.39553,22357.947338,38554.837863
c5013,420,19756.593489,17513.253833,21105.124769,19138.524247,20189.452905,43763.015632,38063.596379,20882.449056,33615.500362,33005.649659,25394.354496,41404.51425
c5013,480,21359.017459,19148.929413,23107.152929,20684.74684,22268.459361,46381.803794,40151.393509,23234.102349,37611.906658,34296.124211,26998.972589,41985.286164
c5013,540,23242.426908,20435.018423,24903.19378,22980.20371,23989.55962,49652.286747,41088.10982,24797.053513,39145.996867,35561.642044,28984.497874,42888.717517
c5013,600,23908.394447,21537.991479,25816.83837,24357.925669,24772.079353,49400.386111,41117.252281,26035.365387,41392.024578,36793.876003,30616.245256,42391.20452
c5013,660,24570.205179,22511.950136,26959.429084,25816.83837,25856.38131,49156.813523,41535.655927,26199.781346,41294.188879,37158.137985,30252.013045,41866.633495
c5013,720,25440.140818,23658.65597,28050.004471,27125.928182,26817.905123,49154.731709,42514.021248,28149.905249,42869.982662,38367.499654,30693.254564,41512.758159
c5013,780,26203.94378,24230.974466,28281.02521,27600.452511,27313.240081,48022.233028,41050.640957,28333.057,41860.388623,38121.87911,31276.030109,41185.945267
c5013,840,25581.662342,23968.748029,28387.170098,27552.583701,26611.863334,46979.265879,39945.317392,27910.559843,40925.744874,39260.48239,29633.862745,39202.198831
c5013,900,26208.106213,24126.916253,28395.495193,27737.815342,26759.630624,44991.212448,39433.251762,27956.347604,39689.284168,39054.408567,29003.22948,37274.702169
c5013,960,25259.076879,23488.001793,26946.941666,27238.315269,25240.34615,42393.286158,37428.733673,27082.222135,37778.427918,39023.185306,27702.433984,35615.760029
c5013,1020,25157.098519,24178.945343,26299.679815,26884.504603,24801.215874,40157.638248,35896.757847,26360.0352,36159.023367,37897.074527,26930.291778,33896.491158
c5013,1080,24476.552384,23873.014782,26002.065994,26628.513156,24792.891152,37701.411792,34793.586893,25598.31195,33317.859336,37969.927795,25519.226345,31919.169475
c5013,1140,23873.014782,23063.449077,25234.102575,26114.451502,23687.792086,35407.614133,32837.056939,25313.187898,30995.048513,37457.874802,24955.223374,29665.082343
c5013,1200,23023.907517,22817.875494,24899.031414,25816.83837,24066.562552,32991.079903,31783.88083,24418.27959,28740.987406,36922.928629,23731.496279,28216.505837
c5013,1260,22389.164097,22420.380869,23675.305178,25408.922868,22984.365976,30761.938604,30306.12744,23340.240543,26738.818313,35365.985019,22478.652209,26503.639576
c5013,1320,21766.91232,21669.100608,23419.323995,24166.458358,22516.112378,27485.983666,27779.440489,21773.155625,24422.441931,33848.618582,21390.233829,23962.504553
c5013,1380,21009.394948,20924.070638,22043.699303,24049.913263,22326.73059,26143.588512,26353.791537,20901.178765,22407.894159,32789.184997,20308.073443,22778.334056
c5013,1440,19683.756799,19987.59029,21610.829857,22946.905588,20863.719352,23288.211999,24501.526452,19785.728184,19970.94185,29935.652699,18988.689998,20849.151807
c5013,1500,19024.067503,18940.826338,19920.99655,21217.503402,19721.21566,20909.503082,22372.515157,19053.201932,18422.652033,28014.622975,17723.434192,19163.496649
c5013,1560,17946.101115,18266.576092,19021.986473,20876.205821,19259.224263,19386.167579,20842.908574,17369.665588,17136.595362,26528.614276,16520.627318,17683.89527
c5013,1620,17536.144736,17338.450786,18029.341246,19665.027375,18293.629234,17931.534101,18649.482943,17205.267769,16019.116298,24357.925669,16472.765135,17307.235996
c5013,1680,17199.02482,17020.060504,17228.158584,19313.331225,17473.715015,17180.295978,18229.117912,16320.854917,15638.302975,22684.683358,15898.421169,15998.30678
c5013,1740,16431.145868,16811.962964,17080.408891,18636.996821,16657.971134,16033.682963,16814.043937,15494.718094,14681.075301,20468.3155,14724.774576,14918.300223
c5013,1800,15451.018398,15940.040158,15906.744965,17567.359615,15844.316515,14860.034388,15619.574497,14755.988359,14375.181046,19294.601888,14533.330311,14872.51992
c5013,1860,14893.329145,15192.982589,15438.532776,16687.1047,15419.804345,14612.405061,15122.230981,14597.838654,13740.506219,17835.808076,13983.971049,14558.301276
c5013,1920,14745.583763,14832.982407,14891.248223,16281.316688,14926.623917,14073.449763,15041.0748,14479.22658,14027.669943,17425.852262,14063.045256,14541.653965
c5013,1980,14614.485976,14687.318054,14672.751633,15748.592986,15011.941833,13688.483915,14425.122885,14046.398048,13861.198093,16587.21823,13927.786792,14321.077422
c5013,2040,14123.391414,14279.459274,14233.679337,15138.878412,14556.220362,13986.051948,14318.996514,14104.663291,13653.108768,16046.168679,13750.910683,14294.025624
c5013,2100,13977.728352,14100.501487,13829.98466,14604.081399,13805.013922,13896.573332,14058.883454,13807.094817,13728.020863,15605.007907,13840.389136,13948.595771
c5013,2160,14029.750844,14360.614682,13827.903765,14953.675929,14004.780043,13482.475925,13940.272179,13486.637697,13409.644944,14882.924532,13761.31515,14373.100137
c5013,2220,13921.544099,14177.494904,13752.991576,14510.440266,14425.122885,13963.16206,14044.317147,13738.425326,13469.990609,14733.09825,13798.771239,13861.198093
c5013,2280,14052.640751,13821.66108,13782.124086,14235.760243,14046.398048,13623.976305,13436.696443,13707.21194,13644.785206,14599.919569,13465.828837,14029.750844
c5013,2340,13748.82979,13869.521678,13628.138085,14106.744193,13576.115854,13717.616401,13582.35852,13447.100869,13197.395035,13969.404756,13365.946387,13576.115854
c5013,2400,13288.95375,13132.887821,13445.019983,13819.580185,13790.447662,13278.549345,13599.005632,13347.218442,13507.446562,13819.580185,13707.21194,13913.220509
c5013,2460,13338.894912,13326.409618,13139.130453,13719.697293,13467.909723,13193.233278,13501.203902,13384.674337,13449.181754,13906.977818,13655.189658,13578.196743
c5013,2520,13526.174545,13263.983181,13392.997872,13607.329189,13301.439038,13109.998177,13646.866096,13266.064061,13461.667066,14029.750844,13657.270549,13996.456445
c5013,2580,12945.609108,13182.828885,13130.806944,13199.475914,13055.895408,13037.167535,12941.447364,13139.130453,12956.01347,13617.733636,13170.343616,13220.284704
c5013,2640,12997.630929,12976.822197,12939.366492,12795.786454,12987.226562,12808.271664,13303.519919,12521.112315,12745.845631,13288.95375,13093.351168,13311.843445
c5013,2700,13028.844038,12845.727307,12747.926498,12816.595139,13041.329285,12795.786454,13016.358793,12722.956098,12806.190796,13224.446463,13074.623286,13295.196394
c5013,2760,13569.873189,13224.446463,12924.800389,13345.137559,13303.519919,13351.380207,13324.328736,13016.358793,13359.703738,13784.20498,13472.071495,13532.417207
c5013,2820,13755.07247,13186.990642,13332.652265,13376.350803,13220.284704,13326.409618,13455.42441,13076.704161,13482.475925,13742.587111,13578.196743,14048.478949
c5013,2880,13530.33632,13669.755894,13482.475925,13717.616401,13382.593454,13351.380207,13397.159639,13230.689101,13463.747952,13767.55783,13603.16741,13449.181754
c5013,2940,13030.924912,12989.307435,13197.395035,12976.822197,13074.623286,13324.328736,13297.277275,13359.703738,13484.556811,13353.46109,13694.72659,13453.343524
fe5013,0,10796.097042,10386.177289,9913.835811,9992.905996,10009.552361,10442.35906,10192.662602,10015.794748,10404.904541,10488.136828,10769.046435,10758.642358
fe5013,60,10721.187692,10290.460288,10384.096483,10340.399578,10708.702807,10500.621679,10573.450012,10421.550992,10692.056297,10332.076361,10637.955163,10298.783501
fe5013,120,10140.642604,10446.520674,10508.944913,10698.298738,10546.39948,10737.834208,10477.732788,10492.298445,10517.268149,11110.300915,10945.915953,10764.884804
fe5013,180,10321.672341,10806.501124,10500.621679,10425.712605,10683.733043,10444.439867,10515.18734,10417.389379,10748.238283,10588.015687,10650.440037,11079.088554
fe5013,240,10648.359224,10527.672195,10477.732788,10712.864435,10658.763287,10588.015687,10502.702487,10785.692962,10719.106878,10956.320055,10881.410554,11230.988823
fe5013,300,10852.279101,11268.443728,10598.419742,10814.824391,10831.470927,10727.430135,10881.410554,11012.502226,10848.117466,11151.917414,11513.981872,11541.032731
fe5013,360,11112.381739,11314.221969,11170.644846,10831.470927,11505.658533,11022.906336,10985.451546,11137.351637,11164.402368,11208.099723,11551.43691,12075.809275
fe5013,420,11332.949439,11235.150478,11153.99824,11582.649455,11233.06965,11347.515251,11195.614762,11029.148803,11174.806498,11414.101858,11826.10772,11788.652554
fe5013,480,11312.141139,11268.443728,11536.87106,11033.310448,11378.727716,11339.191929,11511.901038,11453.637682,11672.125483,11711.661435,11489.011857,11911.422331
fe5013,540,11655.478773,12017.545509,11607.619499,12325.511609,11934.311632,12015.464661,11651.317096,11894.77557,11736.63152,11907.26064,12211.064609,12023.788054
fe5013,600,11753.278247,11772.00582,11857.320372,11680.44884,11774.086661,11751.197406,11838.59278,11667.963805,12175.690115,12177.770967,12269.328516,12375.452169
fe5013,660,12048.758236,12240.196557,12109.102875,12211.064609,12179.85182,12240.196557,12408.745894,11940.55417,12073.728426,12306.783907,12431.635337,12656.368402
fe5013,720,12700.066571,12747.926498,12824.918614,13008.035297,12924.800389,13151.615717,12820.756877,12860.293396,12970.579578,12945.609108,13351.380207,13542.821645
fe5013,780,13057.976283,13330.571383,13078.785037,12683.419647,12766.654303,13195.314156,12779.139509,13372.189037,13220.284704,13120.40256,13522.012771,13522.012771
fe5013,840,12789.543849,12991.388309,13022.601415,12673.015321,12924.800389,13164.100983,13107.917301,12766.654303,13261.902301,13005.954424,13199.475914,13384.674337
fe5013,900,12812.433401,12995.550056,13070.461535,13014.277919,13041.329285,13201.556792,12895.668192,12629.317166,12824.918614,13082.946788,12995.550056,13174.505373
fe5013,960,12481.575964,12504.465428,12429.554478,12660.530131,12487.818544,12552.325238,12494.061125,12762.492568,12548.163514,12697.985705,12781.220377,13074.623286
fe5013,1020,12579.376447,12442.039632,12381.694742,12464.929085,12564.81041,12648.044944,12519.031454,12535.678344,12791.624717,12564.81041,12822.837745,13074.623286
fe5013,1080,12758.330834,12843.646438,12802.029059,12700.066571,12747.926498,12883.182968,12754.169099,12841.565568,12700.066571,12587.699898,12716.713499,13151.615717
fe5013,1140,12475.333383,12579.376447,12760.411701,12564.81041,12435.797055,12481.575964,12394.179888,12519.031454,12745.845631,12847.808177,12739.60303,13116.240807
fe5013,1200,13045.491034,13128.726067,13020.520541,12980.983943,12727.117831,13068.38066,12697.985705,13062.138034,12939.366492,13284.791988,13120.40256,13316.005209
fe5013,1260,13116.240807,12774.977774,13028.844038,13295.196394,13157.858349,13078.785037,13253.57878,13447.100869,13424.211135,13345.137559,13940.272179,13790.447662
fe5013,1320,13214.042066,13039.24841,13147.453962,12806.190796,13266.064061,13026.763163,12860.293396,13057.976283,13207.799429,13368.02727,13873.68347,13571.954077
fe5013,1380,13328.4905,13501.203902,13162.020105,13557.38786,13709.292832,13401.321407,13176.586251,13601.086521,13703.050157,13563.630524,14000.618244,13963.16206
fe5013,1440,13222.365583,13303.519919,13507.446562,13326.409618,13209.880308,13711.373724,13355.541972,13365.946387,13397.159639,13501.203902,13909.058715,13863.278989
fe5013,1500,13060.057159,13085.027664,13016.358793,13239.01262,13045.491034,13107.917301,13141.21133,13080.865913,12985.145689,13615.652747,13351.380207,13365.946387
fe5013,1560,12847.808177,13035.086661,13178.667129,13328.4905,13311.843445,13286.872869,13266.064061,12987.226562,13461.667066,13480.395039,13576.115854,13563.630524
fe5013,1620,12849.889047,12883.182968,13097.51292,13130.806944,13126.64519,12987.226562,13120.40256,13347.218442,13112.079054,13551.145196,13578.196743,13765.476936
fe5013,1680,13488.718583,13293.115512,13338.894912,13407.56406,13186.990642,13311.843445,13802.933028,13478.314152,13686.403023,13651.027877,13834.14645,13802.933028
fe5013,1740,13228.608222,13374.26992,13230.689101,13228.608222,13390.916988,13195.314156,13089.189416,13193.233278,13234.85086,13490.79947,13197.395035,13153.696594
fe5013,1800,13118.321683,13343.056677,13093.351168,13322.247854,13085.027664,13041.329285,12856.131656,12910.23429,13286.872869,13035.086661,13245.255259,13463.747952
fe5013,1860,13005.954424,12822.837745,13012.197045,13149.534839,12841.565568,12872.778616,12756.249966,13055.895408,12876.940357,13197.395035,13018.439667,13748.82979
fe5013,1920,12997.630929,13057.976283,13105.836425,13003.87355,12956.01347,12953.932597,13043.410159,13139.130453,13482.475925,13507.446562,13617.733636,13576.115854
fe5013,1980,12993.469182,13243.174379,13295.196394,13109.998177,12999.711803,12933.123876,13186.990642,13045.491034,13353.46109,13517.850996,13263.983181,13775.881404
fe5013,2040,12908.153418,13307.681682,13039.24841,13026.763163,13445.019983,13145.373084,13043.410159,13482.475925,13365.946387,13488.718583,13467.909723,13590.682076
fe5013,2100,12987.226562,12987.226562,13003.87355,12808.271664,13118.321683,13095.432044,13447.100869,13480.395039,13511.608335,13368.02727,13463.747952,13405.483175
fe5013,2160,12874.859486,13301.439038,13028.844038,13476.233267,13114.15993,12964.33696,13033.005786,13270.225823,13047.571909,13157.858349,13270.225823,13653.108768
fe5013,2220,13180.748007,13334.733147,13143.292207,13345.137559,13565.711412,13353.46109,13291.034631,13291.034631,13445.019983,13445.019983,13603.16741,13447.100869
fe5013,2280,13445.019983,13105.836425,13399.240523,13261.902301,13411.725828,13370.108153,13261.902301,13357.622855,13326.409618,13336.814029,13247.336139,13353.46109
fe5013,2340,13403.402291,13436.696443,13214.042066,13241.0935,13249.417019,13590.682076,13405.483175,13467.909723,12928.962133,13316.005209,13623.976305,13530.33632
fe5013,2400,13010.116171,13057.976283,13361.784621,12970.579578,13172.424494,13049.652784,13134.968698,13193.233278,13268.144942,13209.880308,13684.322132,13767.55783
fe5013,2460,13174.505373,12978.90307,13016.358793,13203.637671,13457.505295,13041.329285,13307.681682,13199.475914,13214.042066,13395.078756,13615.652747,13599.005632
fe5013,2520,13109.998177,13022.601415,12922.719518,13263.983181,13415.887597,13087.10854,13139.130453,13249.417019,13430.453789,13399.240523,13517.850996,13553.226084
fe5013,2580,12741.683897,12920.638646,12733.36043,12708.390034,12799.94819,12806.190796,12668.853591,13001.792676,12702.147437,13068.38066,12766.654303,13055.895408
fe5013,2640,12531.516621,12616.831983,12645.964079,12554.4061,12683.419647,12677.177051,12964.33696,12296.37963,12566.891273,12779.139509,12939.366492,13122.483437
fe5013,2700,13030.924912,12858.212526,12670.934455,12879.021227,12747.926498,12735.441297,12783.301245,12725.036964,13247.336139,12860.293396,13130.806944,13078.785037
fe5013,2760,13070.461535,12731.279564,12729.198697,13093.351168,13320.166972,13199.475914,13286.872869,13120.40256,13636.461645,13663.513221,13615.652747,13613.571857
fe5013,2820,13057.976283,13028.844038,12814.51427,13018.439667,13484.556811,13392.997872,13397.159639,13291.034631,13214.042066,13601.086521,13580.277632,14156.685865
fe5013,2880,13272.306703,13461.667066,13376.350803,13166.181861,13420.049366,13380.51257,13239.01262,13228.608222,13301.439038,13675.998567,13721.778185,13474.152381
fe5013,2940,13112.079054,13182.828885,12997.630929,12991.388309,12648.044944,13467.909723,13122.483437,13332.652265,13445.019983,13155.777472,13478.314152,13782.124086
