##BLOCKS= 1          
Plate:	Plate#1	1.3	PlateFormat	Kinetic	Luminescence	Raw	FALSE	50	3000	60				1	450	1	12	96	405	Automatic	435			6	Automatic			1	8	None	
Time(hh:mm:ss)	Temperature(¡C)	1	2	3	4	5	6	7	8	9	10	11	12		
0:00	23.20	177.504414	175.126654	134.704742	115.682673	118.060431	84.77182	87.149578	68.12752	82.394063	170.371134	125.193707	58.616493		
		167.993374	118.060431	151.349056	203.65978	115.682673	91.905093	101.416124	87.149578	101.416124	94.282851	108.549398	89.527335		
		153.726816	129.949224	170.371134	115.682673	99.038366	151.349056	132.326983	82.394063	146.593538	72.883034	89.527335	72.883034		
		156.104575	134.704742	132.326983	113.304915	115.682673	80.016306	87.149578	103.793882	127.571466	82.394063	106.17164	122.815948		
		182.259935	115.682673	110.927156	158.482335	89.527335	94.282851	80.016306	84.77182	99.038366	127.571466	70.505277	80.016306		
		156.104575	106.17164	120.43819	134.704742	146.593538	87.149578	125.193707	82.394063	110.927156	108.549398	56.238736	77.638548		
		158.482335	144.215778	87.149578	127.571466	96.660608	91.905093	125.193707	113.304915	101.416124	72.883034	118.060431	87.149578		
		177.504414	148.971297	113.304915	139.46026	103.793882	115.682673	115.682673	101.416124	110.927156	106.17164	68.12752	96.660608		
		
1:00	23.50	72.883034	127.571466	75.260791	94.282851	51.483223	103.793882	44.349954	41.972198	53.86098	148.971297	103.793882	65.749763		
		63.372006	68.12752	65.749763	49.105467	70.505277	58.616493	113.304915	106.17164	75.260791	82.394063	75.260791	53.86098		
		63.372006	44.349954	70.505277	75.260791	39.594442	77.638548	115.682673	58.616493	144.215778	65.749763	65.749763	53.86098		
		75.260791	91.905093	70.505277	106.17164	65.749763	49.105467	91.905093	96.660608	96.660608	80.016306	146.593538	87.149578		
		101.416124	80.016306	41.972198	58.616493	84.77182	70.505277	65.749763	32.461174	44.349954	51.483223	37.216686	96.660608		
		82.394063	106.17164	101.416124	41.972198	46.72771	46.72771	58.616493	96.660608	60.994249	72.883034	58.616493	44.349954		
		53.86098	80.016306	82.394063	110.927156	63.372006	94.282851	58.616493	51.483223	89.527335	84.77182	53.86098	72.883034		
		41.972198	68.12752	49.105467	82.394063	91.905093	75.260791	77.638548	77.638548	84.77182	63.372006	75.260791	63.372006		
		
2:00	23.50	53.86098	89.527335	63.372006	94.282851	137.082501	182.259935	87.149578	63.372006	296.392512	1088.19175	103.793882	172.748894		
		80.016306	46.72771	63.372006	46.72771	51.483223	49.105467	68.12752	63.372006	65.749763	110.927156	60.994249	68.12752		
		46.72771	163.237854	294.014748	125.193707	60.994249	63.372006	151.349056	96.660608	1202.32562	265.48159	99.038366	163.237854		
		96.660608	56.238736	51.483223	49.105467	80.016306	132.326983	91.905093	89.527335	80.016306	65.749763	103.793882	60.994249		
		75.260791	53.86098	44.349954	70.505277	144.215778	72.883034	70.505277	101.416124	63.372006	60.994249	56.238736	175.126654		
		96.660608	101.416124	51.483223	49.105467	51.483223	63.372006	39.594442	63.372006	91.905093	51.483223	75.260791	75.260791		
		72.883034	72.883034	44.349954	49.105467	41.972198	41.972198	84.77182	103.793882	89.527335	68.12752	118.060431	113.304915		
		80.016306	77.638548	72.883034	82.394063	58.616493	65.749763	63.372006	141.838019	63.372006	58.616493	56.238736	99.038366		
		
3:00	23.70	591.235757	1706.418824	313.03686	1111.969626	864.68006	1138.125298	172.748894	833.768918	2562.433427	8490.585835	750.546672	1271.281578		
		68.12752	75.260791	63.372006	91.905093	46.72771	53.86098	125.193707	70.505277	49.105467	25.327906	80.016306	30.083418		
		208.415303	650.680091	1910.910369	660.191189	296.392512	274.992641	1333.104212	284.503694	5848.663428	3066.5352	1694.529797	1518.5724		
		87.149578	56.238736	58.616493	65.749763	72.883034	72.883034	53.86098	170.371134	146.593538	60.994249	94.282851	46.72771		
		160.860094	65.749763	87.149578	144.215778	1059.658308	196.526498	75.260791	53.86098	113.304915	246.459489	184.637695	653.057866		
		77.638548	75.260791	44.349954	60.994249	63.372006	87.149578	63.372006	56.238736	89.527335	70.505277	82.394063	65.749763		
		60.994249	110.927156	68.12752	122.815948	72.883034	63.372006	158.482335	179.882174	68.12752	115.682673	612.635712	101.416124		
		91.905093	60.994249	65.749763	99.038366	82.394063	75.260791	51.483223	101.416124	34.83893	108.549398	58.616493	77.638548		
		
4:00	23.80	3059.401662	7865.172381	1306.948476	4864.206997	3397.056482	4578.859571	1380.660117	4191.26428	9605.878992	23789.768573	2954.776514	5161.444981		
		46.72771	68.12752	51.483223	70.505277	41.972198	91.905093	72.883034	94.282851	56.238736	89.527335	87.149578	44.349954		
		1083.436176	1782.50864	4994.991574	3009.466915	774.324448	2319.895027	4105.660666	1616.062261	18181.551994	8930.51838	6160.172695	5812.994505		
		49.105467	113.304915	51.483223	58.616493	46.72771	101.416124	101.416124	68.12752	110.927156	32.461174	125.193707	51.483223		
		1287.926129	279.748168	177.504414	1150.014243	2826.37311	1278.414956	541.302551	260.726064	372.480987	2055.957014	1002.591455	1825.309194		
		49.105467	58.616493	77.638548	118.060431	89.527335	63.372006	72.883034	53.86098	60.994249	108.549398	77.638548	68.12752		
		208.415303	381.992052	108.549398	1216.592365	198.904259	215.548586	534.169238	2583.83391	974.058043	536.547009	3066.5352	586.480212		
		84.77182	63.372006	63.372006	39.594442	58.616493	39.594442	115.682673	75.260791	82.394063	56.238736	65.749763	44.349954		
		
5:00	23.80	7608.350021	12882.885701	3252.007406	8937.652441	7147.023037	10949.483074	3553.995122	8302.723486	17175.539447	32471.625262	6566.801121	11241.987483		
		72.883034	87.149578	51.483223	70.505277	58.616493	56.238736	68.12752	63.372006	56.238736	91.905093	44.349954	58.616493		
		2788.327697	3993.900529	8355.039539	7598.838097	1706.418824	5534.777454	9189.723011	3972.499669	33882.218586	14588.028626	10599.906035	9437.038304		
		80.016306	101.416124	60.994249	63.372006	51.483223	118.060431	44.349954	80.016306	96.660608	68.12752	91.905093	63.372006		
		3732.33486	950.280208	869.435622	3701.422611	5620.382597	3879.762677	2096.379897	1026.369305	1642.218098	7479.93915	2911.975356	4819.02692		
		39.594442	56.238736	44.349954	41.972198	34.83893	51.483223	37.216686	84.77182	91.905093	51.483223	53.86098	53.86098		
		907.480123	1142.880876	477.102759	4286.379515	764.813337	881.324526	2543.410781	11848.40247	7111.353535	3425.590757	7484.695104	2904.841832		
		72.883034	72.883034	34.83893	46.72771	56.238736	63.372006	82.394063	41.972198	46.72771	41.972198	89.527335	30.083418		
		
6:00	23.90	10939.970753	15662.977007	4999.747381	12978.011267	11151.620153	16255.156066	6274.313799	10978.020042	21889.400104	33772.795617	8909.1162	15841.343732		
		65.749763	56.238736	51.483223	53.86098	22.950151	75.260791	87.149578	58.616493	68.12752	77.638548	144.215778	53.86098		
		5396.858248	6388.455066	10421.550992	11484.552927	2862.040702	9824.659004	13993.483732	7432.37962	46364.555079	20443.342691	13731.885377	11529.736767		
		91.905093	53.86098	53.86098	53.86098	91.905093	75.260791	99.038366	148.971297	49.105467	65.749763	96.660608	68.12752		
		6735.635752	2343.673269	2227.15995	6521.620083	8214.737473	7995.961863	4445.697787	2248.560343	4614.527944	13750.910683	6081.700781	8117.239573		
		51.483223	99.038366	89.527335	56.238736	63.372006	91.905093	77.638548	53.86098	196.526498	46.72771	89.527335	82.394063		
		2300.872438	2752.660138	1040.636019	6942.518111	1982.244752	1820.553575	4949.811423	21420.855614	14245.570227	7239.763815	10205.147406	6666.675085		
		70.505277	51.483223	34.83893	63.372006	132.326983	89.527335	146.593538	84.77182	53.86098	82.394063	99.038366	65.749763		
		
7:00	24.00	13289.548288	17827.186793	6728.501888	15149.283059	14212.275739	20959.448999	8283.699475	12725.928764	24971.872851	29189.059133	11215.828509	19882.051129		
		94.282851	56.238736	49.105467	58.616493	51.483223	144.215778	56.238736	80.016306	53.86098	91.905093	49.105467	65.749763		
		8200.469481	8695.094717	10702.163106	14278.86473	3989.144781	14516.683005	19109.092497	11075.521428	53992.418296	24382.00777	14243.192049	13838.902783		
		108.549398	56.238736	63.372006	94.282851	49.105467	53.86098	75.260791	189.393216	122.815948	51.483223	103.793882	53.86098		
		9004.237043	3839.338894	4407.651604	8338.393518	10678.38238	11777.059292	6595.336526	4169.863368	7382.442145	17617.898016	9382.34351	10709.297325		
		82.394063	65.749763	80.016306	103.793882	63.372006	106.17164	122.815948	77.638548	99.038366	49.105467	106.17164	110.927156		
		4027.190766	4509.900762	1658.862726	7484.695104	3375.655782	3209.206089	6776.060999	26774.793883	17986.532025	10319.294279	10190.879058	8718.874854		
		82.394063	58.616493	58.616493	46.72771	53.86098	60.994249	53.86098	72.883034	60.994249	91.905093	60.994249	51.483223		
		
8:00	24.20	14150.443154	17922.318237	8873.445913	16209.969558	15610.656176	22693.305164	9822.280957	13651.027877	25078.905288	24122.753927	12376.343965	21320.963234		
		65.749763	77.638548	49.105467	22.950151	32.461174	53.86098	65.749763	63.372006	58.616493	87.149578	118.060431	72.883034		
		9681.976319	10031.549348	10602.284105	15544.066078	5228.026441	17950.857692	22153.403538	13092.162096	51389.441287	25497.522414	14502.413889	13020.817809		
		118.060431	122.815948	82.394063	87.149578	68.12752	77.638548	87.149578	115.682673	194.148737	60.994249	106.17164	46.72771		
		11075.521428	4728.666843	5715.499531	8357.417542	11643.88553	14171.846736	7991.205878	5774.947672	10288.379485	18597.754736	11044.606342	12171.825676		
		96.660608	70.505277	63.372006	60.994249	70.505277	139.46026	80.016306	80.016306	68.12752	127.571466	70.505277	70.505277		
		5430.149069	5104.375203	2269.960741	7313.48092	4509.900762	3867.873327	8274.187471	25744.888109	17006.682788	11396.563416	7515.608816	7779.564836		
		80.016306	70.505277	70.505277	127.571466	41.972198	49.105467	87.149578	37.216686	53.86098	118.060431	75.260791	87.149578		
		
9:00	24.20	13627.246275	16947.226303	9767.585899	14973.296076	16095.814282	23073.854753	10395.392285	13213.447529	24284.490171	18861.747312	11981.576573	21777.615129		
		84.77182	70.505277	46.72771	75.260791	60.994249	108.549398	137.082501	158.482335	44.349954	75.260791	94.282851	39.594442		
		11142.107809	11058.874842	9624.903317	15303.866539	6504.974443	19763.13393	24148.917121	14383.504684	43759.447049	24776.836335	12737.81943	11615.348324		
		68.12752	63.372006	141.838019	80.016306	60.994249	96.660608	53.86098	134.704742	177.504414	80.016306	160.860094	51.483223		
		11375.160577	4933.166111	6609.604233	8133.885548	10958.995395	14488.144775	9213.503294	6581.068822	11429.856733	16580.975329	11515.468183	11598.701625		
		63.372006	70.505277	115.682673	51.483223	58.616493	77.638548	125.193707	60.994249	134.704742	58.616493	127.571466	72.883034		
		5508.620345	5327.898735	2267.582919	5972.315816	5204.247342	4383.872748	7517.986794	20650.260488	14328.806509	8987.590887	5855.797214	5491.974916		
		70.505277	63.372006	56.238736	37.216686	56.238736	101.416124	103.793882	77.638548	34.83893	87.149578	53.86098	91.905093		
		
10:00	24.30	12766.357036	15615.412614	10119.537358	13658.162359	15360.943592	20700.206244	11025.581679	11962.551688	22039.239784	13130.212408	11696.203767	21268.638705		
		96.660608	51.483223	58.616493	56.238736	34.83893	82.394063	60.994249	53.86098	84.77182	80.016306	101.416124	44.349954		
		11577.298732	11368.026298	7434.757596	14882.924532	7075.68405	19603.785161	23670.845568	14150.443154	31453.539626	22453.084167	10369.233588	9387.099578		
		96.660608	72.883034	127.571466	153.726816	68.12752	110.927156	146.593538	84.77182	103.793882	94.282851	203.65978	58.616493		
		10286.001424	4459.965111	6367.053566	6414.612462	9929.293134	12514.2752	9180.2109	7051.904401	11006.557021	13241.985305	10022.037137	9893.622392		
		75.260791	51.483223	72.883034	60.994249	129.949224	65.749763	91.905093	99.038366	53.86098	82.394063	153.726816	60.994249		
		4835.672209	4852.317501	2184.359182	4576.48168	4650.196332	3905.919254	5858.175143	13648.649717	9919.780935	5903.355807	3770.380723	3099.825051		
		80.016306	49.105467	72.883034	60.994249	75.260791	110.927156	56.238736	151.349056	65.749763	72.883034	82.394063	82.394063		
		
11:00	24.30	10816.310689	13320.464241	10105.269025	12181.338143	14002.996415	19608.541836	10571.369202	9363.319243	19104.335852	8901.982141	10188.501	19508.651719		
		56.238736	51.483223	63.372006	44.349954	44.349954	82.394063	68.12752	70.505277	63.372006	68.12752	75.260791	60.994249		
		10925.702274	10395.392285	5832.017929	12925.692192	6823.620138	18538.297069	22279.459539	12897.154529	21014.151706	18103.068291	7734.383113	6464.549334		
		84.77182	60.994249	103.793882	99.038366	46.72771	113.304915	63.372006	113.304915	113.304915	91.905093	129.949224	70.505277		
		8854.421766	3592.0409	5606.115067	4585.993244	8072.057659	9227.771468	8007.851826	6027.00828	9116.004177	9037.529364	8278.943473	7189.826459		
		65.749763	65.749763	165.615614	103.793882	46.72771	106.17164	96.660608	89.527335	96.660608	39.594442	113.304915	91.905093		
		3316.209423	3544.483681	1530.461401	3052.268125	3235.362447	3175.916192	4015.301394	7779.564836	5335.032475	3073.668738	2203.381743	1625.573474		
		70.505277	44.349954	68.12752	77.638548	70.505277	127.571466	89.527335	232.192917	70.505277	60.994249	94.282851	46.72771		
		
12:00	24.30	8305.101487	10671.248164	9211.125266	9406.123851	11486.931023	15682.002772	9515.513509	7194.582396	15879.395352	6221.999106	8590.462201	16600.001313		
		75.260791	91.905093	53.86098	82.394063	72.883034	53.86098	75.260791	34.83893	75.260791	91.905093	82.394063	75.260791		
		9427.526164	8671.314588	4160.351853	11265.768377	6160.172695	15960.255104	19751.24222	10997.044694	13066.002516	13370.405422	5475.329491	4647.818439		
		99.038366	103.793882	113.304915	51.483223	80.016306	122.815948	120.43819	118.060431	65.749763	72.883034	115.682673	60.994249		
		6245.778508	2586.211741	4074.748272	3313.83157	6340.896185	5729.767081	6928.250345	4845.183804	6500.218547	5689.342363	5977.071681	4778.602663		
		46.72771	39.594442	77.638548	68.12752	82.394063	65.749763	201.28202	39.594442	70.505277	101.416124	65.749763	65.749763		
		1756.352758	2151.069711	1000.21367	1918.043804	1970.355684	2255.693808	2455.431101	3656.24319	2721.748267	1259.392615	1176.169927	983.569179		
		101.416124	56.238736	75.260791	60.994249	96.660608	103.793882	46.72771	255.970539	99.038366	49.105467	94.282851	56.238736		
		
13:00	24.40	5827.262072	7670.177551	7791.454767	7287.32323	9218.259352	11910.233276	8193.335485	5361.189527	12516.653327	4124.683683	6845.02176	13653.406038		
		110.927156	58.616493	70.505277	65.749763	82.394063	87.149578	46.72771	91.905093	41.972198	151.349056	63.372006	34.83893		
		7330.126727	6930.628306	2966.665728	8756.923087	5211.381071	12611.778458	17334.883381	9189.723011	7948.402026	9881.732149	3444.613613	2638.524057		
		101.416124	115.682673	129.949224	80.016306	101.416124	110.927156	75.260791	175.126654	41.972198	106.17164	101.416124	77.638548		
		4448.075674	1544.728205	2923.864564	1910.910369	4507.522874	3311.453717	5451.550319	3672.888237	3913.052867	2983.310632	3915.430738	2764.549322		
		68.12752	84.77182	94.282851	80.016306	101.416124	77.638548	137.082501	27.705662	44.349954	75.260791	94.282851	30.083418		
		1071.547241	1257.014823	562.702492	1104.836263	959.791341	1290.303922	1221.347947	1708.79663	1380.660117	474.72499	562.702492	503.258224		
		68.12752	58.616493	56.238736	60.994249	49.105467	113.304915	99.038366	201.28202	80.016306	53.86098	118.060431	125.193707		
		
14:00	24.40	3875.006937	5713.121606	6538.265725	5104.375203	6495.462651	8768.813163	6971.05365	3461.258616	9539.293889	2676.569399	5137.665902	10378.74584		
		72.883034	56.238736	82.394063	46.72771	63.372006	94.282851	77.638548	70.505277	53.86098	82.394063	39.594442	46.72771		
		5653.673511	5563.312491	2153.44753	7313.48092	4193.64216	10098.13486	13560.657827	6569.179071	4885.608095	6600.092428	2151.069711	1765.863987		
		99.038366	127.571466	125.193707	37.216686	91.905093	101.416124	72.883034	127.571466	141.838019	99.038366	99.038366	103.793882		
		2838.262305	1038.258233	1934.68849	1578.017423	2947.642986	1727.819078	3682.399694	2303.250261	2124.913708	1777.753025	2426.897172	1663.618334		
		46.72771	80.016306	96.660608	172.748894	60.994249	58.616493	49.105467	53.86098	82.394063	53.86098	127.571466	51.483223		
		401.014184	710.12447	327.303446	607.880166	408.147485	819.502241	655.43564	897.968996	664.946738	206.037541	310.659096	562.702492		
		56.238736	46.72771	72.883034	39.594442	70.505277	182.259935	99.038366	198.904259	91.905093	46.72771	113.304915	84.77182		
		
15:00	24.40	2298.494615	4108.038543	4626.417405	3653.865327	4949.811423	5665.563127	5637.028053	2286.6055	6652.407368	1879.998823	3589.663038	7672.555534		
		56.238736	58.616493	75.260791	58.616493	41.972198	46.72771	53.86098	75.260791	82.394063	49.105467	72.883034	53.86098		
		3896.40777	4319.669874	1364.015547	5121.020551	3204.450389	7137.511168	10326.428464	4581.237462	3125.981373	4241.199765	1373.526729	1071.547241		
		87.149578	56.238736	122.815948	87.149578	89.527335	113.304915	91.905093	187.015455	106.17164	58.616493	115.682673	82.394063		
		1542.350404	512.769304	1033.502662	955.035775	1884.754445	940.769076	2574.322583	1594.662038	1221.347947	886.080089	1207.081201	890.835651		
		82.394063	68.12752	106.17164	127.571466	115.682673	89.527335	118.060431	58.616493	91.905093	87.149578	96.660608	51.483223		
		301.14804	348.703331	189.393216	429.547391	277.370404	467.591683	503.258224	486.613836	362.969924	206.037541	265.48159	412.903019		
		132.326983	106.17164	27.705662	84.77182	41.972198	103.793882	101.416124	334.436741	115.682673	80.016306	99.038366	198.904259		
		
16:00	24.40	1402.060283	3023.733982	3320.96513	2857.285022	3213.96179	3908.297125	4276.867987	1516.1946	4621.66162	1085.813963	2412.630211	5370.701184		
		70.505277	82.394063	44.349954	39.594442	34.83893	63.372006	63.372006	80.016306	80.016306	63.372006	89.527335	96.660608		
		2935.753774	2985.688475	928.880163	3960.610305	2481.587212	4864.206997	8343.149524	3149.759854	2160.580987	2783.572021	824.2578	569.835808		
		39.594442	44.349954	272.614878	137.082501	80.016306	84.77182	68.12752	201.28202	110.927156	80.016306	65.749763	37.216686		
		945.524642	334.436741	729.14668	617.391259	1050.147163	448.569535	1649.351509	826.63558	629.280126	629.280126	769.568892	488.991606		
		80.016306	41.972198	198.904259	87.149578	68.12752	137.082501	118.060431	101.416124	91.905093	39.594442	118.060431	56.238736		
		153.726816	167.993374	122.815948	420.036321	175.126654	267.859352	220.304109	244.081727	284.503694	148.971297	170.371134	348.703331		
		170.371134	106.17164	99.038366	34.83893	75.260791	77.638548	108.549398	232.192917	115.682673	70.505277	118.060431	91.905093		
		
17:00	24.50	888.45787	2293.738968	2353.184567	1967.97787	2293.738968	2522.010309	3252.007406	950.280208	3568.262287	864.68006	1704.041018	3506.437926		
		84.77182	49.105467	63.372006	72.883034	27.705662	80.016306	84.77182	87.149578	60.994249	106.17164	146.593538	34.83893		
		1811.04234	2308.005908	743.413341	2766.92716	1685.018576	3532.594381	5979.449614	2286.6055	1354.504366	1675.507357	569.835808	453.325072		
		106.17164	41.972198	141.838019	129.949224	34.83893	80.016306	56.238736	87.149578	208.415303	68.12752	122.815948	51.483223		
		664.946738	213.170825	479.480528	503.258224	705.368918	346.325566	1031.124876	572.21358	722.013351	332.058976	519.902614	396.258651		
		70.505277	34.83893	96.660608	84.77182	58.616493	165.615614	94.282851	84.77182	80.016306	101.416124	72.883034	91.905093		
		110.927156	132.326983	158.482335	210.793064	153.726816	179.882174	277.370404	222.68187	203.65978	167.993374	156.104575	248.837252		
		84.77182	44.349954	68.12752	89.527335	65.749763	127.571466	122.815948	115.682673	65.749763	106.17164	108.549398	80.016306		
		
18:00	24.50	517.524844	1463.883018	1682.640771	1325.970829	1646.973706	1485.283207	2210.515204	667.324513	2284.227677	617.391259	1052.524949	2403.118905		
		101.416124	44.349954	60.994249	80.016306	44.349954	51.483223	51.483223	75.260791	87.149578	103.793882	70.505277	63.372006		
		1306.948476	1594.662038	453.325072	1870.48758	1142.880876	2400.741078	4412.407376	1528.083601	957.413558	1161.903189	415.280787	343.947801		
		120.43819	72.883034	91.905093	46.72771	82.394063	51.483223	60.994249	49.105467	72.883034	77.638548	170.371134	103.793882		
		524.658155	187.015455	258.348301	403.391951	474.72499	265.48159	579.346896	343.947801	377.23652	298.770276	327.303446	194.148737		
		101.416124	46.72771	125.193707	56.238736	72.883034	113.304915	118.060431	89.527335	94.282851	49.105467	108.549398	82.394063		
		91.905093	84.77182	80.016306	167.993374	80.016306	196.526498	134.704742	132.326983	151.349056	144.215778	84.77182	120.43819		
		156.104575	51.483223	87.149578	58.616493	49.105467	137.082501	106.17164	303.525804	115.682673	65.749763	129.949224	51.483223		
		
19:00	24.50	391.503118	1202.32562	1090.569537	995.458101	1126.236355	1026.369305	1635.084687	450.947303	1492.416604	455.70284	679.213388	1558.995011		
		63.372006	34.83893	41.972198	89.527335	46.72771	89.527335	44.349954	49.105467	94.282851	77.638548	82.394063	46.72771		
		988.324748	1195.192248	401.014184	1430.593847	760.057782	1879.998823	3320.96513	1192.814458	878.946745	757.680004	308.281332	291.636985		
		153.726816	103.793882	108.549398	56.238736	91.905093	82.394063	182.259935	89.527335	110.927156	41.972198	56.238736	53.86098		
		360.592158	134.704742	179.882174	279.748168	379.614286	158.482335	469.969452	179.882174	246.459489	225.059632	234.570679	132.326983		
		84.77182	53.86098	125.193707	46.72771	34.83893	108.549398	89.527335	134.704742	63.372006	63.372006	77.638548	72.883034		
		63.372006	80.016306	77.638548	118.060431	99.038366	101.416124	134.704742	158.482335	99.038366	151.349056	101.416124	75.260791		
		49.105467	80.016306	87.149578	30.083418	70.505277	68.12752	63.372006	270.237115	56.238736	139.46026	72.883034	84.77182		
		
20:00	24.50	289.259221	966.924692	707.746694	641.168995	798.102231	733.902234	1276.037164	315.414624	1161.903189	393.880884	607.880166	1114.347414		
		58.616493	80.016306	84.77182	63.372006	68.12752	72.883034	96.660608	75.260791	58.616493	101.416124	94.282851	49.105467		
		743.413341	950.280208	391.503118	1069.169454	610.257939	1299.815095	2548.166442	824.2578	567.458036	638.791221	234.570679	167.993374		
		234.570679	129.949224	148.971297	127.571466	56.238736	84.77182	72.883034	72.883034	34.83893	72.883034	56.238736	80.016306		
		263.103827	84.77182	206.037541	206.037541	289.259221	144.215778	362.969924	196.526498	270.237115	217.926348	191.770977	187.015455		
		94.282851	37.216686	165.615614	63.372006	46.72771	75.260791	127.571466	148.971297	60.994249	106.17164	56.238736	96.660608		
		113.304915	68.12752	82.394063	84.77182	87.149578	89.527335	106.17164	210.793064	80.016306	75.260791	49.105467	87.149578		
		77.638548	106.17164	129.949224	56.238736	56.238736	49.105467	215.548586	313.03686	30.083418	58.616493	182.259935	65.749763		
		
21:00	24.50	244.081727	683.968938	529.413696	481.858298	498.502684	543.680322	864.68006	263.103827	762.435559	396.258651	360.592158	662.568964		
		106.17164	37.216686	65.749763	89.527335	113.304915	65.749763	72.883034	115.682673	60.994249	87.149578	51.483223	39.594442		
		455.70284	669.702288	282.125931	760.057782	389.125351	955.035775	1882.376634	655.43564	401.014184	453.325072	208.415303	184.637695		
		167.993374	146.593538	189.393216	118.060431	53.86098	58.616493	91.905093	39.594442	120.43819	77.638548	115.682673	58.616493		
		165.615614	80.016306	206.037541	260.726064	239.326203	99.038366	279.748168	160.860094	215.548586	153.726816	103.793882	118.060431		
		77.638548	49.105467	170.371134	63.372006	39.594442	132.326983	60.994249	49.105467	96.660608	53.86098	103.793882	113.304915		
		94.282851	53.86098	53.86098	151.349056	46.72771	103.793882	84.77182	110.927156	108.549398	53.86098	94.282851	286.881458		
		51.483223	32.461174	122.815948	60.994249	56.238736	53.86098	165.615614	284.503694	63.372006	60.994249	153.726816	89.527335		
		
22:00	24.60	203.65978	424.791856	296.392512	332.058976	353.458862	393.880884	662.568964	229.815155	474.72499	334.436741	272.614878	572.21358		
		56.238736	63.372006	49.105467	70.505277	70.505277	60.994249	94.282851	77.638548	63.372006	60.994249	101.416124	27.705662		
		346.325566	515.147074	213.170825	565.080264	379.614286	595.991302	1447.238431	462.836146	474.72499	477.102759	141.838019	144.215778		
		127.571466	51.483223	379.614286	103.793882	82.394063	115.682673	118.060431	58.616493	125.193707	77.638548	82.394063	65.749763		
		125.193707	87.149578	141.838019	153.726816	201.28202	137.082501	329.681211	110.927156	274.992641	132.326983	68.12752	184.637695		
		77.638548	91.905093	156.104575	77.638548	80.016306	60.994249	103.793882	163.237854	87.149578	56.238736	132.326983	103.793882		
		72.883034	53.86098	65.749763	108.549398	60.994249	77.638548	108.549398	146.593538	89.527335	84.77182	94.282851	241.703965		
		82.394063	53.86098	175.126654	101.416124	22.950151	70.505277	60.994249	263.103827	118.060431	44.349954	115.682673	53.86098		
		
23:00	24.60	144.215778	286.881458	217.926348	322.547917	194.148737	215.548586	439.058463	187.015455	351.081096	362.969924	198.904259	320.170153		
		70.505277	56.238736	41.972198	37.216686	72.883034	46.72771	75.260791	137.082501	39.594442	89.527335	89.527335	44.349954		
		251.215014	469.969452	244.081727	479.480528	298.770276	510.391533	1254.637031	393.880884	329.681211	236.948441	179.882174	89.527335		
		108.549398	91.905093	355.836627	53.86098	46.72771	91.905093	70.505277	134.704742	60.994249	101.416124	110.927156	41.972198		
		120.43819	115.682673	148.971297	194.148737	246.459489	158.482335	220.304109	110.927156	134.704742	139.46026	72.883034	198.904259		
		77.638548	56.238736	127.571466	94.282851	122.815948	201.28202	94.282851	53.86098	118.060431	51.483223	101.416124	60.994249		
		30.083418	91.905093	63.372006	84.77182	72.883034	63.372006	146.593538	122.815948	201.28202	65.749763	44.349954	225.059632		
		65.749763	60.994249	80.016306	60.994249	72.883034	89.527335	53.86098	296.392512	94.282851	39.594442	103.793882	56.238736		
		
24:00	24.60	144.215778	305.903568	301.14804	139.46026	232.192917	286.881458	393.880884	156.104575	303.525804	296.392512	148.971297	239.326203		
		91.905093	46.72771	46.72771	34.83893	89.527335	70.505277	75.260791	89.527335	39.594442	53.86098	82.394063	82.394063		
		227.437394	355.836627	196.526498	303.525804	220.304109	427.169624	990.702532	286.881458	320.170153	258.348301	139.46026	96.660608		
		94.282851	46.72771	210.793064	175.126654	75.260791	60.994249	94.282851	151.349056	118.060431	65.749763	82.394063	77.638548		
		156.104575	53.86098	148.971297	160.860094	110.927156	108.549398	158.482335	172.748894	412.903019	163.237854	153.726816	160.860094		
		56.238736	56.238736	141.838019	56.238736	84.77182	189.393216	101.416124	120.43819	151.349056	65.749763	91.905093	189.393216		
		96.660608	41.972198	56.238736	101.416124	91.905093	89.527335	118.060431	156.104575	213.170825	60.994249	58.616493	172.748894		
		72.883034	72.883034	106.17164	56.238736	65.749763	58.616493	49.105467	163.237854	96.660608	236.948441	191.770977	30.083418		
		
25:00	24.60	125.193707	184.637695	239.326203	189.393216	274.992641	184.637695	403.391951	265.48159	222.68187	481.858298	148.971297	248.837252		
		72.883034	68.12752	41.972198	51.483223	41.972198	120.43819	84.77182	58.616493	58.616493	58.616493	153.726816	89.527335		
		201.28202	203.65978	163.237854	263.103827	94.282851	320.170153	812.368904	241.703965	267.859352	194.148737	103.793882	106.17164		
		108.549398	34.83893	255.970539	103.793882	75.260791	49.105467	137.082501	41.972198	129.949224	87.149578	63.372006	51.483223		
		82.394063	63.372006	160.860094	132.326983	187.015455	144.215778	198.904259	148.971297	355.836627	91.905093	94.282851	213.170825		
		46.72771	87.149578	165.615614	99.038366	101.416124	91.905093	158.482335	89.527335	175.126654	82.394063	122.815948	129.949224		
		132.326983	70.505277	65.749763	70.505277	56.238736	110.927156	156.104575	172.748894	222.68187	63.372006	94.282851	170.371134		
		84.77182	103.793882	65.749763	110.927156	58.616493	51.483223	113.304915	87.149578	122.815948	108.549398	41.972198	46.72771		
		
26:00	24.60	106.17164	163.237854	187.015455	156.104575	196.526498	148.971297	258.348301	294.014748	187.015455	527.035926	110.927156	203.65978		
		113.304915	68.12752	80.016306	53.86098	56.238736	70.505277	82.394063	82.394063	56.238736	49.105467	51.483223	46.72771		
		177.504414	227.437394	129.949224	308.281332	163.237854	320.170153	567.458036	187.015455	222.68187	220.304109	113.304915	99.038366		
		34.83893	51.483223	151.349056	72.883034	46.72771	63.372006	49.105467	94.282851	87.149578	94.282851	75.260791	44.349954		
		120.43819	39.594442	132.326983	175.126654	156.104575	163.237854	194.148737	106.17164	398.636418	118.060431	144.215778	148.971297		
		58.616493	58.616493	132.326983	70.505277	132.326983	77.638548	103.793882	75.260791	51.483223	96.660608	70.505277	87.149578		
		53.86098	49.105467	82.394063	63.372006	65.749763	65.749763	137.082501	103.793882	239.326203	110.927156	89.527335	113.304915		
		129.949224	51.483223	151.349056	65.749763	70.505277	58.616493	68.12752	103.793882	80.016306	148.971297	77.638548	68.12752		
		
27:00	24.60	175.126654	203.65978	198.904259	127.571466	167.993374	291.636985	179.882174	415.280787	203.65978	774.324448	141.838019	206.037541		
		32.461174	49.105467	44.349954	41.972198	51.483223	120.43819	68.12752	51.483223	51.483223	65.749763	118.060431	72.883034		
		170.371134	172.748894	94.282851	198.904259	94.282851	203.65978	584.10244	187.015455	227.437394	213.170825	75.260791	148.971297		
		94.282851	70.505277	144.215778	84.77182	63.372006	77.638548	80.016306	77.638548	187.015455	51.483223	94.282851	58.616493		
		87.149578	63.372006	118.060431	151.349056	191.770977	106.17164	146.593538	129.949224	455.70284	82.394063	141.838019	196.526498		
		32.461174	70.505277	108.549398	70.505277	51.483223	132.326983	137.082501	110.927156	87.149578	101.416124	41.972198	94.282851		
		151.349056	91.905093	72.883034	146.593538	68.12752	134.704742	122.815948	125.193707	308.281332	165.615614	80.016306	53.86098		
		70.505277	65.749763	144.215778	68.12752	110.927156	172.748894	60.994249	213.170825	113.304915	77.638548	99.038366	120.43819		
		
28:00	24.60	137.082501	151.349056	220.304109	53.86098	165.615614	172.748894	215.548586	384.369818	389.125351	907.480123	163.237854	215.548586		
		49.105467	65.749763	87.149578	53.86098	51.483223	51.483223	70.505277	51.483223	68.12752	99.038366	84.77182	58.616493		
		101.416124	182.259935	255.970539	213.170825	96.660608	210.793064	448.569535	160.860094	239.326203	151.349056	129.949224	148.971297		
		108.549398	77.638548	175.126654	68.12752	46.72771	60.994249	49.105467	125.193707	72.883034	99.038366	118.060431	30.083418		
		103.793882	60.994249	220.304109	203.65978	206.037541	115.682673	220.304109	137.082501	253.592776	167.993374	94.282851	196.526498		
		70.505277	70.505277	175.126654	39.594442	53.86098	68.12752	80.016306	41.972198	41.972198	27.705662	56.238736	77.638548		
		51.483223	63.372006	51.483223	84.77182	106.17164	108.549398	94.282851	239.326203	367.725456	75.260791	65.749763	60.994249		
		96.660608	101.416124	89.527335	58.616493	58.616493	103.793882	84.77182	324.925682	34.83893	63.372006	118.060431	39.594442		
		
29:00	24.60	153.726816	182.259935	189.393216	141.838019	265.48159	206.037541	172.748894	436.680695	493.747145	1178.547717	163.237854	267.859352		
		68.12752	53.86098	46.72771	39.594442	56.238736	108.549398	53.86098	72.883034	70.505277	99.038366	39.594442	68.12752		
		75.260791	170.371134	163.237854	144.215778	96.660608	220.304109	446.191767	120.43819	208.415303	170.371134	91.905093	156.104575		
		87.149578	56.238736	225.059632	108.549398	75.260791	51.483223	51.483223	118.060431	77.638548	70.505277	84.77182	34.83893		
		101.416124	70.505277	151.349056	163.237854	244.081727	153.726816	196.526498	122.815948	184.637695	134.704742	160.860094	198.904259		
		46.72771	37.216686	82.394063	70.505277	65.749763	70.505277	146.593538	41.972198	53.86098	56.238736	72.883034	84.77182		
		58.616493	41.972198	82.394063	106.17164	82.394063	70.505277	68.12752	120.43819	343.947801	60.994249	82.394063	51.483223		
		77.638548	129.949224	96.660608	51.483223	63.372006	80.016306	99.038366	294.014748	70.505277	56.238736	84.77182	53.86098		
		
30:00	24.60	134.704742	172.748894	255.970539	148.971297	177.504414	263.103827	210.793064	360.592158	626.902352	1734.952497	113.304915	272.614878		
		68.12752	34.83893	22.950151	53.86098	68.12752	96.660608	106.17164	46.72771	41.972198	46.72771	58.616493	56.238736		
		125.193707	148.971297	99.038366	170.371134	84.77182	132.326983	320.170153	118.060431	222.68187	163.237854	99.038366	108.549398		
		94.282851	41.972198	225.059632	80.016306	87.149578	56.238736	77.638548	72.883034	72.883034	82.394063	75.260791	22.950151		
		160.860094	82.394063	156.104575	184.637695	170.371134	141.838019	191.770977	184.637695	163.237854	118.060431	165.615614	158.482335		
		53.86098	27.705662	148.971297	72.883034	53.86098	41.972198	170.371134	58.616493	63.372006	53.86098	53.86098	96.660608		
		82.394063	77.638548	94.282851	65.749763	84.77182	99.038366	89.527335	201.28202	248.837252	75.260791	77.638548	198.904259		
		77.638548	72.883034	70.505277	51.483223	39.594442	82.394063	46.72771	313.03686	41.972198	60.994249	120.43819	63.372006		
		
31:00	24.60	151.349056	189.393216	222.68187	89.527335	229.815155	229.815155	158.482335	253.592776	764.813337	2198.626102	137.082501	217.926348		
		46.72771	46.72771	87.149578	51.483223	75.260791	49.105467	84.77182	103.793882	56.238736	53.86098	53.86098	49.105467		
		70.505277	146.593538	53.86098	148.971297	63.372006	132.326983	258.348301	103.793882	156.104575	118.060431	49.105467	103.793882		
		68.12752	70.505277	151.349056	44.349954	56.238736	65.749763	37.216686	51.483223	56.238736	68.12752	77.638548	63.372006		
		125.193707	56.238736	170.371134	175.126654	160.860094	103.793882	153.726816	94.282851	172.748894	72.883034	189.393216	215.548586		
		89.527335	75.260791	99.038366	110.927156	72.883034	115.682673	118.060431	44.349954	60.994249	110.927156	63.372006	70.505277		
		94.282851	103.793882	60.994249	58.616493	120.43819	89.527335	125.193707	158.482335	225.059632	75.260791	56.238736	82.394063		
		120.43819	56.238736	175.126654	63.372006	32.461174	53.86098	41.972198	496.124914	41.972198	75.260791	165.615614	68.12752		
		
32:00	24.60	151.349056	263.103827	225.059632	191.770977	210.793064	303.525804	120.43819	327.303446	807.613346	2560.055596	177.504414	272.614878		
		63.372006	82.394063	51.483223	41.972198	94.282851	51.483223	56.238736	30.083418	51.483223	63.372006	91.905093	44.349954		
		70.505277	115.682673	182.259935	151.349056	58.616493	167.993374	284.503694	125.193707	225.059632	139.46026	129.949224	165.615614		
		120.43819	82.394063	336.814506	82.394063	60.994249	51.483223	96.660608	75.260791	101.416124	32.461174	132.326983	49.105467		
		110.927156	68.12752	146.593538	191.770977	241.703965	84.77182	101.416124	146.593538	177.504414	56.238736	115.682673	170.371134		
		37.216686	87.149578	141.838019	68.12752	56.238736	56.238736	37.216686	56.238736	51.483223	70.505277	63.372006	75.260791		
		96.660608	82.394063	87.149578	113.304915	103.793882	89.527335	110.927156	175.126654	165.615614	41.972198	94.282851	182.259935		
		82.394063	77.638548	229.815155	58.616493	60.994249	68.12752	68.12752	151.349056	63.372006	51.483223	60.994249	46.72771		
		
33:00	24.70	139.46026	225.059632	220.304109	187.015455	203.65978	267.859352	141.838019	198.904259	790.968895	2291.361145	148.971297	251.215014		
		68.12752	41.972198	32.461174	49.105467	68.12752	108.549398	75.260791	96.660608	46.72771	37.216686	44.349954	32.461174		
		99.038366	144.215778	201.28202	125.193707	53.86098	125.193707	144.215778	132.326983	158.482335	132.326983	106.17164	144.215778		
		113.304915	63.372006	303.525804	51.483223	39.594442	53.86098	60.994249	60.994249	106.17164	72.883034	84.77182	39.594442		
		96.660608	77.638548	229.815155	182.259935	244.081727	139.46026	148.971297	87.149578	144.215778	198.904259	91.905093	141.838019		
		56.238736	77.638548	191.770977	65.749763	65.749763	30.083418	146.593538	37.216686	60.994249	53.86098	56.238736	110.927156		
		32.461174	46.72771	70.505277	77.638548	137.082501	144.215778	91.905093	227.437394	182.259935	20.572395	108.549398	146.593538		
		106.17164	103.793882	272.614878	37.216686	58.616493	46.72771	25.327906	486.613836	27.705662	84.77182	49.105467	34.83893		
		
34:00	24.70	80.016306	241.703965	227.437394	163.237854	286.881458	198.904259	165.615614	187.015455	755.302227	1953.710991	137.082501	227.437394		
		60.994249	77.638548	334.436741	63.372006	56.238736	51.483223	65.749763	96.660608	56.238736	108.549398	65.749763	30.083418		
		103.793882	132.326983	89.527335	153.726816	96.660608	187.015455	184.637695	141.838019	122.815948	139.46026	77.638548	75.260791		
		60.994249	65.749763	277.370404	127.571466	41.972198	58.616493	89.527335	51.483223	99.038366	60.994249	82.394063	68.12752		
		87.149578	84.77182	167.993374	160.860094	179.882174	94.282851	187.015455	46.72771	127.571466	139.46026	108.549398	189.393216		
		84.77182	56.238736	108.549398	77.638548	51.483223	65.749763	163.237854	53.86098	44.349954	51.483223	68.12752	51.483223		
		122.815948	84.77182	87.149578	82.394063	129.949224	82.394063	125.193707	215.548586	118.060431	68.12752	58.616493	132.326983		
		82.394063	110.927156	167.993374	89.527335	72.883034	58.616493	53.86098	486.613836	49.105467	44.349954	80.016306	49.105467		
		
35:00	24.70	144.215778	236.948441	160.860094	118.060431	198.904259	229.815155	177.504414	210.793064	653.057866	1951.333178	132.326983	182.259935		
		63.372006	41.972198	103.793882	44.349954	51.483223	39.594442	37.216686	46.72771	30.083418	80.016306	125.193707	39.594442		
		118.060431	84.77182	151.349056	167.993374	56.238736	129.949224	127.571466	129.949224	213.170825	151.349056	99.038366	127.571466		
		89.527335	84.77182	374.858753	77.638548	58.616493	122.815948	75.260791	37.216686	148.971297	49.105467	58.616493	51.483223		
		87.149578	75.260791	353.458862	141.838019	208.415303	134.704742	232.192917	115.682673	127.571466	99.038366	80.016306	127.571466		
		82.394063	87.149578	87.149578	68.12752	37.216686	72.883034	108.549398	72.883034	96.660608	89.527335	46.72771	63.372006		
		108.549398	103.793882	96.660608	63.372006	108.549398	91.905093	80.016306	208.415303	206.037541	91.905093	77.638548	134.704742		
		46.72771	137.082501	106.17164	72.883034	30.083418	46.72771	22.950151	308.281332	37.216686	63.372006	101.416124	58.616493		
		
36:00	24.70	106.17164	253.592776	187.015455	103.793882	148.971297	191.770977	115.682673	194.148737	462.836146	1711.174435	87.149578	189.393216		
		84.77182	51.483223	49.105467	32.461174	46.72771	137.082501	70.505277	51.483223	39.594442	53.86098	58.616493	68.12752		
		65.749763	118.060431	129.949224	196.526498	53.86098	110.927156	118.060431	101.416124	139.46026	210.793064	89.527335	87.149578		
		82.394063	44.349954	420.036321	68.12752	51.483223	65.749763	51.483223	72.883034	56.238736	77.638548	25.327906	99.038366		
		115.682673	70.505277	175.126654	175.126654	156.104575	122.815948	127.571466	82.394063	220.304109	137.082501	251.215014	172.748894		
		82.394063	115.682673	80.016306	70.505277	110.927156	72.883034	234.570679	75.260791	72.883034	37.216686	44.349954	65.749763		
		94.282851	118.060431	39.594442	65.749763	120.43819	118.060431	84.77182	201.28202	170.371134	89.527335	72.883034	158.482335		
		108.549398	82.394063	358.214393	41.972198	70.505277	137.082501	63.372006	58.616493	115.682673	60.994249	89.527335	53.86098		
		
37:00	24.70	51.483223	225.059632	215.548586	167.993374	115.682673	179.882174	187.015455	151.349056	422.414089	1266.525993	87.149578	184.637695		
		68.12752	46.72771	34.83893	41.972198	53.86098	115.682673	84.77182	44.349954	44.349954	72.883034	49.105467	82.394063		
		80.016306	60.994249	89.527335	165.615614	77.638548	118.060431	177.504414	99.038366	106.17164	160.860094	56.238736	122.815948		
		80.016306	77.638548	127.571466	139.46026	82.394063	58.616493	41.972198	148.971297	80.016306	137.082501	70.505277	44.349954		
		108.549398	94.282851	118.060431	258.348301	146.593538	113.304915	182.259935	49.105467	198.904259	146.593538	182.259935	225.059632		
		65.749763	70.505277	182.259935	103.793882	37.216686	70.505277	134.704742	170.371134	77.638548	46.72771	84.77182	41.972198		
		58.616493	53.86098	72.883034	99.038366	84.77182	91.905093	103.793882	172.748894	239.326203	77.638548	94.282851	203.65978		
		125.193707	75.260791	217.926348	118.060431	53.86098	37.216686	65.749763	72.883034	87.149578	68.12752	68.12752	87.149578		
		
38:00	24.70	139.46026	260.726064	141.838019	184.637695	141.838019	158.482335	196.526498	184.637695	320.170153	1152.392032	70.505277	160.860094		
		58.616493	60.994249	89.527335	70.505277	75.260791	44.349954	60.994249	46.72771	77.638548	51.483223	91.905093	51.483223		
		68.12752	89.527335	70.505277	151.349056	91.905093	91.905093	110.927156	108.549398	163.237854	134.704742	63.372006	115.682673		
		63.372006	75.260791	324.925682	113.304915	103.793882	46.72771	96.660608	113.304915	127.571466	70.505277	103.793882	84.77182		
		91.905093	132.326983	132.326983	244.081727	165.615614	108.549398	106.17164	84.77182	160.860094	137.082501	163.237854	125.193707		
		139.46026	58.616493	89.527335	96.660608	82.394063	80.016306	160.860094	170.371134	68.12752	75.260791	77.638548	72.883034		
		80.016306	58.616493	65.749763	53.86098	75.260791	172.748894	206.037541	246.459489	232.192917	129.949224	80.016306	336.814506		
		115.682673	49.105467	148.971297	99.038366	89.527335	51.483223	103.793882	68.12752	51.483223	82.394063	44.349954	60.994249		
		
39:00	24.70	63.372006	182.259935	120.43819	125.193707	120.43819	137.082501	139.46026	225.059632	210.793064	936.013511	96.660608	165.615614		
		87.149578	80.016306	70.505277	46.72771	49.105467	72.883034	94.282851	51.483223	56.238736	63.372006	179.882174	68.12752		
		96.660608	132.326983	160.860094	151.349056	96.660608	70.505277	91.905093	68.12752	106.17164	122.815948	46.72771	99.038366		
		106.17164	44.349954	146.593538	77.638548	122.815948	80.016306	58.616493	84.77182	72.883034	56.238736	39.594442	68.12752		
		106.17164	96.660608	227.437394	239.326203	129.949224	75.260791	99.038366	87.149578	191.770977	87.149578	182.259935	151.349056		
		89.527335	41.972198	146.593538	65.749763	82.394063	110.927156	96.660608	72.883034	46.72771	132.326983	41.972198	94.282851		
		68.12752	68.12752	87.149578	60.994249	139.46026	156.104575	127.571466	210.793064	248.837252	94.282851	87.149578	358.214393		
		103.793882	156.104575	165.615614	94.282851	99.038366	103.793882	77.638548	137.082501	63.372006	63.372006	53.86098	56.238736		
		
40:00	24.70	194.148737	151.349056	170.371134	163.237854	125.193707	146.593538	118.060431	324.925682	208.415303	916.991251	82.394063	153.726816		
		58.616493	51.483223	56.238736	34.83893	44.349954	91.905093	49.105467	39.594442	70.505277	99.038366	82.394063	46.72771		
		106.17164	108.549398	63.372006	84.77182	94.282851	125.193707	101.416124	113.304915	175.126654	120.43819	37.216686	75.260791		
		87.149578	60.994249	129.949224	32.461174	144.215778	44.349954	65.749763	125.193707	77.638548	94.282851	70.505277	56.238736		
		75.260791	134.704742	210.793064	201.28202	125.193707	101.416124	274.992641	110.927156	141.838019	187.015455	191.770977	172.748894		
		63.372006	75.260791	132.326983	53.86098	49.105467	75.260791	144.215778	77.638548	77.638548	63.372006	49.105467	41.972198		
		103.793882	63.372006	87.149578	58.616493	44.349954	94.282851	70.505277	120.43819	427.169624	139.46026	65.749763	298.770276		
		101.416124	82.394063	234.570679	37.216686	75.260791	146.593538	127.571466	220.304109	56.238736	56.238736	113.304915	110.927156		
		
41:00	24.70	113.304915	232.192917	232.192917	99.038366	91.905093	165.615614	108.549398	453.325072	315.414624	805.235567	139.46026	182.259935		
		63.372006	39.594442	110.927156	84.77182	49.105467	53.86098	65.749763	58.616493	65.749763	58.616493	41.972198	56.238736		
		87.149578	82.394063	103.793882	137.082501	53.86098	84.77182	118.060431	72.883034	115.682673	163.237854	60.994249	84.77182		
		51.483223	65.749763	153.726816	106.17164	75.260791	89.527335	60.994249	101.416124	110.927156	53.86098	77.638548	82.394063		
		115.682673	106.17164	153.726816	189.393216	184.637695	127.571466	148.971297	189.393216	201.28202	303.525804	160.860094	125.193707		
		72.883034	63.372006	179.882174	65.749763	77.638548	108.549398	53.86098	118.060431	75.260791	75.260791	94.282851	89.527335		
		99.038366	82.394063	94.282851	68.12752	89.527335	103.793882	182.259935	177.504414	355.836627	141.838019	58.616493	277.370404		
		82.394063	56.238736	175.126654	49.105467	89.527335	113.304915	148.971297	91.905093	75.260791	53.86098	87.149578	56.238736		
		
42:00	24.70	232.192917	253.592776	160.860094	198.904259	156.104575	160.860094	144.215778	579.346896	365.34769	888.45787	158.482335	313.03686		
		77.638548	46.72771	77.638548	46.72771	53.86098	75.260791	56.238736	77.638548	46.72771	37.216686	56.238736	84.77182		
		108.549398	99.038366	58.616493	110.927156	80.016306	108.549398	80.016306	127.571466	210.793064	158.482335	32.461174	120.43819		
		68.12752	39.594442	148.971297	53.86098	118.060431	96.660608	101.416124	113.304915	56.238736	94.282851	99.038366	77.638548		
		151.349056	110.927156	148.971297	194.148737	206.037541	167.993374	175.126654	106.17164	141.838019	298.770276	172.748894	165.615614		
		39.594442	65.749763	129.949224	115.682673	49.105467	58.616493	115.682673	127.571466	51.483223	80.016306	53.86098	122.815948		
		56.238736	110.927156	87.149578	91.905093	89.527335	129.949224	144.215778	127.571466	377.23652	110.927156	94.282851	227.437394		
		99.038366	39.594442	206.037541	72.883034	75.260791	56.238736	46.72771	80.016306	96.660608	46.72771	108.549398	87.149578		
		
43:00	24.70	279.748168	253.592776	260.726064	129.949224	167.993374	198.904259	137.082501	631.6579	453.325072	947.902425	158.482335	234.570679		
		115.682673	106.17164	122.815948	75.260791	60.994249	82.394063	58.616493	46.72771	56.238736	37.216686	72.883034	41.972198		
		106.17164	91.905093	49.105467	134.704742	37.216686	80.016306	148.971297	132.326983	99.038366	141.838019	115.682673	132.326983		
		108.549398	94.282851	160.860094	56.238736	60.994249	196.526498	58.616493	41.972198	58.616493	65.749763	53.86098	60.994249		
		172.748894	72.883034	187.015455	189.393216	198.904259	393.880884	177.504414	110.927156	120.43819	115.682673	153.726816	151.349056		
		77.638548	60.994249	87.149578	103.793882	68.12752	87.149578	108.549398	82.394063	99.038366	68.12752	89.527335	82.394063		
		51.483223	72.883034	53.86098	129.949224	91.905093	110.927156	208.415303	241.703965	460.458377	179.882174	44.349954	279.748168		
		68.12752	63.372006	96.660608	68.12752	70.505277	56.238736	68.12752	127.571466	51.483223	56.238736	51.483223	44.349954		
		
44:00	24.70	272.614878	336.814506	334.436741	156.104575	206.037541	206.037541	289.259221	455.70284	579.346896	933.635728	170.371134	313.03686		
		49.105467	72.883034	70.505277	51.483223	65.749763	49.105467	53.86098	58.616493	65.749763	56.238736	110.927156	37.216686		
		70.505277	87.149578	80.016306	120.43819	39.594442	115.682673	99.038366	89.527335	148.971297	222.68187	58.616493	151.349056		
		70.505277	82.394063	177.504414	56.238736	77.638548	63.372006	63.372006	118.060431	148.971297	56.238736	46.72771	51.483223		
		125.193707	141.838019	122.815948	246.459489	222.68187	160.860094	132.326983	146.593538	222.68187	99.038366	191.770977	203.65978		
		60.994249	53.86098	99.038366	120.43819	63.372006	94.282851	87.149578	44.349954	65.749763	70.505277	75.260791	56.238736		
		46.72771	56.238736	99.038366	99.038366	87.149578	91.905093	60.994249	222.68187	503.258224	125.193707	113.304915	175.126654		
		72.883034	118.060431	101.416124	108.549398	151.349056	63.372006	120.43819	70.505277	139.46026	56.238736	41.972198	53.86098		
		
45:00	24.80	341.570036	422.414089	298.770276	182.259935	294.014748	346.325566	232.192917	458.080609	733.902234	1081.058389	227.437394	374.858753		
		60.994249	44.349954	196.526498	65.749763	89.527335	51.483223	68.12752	241.703965	118.060431	82.394063	60.994249	58.616493		
		84.77182	63.372006	129.949224	91.905093	46.72771	84.77182	103.793882	46.72771	125.193707	134.704742	70.505277	148.971297		
		94.282851	68.12752	165.615614	63.372006	34.83893	46.72771	122.815948	127.571466	63.372006	103.793882	94.282851	39.594442		
		110.927156	118.060431	156.104575	310.659096	381.992052	343.947801	167.993374	175.126654	360.592158	89.527335	215.548586	125.193707		
		53.86098	51.483223	129.949224	146.593538	58.616493	72.883034	106.17164	113.304915	153.726816	51.483223	63.372006	80.016306		
		72.883034	110.927156	87.149578	91.905093	94.282851	177.504414	75.260791	206.037541	712.502246	77.638548	82.394063	96.660608		
		82.394063	153.726816	234.570679	103.793882	139.46026	53.86098	37.216686	94.282851	58.616493	51.483223	72.883034	160.860094		
		
46:00	24.70	291.636985	427.169624	346.325566	177.504414	384.369818	301.14804	194.148737	398.636418	629.280126	1045.391591	167.993374	298.770276		
		53.86098	58.616493	144.215778	53.86098	65.749763	89.527335	22.950151	72.883034	68.12752	99.038366	129.949224	77.638548		
		49.105467	89.527335	115.682673	106.17164	53.86098	82.394063	110.927156	96.660608	118.060431	175.126654	32.461174	210.793064		
		72.883034	84.77182	125.193707	49.105467	60.994249	96.660608	141.838019	96.660608	108.549398	37.216686	68.12752	58.616493		
		82.394063	122.815948	170.371134	225.059632	322.547917	175.126654	113.304915	165.615614	182.259935	108.549398	141.838019	141.838019		
		51.483223	44.349954	184.637695	151.349056	51.483223	65.749763	65.749763	75.260791	110.927156	82.394063	58.616493	118.060431		
		77.638548	91.905093	82.394063	89.527335	99.038366	248.837252	146.593538	329.681211	657.813415	94.282851	91.905093	101.416124		
		60.994249	96.660608	225.059632	65.749763	132.326983	139.46026	110.927156	49.105467	120.43819	129.949224	96.660608	122.815948		
		
47:00	24.80	248.837252	360.592158	279.748168	175.126654	358.214393	374.858753	158.482335	367.725456	600.746848	1054.902735	120.43819	234.570679		
		68.12752	37.216686	94.282851	41.972198	51.483223	51.483223	60.994249	101.416124	39.594442	101.416124	27.705662	49.105467		
		108.549398	115.682673	165.615614	139.46026	60.994249	87.149578	77.638548	99.038366	108.549398	191.770977	49.105467	179.882174		
		118.060431	99.038366	146.593538	46.72771	46.72771	156.104575	103.793882	165.615614	49.105467	49.105467	84.77182	65.749763		
		82.394063	106.17164	239.326203	294.014748	515.147074	144.215778	206.037541	156.104575	210.793064	89.527335	232.192917	110.927156		
		72.883034	60.994249	89.527335	80.016306	49.105467	96.660608	96.660608	58.616493	151.349056	51.483223	144.215778	53.86098		
		53.86098	89.527335	148.971297	58.616493	96.660608	144.215778	96.660608	305.903568	826.63558	106.17164	110.927156	144.215778		
		99.038366	56.238736	167.993374	53.86098	94.282851	75.260791	72.883034	274.992641	51.483223	46.72771	75.260791	77.638548		
		
48:00	24.80	191.770977	389.125351	291.636985	122.815948	313.03686	381.992052	182.259935	384.369818	600.746848	890.835651	184.637695	165.615614		
		56.238736	39.594442	91.905093	91.905093	89.527335	53.86098	89.527335	101.416124	68.12752	51.483223	49.105467	58.616493		
		56.238736	75.260791	122.815948	82.394063	53.86098	94.282851	127.571466	144.215778	106.17164	132.326983	58.616493	239.326203		
		53.86098	75.260791	201.28202	91.905093	96.660608	77.638548	91.905093	87.149578	80.016306	70.505277	68.12752	37.216686		
		144.215778	158.482335	241.703965	201.28202	474.72499	94.282851	187.015455	153.726816	167.993374	113.304915	179.882174	153.726816		
		103.793882	32.461174	103.793882	99.038366	63.372006	75.260791	41.972198	87.149578	106.17164	153.726816	80.016306	80.016306		
		77.638548	101.416124	53.86098	125.193707	84.77182	156.104575	151.349056	334.436741	736.28001	113.304915	56.238736	156.104575		
		84.77182	127.571466	160.860094	141.838019	44.349954	139.46026	103.793882	184.637695	51.483223	106.17164	127.571466	53.86098		
		
49:00	24.80	206.037541	308.281332	279.748168	153.726816	313.03686	391.503118	146.593538	327.303446	731.524457	1004.969239	158.482335	270.237115		
		53.86098	58.616493	34.83893	46.72771	87.149578	39.594442	70.505277	172.748894	56.238736	63.372006	70.505277	82.394063		
		65.749763	89.527335	77.638548	120.43819	84.77182	70.505277	77.638548	156.104575	122.815948	151.349056	75.260791	305.903568		
		101.416124	80.016306	148.971297	94.282851	125.193707	101.416124	75.260791	84.77182	39.594442	53.86098	34.83893	56.238736		
		94.282851	87.149578	267.859352	251.215014	541.302551	301.14804	201.28202	108.549398	298.770276	148.971297	144.215778	160.860094		
		84.77182	113.304915	87.149578	80.016306	56.238736	60.994249	77.638548	96.660608	70.505277	110.927156	77.638548	103.793882		
		82.394063	118.060431	113.304915	118.060431	68.12752	263.103827	108.549398	346.325566	698.235591	134.704742	84.77182	222.68187		
		118.060431	101.416124	75.260791	89.527335	108.549398	134.704742	89.527335	72.883034	94.282851	46.72771	63.372006	89.527335		
		
~End
Original Filename: fls2_efr_03-27-19-180053_c1128_ef1128_c1042_ef1042_c1877_ef1877_c1544_ef1544.pda   Date Last Saved: 3/27/2019
