##BLOCKS= 1          
Plate:	Plate#1	1.3	PlateFormat	Kinetic	Luminescence	Raw	FALSE	50	3000	60				1	450	1	12	96	405	Automatic	435			6	Automatic			1	8	None	
Time(hh:mm:ss)	Temperature(¡C)	1	2	3	4	5	6	7	8	9	10	11	12		
0:00	23.20	160.860094	134.704742	87.149578	127.571466	75.260791	120.43819	125.193707	68.12752	153.726816	65.749763	139.46026	101.416124		
		113.304915	153.726816	151.349056	115.682673	141.838019	115.682673	127.571466	127.571466	72.883034	82.394063	84.77182	80.016306		
		179.882174	175.126654	139.46026	77.638548	125.193707	89.527335	91.905093	72.883034	144.215778	134.704742	77.638548	132.326983		
		144.215778	146.593538	120.43819	108.549398	129.949224	84.77182	89.527335	96.660608	91.905093	96.660608	96.660608	91.905093		
		49.105467	63.372006	82.394063	34.83893	68.12752	106.17164	68.12752	89.527335	80.016306	82.394063	53.86098	58.616493		
		80.016306	63.372006	80.016306	60.994249	106.17164	70.505277	46.72771	68.12752	80.016306	49.105467	53.86098	70.505277		
		77.638548	70.505277	58.616493	94.282851	87.149578	56.238736	49.105467	53.86098	60.994249	80.016306	53.86098	80.016306		
		77.638548	68.12752	72.883034	80.016306	84.77182	101.416124	63.372006	49.105467	65.749763	63.372006	49.105467	63.372006		
		
1:00	23.50	75.260791	99.038366	87.149578	91.905093	72.883034	94.282851	529.413696	108.549398	277.370404	41.972198	58.616493	65.749763		
		87.149578	56.238736	68.12752	63.372006	77.638548	70.505277	91.905093	108.549398	115.682673	72.883034	127.571466	60.994249		
		89.527335	46.72771	106.17164	75.260791	103.793882	44.349954	72.883034	77.638548	63.372006	56.238736	75.260791	108.549398		
		49.105467	51.483223	89.527335	70.505277	68.12752	75.260791	80.016306	94.282851	68.12752	77.638548	53.86098	49.105467		
		46.72771	68.12752	65.749763	60.994249	46.72771	30.083418	84.77182	68.12752	53.86098	84.77182	46.72771	51.483223		
		63.372006	101.416124	49.105467	63.372006	96.660608	115.682673	75.260791	80.016306	70.505277	65.749763	53.86098	46.72771		
		68.12752	44.349954	60.994249	37.216686	75.260791	80.016306	49.105467	63.372006	72.883034	65.749763	34.83893	68.12752		
		70.505277	75.260791	53.86098	94.282851	44.349954	58.616493	80.016306	65.749763	58.616493	80.016306	101.416124	75.260791		
		
2:00	23.50	1107.21405	455.70284	1751.597144	1221.347947	327.303446	1887.132256	8580.95016	134.704742	5461.061987	396.258651	355.836627	736.28001		
		60.994249	65.749763	49.105467	80.016306	82.394063	53.86098	41.972198	77.638548	63.372006	58.616493	53.86098	65.749763		
		63.372006	77.638548	84.77182	77.638548	37.216686	87.149578	101.416124	89.527335	56.238736	96.660608	68.12752	108.549398		
		56.238736	46.72771	60.994249	75.260791	41.972198	63.372006	58.616493	127.571466	80.016306	72.883034	51.483223	51.483223		
		37.216686	46.72771	75.260791	37.216686	60.994249	44.349954	113.304915	72.883034	94.282851	44.349954	58.616493	34.83893		
		46.72771	60.994249	80.016306	58.616493	37.216686	46.72771	63.372006	41.972198	46.72771	82.394063	60.994249	70.505277		
		63.372006	46.72771	65.749763	34.83893	53.86098	77.638548	58.616493	70.505277	75.260791	70.505277	30.083418	68.12752		
		80.016306	91.905093	137.082501	51.483223	41.972198	96.660608	49.105467	51.483223	75.260791	96.660608	49.105467	72.883034		
		
3:00	23.70	8421.623656	3232.984596	7520.364772	9146.918519	3858.361848	15299.11012	27321.862385	881.324526	18169.660519	2957.154357	3846.472501	6619.116039		
		63.372006	68.12752	68.12752	91.905093	56.238736	70.505277	34.83893	108.549398	58.616493	70.505277	96.660608	70.505277		
		44.349954	44.349954	58.616493	37.216686	51.483223	87.149578	56.238736	68.12752	77.638548	70.505277	87.149578	70.505277		
		87.149578	68.12752	58.616493	44.349954	65.749763	63.372006	96.660608	103.793882	77.638548	87.149578	106.17164	63.372006		
		44.349954	32.461174	75.260791	91.905093	53.86098	84.77182	58.616493	65.749763	58.616493	51.483223	80.016306	46.72771		
		58.616493	44.349954	70.505277	77.638548	68.12752	72.883034	70.505277	58.616493	51.483223	68.12752	75.260791	37.216686		
		41.972198	49.105467	44.349954	56.238736	91.905093	49.105467	46.72771	44.349954	58.616493	53.86098	91.905093	53.86098		
		82.394063	49.105467	72.883034	80.016306	51.483223	106.17164	44.349954	39.594442	46.72771	68.12752	46.72771	56.238736		
		
4:00	23.80	16818.800446	7446.647476	16000.68501	17344.396462	8973.322756	24812.513711	45691.263327	3323.342984	32010.154935	6818.864223	10504.783296	14913.841101		
		110.927156	56.238736	80.016306	68.12752	94.282851	65.749763	44.349954	68.12752	87.149578	84.77182	103.793882	58.616493		
		68.12752	70.505277	44.349954	65.749763	49.105467	84.77182	80.016306	82.394063	77.638548	84.77182	44.349954	56.238736		
		106.17164	32.461174	46.72771	58.616493	63.372006	72.883034	77.638548	65.749763	49.105467	70.505277	99.038366	41.972198		
		49.105467	56.238736	70.505277	77.638548	63.372006	34.83893	89.527335	63.372006	60.994249	53.86098	134.704742	80.016306		
		65.749763	63.372006	70.505277	84.77182	139.46026	60.994249	87.149578	56.238736	37.216686	51.483223	89.527335	80.016306		
		51.483223	41.972198	60.994249	122.815948	53.86098	60.994249	41.972198	49.105467	53.86098	58.616493	72.883034	49.105467		
		49.105467	65.749763	87.149578	56.238736	96.660608	70.505277	63.372006	60.994249	82.394063	103.793882	51.483223	58.616493		
		
5:00	23.90	23692.251696	10690.272742	24255.948457	23906.31329	14033.912644	30178.572139	56052.970174	6650.029416	43680.93826	10939.970753	16871.122067	21844.210414		
		60.994249	51.483223	101.416124	196.526498	75.260791	58.616493	134.704742	99.038366	65.749763	51.483223	99.038366	89.527335		
		60.994249	75.260791	53.86098	63.372006	51.483223	84.77182	53.86098	39.594442	63.372006	51.483223	77.638548	72.883034		
		58.616493	51.483223	56.238736	60.994249	53.86098	68.12752	75.260791	75.260791	46.72771	77.638548	68.12752	41.972198		
		68.12752	39.594442	103.793882	53.86098	94.282851	89.527335	77.638548	51.483223	75.260791	75.260791	41.972198	63.372006		
		32.461174	51.483223	56.238736	70.505277	89.527335	37.216686	63.372006	34.83893	68.12752	80.016306	63.372006	63.372006		
		60.994249	56.238736	46.72771	49.105467	63.372006	80.016306	77.638548	56.238736	58.616493	44.349954	49.105467	32.461174		
		51.483223	53.86098	80.016306	63.372006	68.12752	51.483223	58.616493	172.748894	60.994249	80.016306	56.238736	41.972198		
		
6:00	23.90	27754.762721	13308.573488	29638.620016	29331.7766	18181.551994	33889.354872	61252.173427	10224.171874	50789.864427	14611.810513	21844.210414	27809.470072		
		63.372006	75.260791	65.749763	106.17164	82.394063	65.749763	103.793882	129.949224	53.86098	44.349954	49.105467	49.105467		
		53.86098	44.349954	60.994249	53.86098	60.994249	103.793882	77.638548	56.238736	110.927156	39.594442	56.238736	58.616493		
		77.638548	63.372006	58.616493	96.660608	60.994249	70.505277	51.483223	89.527335	72.883034	70.505277	63.372006	70.505277		
		58.616493	53.86098	56.238736	39.594442	70.505277	72.883034	160.860094	65.749763	82.394063	63.372006	65.749763	46.72771		
		75.260791	49.105467	39.594442	72.883034	132.326983	56.238736	70.505277	58.616493	87.149578	96.660608	82.394063	51.483223		
		58.616493	65.749763	68.12752	46.72771	58.616493	72.883034	68.12752	91.905093	60.994249	41.972198	56.238736	39.594442		
		127.571466	75.260791	151.349056	80.016306	53.86098	53.86098	39.594442	41.972198	75.260791	113.304915	87.149578	53.86098		
		
7:00	24.00	31020.619284	15379.969285	32293.22147	32105.303238	21732.425502	35678.203903	59886.308839	12813.919736	55536.637529	17541.793142	25628.340715	31926.900262		
		53.86098	41.972198	70.505277	70.505277	49.105467	68.12752	53.86098	118.060431	51.483223	77.638548	108.549398	53.86098		
		44.349954	63.372006	51.483223	56.238736	70.505277	58.616493	65.749763	49.105467	125.193707	53.86098	53.86098	60.994249		
		82.394063	49.105467	56.238736	49.105467	80.016306	108.549398	91.905093	72.883034	49.105467	49.105467	125.193707	72.883034		
		56.238736	46.72771	51.483223	75.260791	94.282851	65.749763	70.505277	75.260791	77.638548	70.505277	56.238736	77.638548		
		56.238736	58.616493	32.461174	113.304915	68.12752	56.238736	99.038366	41.972198	60.994249	72.883034	32.461174	27.705662		
		96.660608	99.038366	77.638548	68.12752	44.349954	68.12752	72.883034	60.994249	39.594442	87.149578	65.749763	58.616493		
		127.571466	82.394063	65.749763	49.105467	39.594442	75.260791	70.505277	53.86098	60.994249	80.016306	56.238736	56.238736		
		
8:00	24.10	33318.454022	17199.322103	33929.793836	34079.65606	24210.757431	37821.545086	55053.619683	14935.244887	54280.321317	19587.136801	29008.28404	34752.850144		
		91.905093	46.72771	110.927156	51.483223	51.483223	75.260791	72.883034	89.527335	103.793882	115.682673	44.349954	56.238736		
		70.505277	51.483223	75.260791	77.638548	56.238736	106.17164	53.86098	60.994249	118.060431	63.372006	91.905093	49.105467		
		94.282851	70.505277	72.883034	87.149578	63.372006	53.86098	75.260791	56.238736	51.483223	34.83893	75.260791	44.349954		
		49.105467	44.349954	94.282851	75.260791	82.394063	58.616493	134.704742	44.349954	53.86098	49.105467	68.12752	49.105467		
		75.260791	41.972198	46.72771	75.260791	68.12752	68.12752	450.947303	53.86098	84.77182	32.461174	65.749763	80.016306		
		99.038366	77.638548	89.527335	68.12752	65.749763	56.238736	72.883034	60.994249	63.372006	60.994249	37.216686	49.105467		
		120.43819	87.149578	56.238736	87.149578	60.994249	60.994249	106.17164	122.815948	65.749763	41.972198	58.616493	39.594442		
		
9:00	24.20	34179.564365	18072.150489	34424.578116	34474.532468	25554.606737	38792.133559	49845.302056	16295.586122	53407.09799	21102.151792	31146.689252	36862.862634		
		94.282851	34.83893	72.883034	77.638548	39.594442	120.43819	84.77182	75.260791	44.349954	51.483223	65.749763	58.616493		
		58.616493	39.594442	87.149578	34.83893	56.238736	44.349954	141.838019	53.86098	65.749763	99.038366	68.12752	91.905093		
		63.372006	65.749763	25.327906	68.12752	65.749763	51.483223	70.505277	72.883034	99.038366	63.372006	87.149578	49.105467		
		63.372006	46.72771	65.749763	72.883034	37.216686	56.238736	106.17164	56.238736	194.148737	65.749763	68.12752	65.749763		
		70.505277	49.105467	87.149578	106.17164	82.394063	63.372006	289.259221	63.372006	103.793882	70.505277	58.616493	68.12752		
		94.282851	60.994249	72.883034	39.594442	51.483223	68.12752	56.238736	58.616493	70.505277	39.594442	77.638548	41.972198		
		144.215778	46.72771	120.43819	58.616493	65.749763	72.883034	70.505277	72.883034	37.216686	77.638548	49.105467	72.883034		
		
10:00	24.30	35062.093141	18752.344878	33166.214483	35483.141295	26679.651916	38656.535932	43571.501895	17158.891591	51008.757046	22162.917191	31639.077632	36365.684445		
		39.594442	53.86098	108.549398	60.994249	87.149578	51.483223	49.105467	72.883034	51.483223	63.372006	84.77182	65.749763		
		51.483223	41.972198	99.038366	30.083418	65.749763	63.372006	80.016306	82.394063	80.016306	58.616493	68.12752	80.016306		
		68.12752	65.749763	46.72771	68.12752	60.994249	65.749763	70.505277	58.616493	96.660608	99.038366	77.638548	46.72771		
		72.883034	49.105467	139.46026	53.86098	101.416124	46.72771	75.260791	58.616493	122.815948	80.016306	80.016306	118.060431		
		70.505277	51.483223	58.616493	53.86098	87.149578	51.483223	396.258651	56.238736	58.616493	41.972198	70.505277	20.572395		
		127.571466	70.505277	46.72771	49.105467	56.238736	49.105467	63.372006	37.216686	51.483223	75.260791	41.972198	89.527335		
		101.416124	108.549398	84.77182	63.372006	77.638548	144.215778	87.149578	63.372006	58.616493	56.238736	77.638548	46.72771		
		
11:00	24.30	33496.8601	18483.596054	31020.619284	34888.441157	27638.2124	37921.458062	36332.380754	17137.487211	48857.925095	23261.751781	32809.404199	37464.714048		
		65.749763	44.349954	84.77182	72.883034	72.883034	82.394063	53.86098	65.749763	46.72771	63.372006	77.638548	49.105467		
		63.372006	84.77182	75.260791	56.238736	53.86098	37.216686	34.83893	87.149578	46.72771	56.238736	68.12752	58.616493		
		68.12752	60.994249	25.327906	44.349954	58.616493	89.527335	49.105467	87.149578	118.060431	91.905093	46.72771	63.372006		
		91.905093	49.105467	65.749763	89.527335	70.505277	129.949224	101.416124	120.43819	99.038366	96.660608	37.216686	34.83893		
		37.216686	46.72771	53.86098	60.994249	153.726816	87.149578	329.681211	63.372006	89.527335	89.527335	68.12752	60.994249		
		37.216686	58.616493	46.72771	82.394063	84.77182	72.883034	56.238736	51.483223	39.594442	34.83893	63.372006	94.282851		
		103.793882	65.749763	80.016306	75.260791	89.527335	134.704742	65.749763	49.105467	44.349954	103.793882	103.793882	68.12752		
		
12:00	24.40	33834.643364	19137.632375	30169.057533	35837.58468	27911.749135	38547.106437	31424.995355	18386.085642	45679.367763	24860.08357	33825.128323	37819.166207		
		49.105467	46.72771	91.905093	58.616493	51.483223	70.505277	51.483223	60.994249	72.883034	110.927156	58.616493	39.594442		
		37.216686	63.372006	51.483223	56.238736	58.616493	68.12752	113.304915	53.86098	65.749763	56.238736	108.549398	44.349954		
		99.038366	49.105467	56.238736	77.638548	72.883034	106.17164	80.016306	118.060431	68.12752	37.216686	70.505277	89.527335		
		77.638548	39.594442	115.682673	94.282851	118.060431	44.349954	146.593538	41.972198	44.349954	122.815948	65.749763	68.12752		
		58.616493	82.394063	60.994249	53.86098	108.549398	70.505277	420.036321	39.594442	51.483223	96.660608	34.83893	70.505277		
		46.72771	37.216686	106.17164	60.994249	58.616493	37.216686	63.372006	44.349954	70.505277	53.86098	51.483223	99.038366		
		82.394063	46.72771	75.260791	41.972198	60.994249	77.638548	75.260791	96.660608	32.461174	99.038366	51.483223	46.72771		
		
13:00	24.40	33699.054136	19125.740758	28235.237263	35728.159038	29239.010218	37571.763192	27436.033675	18162.525634	42719.806601	25347.676259	33827.507083	38299.701172		
		63.372006	34.83893	118.060431	115.682673	108.549398	80.016306	77.638548	63.372006	82.394063	53.86098	75.260791	80.016306		
		44.349954	34.83893	91.905093	63.372006	82.394063	65.749763	68.12752	72.883034	101.416124	51.483223	65.749763	37.216686		
		108.549398	34.83893	56.238736	51.483223	80.016306	70.505277	118.060431	96.660608	153.726816	41.972198	106.17164	49.105467		
		56.238736	53.86098	134.704742	77.638548	63.372006	77.638548	120.43819	53.86098	108.549398	80.016306	51.483223	72.883034		
		53.86098	63.372006	94.282851	56.238736	120.43819	39.594442	546.058093	53.86098	39.594442	65.749763	46.72771	77.638548		
		94.282851	51.483223	49.105467	80.016306	91.905093	41.972198	68.12752	96.660608	41.972198	51.483223	41.972198	60.994249		
		146.593538	84.77182	75.260791	70.505277	94.282851	94.282851	46.72771	44.349954	58.616493	72.883034	58.616493	51.483223		
		
14:00	24.40	32654.786903	18766.614752	25668.775506	34538.759538	29479.251584	36572.643412	23102.396046	18129.229516	38777.860113	25540.335653	33023.490179	36517.93007		
		75.260791	63.372006	72.883034	34.83893	58.616493	99.038366	75.260791	53.86098	77.638548	32.461174	120.43819	77.638548		
		25.327906	68.12752	84.77182	34.83893	39.594442	58.616493	91.905093	63.372006	103.793882	37.216686	89.527335	72.883034		
		108.549398	37.216686	37.216686	72.883034	75.260791	75.260791	94.282851	99.038366	101.416124	91.905093	196.526498	49.105467		
		60.994249	70.505277	99.038366	49.105467	99.038366	115.682673	167.993374	75.260791	53.86098	94.282851	46.72771	46.72771		
		65.749763	44.349954	94.282851	72.883034	70.505277	75.260791	415.280787	75.260791	46.72771	44.349954	51.483223	49.105467		
		65.749763	56.238736	53.86098	51.483223	60.994249	65.749763	75.260791	70.505277	41.972198	37.216686	68.12752	65.749763		
		108.549398	82.394063	65.749763	49.105467	56.238736	53.86098	44.349954	44.349954	30.083418	63.372006	68.12752	37.216686		
		
15:00	24.50	30111.969918	18462.19132	22926.391573	33287.530342	29343.669734	35711.507323	19744.107195	18050.745865	35138.214677	25671.154023	33627.691477	37081.71717		
		84.77182	65.749763	89.527335	75.260791	39.594442	91.905093	80.016306	72.883034	46.72771	101.416124	72.883034	53.86098		
		87.149578	49.105467	99.038366	65.749763	75.260791	75.260791	51.483223	53.86098	118.060431	41.972198	89.527335	80.016306		
		115.682673	99.038366	82.394063	56.238736	60.994249	75.260791	146.593538	60.994249	89.527335	39.594442	106.17164	82.394063		
		41.972198	94.282851	170.371134	58.616493	84.77182	96.660608	160.860094	37.216686	68.12752	60.994249	144.215778	60.994249		
		53.86098	70.505277	63.372006	91.905093	80.016306	41.972198	286.881458	41.972198	70.505277	53.86098	70.505277	41.972198		
		53.86098	56.238736	56.238736	46.72771	41.972198	44.349954	51.483223	96.660608	63.372006	77.638548	80.016306	70.505277		
		122.815948	63.372006	39.594442	68.12752	87.149578	94.282851	56.238736	46.72771	46.72771	37.216686	44.349954	44.349954		
		
16:00	24.50	27909.370551	17846.213073	20690.692764	32262.298186	28996.390957	34253.306289	16133.866023	17820.05194	32257.540759	24974.251348	32395.506262	35299.973182		
		49.105467	53.86098	46.72771	87.149578	65.749763	115.682673	94.282851	53.86098	49.105467	58.616493	91.905093	60.994249		
		72.883034	51.483223	58.616493	53.86098	41.972198	65.749763	39.594442	75.260791	82.394063	63.372006	68.12752	51.483223		
		87.149578	44.349954	70.505277	113.304915	106.17164	51.483223	177.504414	132.326983	49.105467	49.105467	89.527335	63.372006		
		46.72771	56.238736	187.015455	132.326983	94.282851	58.616493	129.949224	63.372006	84.77182	60.994249	60.994249	49.105467		
		39.594442	56.238736	80.016306	70.505277	60.994249	41.972198	167.993374	34.83893	37.216686	56.238736	87.149578	27.705662		
		68.12752	49.105467	49.105467	53.86098	60.994249	80.016306	75.260791	65.749763	84.77182	41.972198	56.238736	41.972198		
		46.72771	53.86098	72.883034	51.483223	32.461174	248.837252	120.43819	46.72771	41.972198	63.372006	184.637695	70.505277		
		
17:00	24.50	26132.587803	16923.443722	17886.643932	30706.634567	28592.027155	32885.523593	13703.347427	16450.171816	28197.179768	25159.774335	32545.365613	34591.092745		
		60.994249	179.882174	89.527335	49.105467	46.72771	53.86098	58.616493	53.86098	72.883034	49.105467	84.77182	82.394063		
		53.86098	56.238736	60.994249	80.016306	39.594442	99.038366	60.994249	106.17164	89.527335	72.883034	60.994249	75.260791		
		115.682673	30.083418	63.372006	80.016306	101.416124	65.749763	120.43819	115.682673	94.282851	56.238736	75.260791	75.260791		
		72.883034	125.193707	68.12752	122.815948	82.394063	51.483223	151.349056	44.349954	87.149578	65.749763	77.638548	68.12752		
		53.86098	46.72771	101.416124	122.815948	53.86098	82.394063	41.972198	51.483223	58.616493	70.505277	44.349954	68.12752		
		96.660608	49.105467	91.905093	70.505277	44.349954	56.238736	34.83893	87.149578	41.972198	34.83893	41.972198	94.282851		
		198.904259	70.505277	53.86098	41.972198	65.749763	65.749763	80.016306	63.372006	30.083418	49.105467	70.505277	32.461174		
		
18:00	24.60	24201.243534	16169.539546	15532.174994	29874.105296	27405.112268	30599.594604	10466.734232	16328.881477	25430.924088	24415.306489	31189.505512	33256.606675		
		72.883034	75.260791	91.905093	51.483223	51.483223	37.216686	41.972198	89.527335	56.238736	77.638548	60.994249	30.083418		
		87.149578	22.950151	30.083418	53.86098	58.616493	72.883034	82.394063	91.905093	65.749763	56.238736	77.638548	60.994249		
		63.372006	46.72771	84.77182	53.86098	129.949224	32.461174	82.394063	75.260791	80.016306	80.016306	82.394063	94.282851		
		65.749763	22.950151	89.527335	77.638548	113.304915	96.660608	129.949224	72.883034	84.77182	37.216686	49.105467	44.349954		
		39.594442	84.77182	118.060431	87.149578	65.749763	27.705662	170.371134	75.260791	94.282851	32.461174	39.594442	84.77182		
		41.972198	39.594442	70.505277	49.105467	44.349954	84.77182	75.260791	89.527335	39.594442	68.12752	44.349954	39.594442		
		60.994249	58.616493	72.883034	51.483223	56.238736	158.482335	84.77182	60.994249	63.372006	82.394063	106.17164	77.638548		
		
19:00	24.60	22158.160364	15724.81076	13724.750889	27937.913567	26824.74346	29790.852845	8825.885555	15693.893878	22874.065993	23751.713193	30050.125049	31650.971109		
		68.12752	37.216686	99.038366	68.12752	60.994249	113.304915	68.12752	60.994249	99.038366	58.616493	53.86098	51.483223		
		22.950151	39.594442	80.016306	32.461174	49.105467	34.83893	51.483223	58.616493	84.77182	41.972198	91.905093	70.505277		
		91.905093	60.994249	49.105467	51.483223	127.571466	46.72771	87.149578	106.17164	118.060431	84.77182	37.216686	63.372006		
		58.616493	56.238736	51.483223	106.17164	77.638548	51.483223	65.749763	58.616493	144.215778	44.349954	49.105467	51.483223		
		41.972198	56.238736	101.416124	106.17164	58.616493	70.505277	89.527335	65.749763	68.12752	56.238736	65.749763	56.238736		
		103.793882	44.349954	58.616493	72.883034	80.016306	30.083418	30.083418	70.505277	60.994249	44.349954	25.327906	53.86098		
		101.416124	32.461174	87.149578	46.72771	68.12752	77.638548	87.149578	46.72771	46.72771	44.349954	25.327906	58.616493		
		
20:00	24.60	19099.579207	13608.220999	11491.687216	25637.854781	25687.80365	27485.983666	7263.543519	14019.643614	19382.600083	22895.471908	27956.942251	29591.047317		
		60.994249	68.12752	72.883034	41.972198	41.972198	91.905093	56.238736	34.83893	60.994249	65.749763	122.815948	51.483223		
		58.616493	113.304915	99.038366	58.616493	87.149578	58.616493	68.12752	27.705662	82.394063	63.372006	53.86098	51.483223		
		106.17164	68.12752	70.505277	51.483223	113.304915	41.972198	89.527335	80.016306	80.016306	39.594442	65.749763	30.083418		
		91.905093	72.883034	110.927156	96.660608	58.616493	58.616493	170.371134	84.77182	118.060431	56.238736	56.238736	75.260791		
		72.883034	60.994249	103.793882	68.12752	41.972198	56.238736	75.260791	75.260791	118.060431	63.372006	46.72771	68.12752		
		99.038366	68.12752	75.260791	77.638548	87.149578	72.883034	77.638548	34.83893	58.616493	53.86098	32.461174	60.994249		
		44.349954	60.994249	58.616493	80.016306	39.594442	160.860094	56.238736	63.372006	49.105467	137.082501	60.994249	68.12752		
		
21:00	24.60	17073.274104	13008.9271	9765.207854	24303.517986	24674.561279	24496.174865	5729.767081	13151.615717	18031.719536	21665.83031	26011.282789	26020.796901		
		72.883034	60.994249	125.193707	68.12752	82.394063	51.483223	53.86098	44.349954	51.483223	37.216686	134.704742	63.372006		
		39.594442	51.483223	68.12752	70.505277	60.994249	44.349954	65.749763	77.638548	75.260791	65.749763	70.505277	37.216686		
		75.260791	63.372006	80.016306	82.394063	141.838019	63.372006	82.394063	80.016306	65.749763	60.994249	80.016306	44.349954		
		70.505277	44.349954	75.260791	94.282851	84.77182	49.105467	82.394063	87.149578	127.571466	56.238736	108.549398	34.83893		
		37.216686	80.016306	115.682673	80.016306	80.016306	118.060431	53.86098	72.883034	99.038366	63.372006	34.83893	70.505277		
		63.372006	70.505277	70.505277	41.972198	82.394063	44.349954	49.105467	80.016306	49.105467	68.12752	56.238736	94.282851		
		77.638548	80.016306	68.12752	63.372006	101.416124	110.927156	37.216686	70.505277	70.505277	41.972198	89.527335	44.349954		
		
22:00	24.60	15061.289519	11805.596556	7850.904451	21753.831112	22429.299949	21927.454599	4410.02949	12476.225181	15515.527481	20350.58661	24405.792568	24032.372052		
		68.12752	70.505277	134.704742	51.483223	70.505277	94.282851	58.616493	106.17164	49.105467	44.349954	63.372006	51.483223		
		32.461174	68.12752	41.972198	49.105467	72.883034	68.12752	65.749763	44.349954	80.016306	53.86098	49.105467	80.016306		
		58.616493	65.749763	41.972198	60.994249	51.483223	46.72771	56.238736	70.505277	108.549398	49.105467	70.505277	77.638548		
		56.238736	70.505277	115.682673	84.77182	94.282851	203.65978	196.526498	75.260791	191.770977	39.594442	206.037541	68.12752		
		53.86098	30.083418	99.038366	49.105467	80.016306	56.238736	60.994249	56.238736	27.705662	63.372006	70.505277	129.949224		
		60.994249	68.12752	113.304915	60.994249	34.83893	53.86098	82.394063	70.505277	156.104575	53.86098	37.216686	51.483223		
		89.527335	39.594442	68.12752	49.105467	87.149578	110.927156	41.972198	75.260791	34.83893	46.72771	41.972198	82.394063		
		
23:00	24.60	12675.987985	10797.28608	7037.636616	18826.072589	21002.25981	19632.325216	3708.556206	11115.948867	13548.767038	18714.291892	21967.88752	20795.341102		
		44.349954	56.238736	91.905093	70.505277	58.616493	49.105467	68.12752	75.260791	77.638548	46.72771	53.86098	87.149578		
		49.105467	53.86098	60.994249	39.594442	53.86098	58.616493	58.616493	113.304915	80.016306	41.972198	72.883034	30.083418		
		65.749763	72.883034	60.994249	58.616493	151.349056	72.883034	106.17164	101.416124	129.949224	56.238736	122.815948	89.527335		
		87.149578	70.505277	108.549398	106.17164	129.949224	106.17164	77.638548	37.216686	115.682673	39.594442	56.238736	65.749763		
		60.994249	91.905093	56.238736	60.994249	44.349954	72.883034	51.483223	27.705662	89.527335	137.082501	30.083418	58.616493		
		51.483223	68.12752	58.616493	72.883034	72.883034	51.483223	56.238736	46.72771	148.971297	70.505277	39.594442	46.72771		
		158.482335	41.972198	96.660608	60.994249	94.282851	58.616493	39.594442	56.238736	49.105467	141.838019	37.216686	49.105467		
		
24:00	24.70	11365.648206	9253.929792	5920.001321	16897.28289	19206.60379	16645.188041	2797.839048	9534.537813	11684.313256	17177.917712	19061.526056	18105.446584		
		49.105467	63.372006	113.304915	75.260791	49.105467	96.660608	41.972198	80.016306	65.749763	63.372006	53.86098	63.372006		
		46.72771	70.505277	68.12752	87.149578	68.12752	60.994249	58.616493	56.238736	84.77182	46.72771	68.12752	44.349954		
		96.660608	60.994249	96.660608	72.883034	51.483223	99.038366	75.260791	82.394063	89.527335	34.83893	72.883034	53.86098		
		77.638548	72.883034	110.927156	72.883034	175.126654	94.282851	113.304915	39.594442	182.259935	39.594442	129.949224	80.016306		
		56.238736	51.483223	146.593538	39.594442	53.86098	60.994249	80.016306	49.105467	68.12752	65.749763	27.705662	60.994249		
		125.193707	72.883034	51.483223	39.594442	49.105467	80.016306	56.238736	51.483223	170.371134	44.349954	49.105467	46.72771		
		68.12752	63.372006	82.394063	56.238736	58.616493	41.972198	63.372006	89.527335	46.72771	51.483223	41.972198	44.349954		
		
25:00	24.60	9651.061771	8421.623656	4597.882701	14599.919569	16590.48832	14706.938135	2331.784147	9073.199724	10547.588515	15170.686908	17634.545967	15615.412614		
		72.883034	30.083418	120.43819	41.972198	63.372006	72.883034	51.483223	41.972198	53.86098	44.349954	87.149578	68.12752		
		44.349954	63.372006	49.105467	70.505277	56.238736	49.105467	49.105467	51.483223	53.86098	72.883034	34.83893	53.86098		
		82.394063	56.238736	94.282851	77.638548	37.216686	77.638548	137.082501	80.016306	56.238736	65.749763	115.682673	87.149578		
		39.594442	37.216686	151.349056	82.394063	134.704742	82.394063	96.660608	89.527335	139.46026	37.216686	53.86098	37.216686		
		41.972198	82.394063	101.416124	72.883034	72.883034	41.972198	41.972198	49.105467	44.349954	56.238736	53.86098	72.883034		
		77.638548	75.260791	49.105467	80.016306	87.149578	72.883034	72.883034	89.527335	160.860094	72.883034	60.994249	60.994249		
		53.86098	46.72771	58.616493	56.238736	44.349954	53.86098	63.372006	51.483223	41.972198	34.83893	37.216686	72.883034		
		
26:00	24.70	8652.290489	7384.820119	3951.098815	12419.150185	15553.578945	12528.543962	1784.886448	7931.75609	9710.512836	13632.002595	14659.37431	13477.422344		
		72.883034	63.372006	113.304915	56.238736	58.616493	118.060431	37.216686	84.77182	39.594442	34.83893	65.749763	63.372006		
		56.238736	58.616493	65.749763	63.372006	46.72771	60.994249	56.238736	63.372006	60.994249	32.461174	68.12752	91.905093		
		68.12752	82.394063	68.12752	60.994249	99.038366	30.083418	56.238736	96.660608	34.83893	32.461174	49.105467	49.105467		
		70.505277	77.638548	87.149578	77.638548	108.549398	232.192917	160.860094	63.372006	217.926348	37.216686	60.994249	39.594442		
		72.883034	60.994249	101.416124	87.149578	77.638548	77.638548	46.72771	63.372006	84.77182	87.149578	46.72771	51.483223		
		34.83893	82.394063	58.616493	70.505277	51.483223	53.86098	82.394063	70.505277	72.883034	63.372006	44.349954	63.372006		
		77.638548	53.86098	53.86098	60.994249	82.394063	72.883034	65.749763	46.72771	75.260791	94.282851	30.083418	84.77182		
		
27:00	24.70	7418.111767	6065.055233	3057.023816	10088.622641	13679.565809	10409.66067	1444.860633	6930.628306	7798.588727	12702.147437	12595.131552	11479.796735		
		58.616493	51.483223	56.238736	70.505277	72.883034	65.749763	49.105467	77.638548	56.238736	87.149578	58.616493	53.86098		
		58.616493	56.238736	63.372006	51.483223	27.705662	75.260791	39.594442	82.394063	53.86098	39.594442	63.372006	53.86098		
		70.505277	49.105467	51.483223	56.238736	60.994249	58.616493	91.905093	56.238736	72.883034	49.105467	84.77182	32.461174		
		49.105467	49.105467	139.46026	120.43819	65.749763	115.682673	110.927156	72.883034	70.505277	56.238736	39.594442	53.86098		
		60.994249	56.238736	122.815948	58.616493	63.372006	108.549398	94.282851	51.483223	68.12752	49.105467	60.994249	94.282851		
		53.86098	58.616493	49.105467	65.749763	34.83893	58.616493	77.638548	49.105467	191.770977	51.483223	49.105467	75.260791		
		70.505277	80.016306	120.43819	39.594442	77.638548	89.527335	84.77182	77.638548	72.883034	82.394063	70.505277	60.994249		
		
28:00	24.70	6538.265725	5239.915993	2938.131617	8129.129555	12828.188552	8968.566713	1119.10299	6029.386214	7515.608816	10678.38238	11398.94151	9986.366354		
		60.994249	58.616493	82.394063	49.105467	34.83893	84.77182	49.105467	82.394063	63.372006	70.505277	70.505277	70.505277		
		80.016306	132.326983	39.594442	58.616493	77.638548	82.394063	53.86098	89.527335	106.17164	41.972198	68.12752	58.616493		
		84.77182	58.616493	77.638548	58.616493	44.349954	49.105467	94.282851	58.616493	53.86098	25.327906	70.505277	63.372006		
		39.594442	89.527335	99.038366	94.282851	115.682673	148.971297	84.77182	63.372006	51.483223	39.594442	53.86098	58.616493		
		58.616493	60.994249	137.082501	46.72771	113.304915	89.527335	110.927156	32.461174	51.483223	49.105467	44.349954	68.12752		
		58.616493	58.616493	58.616493	53.86098	51.483223	82.394063	46.72771	46.72771	94.282851	60.994249	41.972198	118.060431		
		99.038366	72.883034	127.571466	46.72771	87.149578	110.927156	39.594442	63.372006	46.72771	60.994249	56.238736	63.372006		
		
29:00	24.60	5870.064789	4512.278651	2362.695867	7196.960365	10835.335301	7303.969032	890.835651	5632.272208	6464.549334	9215.881323	9258.685852	8478.6958		
		91.905093	56.238736	65.749763	60.994249	65.749763	63.372006	75.260791	72.883034	91.905093	77.638548	77.638548	34.83893		
		56.238736	58.616493	80.016306	91.905093	27.705662	106.17164	51.483223	63.372006	82.394063	56.238736	70.505277	46.72771		
		65.749763	68.12752	72.883034	75.260791	70.505277	77.638548	132.326983	58.616493	80.016306	89.527335	75.260791	46.72771		
		22.950151	80.016306	63.372006	129.949224	108.549398	70.505277	72.883034	56.238736	129.949224	60.994249	72.883034	44.349954		
		77.638548	75.260791	77.638548	84.77182	53.86098	63.372006	91.905093	39.594442	63.372006	49.105467	53.86098	89.527335		
		99.038366	49.105467	49.105467	56.238736	65.749763	44.349954	51.483223	60.994249	122.815948	49.105467	115.682673	139.46026		
		46.72771	75.260791	51.483223	49.105467	58.616493	194.148737	94.282851	34.83893	70.505277	70.505277	63.372006	70.505277		
		
30:00	24.70	4600.260593	3596.796623	1967.97787	5962.804087	9510.757434	6148.283006	800.48001	4700.132103	5834.395857	8281.321474	7974.559933	6997.211237		
		60.994249	72.883034	77.638548	80.016306	110.927156	80.016306	65.749763	68.12752	68.12752	41.972198	70.505277	82.394063		
		39.594442	41.972198	41.972198	65.749763	65.749763	91.905093	60.994249	77.638548	75.260791	72.883034	51.483223	44.349954		
		63.372006	72.883034	56.238736	77.638548	77.638548	68.12752	127.571466	65.749763	137.082501	63.372006	84.77182	49.105467		
		72.883034	49.105467	99.038366	77.638548	151.349056	32.461174	87.149578	60.994249	94.282851	65.749763	77.638548	94.282851		
		41.972198	84.77182	101.416124	70.505277	60.994249	84.77182	70.505277	53.86098	30.083418	94.282851	39.594442	53.86098		
		65.749763	60.994249	30.083418	51.483223	106.17164	72.883034	89.527335	68.12752	206.037541	77.638548	49.105467	91.905093		
		46.72771	80.016306	56.238736	68.12752	63.372006	87.149578	106.17164	75.260791	65.749763	72.883034	84.77182	56.238736		
		
31:00	24.70	4336.315059	3049.890279	1578.017423	4728.666843	8785.459273	5430.149069	591.235757	4001.03415	5192.357795	7261.165548	6241.022627	5981.827546		
		37.216686	51.483223	68.12752	30.083418	58.616493	94.282851	75.260791	75.260791	63.372006	68.12752	89.527335	60.994249		
		44.349954	63.372006	53.86098	34.83893	44.349954	46.72771	56.238736	51.483223	68.12752	46.72771	84.77182	56.238736		
		106.17164	63.372006	91.905093	60.994249	51.483223	56.238736	141.838019	63.372006	94.282851	41.972198	91.905093	37.216686		
		37.216686	70.505277	141.838019	60.994249	213.170825	125.193707	63.372006	41.972198	87.149578	46.72771	72.883034	99.038366		
		53.86098	63.372006	220.304109	56.238736	108.549398	44.349954	75.260791	60.994249	68.12752	82.394063	89.527335	72.883034		
		87.149578	63.372006	77.638548	44.349954	72.883034	84.77182	101.416124	110.927156	134.704742	56.238736	32.461174	65.749763		
		63.372006	51.483223	99.038366	70.505277	91.905093	141.838019	179.882174	53.86098	65.749763	51.483223	65.749763	27.705662		
		
32:00	24.80	3886.896288	2645.657558	1254.637031	3951.098815	7793.832754	4122.305806	565.080264	3520.705082	4538.435435	6388.455066	5439.660735	4819.02692		
		49.105467	84.77182	63.372006	56.238736	53.86098	32.461174	65.749763	72.883034	58.616493	68.12752	94.282851	37.216686		
		63.372006	60.994249	72.883034	89.527335	58.616493	39.594442	99.038366	58.616493	68.12752	53.86098	84.77182	53.86098		
		70.505277	60.994249	187.015455	53.86098	65.749763	68.12752	80.016306	56.238736	63.372006	72.883034	49.105467	113.304915		
		70.505277	65.749763	96.660608	75.260791	196.526498	53.86098	115.682673	75.260791	80.016306	51.483223	65.749763	120.43819		
		49.105467	34.83893	80.016306	68.12752	39.594442	51.483223	53.86098	72.883034	68.12752	58.616493	37.216686	41.972198		
		89.527335	58.616493	84.77182	58.616493	53.86098	99.038366	37.216686	80.016306	99.038366	34.83893	63.372006	106.17164		
		87.149578	75.260791	68.12752	49.105467	53.86098	75.260791	75.260791	80.016306	58.616493	68.12752	63.372006	44.349954		
		
33:00	24.80	3344.74367	2315.139379	1164.280978	3294.808745	6835.509928	3691.911152	462.836146	2850.151503	4015.301394	5489.596998	4357.716016	3898.785641		
		34.83893	56.238736	87.149578	60.994249	68.12752	82.394063	77.638548	58.616493	70.505277	56.238736	56.238736	51.483223		
		32.461174	63.372006	60.994249	94.282851	32.461174	58.616493	58.616493	58.616493	49.105467	44.349954	51.483223	65.749763		
		134.704742	58.616493	87.149578	25.327906	77.638548	44.349954	113.304915	56.238736	72.883034	49.105467	51.483223	70.505277		
		56.238736	56.238736	84.77182	56.238736	96.660608	115.682673	127.571466	68.12752	137.082501	51.483223	68.12752	41.972198		
		58.616493	32.461174	144.215778	77.638548	80.016306	77.638548	77.638548	32.461174	53.86098	58.616493	80.016306	58.616493		
		63.372006	58.616493	58.616493	60.994249	56.238736	30.083418	41.972198	77.638548	44.349954	51.483223	56.238736	27.705662		
		103.793882	58.616493	32.461174	39.594442	58.616493	106.17164	37.216686	32.461174	132.326983	53.86098	101.416124	84.77182		
		
34:00	24.80	2878.685583	2013.156337	943.146859	2664.680228	5858.175143	2885.819105	343.947801	2681.325068	3568.262287	4547.946994	3687.155423	3180.671891		
		41.972198	63.372006	87.149578	53.86098	32.461174	46.72771	91.905093	68.12752	53.86098	89.527335	58.616493	82.394063		
		82.394063	37.216686	84.77182	41.972198	41.972198	80.016306	44.349954	49.105467	80.016306	44.349954	70.505277	77.638548		
		96.660608	44.349954	87.149578	53.86098	60.994249	68.12752	63.372006	70.505277	46.72771	44.349954	56.238736	68.12752		
		82.394063	94.282851	94.282851	72.883034	99.038366	58.616493	103.793882	110.927156	106.17164	51.483223	58.616493	51.483223		
		46.72771	46.72771	63.372006	70.505277	163.237854	58.616493	22.950151	80.016306	122.815948	60.994249	41.972198	68.12752		
		70.505277	68.12752	84.77182	65.749763	53.86098	58.616493	77.638548	51.483223	56.238736	56.238736	63.372006	49.105467		
		87.149578	53.86098	63.372006	51.483223	46.72771	65.749763	37.216686	58.616493	60.994249	44.349954	46.72771	49.105467		
		
35:00	24.80	2564.811258	1727.819078	883.702308	2258.07163	5090.107764	2443.541962	439.058463	2179.603542	3280.541629	3948.720943	2788.327697	2448.297618		
		39.594442	96.660608	56.238736	99.038366	72.883034	56.238736	82.394063	77.638548	89.527335	49.105467	87.149578	39.594442		
		51.483223	49.105467	75.260791	68.12752	60.994249	82.394063	56.238736	65.749763	56.238736	68.12752	82.394063	56.238736		
		91.905093	77.638548	80.016306	63.372006	44.349954	77.638548	160.860094	120.43819	75.260791	39.594442	60.994249	51.483223		
		32.461174	80.016306	144.215778	63.372006	158.482335	96.660608	101.416124	101.416124	125.193707	49.105467	56.238736	34.83893		
		68.12752	75.260791	91.905093	113.304915	58.616493	58.616493	70.505277	56.238736	125.193707	91.905093	34.83893	82.394063		
		75.260791	80.016306	89.527335	72.883034	25.327906	49.105467	39.594442	53.86098	96.660608	58.616493	58.616493	70.505277		
		125.193707	56.238736	84.77182	51.483223	58.616493	51.483223	113.304915	84.77182	51.483223	51.483223	99.038366	51.483223		
		
36:00	24.80	2022.667597	1323.593034	762.435559	1967.97787	4300.64681	2065.468279	310.659096	2036.934488	2926.242406	3708.556206	2429.274999	2193.870462		
		41.972198	34.83893	65.749763	77.638548	65.749763	80.016306	89.527335	101.416124	41.972198	49.105467	89.527335	80.016306		
		49.105467	65.749763	39.594442	60.994249	60.994249	75.260791	51.483223	68.12752	65.749763	49.105467	68.12752	53.86098		
		101.416124	82.394063	75.260791	56.238736	44.349954	51.483223	91.905093	89.527335	60.994249	58.616493	27.705662	65.749763		
		106.17164	72.883034	132.326983	120.43819	127.571466	51.483223	75.260791	68.12752	58.616493	56.238736	72.883034	39.594442		
		70.505277	87.149578	108.549398	58.616493	44.349954	58.616493	70.505277	65.749763	75.260791	25.327906	75.260791	80.016306		
		51.483223	94.282851	58.616493	44.349954	56.238736	53.86098	80.016306	51.483223	118.060431	75.260791	53.86098	60.994249		
		103.793882	37.216686	65.749763	51.483223	89.527335	68.12752	44.349954	65.749763	49.105467	110.927156	103.793882	44.349954		
		
37:00	24.80	2041.690119	1292.681715	619.769032	1763.486179	3967.743923	1658.862726	329.681211	1685.018576	2745.526628	3028.489672	1792.019872	1677.885162		
		72.883034	46.72771	51.483223	37.216686	53.86098	68.12752	91.905093	60.994249	44.349954	32.461174	134.704742	56.238736		
		65.749763	106.17164	120.43819	75.260791	39.594442	53.86098	49.105467	110.927156	60.994249	58.616493	68.12752	49.105467		
		80.016306	63.372006	58.616493	65.749763	60.994249	68.12752	89.527335	53.86098	68.12752	49.105467	46.72771	101.416124		
		56.238736	63.372006	82.394063	87.149578	148.971297	56.238736	84.77182	41.972198	184.637695	56.238736	46.72771	127.571466		
		49.105467	46.72771	118.060431	101.416124	68.12752	94.282851	82.394063	58.616493	82.394063	72.883034	84.77182	34.83893		
		101.416124	106.17164	41.972198	53.86098	32.461174	65.749763	70.505277	58.616493	139.46026	37.216686	63.372006	51.483223		
		110.927156	37.216686	56.238736	65.749763	68.12752	148.971297	46.72771	32.461174	77.638548	32.461174	56.238736	32.461174		
		
38:00	24.80	1837.19824	1126.236355	572.21358	1451.994027	3059.401662	1268.903785	248.837252	1325.970829	2281.849854	2560.055596	1544.728205	1566.128415		
		53.86098	37.216686	75.260791	41.972198	82.394063	87.149578	70.505277	118.060431	46.72771	51.483223	137.082501	58.616493		
		75.260791	60.994249	84.77182	68.12752	65.749763	70.505277	91.905093	82.394063	77.638548	51.483223	65.749763	89.527335		
		87.149578	37.216686	103.793882	68.12752	49.105467	68.12752	110.927156	94.282851	70.505277	34.83893	60.994249	72.883034		
		72.883034	51.483223	184.637695	53.86098	75.260791	60.994249	103.793882	70.505277	120.43819	32.461174	41.972198	84.77182		
		63.372006	60.994249	99.038366	101.416124	25.327906	70.505277	91.905093	53.86098	89.527335	51.483223	58.616493	60.994249		
		70.505277	41.972198	51.483223	53.86098	63.372006	72.883034	89.527335	70.505277	156.104575	56.238736	63.372006	84.77182		
		53.86098	94.282851	53.86098	68.12752	63.372006	72.883034	103.793882	44.349954	53.86098	206.037541	51.483223	68.12752		
		
39:00	24.80	1677.885162	962.169125	448.569535	1195.192248	2567.189089	1133.369721	213.170825	1273.659371	1972.733497	2205.759563	1287.926129	1280.792749		
		34.83893	25.327906	56.238736	63.372006	77.638548	65.749763	39.594442	96.660608	65.749763	132.326983	115.682673	51.483223		
		39.594442	87.149578	60.994249	60.994249	60.994249	56.238736	34.83893	72.883034	72.883034	41.972198	96.660608	25.327906		
		91.905093	75.260791	41.972198	87.149578	44.349954	63.372006	108.549398	96.660608	58.616493	77.638548	87.149578	72.883034		
		72.883034	91.905093	282.125931	91.905093	53.86098	96.660608	103.793882	32.461174	137.082501	80.016306	65.749763	137.082501		
		84.77182	58.616493	153.726816	72.883034	39.594442	51.483223	75.260791	41.972198	84.77182	58.616493	44.349954	87.149578		
		91.905093	96.660608	49.105467	53.86098	60.994249	44.349954	87.149578	37.216686	115.682673	63.372006	63.372006	60.994249		
		51.483223	60.994249	75.260791	77.638548	41.972198	82.394063	189.393216	51.483223	34.83893	60.994249	91.905093	56.238736		
		
40:00	24.80	1404.43808	855.168938	543.680322	1038.258233	2184.359182	1133.369721	215.548586	966.924692	2017.911967	1756.352758	1140.503087	1119.10299		
		53.86098	60.994249	34.83893	53.86098	58.616493	80.016306	51.483223	70.505277	56.238736	144.215778	94.282851	49.105467		
		39.594442	53.86098	91.905093	94.282851	94.282851	103.793882	32.461174	60.994249	53.86098	39.594442	34.83893	34.83893		
		99.038366	99.038366	41.972198	75.260791	94.282851	56.238736	70.505277	68.12752	51.483223	44.349954	84.77182	82.394063		
		34.83893	106.17164	315.414624	51.483223	99.038366	113.304915	137.082501	44.349954	113.304915	68.12752	34.83893	106.17164		
		22.950151	58.616493	77.638548	125.193707	53.86098	46.72771	77.638548	49.105467	84.77182	53.86098	51.483223	75.260791		
		72.883034	60.994249	44.349954	68.12752	63.372006	72.883034	63.372006	39.594442	75.260791	72.883034	39.594442	89.527335		
		203.65978	80.016306	60.994249	37.216686	58.616493	103.793882	84.77182	63.372006	87.149578	82.394063	34.83893	44.349954		
		
41:00	24.80	1259.392615	743.413341	408.147485	1045.391591	1739.70811	769.568892	182.259935	983.569179	1730.196884	1742.085916	1014.480379	812.368904		
		39.594442	49.105467	113.304915	75.260791	56.238736	51.483223	53.86098	94.282851	51.483223	44.349954	134.704742	41.972198		
		44.349954	80.016306	99.038366	30.083418	72.883034	80.016306	82.394063	49.105467	91.905093	37.216686	51.483223	41.972198		
		110.927156	53.86098	108.549398	89.527335	41.972198	60.994249	77.638548	91.905093	96.660608	72.883034	53.86098	49.105467		
		58.616493	94.282851	99.038366	70.505277	115.682673	75.260791	113.304915	96.660608	72.883034	32.461174	46.72771	77.638548		
		46.72771	60.994249	91.905093	103.793882	91.905093	106.17164	58.616493	49.105467	134.704742	44.349954	58.616493	65.749763		
		125.193707	34.83893	37.216686	70.505277	127.571466	56.238736	46.72771	80.016306	68.12752	39.594442	70.505277	77.638548		
		163.237854	70.505277	60.994249	37.216686	94.282851	206.037541	89.527335	27.705662	46.72771	46.72771	44.349954	41.972198		
		
42:00	24.90	1161.903189	700.613366	448.569535	947.902425	1535.217002	733.902234	151.349056	850.413378	1440.105037	1475.772011	848.035598	598.369075		
		41.972198	65.749763	65.749763	53.86098	39.594442	63.372006	70.505277	82.394063	63.372006	68.12752	75.260791	41.972198		
		41.972198	77.638548	60.994249	80.016306	53.86098	91.905093	58.616493	101.416124	68.12752	72.883034	84.77182	60.994249		
		94.282851	56.238736	80.016306	58.616493	41.972198	63.372006	89.527335	34.83893	44.349954	70.505277	37.216686	46.72771		
		65.749763	63.372006	125.193707	82.394063	63.372006	30.083418	115.682673	63.372006	151.349056	99.038366	58.616493	65.749763		
		68.12752	34.83893	103.793882	65.749763	60.994249	87.149578	70.505277	65.749763	122.815948	58.616493	49.105467	115.682673		
		58.616493	77.638548	49.105467	65.749763	68.12752	72.883034	44.349954	113.304915	75.260791	46.72771	39.594442	75.260791		
		115.682673	56.238736	91.905093	63.372006	60.994249	91.905093	49.105467	58.616493	89.527335	72.883034	46.72771	49.105467		
		
43:00	24.80	897.968996	588.857985	377.23652	817.124462	1188.058877	629.280126	206.037541	712.502246	1237.992487	1195.192248	793.346674	714.880022		
		39.594442	82.394063	58.616493	103.793882	53.86098	91.905093	46.72771	30.083418	58.616493	46.72771	56.238736	51.483223		
		68.12752	77.638548	65.749763	63.372006	87.149578	108.549398	84.77182	115.682673	99.038366	56.238736	46.72771	68.12752		
		91.905093	27.705662	63.372006	87.149578	58.616493	37.216686	87.149578	87.149578	77.638548	82.394063	84.77182	68.12752		
		82.394063	56.238736	232.192917	56.238736	75.260791	72.883034	70.505277	89.527335	60.994249	65.749763	75.260791	49.105467		
		49.105467	60.994249	103.793882	151.349056	72.883034	68.12752	101.416124	49.105467	172.748894	56.238736	70.505277	60.994249		
		77.638548	70.505277	94.282851	51.483223	51.483223	60.994249	82.394063	46.72771	80.016306	37.216686	70.505277	49.105467		
		110.927156	68.12752	158.482335	37.216686	82.394063	118.060431	44.349954	51.483223	44.349954	30.083418	60.994249	30.083418		
		
44:00	24.90	966.924692	510.391533	398.636418	726.768904	1035.880448	565.080264	172.748894	655.43564	1140.503087	957.413558	612.635712	541.302551		
		49.105467	65.749763	82.394063	44.349954	56.238736	53.86098	37.216686	103.793882	118.060431	41.972198	65.749763	46.72771		
		56.238736	84.77182	82.394063	96.660608	80.016306	84.77182	60.994249	82.394063	58.616493	60.994249	41.972198	110.927156		
		82.394063	37.216686	72.883034	75.260791	51.483223	65.749763	89.527335	77.638548	65.749763	51.483223	49.105467	53.86098		
		56.238736	60.994249	236.948441	65.749763	115.682673	96.660608	56.238736	65.749763	122.815948	63.372006	49.105467	53.86098		
		75.260791	60.994249	91.905093	99.038366	65.749763	53.86098	39.594442	77.638548	65.749763	84.77182	137.082501	46.72771		
		60.994249	96.660608	70.505277	25.327906	37.216686	89.527335	41.972198	46.72771	65.749763	51.483223	51.483223	89.527335		
		101.416124	58.616493	122.815948	72.883034	72.883034	113.304915	63.372006	68.12752	39.594442	89.527335	41.972198	51.483223		
		
45:00	24.90	871.813403	529.413696	272.614878	722.013351	812.368904	603.124621	194.148737	550.813635	945.524642	940.769076	517.524844	524.658155		
		56.238736	51.483223	37.216686	84.77182	60.994249	106.17164	30.083418	99.038366	44.349954	56.238736	41.972198	51.483223		
		89.527335	87.149578	103.793882	75.260791	56.238736	41.972198	75.260791	134.704742	89.527335	56.238736	72.883034	77.638548		
		103.793882	77.638548	99.038366	84.77182	58.616493	44.349954	68.12752	58.616493	87.149578	37.216686	49.105467	51.483223		
		34.83893	75.260791	191.770977	60.994249	115.682673	58.616493	125.193707	84.77182	91.905093	84.77182	56.238736	125.193707		
		63.372006	56.238736	106.17164	56.238736	87.149578	60.994249	46.72771	63.372006	99.038366	34.83893	89.527335	49.105467		
		58.616493	75.260791	72.883034	91.905093	80.016306	80.016306	70.505277	68.12752	75.260791	41.972198	63.372006	108.549398		
		101.416124	89.527335	51.483223	39.594442	65.749763	106.17164	125.193707	41.972198	106.17164	103.793882	53.86098	113.304915		
		
46:00	24.90	686.346713	496.124914	263.103827	648.302317	714.880022	477.102759	144.215778	550.813635	933.635728	755.302227	527.035926	450.947303		
		94.282851	53.86098	89.527335	41.972198	137.082501	53.86098	44.349954	110.927156	82.394063	94.282851	96.660608	22.950151		
		84.77182	70.505277	94.282851	72.883034	63.372006	80.016306	101.416124	77.638548	77.638548	91.905093	63.372006	39.594442		
		63.372006	60.994249	60.994249	77.638548	49.105467	70.505277	39.594442	41.972198	87.149578	65.749763	84.77182	49.105467		
		58.616493	60.994249	234.570679	75.260791	163.237854	82.394063	72.883034	158.482335	115.682673	58.616493	44.349954	96.660608		
		51.483223	80.016306	115.682673	56.238736	60.994249	56.238736	49.105467	68.12752	72.883034	49.105467	34.83893	77.638548		
		77.638548	87.149578	32.461174	39.594442	56.238736	49.105467	49.105467	87.149578	108.549398	46.72771	82.394063	56.238736		
		58.616493	41.972198	58.616493	51.483223	96.660608	106.17164	46.72771	39.594442	75.260791	53.86098	72.883034	94.282851		
		
47:00	24.90	783.83556	548.435864	241.703965	519.902614	593.61353	503.258224	118.060431	472.347221	819.502241	679.213388	448.569535	431.925159		
		80.016306	89.527335	99.038366	77.638548	82.394063	110.927156	94.282851	144.215778	51.483223	39.594442	51.483223	56.238736		
		72.883034	89.527335	58.616493	56.238736	68.12752	77.638548	32.461174	60.994249	46.72771	44.349954	30.083418	51.483223		
		127.571466	49.105467	60.994249	99.038366	44.349954	87.149578	58.616493	80.016306	72.883034	49.105467	77.638548	56.238736		
		82.394063	56.238736	106.17164	46.72771	82.394063	87.149578	118.060431	68.12752	63.372006	49.105467	39.594442	58.616493		
		101.416124	20.572395	101.416124	80.016306	68.12752	80.016306	80.016306	37.216686	108.549398	70.505277	41.972198	65.749763		
		46.72771	75.260791	63.372006	60.994249	56.238736	87.149578	46.72771	132.326983	89.527335	96.660608	77.638548	89.527335		
		103.793882	30.083418	27.705662	56.238736	44.349954	68.12752	44.349954	41.972198	77.638548	56.238736	53.86098	56.238736		
		
48:00	24.90	760.057782	401.014184	284.503694	631.6579	579.346896	372.480987	139.46026	481.858298	626.902352	702.991142	381.992052	360.592158		
		65.749763	80.016306	82.394063	70.505277	87.149578	129.949224	63.372006	99.038366	56.238736	44.349954	39.594442	37.216686		
		51.483223	65.749763	58.616493	51.483223	49.105467	89.527335	120.43819	65.749763	37.216686	44.349954	37.216686	87.149578		
		75.260791	80.016306	68.12752	41.972198	49.105467	34.83893	87.149578	77.638548	72.883034	77.638548	60.994249	53.86098		
		53.86098	37.216686	141.838019	82.394063	172.748894	68.12752	101.416124	53.86098	34.83893	46.72771	46.72771	146.593538		
		49.105467	51.483223	158.482335	58.616493	72.883034	60.994249	51.483223	46.72771	75.260791	101.416124	39.594442	68.12752		
		56.238736	70.505277	46.72771	60.994249	56.238736	53.86098	96.660608	53.86098	99.038366	58.616493	94.282851	51.483223		
		89.527335	34.83893	53.86098	34.83893	84.77182	82.394063	56.238736	72.883034	44.349954	60.994249	30.083418	60.994249		
		
49:00	24.90	593.61353	458.080609	260.726064	536.547009	522.280385	381.992052	125.193707	367.725456	560.324721	517.524844	315.414624	327.303446		
		72.883034	60.994249	44.349954	75.260791	80.016306	80.016306	27.705662	63.372006	39.594442	46.72771	46.72771	63.372006		
		70.505277	58.616493	60.994249	44.349954	60.994249	53.86098	39.594442	39.594442	56.238736	82.394063	87.149578	37.216686		
		56.238736	58.616493	75.260791	75.260791	32.461174	53.86098	56.238736	118.060431	70.505277	84.77182	70.505277	70.505277		
		89.527335	118.060431	89.527335	70.505277	63.372006	41.972198	118.060431	39.594442	41.972198	37.216686	82.394063	118.060431		
		46.72771	41.972198	101.416124	82.394063	68.12752	41.972198	60.994249	49.105467	122.815948	91.905093	72.883034	82.394063		
		82.394063	53.86098	51.483223	82.394063	63.372006	65.749763	72.883034	106.17164	72.883034	44.349954	63.372006	51.483223		
		58.616493	32.461174	44.349954	44.349954	75.260791	137.082501	41.972198	77.638548	53.86098	32.461174	87.149578	68.12752		
		
~End
Original Filename: Data 03-29-19-173257.pda   Date Last Saved: 3/29/2019
