##BLOCKS= 1          
Plate:	Plate#1	1.3	PlateFormat	Kinetic	Luminescence	Raw	FALSE	50	3000	60				1	450	1	12	96	405	Automatic	435			6	Automatic			1	8	None	
Time(hh:mm:ss)	Temperature(¡C)	1	2	3	4	5	6	7	8	9	10	11	12		
0:00	23.40	5413.947331	15246.533059	8151.386725	4035.813812	4682.86096	5596.720105	3823.634056	3437.090395	11321.73871	6252.184973	5191.259302	4682.86096		
		794.364809	552.785125	349.018555	273.393998	210.373595	153.655281	86.433635	86.433635	103.23904	67.527558	61.225534	90.634986		
		924.608112	470.858289	269.192636	250.28651	103.23904	180.964093	107.440392	90.634986	82.232284	86.433635	84.332959	71.728908		
		909.903211	433.045935	229.27971	172.561381	151.554604	153.655281	92.735661	103.23904	71.728908	69.628233	63.326208	94.836337		
		556.986504	336.414456	250.28651	197.769522	149.453926	168.360025	80.131608	88.53431	78.030933	120.04445	75.930258	63.326208		
		617.906524	367.924707	212.474275	180.964093	96.937013	141.051218	143.151895	120.04445	124.245803	42.319464	71.728908	63.326208		
		746.048806	386.830864	264.991274	197.769522	143.151895	120.04445	145.252572	78.030933	94.836337	99.037688	103.23904	82.232284		
		632.611364	279.696041	174.662059	136.849864	153.655281	128.447156	107.440392	103.23904	107.440392	69.628233	69.628233	65.426883		
		
1:00	23.60	4250.095004	14704.444641	6298.403879	3481.206684	3960.185311	4790.002456	3363.563307	3115.672547	9985.509408	6079.914772	4508.493776	3861.448224		
		54.92351	57.024184	54.92351	57.024184	57.024184	84.332959	65.426883	59.124859	40.21879	31.816094	59.124859	44.420138		
		69.628233	75.930258	40.21879	80.131608	63.326208	67.527558	52.822835	52.822835	46.520812	46.520812	44.420138	46.520812		
		78.030933	65.426883	59.124859	57.024184	52.822835	46.520812	50.722161	33.916768	59.124859	52.822835	50.722161	61.225534		
		61.225534	69.628233	38.118115	71.728908	57.024184	67.527558	75.930258	63.326208	50.722161	50.722161	80.131608	73.829583		
		46.520812	61.225534	54.92351	69.628233	48.621486	36.017441	69.628233	94.836337	57.024184	50.722161	44.420138	65.426883		
		61.225534	82.232284	50.722161	78.030933	61.225534	73.829583	40.21879	57.024184	54.92351	33.916768	52.822835	71.728908		
		88.53431	59.124859	46.520812	46.520812	88.53431	44.420138	40.21879	52.822835	44.420138	52.822835	38.118115	57.024184		
		
2:00	23.80	3653.470554	12588.658683	5399.241496	2981.223685	3363.563307	4096.73683	3420.284197	2682.916184	8850.994919	5871.930576	3825.734843	3420.284197		
		46.520812	69.628233	42.319464	44.420138	38.118115	42.319464	42.319464	48.621486	36.017441	33.916768	33.916768	73.829583		
		94.836337	57.024184	33.916768	38.118115	38.118115	84.332959	40.21879	78.030933	54.92351	57.024184	27.614746	44.420138		
		57.024184	42.319464	61.225534	29.71542	42.319464	48.621486	69.628233	33.916768	42.319464	36.017441	48.621486	57.024184		
		52.822835	42.319464	65.426883	42.319464	61.225534	52.822835	46.520812	31.816094	27.614746	40.21879	63.326208	27.614746		
		44.420138	71.728908	50.722161	44.420138	46.520812	42.319464	31.816094	42.319464	44.420138	33.916768	44.420138	36.017441		
		59.124859	42.319464	42.319464	54.92351	44.420138	69.628233	48.621486	73.829583	48.621486	57.024184	36.017441	31.816094		
		44.420138	33.916768	67.527558	63.326208	57.024184	46.520812	50.722161	44.420138	54.92351	44.420138	52.822835	50.722161		
		
3:00	24.00	2846.775078	11851.195042	4792.103271	2506.453185	3025.339689	3621.958839	3008.533589	2348.897308	7397.162223	5401.34233	3126.176375	3134.579439		
		67.527558	44.420138	44.420138	44.420138	59.124859	99.037688	40.21879	40.21879	48.621486	52.822835	52.822835	52.822835		
		420.441822	80.131608	36.017441	84.332959	67.527558	460.354855	63.326208	75.930258	69.628233	44.420138	65.426883	69.628233		
		50.722161	44.420138	23.413399	40.21879	29.71542	29.71542	42.319464	36.017441	44.420138	46.520812	42.319464	31.816094		
		80.131608	48.621486	50.722161	204.071558	54.92351	107.440392	57.024184	94.836337	36.017441	46.520812	44.420138	52.822835		
		59.124859	50.722161	44.420138	67.527558	57.024184	25.514072	46.520812	73.829583	38.118115	42.319464	33.916768	31.816094		
		54.92351	59.124859	48.621486	67.527558	78.030933	46.520812	115.843097	44.420138	65.426883	48.621486	54.92351	84.332959		
		38.118115	48.621486	46.520812	48.621486	48.621486	52.822835	31.816094	52.822835	75.930258	31.816094	42.319464	52.822835		
		
4:00	24.20	2716.528234	10653.620902	4292.111	2098.90937	2573.677133	3269.028593	2531.662158	1890.936885	6086.217333	4764.792677	2766.946339	2548.468145		
		138.950541	50.722161	61.225534	126.34648	67.527558	508.670663	57.024184	54.92351	57.024184	31.816094	57.024184	36.017441		
		1258.620259	178.863415	63.326208	252.387191	166.259347	1283.828787	75.930258	96.937013	48.621486	61.225534	63.326208	124.245803		
		50.722161	54.92351	42.319464	50.722161	44.420138	42.319464	42.319464	23.413399	27.614746	50.722161	42.319464	61.225534		
		174.662059	63.326208	67.527558	746.048806	220.876992	153.655281	67.527558	172.561381	48.621486	61.225534	69.628233	46.520812		
		31.816094	67.527558	50.722161	52.822835	40.21879	50.722161	69.628233	38.118115	54.92351	42.319464	67.527558	29.71542		
		174.662059	86.433635	57.024184	115.843097	164.158669	75.930258	250.28651	38.118115	65.426883	46.520812	65.426883	124.245803		
		48.621486	61.225534	33.916768	48.621486	128.447156	33.916768	46.520812	48.621486	52.822835	40.21879	40.21879	50.722161		
		
5:00	24.40	2241.759512	9086.300131	3640.865866	1882.533969	2285.875055	2750.1403	2350.99805	1766.993978	4928.656396	4516.897004	2277.472092	2283.774314		
		229.27971	50.722161	65.426883	290.199448	84.332959	1168.289774	42.319464	40.21879	50.722161	73.829583	54.92351	36.017441		
		2098.90937	237.68243	96.937013	428.844564	283.897404	1693.468627	134.749187	227.179031	61.225534	69.628233	75.930258	241.88379		
		48.621486	36.017441	54.92351	50.722161	59.124859	44.420138	40.21879	38.118115	50.722161	40.21879	44.420138	33.916768		
		336.414456	105.339716	40.21879	1199.800396	496.066536	229.27971	86.433635	395.233602	40.21879	48.621486	82.232284	54.92351		
		23.413399	40.21879	36.017441	40.21879	46.520812	50.722161	59.124859	44.420138	57.024184	48.621486	38.118115	46.520812		
		531.778235	90.634986	92.735661	237.68243	248.18583	90.634986	569.590641	187.266129	86.433635	82.232284	216.675633	456.153482		
		38.118115	36.017441	31.816094	57.024184	141.051218	52.822835	50.722161	69.628233	57.024184	48.621486	44.420138	38.118115		
		
6:00	24.50	2012.779276	7733.305854	3082.060307	1580.029664	1985.469757	2191.341781	2386.710686	1525.41097	3754.308135	3974.890847	2067.398348	2012.779276		
		470.858289	52.822835	75.930258	523.375481	136.849864	1764.893252	65.426883	54.92351	50.722161	78.030933	44.420138	59.124859		
		2628.296637	422.542507	147.353249	714.538387	338.515139	2374.106224	349.018555	317.508313	82.232284	84.332959	109.541068	615.805833		
		54.92351	40.21879	44.420138	42.319464	38.118115	63.326208	29.71542	33.916768	40.21879	46.520812	36.017441	84.332959		
		605.302377	134.749187	59.124859	1739.684553	668.323132	365.824023	122.145126	767.05576	71.728908	57.024184	103.23904	94.836337		
		46.520812	50.722161	54.92351	27.614746	61.225534	67.527558	52.822835	33.916768	33.916768	46.520812	42.319464	57.024184		
		968.722833	149.453926	218.776312	466.656915	414.139766	225.078351	1088.46293	496.066536	120.04445	180.964093	895.198313	1409.871562		
		42.319464	33.916768	44.420138	40.21879	113.742421	42.319464	44.420138	50.722161	46.520812	31.816094	36.017441	42.319464		
		
7:00	24.50	1703.972244	6823.620842	2750.1403	1449.785154	1699.770797	1886.735427	2157.729981	1155.68553	3035.843504	3353.059444	1640.950566	1703.972244		
		865.788526	63.326208	164.158669	1159.886945	233.48107	2542.165899	80.131608	57.024184	54.92351	48.621486	63.326208	86.433635		
		3611.454937	594.798924	283.897404	1248.116709	361.622655	2512.755427	571.691331	529.677546	130.547833	166.259347	298.602174	1246.015999		
		38.118115	40.21879	36.017441	36.017441	42.319464	42.319464	46.520812	52.822835	38.118115	36.017441	31.816094	36.017441		
		888.896215	185.16545	94.836337	2913.999349	737.646027	483.462411	199.8702	1260.72097	136.849864	141.051218	216.675633	187.266129		
		31.816094	36.017441	61.225534	57.024184	109.541068	54.92351	36.017441	54.92351	84.332959	40.21879	54.92351	69.628233		
		2176.636617	290.199448	321.709678	830.076659	613.705141	403.636341	1403.569418	1042.24743	176.762737	325.911043	2082.10349	2825.767506		
		36.017441	40.21879	31.816094	59.124859	78.030933	36.017441	38.118115	52.822835	84.332959	25.514072	38.118115	57.024184		
		
8:00	24.60	1575.828225	5787.89673	2311.083949	1206.102522	1485.497335	1756.490351	1947.656593	1023.341098	2485.445714	3168.191703	1298.533766	1521.209533		
		1472.893034	103.23904	288.098766	2021.182208	208.272916	3128.277141	103.23904	90.634986	63.326208	65.426883	90.634986	115.843097		
		4848.825306	1132.577754	351.119238	2006.477079	479.261037	3058.951902	1096.865752	785.962024	141.051218	271.293317	680.927289	2458.136012		
		59.124859	46.520812	46.520812	40.21879	40.21879	38.118115	29.71542	75.930258	42.319464	63.326208	40.21879	31.816094		
		1319.540884	180.964093	210.373595	3735.401078	785.962024	626.309289	246.08515	1699.770797	132.64851	208.272916	454.052796	454.052796		
		42.319464	36.017441	59.124859	46.520812	138.950541	61.225534	80.131608	42.319464	38.118115	38.118115	38.118115	36.017441		
		3388.772586	546.483057	584.295472	1640.950566	846.882241	655.718976	1834.217222	1479.195184	304.90422	638.913439	3554.733894	4363.538251		
		50.722161	38.118115	48.621486	42.319464	63.326208	107.440392	44.420138	50.722161	33.916768	42.319464	42.319464	54.92351		
		
9:00	24.70	1319.540884	5082.016375	1951.858054	1248.116709	1283.828787	1472.893034	2082.10349	798.566202	1935.052209	2607.28913	1046.448838	1267.023101		
		2483.344967	151.554604	540.18099	2899.294034	418.341136	3897.161622	101.138364	128.447156	65.426883	92.735661	92.735661	136.849864		
		6514.792795	1701.87152	498.167224	2823.666749	727.142553	3668.176025	1609.439748	1182.994729	212.474275	407.837711	1101.067163	3926.57267		
		33.916768	33.916768	65.426883	46.520812	36.017441	25.514072	50.722161	59.124859	48.621486	44.420138	27.614746	46.520812		
		1893.037614	336.414456	229.27971	5624.03102	922.507412	907.802511	237.68243	2300.580242	193.568164	330.112408	798.566202	878.392719		
		38.118115	44.420138	33.916768	73.829583	73.829583	65.426883	33.916768	59.124859	36.017441	50.722161	84.332959	40.21879		
		5321.510706	760.753673	939.313016	2813.162966	933.010914	1119.973516	2661.908661	2231.255815	475.059663	865.788526	5069.411433	6596.726636		
		63.326208	50.722161	48.621486	48.621486	50.722161	46.520812	50.722161	59.124859	54.92351	57.024184	27.614746	36.017441		
		
10:00	24.70	1103.167869	4203.877437	1664.058508	1080.06011	1264.92239	1273.325233	1806.907771	737.646027	1691.367904	2607.28913	901.500412	1248.116709		
		3365.66408	199.8702	918.306011	3832.037203	454.052796	4445.469598	178.863415	141.051218	84.332959	69.628233	128.447156	201.970879		
		8275.340825	2174.535879	750.250197	3968.588474	874.191321	4226.986217	2098.90937	1474.99375	334.313773	729.243248	1701.87152	5518.989097		
		63.326208	57.024184	48.621486	38.118115	42.319464	36.017441	40.21879	40.21879	48.621486	25.514072	42.319464	54.92351		
		2792.155404	401.535656	399.434971	6964.379651	975.024939	1073.757995	269.192636	3023.238927	168.360025	460.354855	1182.994729	1298.533766		
		27.614746	71.728908	38.118115	31.816094	31.816094	59.124859	46.520812	29.71542	38.118115	50.722161	36.017441	42.319464		
		7271.108773	1031.743912	1180.894021	4271.102999	1229.210321	1504.403791	3290.036296	2998.029778	762.854369	1264.92239	6819.419091	8695.525833		
		63.326208	63.326208	46.520812	69.628233	44.420138	48.621486	52.822835	44.420138	67.527558	48.621486	29.71542	38.118115		
		
11:00	24.80	1035.945319	3813.130124	1470.792317	1061.153768	1101.067163	1117.87281	1722.878758	691.430756	1256.519549	1926.649288	794.364809	1157.786237		
		4413.95753	370.025391	1174.591898	5004.285933	512.872039	4832.018773	220.876992	151.554604	73.829583	71.728908	130.547833	267.091955		
		10096.860885	3008.533589	1119.973516	5033.697442	1281.728076	4550.509925	2535.863654	1840.519405	409.938396	941.413717	2224.953598	7317.328345		
		65.426883	46.520812	46.520812	75.930258	42.319464	38.118115	29.71542	96.937013	36.017441	75.930258	42.319464	31.816094		
		3388.772586	504.469287	550.684436	8653.50722	941.413717	1323.742308	462.455542	3863.549011	168.360025	647.316207	1428.777998	1632.54768		
		44.420138	44.420138	48.621486	54.92351	33.916768	36.017441	46.520812	73.829583	33.916768	38.118115	31.816094	42.319464		
		9071.593532	1754.389626	1472.893034	5785.795886	1407.770847	1914.044908	4153.458308	3621.958839	823.774566	1832.116495	9327.908977	10348.978086		
		50.722161	33.916768	57.024184	57.024184	99.037688	33.916768	59.124859	46.520812	52.822835	63.326208	73.829583	33.916768		
		
12:00	24.90	899.399712	3184.997842	1344.749434	964.52143	890.996914	1073.757995	1695.56935	611.60445	1075.8587	1655.655619	699.83353	1094.765046		
		5605.123462	472.958976	1855.224499	5989.578127	722.941164	6124.03271	264.991274	168.360025	96.937013	73.829583	183.064772	418.341136		
		11626.385718	3773.215198	1325.843021	6437.060778	1531.713125	5418.148999	3245.920126	2174.535879	391.032233	1199.800396	3042.145794	9025.372813		
		59.124859	50.722161	63.326208	44.420138	36.017441	42.319464	29.71542	75.930258	44.420138	33.916768	46.520812	46.520812		
		4205.978235	622.107906	594.798924	10204.010585	1010.736879	1643.051288	439.347993	4317.32061	191.467486	989.729853	2052.693209	2214.449903		
		29.71542	48.621486	46.520812	54.92351	59.124859	59.124859	36.017441	61.225534	44.420138	54.92351	50.722161	42.319464		
		11071.719043	2363.602508	2040.088807	7027.406075	1817.411405	2579.979381	4724.877214	4355.135041	1233.41174	2250.16247	10985.578018	12195.763991		
		31.816094	31.816094	33.916768	59.124859	92.735661	73.829583	86.433635	48.621486	69.628233	33.916768	61.225534	40.21879		
		
13:00	24.90	762.854369	2785.853137	1069.556586	897.299013	800.666899	897.299013	1548.518874	632.611364	836.378752	1590.533264	582.194782	1014.938285		
		6905.55504	727.142553	2290.076537	7277.41144	920.406711	6298.403879	328.011725	216.675633	82.232284	88.53431	258.689232	443.549365		
		13601.370576	4624.038248	1552.720312	7659.774298	1985.469757	6010.586638	3806.827766	2571.576383	445.650051	1584.231104	3932.875039	10332.170244		
		48.621486	46.520812	44.420138	54.92351	54.92351	31.816094	42.319464	65.426883	69.628233	75.930258	31.816094	50.722161		
		5035.798264	794.364809	827.975961	12439.484505	996.031961	1932.951479	498.167224	5329.91403	183.064772	1174.591898	2203.946211	2659.807909		
		59.124859	31.816094	80.131608	54.92351	50.722161	59.124859	48.621486	63.326208	46.520812	42.319464	50.722161	29.71542		
		12872.300593	2787.953893	2479.143474	8695.525833	2107.312311	2741.737282	5712.266355	5258.485803	1411.972277	2491.747955	12536.132528	13660.200758		
		80.131608	48.621486	59.124859	57.024184	151.554604	40.21879	75.930258	65.426883	42.319464	27.614746	36.017441	33.916768		
		
14:00	24.90	695.632143	2262.76691	1021.240395	783.861328	825.875264	924.608112	1243.915289	535.979612	788.06272	1182.994729	470.858289	800.666899		
		7596.747311	903.601111	2962.316834	8561.066359	924.608112	6997.993737	325.911043	271.293317	65.426883	105.339716	315.407631	554.885814		
		15328.477019	5367.729003	2201.845472	8794.269672	2138.823351	7048.414895	4180.768665	2600.98688	441.448679	1932.951479	4390.848689	11164.163186		
		36.017441	42.319464	42.319464	44.420138	33.916768	38.118115	38.118115	52.822835	42.319464	38.118115	25.514072	48.621486		
		6153.444684	924.608112	1052.75095	13452.194262	1029.643208	2317.386174	609.503759	5989.578127	229.27971	1464.490168	2418.22185	2958.115312		
		48.621486	46.520812	42.319464	48.621486	40.21879	57.024184	33.916768	52.822835	65.426883	40.21879	54.92351	42.319464		
		14099.327594	3451.795822	2886.689481	9598.932056	2176.636617	3199.703216	6224.873816	5594.619266	1752.288901	3132.478673	14046.800317	14635.10805		
		40.21879	33.916768	46.520812	88.53431	57.024184	42.319464	59.124859	52.822835	42.319464	36.017441	33.916768	42.319464		
		
15:00	25.00	659.920361	2008.577811	762.854369	680.927289	706.135611	716.639082	1407.770847	605.302377	470.858289	1042.24743	407.837711	840.580147		
		8521.148751	1166.189067	3663.974462	8867.802408	1302.735189	7258.503441	388.931548	229.27971	88.53431	138.950541	370.025391	670.423825		
		16574.457134	6292.101299	2203.946211	9987.610378	2552.669642	7926.589165	4829.917956	2911.89859	405.737026	2357.300279	4672.356901	11817.578649		
		44.420138	33.916768	52.822835	29.71542	52.822835	27.614746	57.024184	52.822835	50.722161	31.816094	54.92351	31.816094		
		6817.318216	1193.49827	1235.51245	14288.426115	1075.8587	2617.792883	533.878924	6682.862313	281.796722	1817.411405	2775.34936	3277.431674		
		61.225534	42.319464	46.520812	46.520812	38.118115	31.816094	46.520812	42.319464	38.118115	42.319464	36.017441	27.614746		
		15099.454396	3811.029338	3227.013205	10672.52981	2617.792883	3867.750587	6987.489333	5888.737357	2092.607164	3642.966647	14857.825826	15126.768981		
		27.614746	31.816094	46.520812	44.420138	44.420138	48.621486	54.92351	59.124859	46.520812	36.017441	33.916768	50.722161		
		
16:00	24.90	550.684436	1781.699057	685.128676	712.437693	632.611364	687.229369	1239.713869	485.563099	424.643193	920.406711	342.716505	668.323132		
		8829.985563	1437.18086	4235.389411	9601.033014	1365.756565	7787.929345	462.455542	328.011725	59.124859	92.735661	384.730179	651.517592		
		17341.386671	6895.050651	2632.498139	11664.204059	2609.389881	8720.737013	5245.880829	3224.912436	437.247307	2926.603907	4976.975258	12052.893735		
		31.816094	46.520812	40.21879	29.71542	59.124859	42.319464	40.21879	46.520812	52.822835	71.728908	48.621486	29.71542		
		7004.29638	1395.16656	1302.735189	15109.960004	1025.441801	2825.767506	655.718976	6945.471735	273.393998	2094.707899	2970.719878	3434.98962		
		42.319464	31.816094	40.21879	59.124859	50.722161	40.21879	105.339716	52.822835	44.420138	63.326208	50.722161	50.722161		
		15151.982455	4384.54628	3726.997943	11504.526757	2880.387206	3878.254527	7220.687456	6268.991845	2344.695822	3981.19322	15177.195937	15698.276583		
		52.822835	40.21879	29.71542	44.420138	42.319464	31.816094	61.225534	59.124859	27.614746	29.71542	40.21879	50.722161		
		
17:00	25.10	462.455542	1416.173707	628.409981	626.309289	584.295472	678.826596	1140.980581	517.073416	393.132917	750.250197	298.602174	659.920361		
		8932.931466	1874.131054	4773.195936	10168.294001	1378.360847	8552.66265	472.958976	281.796722	78.030933	197.769522	454.052796	664.121746		
		17839.370031	7077.827254	2958.115312	12292.411681	2865.681898	9456.067047	5561.005848	3098.866425	407.837711	3281.633214	5428.653169	11905.821714		
		50.722161	46.520812	50.722161	61.225534	59.124859	31.816094	54.92351	50.722161	90.634986	46.520812	48.621486	36.017441		
		6819.419091	1559.022469	1550.619593	14454.413011	1010.736879	3340.45481	584.295472	7231.191894	275.494679	2199.744734	2941.309228	3731.19951		
		36.017441	48.621486	57.024184	78.030933	31.816094	86.433635	36.017441	86.433635	52.822835	50.722161	48.621486	54.92351		
		15410.421074	5103.024617	3918.169512	11729.335694	2703.923713	3989.596385	7617.7563	6445.464236	2573.677133	4430.763965	15336.881533	15284.353337		
		46.520812	31.816094	33.916768	88.53431	38.118115	40.21879	52.822835	82.232284	42.319464	40.21879	50.722161	38.118115		
		
18:00	25.20	449.851423	1225.008903	580.094091	706.135611	586.396162	691.430756	1065.355177	504.469287	338.515139	685.128676	281.796722	550.684436		
		9258.577658	1991.771952	5224.872545	10035.932697	1540.115999	8752.251	523.375481	344.817188	69.628233	235.58175	489.764474	760.753673		
		17545.202222	7956.001889	2932.906187	13876.612208	2706.024467	10292.251637	5920.250082	3430.78807	468.757602	3588.346359	5609.325141	11842.790942		
		42.319464	46.520812	33.916768	40.21879	48.621486	52.822835	46.520812	40.21879	44.420138	59.124859	50.722161	73.829583		
		6668.156215	1857.325227	1907.742719	14540.558263	890.996914	3617.757278	651.517592	7600.949108	290.199448	2315.285433	3130.377907	3479.105908		
		33.916768	67.527558	63.326208	46.520812	82.232284	78.030933	38.118115	101.138364	59.124859	52.822835	36.017441	40.21879		
		15383.106379	5210.166749	4042.116191	11657.901001	3203.904752	4182.869462	7743.810368	6645.046637	2995.929016	4355.135041	15042.724135	15105.757761		
		46.520812	73.829583	54.92351	82.232284	63.326208	61.225534	48.621486	54.92351	38.118115	82.232284	36.017441	36.017441		
		
19:00	25.20	393.132917	1168.289774	491.865161	577.993401	548.583746	599.000305	924.608112	365.824023	325.911043	531.778235	285.998085	458.254169		
		9449.764186	2239.658772	5487.476551	9951.893902	1638.849845	9082.098245	590.597543	332.213091	54.92351	264.991274	510.771351	764.955064		
		17061.929192	8468.625619	3163.990169	14078.316679	2821.565993	10540.167562	6653.450119	3588.346359	502.368599	3995.89876	5518.989097	11044.406023		
		71.728908	38.118115	57.024184	52.822835	54.92351	23.413399	38.118115	36.017441	36.017441	29.71542	50.722161	46.520812		
		6416.05214	2161.931455	1771.195429	14036.294867	737.646027	3695.486195	783.861328	7424.473833	237.68243	2441.330046	3365.66408	3687.083065		
		42.319464	38.118115	59.124859	52.822835	71.728908	71.728908	59.124859	40.21879	44.420138	63.326208	31.816094	36.017441		
		15261.240943	5342.519019	4306.816605	11372.162952	3193.400912	4262.6998	7817.342011	6497.985866	3012.735114	4548.409117	14809.500211	13908.128493		
		31.816094	78.030933	48.621486	88.53431	40.21879	44.420138	40.21879	88.53431	75.930258	40.21879	61.225534	50.722161		
		
20:00	25.20	309.105584	855.285034	388.931548	477.16035	485.563099	445.650051	878.392719	338.515139	204.071558	462.455542	201.970879	483.462411		
		9483.379453	2285.875055	5596.720105	9911.97551	1651.454175	8754.351933	643.114823	325.911043	75.930258	252.387191	456.153482	748.149501		
		16956.870275	8329.964735	3121.974844	14441.806398	2787.953893	10399.401634	6617.735328	3548.431559	441.448679	4403.453511	5390.838163	10571.68236		
		52.822835	57.024184	31.816094	29.71542	44.420138	40.21879	61.225534	52.822835	46.520812	29.71542	36.017441	36.017441		
		6338.320231	2197.643996	2080.002755	13200.065995	691.430756	3949.681359	735.545332	7311.025675	277.59536	2533.762906	3298.439379	3432.888845		
		27.614746	65.426883	65.426883	40.21879	44.420138	40.21879	48.621486	59.124859	50.722161	40.21879	40.21879	52.822835		
		13908.128493	5493.779059	4084.132063	10764.973432	3300.54015	3953.88294	7378.254191	6726.980628	3069.455722	4916.051482	14382.975565	13025.677804		
		50.722161	67.527558	59.124859	57.024184	44.420138	50.722161	38.118115	44.420138	44.420138	67.527558	59.124859	40.21879		
		
21:00	25.30	258.689232	859.486431	433.045935	441.448679	428.844564	456.153482	714.538387	370.025391	296.501493	407.837711	201.970879	445.650051		
		9019.06999	2495.949449	5502.182404	9233.366287	1769.094703	8523.249678	622.107906	367.924707	99.037688	317.508313	470.858289	888.896215		
		15118.364492	8174.496795	3027.440452	14139.248351	2794.25616	9886.763905	6714.375393	3693.385413	409.938396	4588.324482	5458.064854	9592.629182		
		48.621486	40.21879	31.816094	54.92351	52.822835	44.420138	27.614746	54.92351	40.21879	46.520812	42.319464	27.614746		
		5920.250082	2199.744734	2027.484407	12199.966062	668.323132	3838.339563	714.538387	7065.221956	260.789913	2443.430792	3302.640921	3449.695046		
		63.326208	36.017441	31.816094	63.326208	40.21879	36.017441	46.520812	65.426883	36.017441	54.92351	44.420138	88.53431		
		13164.347897	5403.443163	4044.216984	10430.916369	3374.067172	3680.780718	7308.924785	6592.524898	3046.34732	4895.043295	13134.933006	12069.701985		
		48.621486	54.92351	46.520812	44.420138	63.326208	33.916768	48.621486	44.420138	40.21879	25.514072	40.21879	44.420138		
		
22:00	25.30	279.696041	758.652978	311.206266	416.240451	388.931548	435.146621	809.069686	271.293317	250.28651	349.018555	136.849864	401.535656		
		8237.524297	2565.274136	5586.21591	8825.783692	1821.612859	8052.643784	599.000305	279.696041	128.447156	309.105584	487.663786	836.378752		
		14906.151474	7546.325762	2920.301628	13899.724149	2609.389881	9353.120382	6783.704216	3577.842462	357.421288	4979.076079	5247.981658	8783.765002		
		38.118115	36.017441	50.722161	48.621486	31.816094	33.916768	27.614746	59.124859	36.017441	42.319464	38.118115	46.520812		
		5533.694957	2264.86765	1979.167561	11000.285014	668.323132	3756.40892	903.601111	6823.620842	378.428127	2664.009413	3124.075609	3142.982503		
		38.118115	65.426883	54.92351	33.916768	71.728908	65.426883	42.319464	82.232284	42.319464	50.722161	27.614746	31.816094		
		11712.527524	5315.208213	4140.853531	9512.792825	3264.827053	3548.431559	6743.787612	6701.770159	2817.364479	4645.046354	12233.582636	10941.457045		
		40.21879	31.816094	52.822835	61.225534	67.527558	44.420138	38.118115	44.420138	48.621486	38.118115	38.118115	31.816094		
		
23:00	25.30	248.18583	695.632143	216.675633	357.421288	338.515139	401.535656	611.60445	334.313773	187.266129	359.521972	113.742421	292.300129		
		8435.010834	2621.994385	5315.208213	8504.341345	1792.202687	7781.626632	596.899614	340.615822	103.23904	340.615822	510.771351	853.184336		
		13095.012816	7348.841707	2643.001896	13139.135132	2260.66617	8712.333285	6647.147507	3132.478673	399.434971	5010.588398	4932.858035	7794.232058		
		42.319464	31.816094	48.621486	57.024184	59.124859	57.024184	36.017441	63.326208	27.614746	57.024184	40.21879	59.124859		
		4821.514691	2201.845472	2058.995411	9941.38906	567.489952	3651.369772	966.622132	6300.504739	267.091955	2481.244221	2911.89859	2869.883414		
		57.024184	48.621486	36.017441	42.319464	44.420138	31.816094	29.71542	57.024184	46.520812	46.520812	40.21879	46.520812		
		10760.771446	5061.008139	3853.045074	8537.956162	3210.207057	3563.137009	5823.611102	6222.772958	2748.039545	4031.612227	10928.851058	9529.600471		
		38.118115	50.722161	40.21879	42.319464	31.816094	50.722161	57.024184	54.92351	57.024184	38.118115	36.017441	29.71542		
		
24:00	25.30	277.59536	659.920361	233.48107	342.716505	321.709678	355.320605	603.201687	218.776312	151.554604	248.18583	117.943773	269.192636		
		7899.277361	2745.938791	5187.057648	7548.426659	1802.706318	7124.046699	512.872039	307.004902	170.460703	382.629495	483.462411	918.306011		
		11720.931608	6934.96734	2579.979381	12235.683673	2212.349165	7689.186911	6376.135744	3304.741692	313.306948	4882.438386	4720.675587	6701.770159		
		44.420138	40.21879	40.21879	31.816094	63.326208	57.024184	61.225534	44.420138	50.722161	25.514072	31.816094	46.520812		
		4189.171854	2233.356554	2008.577811	8834.187433	550.684436	3464.400476	1014.938285	6008.485787	294.400811	2254.36395	2695.520701	2582.080131		
		67.527558	59.124859	48.621486	36.017441	86.433635	50.722161	82.232284	46.520812	36.017441	42.319464	44.420138	31.816094		
		8850.994919	4405.554314	3590.447138	7899.277361	3266.927823	3040.04503	5140.839469	5997.981531	2510.65468	3897.161622	10113.668671	8313.157374		
		50.722161	44.420138	50.722161	42.319464	63.326208	61.225534	40.21879	36.017441	52.822835	33.916768	36.017441	27.614746		
		
25:00	25.30	239.783109	546.483057	267.091955	315.407631	346.917872	267.091955	451.95211	201.970879	252.387191	254.487871	109.541068	214.574954		
		6653.450119	2649.30415	4825.716323	6689.164928	1666.15923	6268.991845	512.872039	338.515139	143.151895	300.702856	451.95211	800.666899		
		10470.835055	6661.853602	2206.046949	11575.961295	2006.477079	6800.511214	6266.890985	3434.98962	376.327442	5243.780001	4342.530229	5947.561122		
		48.621486	42.319464	29.71542	57.024184	46.520812	27.614746	54.92351	46.520812	50.722161	27.614746	61.225534	54.92351		
		3756.40892	2174.535879	1869.929597	8079.955647	500.267912	3176.594772	1166.189067	5044.201555	294.400811	2094.707899	2748.039545	2516.956922		
		33.916768	44.420138	44.420138	36.017441	27.614746	78.030933	31.816094	69.628233	50.722161	75.930258	80.131608	40.21879		
		7720.700439	4071.527299	3306.842464	7174.467947	2895.092516	2638.800393	4485.384904	5874.031423	2441.330046	3359.361762	8863.600535	7340.438143		
		40.21879	36.017441	61.225534	75.930258	42.319464	48.621486	27.614746	40.21879	29.71542	50.722161	40.21879	36.017441		
		
26:00	25.30	239.783109	401.535656	216.675633	290.199448	258.689232	304.90422	435.146621	183.064772	86.433635	199.8702	101.138364	239.783109		
		6126.133565	2548.468145	4756.38942	6010.586638	1830.015768	5624.03102	554.885814	330.112408	122.145126	391.032233	510.771351	708.236305		
		9067.391648	5884.535661	1899.339802	10174.596926	1783.799783	5888.737357	5655.543627	3111.471016	304.90422	5050.504024	3781.618339	4710.171522		
		44.420138	57.024184	29.71542	33.916768	42.319464	38.118115	46.520812	67.527558	40.21879	31.816094	33.916768	48.621486		
		3260.625513	2056.894677	1695.56935	6867.739245	399.434971	2796.356916	1025.441801	4966.471155	262.890593	2046.391008	2479.143474	2224.953598		
		33.916768	48.621486	42.319464	27.614746	50.722161	86.433635	31.816094	71.728908	61.225534	50.722161	38.118115	46.520812		
		6046.301123	3953.88294	3214.408593	6168.150676	2899.294034	2405.617383	3493.811343	4647.147165	2126.218933	3174.494005	7491.702457	6254.285832		
		44.420138	52.822835	31.816094	36.017441	36.017441	52.822835	229.27971	38.118115	40.21879	44.420138	38.118115	48.621486		
		
27:00	25.40	147.353249	355.320605	178.863415	208.272916	248.18583	292.300129	384.730179	212.474275	101.138364	151.554604	109.541068	225.078351		
		5426.552335	2231.255815	4136.651939	5327.813199	1626.245516	4884.539204	422.542507	325.911043	168.360025	292.300129	386.830864	498.167224		
		7561.032043	5464.367359	1611.540469	9533.802384	1504.403791	5178.654341	5296.300738	2964.417595	279.696041	4485.384904	3512.718336	4052.620157		
		38.118115	44.420138	48.621486	48.621486	48.621486	33.916768	48.621486	33.916768	27.614746	36.017441	25.514072	54.92351		
		2640.901144	1735.483104	1493.900203	5615.62766	388.931548	2544.266648	1193.49827	3827.835629	267.091955	1716.576586	2151.427771	1918.246368		
		44.420138	42.319464	33.916768	31.816094	46.520812	61.225534	46.520812	88.53431	42.319464	42.319464	52.822835	63.326208		
		5399.241496	3325.749406	2544.266648	5813.106874	2418.22185	1998.074149	2949.712269	4132.450348	1777.497605	2586.28163	6672.357957	5191.259302		
		42.319464	38.118115	59.124859	27.614746	46.520812	52.822835	80.131608	63.326208	59.124859	52.822835	75.930258	27.614746		
		
28:00	25.30	134.749187	430.94525	128.447156	250.28651	243.98447	281.796722	300.702856	166.259347	101.138364	149.453926	80.131608	189.366807		
		4634.5423	2248.06173	3302.640921	4405.554314	1498.101638	4371.941462	416.240451	317.508313	130.547833	399.434971	351.119238	546.483057		
		6334.118509	4750.086978	1376.260133	8298.450936	1376.260133	4138.752735	4615.635007	2813.162966	313.306948	4174.466274	2668.210917	3332.051722		
		44.420138	38.118115	38.118115	54.92351	46.520812	38.118115	31.816094	52.822835	48.621486	27.614746	36.017441	46.520812		
		2376.206968	1617.842632	1405.670133	4798.405717	279.696041	2040.088807	1187.196145	3300.54015	254.487871	1428.777998	1937.15294	1561.123188		
		46.520812	31.816094	52.822835	63.326208	36.017441	50.722161	27.614746	82.232284	38.118115	31.816094	46.520812	31.816094		
		4483.284098	2935.006947	2252.26321	4689.163397	2174.535879	1718.67731	2722.830495	3779.517553	1441.382291	2367.803994	5266.88912	4096.73683		
		40.21879	96.937013	59.124859	67.527558	48.621486	80.131608	88.53431	94.836337	54.92351	84.332959	52.822835	80.131608		
		
29:00	25.40	143.151895	273.393998	164.158669	180.964093	300.702856	275.494679	346.917872	212.474275	149.453926	145.252572	52.822835	164.158669		
		4172.365477	1815.310678	3027.440452	3546.330781	1304.835901	4000.100343	443.549365	311.206266	183.064772	279.696041	334.313773	542.281679		
		5474.871536	4126.147961	1166.189067	7073.625487	1260.72097	3579.943241	4489.586517	2512.755427	281.796722	3987.495594	2689.218442	2792.155404		
		48.621486	42.319464	33.916768	50.722161	48.621486	44.420138	36.017441	31.816094	40.21879	42.319464	50.722161	23.413399		
		2136.722614	1514.907379	1119.973516	4201.776639	243.98447	1903.54126	1161.987652	2861.480382	208.272916	1498.101638	1796.404139	1338.447295		
		31.816094	54.92351	63.326208	44.420138	61.225534	38.118115	33.916768	42.319464	33.916768	48.621486	42.319464	67.527558		
		3573.640904	2769.047094	2025.383674	4109.341599	1722.878758	1474.99375	2006.477079	3550.532337	1340.548008	2046.391008	4359.336646	3630.361961		
		59.124859	101.138364	23.413399	46.520812	96.937013	63.326208	67.527558	84.332959	65.426883	46.520812	40.21879	40.21879		
		
30:00	25.40	141.051218	296.501493	109.541068	157.856636	218.776312	206.172237	298.602174	153.655281	252.387191	111.641745	92.735661	124.245803		
		3674.478371	1800.605592	2636.699642	3405.578777	1246.015999	3300.54015	405.737026	237.68243	180.964093	290.199448	269.192636	370.025391		
		4271.102999	3500.113674	899.399712	5943.359422	1010.736879	3056.851138	3907.665567	2279.572833	277.59536	3649.268991	2298.479501	2227.054337		
		36.017441	42.319464	27.614746	63.326208	25.514072	40.21879	50.722161	67.527558	46.520812	48.621486	57.024184	42.319464		
		1622.044074	1361.555139	1145.181995	3266.927823	264.991274	1514.907379	1248.116709	2275.371352	212.474275	1185.095437	1441.382291	1180.894021		
		63.326208	63.326208	59.124859	52.822835	57.024184	63.326208	63.326208	67.527558	33.916768	67.527558	29.71542	31.816094		
		3063.15343	2231.255815	1766.993978	3336.253266	1733.382379	1222.908193	1754.389626	3296.338609	1128.376341	1788.001235	3745.904998	2939.208468		
		31.816094	48.621486	50.722161	75.930258	42.319464	88.53431	61.225534	59.124859	86.433635	33.916768	29.71542	40.21879		
		
31:00	25.40	80.131608	279.696041	117.943773	174.662059	185.16545	199.8702	216.675633	103.23904	90.634986	136.849864	67.527558	149.453926		
		2850.976593	1489.698769	2105.211576	2634.59889	1117.87281	2937.107707	391.032233	290.199448	189.366807	258.689232	273.393998	340.615822		
		3483.307461	2953.913791	838.479449	4838.321222	878.392719	2569.475634	3371.966399	2174.535879	267.091955	3199.703216	1813.209951	1932.951479		
		57.024184	40.21879	38.118115	36.017441	44.420138	31.816094	50.722161	33.916768	36.017441	25.514072	44.420138	65.426883		
		1584.231104	1067.455881	947.71582	2735.435019	279.696041	1292.231632	1021.240395	1947.656593	153.655281	956.118625	1262.82168	939.313016		
		29.71542	40.21879	71.728908	73.829583	48.621486	48.621486	27.614746	54.92351	33.916768	42.319464	48.621486	42.319464		
		2443.430792	1911.944179	1359.454425	2838.372048	1300.634478	1033.844615	1420.375137	3050.548847	905.701811	1552.720312	2979.122923	2355.199536		
		44.420138	67.527558	46.520812	42.319464	38.118115	115.843097	42.319464	75.930258	44.420138	29.71542	61.225534	29.71542		
		
32:00	25.40	126.34648	281.796722	105.339716	122.145126	155.755959	191.467486	227.179031	92.735661	111.641745	176.762737	92.735661	155.755959		
		2621.994385	1227.109612	1781.699057	2159.830718	1023.341098	2334.19211	290.199448	258.689232	233.48107	275.494679	174.662059	359.521972		
		2901.394794	2550.568893	584.295472	4061.02333	729.243248	1895.138343	2947.611509	1813.209951	283.897404	2806.860697	1577.928945	1531.713125		
		50.722161	44.420138	59.124859	29.71542	44.420138	31.816094	40.21879	36.017441	31.816094	27.614746	48.621486	27.614746		
		1136.779167	951.917222	743.948111	2050.592475	237.68243	943.514418	1044.348134	1443.483007	164.158669	754.451587	1124.174928	754.451587		
		46.520812	27.614746	52.822835	48.621486	42.319464	33.916768	36.017441	82.232284	57.024184	61.225534	52.822835	44.420138		
		1981.268293	1481.295901	1088.46293	2487.546461	924.608112	1014.938285	1161.987652	2556.87114	785.962024	1342.648721	2445.531537	1960.260978		
		31.816094	57.024184	42.319464	61.225534	38.118115	180.964093	67.527558	36.017441	63.326208	84.332959	54.92351	44.420138		
		
33:00	25.40	92.735661	267.091955	88.53431	136.849864	187.266129	166.259347	168.360025	88.53431	48.621486	88.53431	107.440392	130.547833		
		2168.233667	1157.786237	1281.728076	1697.670074	922.507412	1979.167561	279.696041	193.568164	195.668843	170.460703	141.051218	281.796722		
		2248.06173	2212.349165	510.771351	3149.284803	666.222439	1592.633985	2537.964402	1626.245516	237.68243	2382.509199	1298.533766	1229.210321		
		33.916768	46.520812	48.621486	36.017441	31.816094	36.017441	44.420138	38.118115	52.822835	31.816094	31.816094	40.21879		
		1019.139692	790.163416	643.114823	1682.965012	252.387191	869.989924	945.615119	1101.067163	113.742421	722.941164	806.968989	720.84047		
		48.621486	61.225534	42.319464	27.614746	25.514072	52.822835	44.420138	50.722161	67.527558	73.829583	50.722161	33.916768		
		1706.072967	1248.116709	1031.743912	1987.570488	838.479449	735.545332	909.903211	2245.960991	559.087193	1185.095437	1991.771952	1613.64119		
		59.124859	50.722161	46.520812	46.520812	29.71542	96.937013	42.319464	126.34648	46.520812	42.319464	44.420138	46.520812		
		
34:00	25.50	107.440392	208.272916	94.836337	134.749187	126.34648	164.158669	222.977671	113.742421	82.232284	115.843097	71.728908	128.447156		
		1796.404139	933.010914	1159.886945	1187.196145	857.385732	1840.519405	218.776312	172.561381	248.18583	233.48107	170.460703	258.689232		
		1838.418677	1722.878758	380.528811	2600.98688	565.389262	1174.591898	2075.801286	1327.943733	201.970879	2271.169871	1023.341098	1033.844615		
		71.728908	23.413399	40.21879	36.017441	38.118115	33.916768	40.21879	84.332959	63.326208	73.829583	50.722161	46.520812		
		813.27108	741.847416	590.597543	1338.447295	189.366807	664.121746	848.982939	846.882241	126.34648	487.663786	704.034918	546.483057		
		52.822835	75.930258	50.722161	42.319464	42.319464	52.822835	48.621486	46.520812	57.024184	71.728908	29.71542	29.71542		
		1386.763703	1029.643208	804.868293	1924.548558	718.739776	592.698233	653.618284	1836.31795	456.153482	846.882241	1682.965012	1178.793313		
		59.124859	25.514072	69.628233	63.326208	40.21879	80.131608	63.326208	46.520812	40.21879	63.326208	50.722161	31.816094		
		
35:00	25.50	94.836337	281.796722	113.742421	80.131608	180.964093	191.467486	166.259347	126.34648	80.131608	69.628233	61.225534	75.930258		
		1483.396618	771.257152	867.889225	1082.160815	624.208598	1466.590884	197.769522	229.27971	206.172237	178.863415	170.460703	208.272916		
		1432.979428	1416.173707	328.011725	1863.627412	403.636341	1004.434771	1867.828869	1374.15942	246.08515	1962.36171	823.774566	758.652978		
		31.816094	44.420138	38.118115	36.017441	40.21879	40.21879	52.822835	44.420138	52.822835	40.21879	38.118115	50.722161		
		750.250197	527.576858	447.750737	1197.699687	187.266129	489.764474	752.350892	720.84047	124.245803	412.039081	657.819669	407.837711		
		36.017441	29.71542	23.413399	40.21879	73.829583	31.816094	40.21879	48.621486	65.426883	63.326208	25.514072	44.420138		
		1149.383409	767.05576	800.666899	1407.770847	638.913439	535.979612	609.503759	1479.195184	315.407631	689.330062	1332.145158	991.830556		
		38.118115	61.225534	73.829583	80.131608	31.816094	90.634986	67.527558	57.024184	29.71542	31.816094	46.520812	38.118115		
		
36:00	25.50	73.829583	193.568164	101.138364	92.735661	103.23904	199.8702	132.64851	126.34648	92.735661	199.8702	48.621486	149.453926		
		1214.505357	622.107906	699.83353	722.941164	464.556229	1080.06011	191.467486	134.749187	197.769522	138.950541	105.339716	166.259347		
		1042.24743	1176.692605	285.998085	1474.99375	309.105584	861.587129	1689.267181	937.212315	210.373595	1622.044074	634.712056	647.316207		
		54.92351	46.520812	52.822835	59.124859	36.017441	31.816094	44.420138	46.520812	38.118115	27.614746	42.319464	36.017441		
		712.437693	500.267912	378.428127	1042.24743	159.957314	491.865161	634.712056	594.798924	105.339716	355.320605	529.677546	357.421288		
		67.527558	52.822835	48.621486	46.520812	65.426883	33.916768	33.916768	36.017441	63.326208	54.92351	42.319464	29.71542		
		920.406711	792.264113	569.590641	1136.779167	416.240451	401.535656	445.650051	1080.06011	290.199448	651.517592	1149.383409	748.149501		
		50.722161	27.614746	42.319464	52.822835	63.326208	88.53431	31.816094	78.030933	33.916768	29.71542	44.420138	50.722161		
		
37:00	25.50	78.030933	304.90422	122.145126	90.634986	80.131608	157.856636	90.634986	75.930258	191.467486	109.541068	54.92351	90.634986		
		1019.139692	556.986504	500.267912	651.517592	483.462411	880.493418	164.158669	105.339716	193.568164	107.440392	103.23904	170.460703		
		859.486431	907.802511	222.977671	1090.563636	346.917872	573.792021	1159.886945	926.708812	138.950541	1529.612406	546.483057	544.382368		
		69.628233	61.225534	40.21879	44.420138	33.916768	42.319464	33.916768	36.017441	61.225534	42.319464	29.71542	48.621486		
		613.705141	370.025391	351.119238	739.746721	172.561381	304.90422	624.208598	460.354855	80.131608	319.608995	382.629495	334.313773		
		44.420138	59.124859	73.829583	48.621486	50.722161	94.836337	73.829583	50.722161	44.420138	59.124859	38.118115	27.614746		
		701.934224	670.423825	527.576858	924.608112	447.750737	412.039081	374.226758	1189.296854	267.091955	523.375481	815.371777	620.007215		
		31.816094	42.319464	27.614746	149.453926	78.030933	71.728908	67.527558	96.937013	29.71542	46.520812	57.024184	50.722161		
		
38:00	25.50	61.225534	233.48107	61.225534	82.232284	149.453926	145.252572	134.749187	99.037688	94.836337	78.030933	40.21879	105.339716		
		846.882241	472.958976	414.139766	552.785125	437.247307	748.149501	151.554604	124.245803	145.252572	107.440392	88.53431	176.762737		
		649.4169	750.250197	218.776312	802.767596	307.004902	552.785125	1010.736879	756.552282	128.447156	1260.72097	470.858289	426.743878		
		38.118115	46.520812	33.916768	54.92351	63.326208	29.71542	33.916768	38.118115	50.722161	36.017441	38.118115	31.816094		
		370.025391	359.521972	342.716505	632.611364	126.34648	328.011725	493.965849	386.830864	69.628233	239.783109	319.608995	210.373595		
		40.21879	52.822835	48.621486	29.71542	50.722161	42.319464	27.614746	38.118115	48.621486	42.319464	52.822835	48.621486		
		533.878924	477.16035	531.778235	767.05576	302.803538	361.622655	298.602174	865.788526	210.373595	422.542507	752.350892	460.354855		
		44.420138	46.520812	33.916768	40.21879	54.92351	88.53431	40.21879	46.520812	50.722161	59.124859	38.118115	42.319464		
		
39:00	25.50	78.030933	195.668843	105.339716	67.527558	105.339716	94.836337	134.749187	105.339716	84.332959	86.433635	52.822835	92.735661		
		802.767596	346.917872	388.931548	388.931548	376.327442	697.732836	136.849864	103.23904	172.561381	122.145126	73.829583	132.64851		
		546.483057	659.920361	168.360025	712.437693	235.58175	416.240451	865.788526	632.611364	174.662059	1166.189067	428.844564	349.018555		
		59.124859	54.92351	52.822835	38.118115	52.822835	36.017441	40.21879	48.621486	63.326208	36.017441	42.319464	33.916768		
		353.219921	334.313773	216.675633	607.403068	111.641745	241.88379	468.757602	285.998085	40.21879	178.863415	275.494679	183.064772		
		46.520812	80.131608	57.024184	36.017441	46.520812	42.319464	29.71542	59.124859	57.024184	44.420138	48.621486	27.614746		
		561.187883	433.045935	355.320605	634.712056	264.991274	307.004902	191.467486	771.257152	220.876992	397.334286	550.684436	271.293317		
		31.816094	44.420138	27.614746	46.520812	38.118115	71.728908	63.326208	120.04445	65.426883	27.614746	46.520812	40.21879		
		
40:00	25.50	46.520812	166.259347	149.453926	63.326208	101.138364	115.843097	86.433635	105.339716	90.634986	67.527558	57.024184	78.030933		
		638.913439	325.911043	260.789913	302.803538	355.320605	433.045935	145.252572	63.326208	111.641745	71.728908	67.527558	73.829583		
		435.146621	449.851423	141.051218	554.885814	174.662059	298.602174	609.503759	483.462411	90.634986	933.010914	336.414456	302.803538		
		44.420138	38.118115	42.319464	42.319464	42.319464	50.722161	44.420138	29.71542	36.017441	42.319464	29.71542	31.816094		
		275.494679	246.08515	189.366807	456.153482	94.836337	210.373595	382.629495	279.696041	57.024184	145.252572	264.991274	222.977671		
		38.118115	48.621486	59.124859	57.024184	65.426883	38.118115	36.017441	38.118115	29.71542	48.621486	40.21879	59.124859		
		454.052796	361.622655	315.407631	506.569975	187.266129	220.876992	189.366807	523.375481	153.655281	344.817188	416.240451	264.991274		
		38.118115	33.916768	48.621486	57.024184	69.628233	46.520812	46.520812	138.950541	50.722161	65.426883	50.722161	46.520812		
		
41:00	25.50	48.621486	199.8702	103.23904	86.433635	86.433635	101.138364	73.829583	84.332959	86.433635	52.822835	48.621486	82.232284		
		571.691331	227.179031	212.474275	248.18583	283.897404	328.011725	96.937013	86.433635	109.541068	101.138364	61.225534	132.64851		
		258.689232	376.327442	73.829583	456.153482	162.057992	296.501493	527.576858	342.716505	159.957314	653.618284	246.08515	258.689232		
		38.118115	40.21879	38.118115	40.21879	59.124859	27.614746	46.520812	38.118115	42.319464	40.21879	46.520812	33.916768		
		275.494679	197.769522	174.662059	420.441822	105.339716	174.662059	321.709678	237.68243	80.131608	155.755959	191.467486	162.057992		
		40.21879	36.017441	92.735661	50.722161	57.024184	48.621486	31.816094	42.319464	36.017441	59.124859	36.017441	44.420138		
		262.890593	285.998085	344.817188	334.313773	183.064772	187.266129	193.568164	561.187883	147.353249	285.998085	376.327442	164.158669		
		27.614746	46.520812	40.21879	54.92351	46.520812	88.53431	44.420138	52.822835	69.628233	38.118115	44.420138	36.017441		
		
42:00	25.60	48.621486	214.574954	117.943773	57.024184	105.339716	124.245803	84.332959	94.836337	94.836337	54.92351	42.319464	69.628233		
		391.032233	210.373595	176.762737	246.08515	248.18583	260.789913	94.836337	82.232284	126.34648	84.332959	69.628233	107.440392		
		277.59536	336.414456	96.937013	382.629495	164.158669	275.494679	380.528811	292.300129	86.433635	630.510672	271.293317	243.98447		
		29.71542	61.225534	40.21879	46.520812	40.21879	29.71542	50.722161	29.71542	38.118115	27.614746	44.420138	38.118115		
		237.68243	216.675633	162.057992	361.622655	71.728908	168.360025	229.27971	151.554604	46.520812	164.158669	162.057992	113.742421		
		36.017441	63.326208	59.124859	31.816094	40.21879	69.628233	36.017441	46.520812	42.319464	61.225534	33.916768	52.822835		
		271.293317	246.08515	271.293317	315.407631	122.145126	128.447156	130.547833	458.254169	166.259347	258.689232	300.702856	164.158669		
		59.124859	33.916768	40.21879	52.822835	36.017441	113.742421	44.420138	86.433635	48.621486	33.916768	25.514072	40.21879		
		
43:00	25.60	42.319464	201.970879	138.950541	65.426883	103.23904	107.440392	71.728908	82.232284	159.957314	52.822835	59.124859	80.131608		
		407.837711	172.561381	151.554604	178.863415	218.776312	222.977671	94.836337	69.628233	94.836337	65.426883	75.930258	73.829583		
		229.27971	237.68243	50.722161	313.306948	149.453926	159.957314	338.515139	275.494679	78.030933	498.167224	164.158669	153.655281		
		40.21879	40.21879	36.017441	33.916768	46.520812	50.722161	27.614746	36.017441	82.232284	46.520812	46.520812	50.722161		
		201.970879	212.474275	120.04445	349.018555	75.930258	141.051218	201.970879	151.554604	46.520812	172.561381	153.655281	136.849864		
		63.326208	52.822835	84.332959	61.225534	46.520812	38.118115	27.614746	36.017441	36.017441	50.722161	48.621486	54.92351		
		183.064772	166.259347	227.179031	227.179031	164.158669	122.145126	136.849864	405.737026	115.843097	199.8702	254.487871	143.151895		
		46.520812	36.017441	42.319464	59.124859	46.520812	57.024184	40.21879	57.024184	44.420138	40.21879	38.118115	54.92351		
		
44:00	25.60	36.017441	220.876992	92.735661	63.326208	92.735661	109.541068	75.930258	84.332959	99.037688	69.628233	50.722161	84.332959		
		338.515139	138.950541	166.259347	187.266129	155.755959	233.48107	90.634986	80.131608	92.735661	65.426883	59.124859	59.124859		
		206.172237	241.88379	59.124859	254.487871	99.037688	185.16545	197.769522	254.487871	78.030933	433.045935	208.272916	164.158669		
		29.71542	42.319464	31.816094	27.614746	48.621486	50.722161	46.520812	48.621486	36.017441	33.916768	38.118115	27.614746		
		166.259347	155.755959	132.64851	290.199448	86.433635	88.53431	191.467486	107.440392	27.614746	94.836337	164.158669	105.339716		
		54.92351	54.92351	46.520812	42.319464	48.621486	40.21879	38.118115	46.520812	143.151895	67.527558	38.118115	42.319464		
		159.957314	149.453926	201.970879	164.158669	96.937013	96.937013	101.138364	334.313773	107.440392	208.272916	189.366807	92.735661		
		31.816094	48.621486	40.21879	54.92351	67.527558	65.426883	42.319464	96.937013	46.520812	44.420138	40.21879	23.413399		
		
45:00	25.60	33.916768	214.574954	117.943773	57.024184	86.433635	73.829583	80.131608	113.742421	82.232284	71.728908	61.225534	115.843097		
		239.783109	117.943773	113.742421	132.64851	159.957314	183.064772	57.024184	69.628233	75.930258	46.520812	44.420138	69.628233		
		138.950541	172.561381	80.131608	220.876992	136.849864	153.655281	283.897404	174.662059	65.426883	304.90422	185.16545	124.245803		
		46.520812	29.71542	57.024184	31.816094	29.71542	38.118115	61.225534	46.520812	57.024184	44.420138	46.520812	54.92351		
		122.145126	117.943773	117.943773	216.675633	71.728908	124.245803	204.071558	52.822835	33.916768	78.030933	157.856636	80.131608		
		33.916768	61.225534	73.829583	42.319464	63.326208	48.621486	46.520812	29.71542	40.21879	44.420138	33.916768	65.426883		
		124.245803	145.252572	227.179031	193.568164	117.943773	86.433635	115.843097	250.28651	128.447156	147.353249	141.051218	84.332959		
		80.131608	31.816094	52.822835	61.225534	36.017441	38.118115	48.621486	27.614746	33.916768	27.614746	29.71542	46.520812		
		
46:00	25.60	44.420138	233.48107	88.53431	50.722161	111.641745	82.232284	84.332959	94.836337	75.930258	75.930258	44.420138	94.836337		
		178.863415	113.742421	99.037688	103.23904	120.04445	155.755959	63.326208	86.433635	48.621486	59.124859	57.024184	82.232284		
		107.440392	151.554604	71.728908	187.266129	111.641745	187.266129	159.957314	143.151895	82.232284	275.494679	157.856636	113.742421		
		33.916768	40.21879	29.71542	36.017441	48.621486	54.92351	44.420138	42.319464	42.319464	38.118115	29.71542	31.816094		
		183.064772	159.957314	128.447156	193.568164	67.527558	96.937013	132.64851	75.930258	57.024184	84.332959	122.145126	54.92351		
		27.614746	46.520812	73.829583	46.520812	33.916768	92.735661	57.024184	38.118115	36.017441	46.520812	31.816094	31.816094		
		103.23904	109.541068	153.655281	174.662059	82.232284	78.030933	120.04445	201.970879	84.332959	132.64851	126.34648	90.634986		
		29.71542	36.017441	38.118115	57.024184	59.124859	59.124859	44.420138	44.420138	44.420138	29.71542	33.916768	40.21879		
		
47:00	25.60	54.92351	235.58175	94.836337	71.728908	71.728908	92.735661	80.131608	134.749187	94.836337	57.024184	59.124859	54.92351		
		185.16545	96.937013	82.232284	111.641745	113.742421	138.950541	111.641745	42.319464	69.628233	71.728908	50.722161	84.332959		
		120.04445	183.064772	69.628233	178.863415	143.151895	109.541068	166.259347	130.547833	48.621486	241.88379	143.151895	88.53431		
		40.21879	38.118115	67.527558	50.722161	52.822835	29.71542	38.118115	40.21879	44.420138	42.319464	44.420138	59.124859		
		80.131608	138.950541	115.843097	187.266129	59.124859	73.829583	124.245803	94.836337	50.722161	99.037688	107.440392	50.722161		
		29.71542	44.420138	134.749187	31.816094	59.124859	59.124859	38.118115	59.124859	48.621486	50.722161	101.138364	52.822835		
		101.138364	243.98447	149.453926	96.937013	86.433635	61.225534	65.426883	143.151895	59.124859	149.453926	101.138364	73.829583		
		52.822835	48.621486	61.225534	31.816094	38.118115	54.92351	48.621486	23.413399	48.621486	50.722161	65.426883	54.92351		
		
48:00	25.60	27.614746	241.88379	138.950541	48.621486	71.728908	82.232284	71.728908	109.541068	82.232284	65.426883	57.024184	73.829583		
		185.16545	92.735661	44.420138	71.728908	128.447156	113.742421	46.520812	36.017441	36.017441	57.024184	52.822835	84.332959		
		103.23904	138.950541	86.433635	138.950541	84.332959	115.843097	117.943773	120.04445	65.426883	225.078351	120.04445	101.138364		
		44.420138	27.614746	36.017441	33.916768	52.822835	36.017441	48.621486	48.621486	46.520812	27.614746	65.426883	40.21879		
		80.131608	124.245803	69.628233	153.655281	61.225534	94.836337	143.151895	71.728908	44.420138	63.326208	92.735661	84.332959		
		44.420138	31.816094	126.34648	40.21879	63.326208	36.017441	38.118115	31.816094	69.628233	33.916768	42.319464	29.71542		
		90.634986	80.131608	164.158669	96.937013	73.829583	75.930258	99.037688	229.27971	90.634986	126.34648	126.34648	63.326208		
		40.21879	52.822835	42.319464	54.92351	33.916768	48.621486	44.420138	46.520812	71.728908	36.017441	67.527558	59.124859		
		
49:00	25.60	36.017441	157.856636	124.245803	50.722161	75.930258	73.829583	46.520812	138.950541	78.030933	65.426883	46.520812	67.527558		
		101.138364	69.628233	82.232284	90.634986	92.735661	145.252572	65.426883	80.131608	42.319464	54.92351	69.628233	59.124859		
		67.527558	71.728908	71.728908	113.742421	113.742421	157.856636	115.843097	90.634986	82.232284	141.051218	111.641745	96.937013		
		36.017441	50.722161	54.92351	50.722161	33.916768	29.71542	38.118115	57.024184	50.722161	67.527558	59.124859	40.21879		
		69.628233	111.641745	84.332959	216.675633	61.225534	73.829583	138.950541	57.024184	61.225534	65.426883	88.53431	54.92351		
		52.822835	54.92351	78.030933	42.319464	50.722161	61.225534	57.024184	48.621486	42.319464	27.614746	29.71542	42.319464		
		103.23904	86.433635	86.433635	96.937013	67.527558	59.124859	88.53431	168.360025	78.030933	52.822835	105.339716	57.024184		
		33.916768	31.816094	73.829583	65.426883	48.621486	46.520812	40.21879	36.017441	36.017441	57.024184	42.319464	31.816094		
		
~End
Original Filename: data_inhib_5nm_30min_t2_10-04-18-132556_pts+pta_dw+pta_da+pta_da+dw_1292+pta_1292+dw_20+pta_20+dw.pda   Date Last Saved: 10/4/2018
