##BLOCKS= 1          
Plate:	Plate#1	1.3	PlateFormat	Kinetic	Luminescence	Raw	FALSE	50	3000	60				1	450	1	12	96	405	Automatic	435			6	Automatic			1	8	None	
Time(hh:mm:ss)	Temperature(¡C)	1	2	3	4	5	6	7	8	9	10	11	12		
0:00	23.50	1462.389451	1214.505357	848.982939	1077.959405	456.153482	592.698233	1164.088359	890.996914	704.034918	424.643193	1124.174928	813.27108		
		779.659935	443.549365	252.387191	197.769522	185.16545	128.447156	113.742421	99.037688	109.541068	210.373595	92.735661	65.426883		
		611.60445	527.576858	212.474275	225.078351	115.843097	155.755959	88.53431	128.447156	107.440392	128.447156	109.541068	82.232284		
		758.652978	420.441822	258.689232	172.561381	153.655281	147.353249	124.245803	99.037688	109.541068	105.339716	113.742421	63.326208		
		607.403068	323.81036	273.393998	256.588552	189.366807	168.360025	168.360025	94.836337	57.024184	103.23904	69.628233	92.735661		
		493.965849	468.757602	271.293317	180.964093	120.04445	164.158669	109.541068	113.742421	84.332959	103.23904	63.326208	94.836337		
		601.100996	330.112408	271.293317	185.16545	195.668843	136.849864	120.04445	101.138364	96.937013	96.937013	67.527558	92.735661		
		548.583746	336.414456	233.48107	170.460703	151.554604	122.145126	103.23904	99.037688	111.641745	141.051218	92.735661	86.433635		
		
1:00	23.80	332.213091	712.437693	645.215515	630.510672	285.998085	523.375481	832.177356	706.135611	662.021054	304.90422	1111.570692	567.489952		
		73.829583	67.527558	73.829583	78.030933	96.937013	105.339716	69.628233	52.822835	67.527558	69.628233	113.742421	65.426883		
		63.326208	75.930258	80.131608	90.634986	63.326208	69.628233	71.728908	46.520812	78.030933	80.131608	78.030933	90.634986		
		80.131608	67.527558	59.124859	84.332959	57.024184	57.024184	63.326208	71.728908	50.722161	42.319464	48.621486	73.829583		
		86.433635	107.440392	63.326208	69.628233	50.722161	59.124859	59.124859	90.634986	59.124859	65.426883	57.024184	78.030933		
		61.225534	88.53431	57.024184	61.225534	63.326208	52.822835	50.722161	59.124859	65.426883	75.930258	42.319464	63.326208		
		80.131608	82.232284	73.829583	130.547833	52.822835	73.829583	46.520812	71.728908	63.326208	84.332959	67.527558	52.822835		
		84.332959	65.426883	57.024184	67.527558	67.527558	107.440392	50.722161	88.53431	78.030933	73.829583	88.53431	80.131608		
		
2:00	24.00	302.803538	451.95211	668.323132	489.764474	174.662059	346.917872	691.430756	554.885814	739.746721	210.373595	783.861328	475.059663		
		61.225534	52.822835	61.225534	59.124859	80.131608	71.728908	54.92351	63.326208	59.124859	63.326208	61.225534	59.124859		
		78.030933	61.225534	48.621486	57.024184	69.628233	65.426883	63.326208	48.621486	54.92351	71.728908	61.225534	44.420138		
		50.722161	38.118115	59.124859	61.225534	44.420138	48.621486	82.232284	57.024184	71.728908	44.420138	75.930258	40.21879		
		294.400811	82.232284	36.017441	67.527558	52.822835	59.124859	42.319464	59.124859	46.520812	73.829583	40.21879	40.21879		
		48.621486	90.634986	52.822835	50.722161	52.822835	48.621486	59.124859	54.92351	96.937013	48.621486	61.225534	50.722161		
		67.527558	48.621486	67.527558	57.024184	61.225534	50.722161	67.527558	69.628233	33.916768	46.520812	75.930258	59.124859		
		59.124859	46.520812	75.930258	61.225534	65.426883	63.326208	67.527558	115.843097	61.225534	50.722161	52.822835	50.722161		
		
3:00	24.30	290.199448	388.931548	428.844564	451.95211	206.172237	361.622655	680.927289	489.764474	1046.448838	246.08515	691.430756	359.521972		
		185.16545	96.937013	54.92351	50.722161	50.722161	52.822835	105.339716	84.332959	57.024184	172.561381	75.930258	82.232284		
		65.426883	67.527558	40.21879	57.024184	69.628233	67.527558	71.728908	71.728908	44.420138	67.527558	38.118115	69.628233		
		63.326208	48.621486	57.024184	69.628233	57.024184	57.024184	69.628233	46.520812	42.319464	57.024184	71.728908	61.225534		
		292.300129	63.326208	54.92351	138.950541	94.836337	69.628233	84.332959	52.822835	78.030933	63.326208	48.621486	78.030933		
		65.426883	94.836337	38.118115	69.628233	63.326208	52.822835	59.124859	65.426883	46.520812	61.225534	54.92351	50.722161		
		128.447156	82.232284	50.722161	86.433635	78.030933	107.440392	46.520812	61.225534	90.634986	80.131608	88.53431	36.017441		
		54.92351	52.822835	48.621486	46.520812	78.030933	71.728908	46.520812	71.728908	33.916768	67.527558	36.017441	36.017441		
		
4:00	24.40	309.105584	311.206266	386.830864	540.18099	143.151895	235.58175	460.354855	443.549365	1038.046023	277.59536	712.437693	267.091955		
		672.524517	101.138364	96.937013	59.124859	61.225534	101.138364	147.353249	195.668843	75.930258	720.84047	141.051218	109.541068		
		73.829583	65.426883	59.124859	75.930258	63.326208	103.23904	67.527558	67.527558	42.319464	38.118115	52.822835	73.829583		
		50.722161	67.527558	38.118115	44.420138	105.339716	59.124859	44.420138	63.326208	54.92351	57.024184	50.722161	61.225534		
		662.021054	120.04445	143.151895	262.890593	344.817188	172.561381	78.030933	75.930258	124.245803	96.937013	103.23904	73.829583		
		86.433635	75.930258	46.520812	44.420138	54.92351	57.024184	48.621486	50.722161	44.420138	44.420138	38.118115	42.319464		
		483.462411	134.749187	113.742421	99.037688	61.225534	199.8702	73.829583	57.024184	92.735661	113.742421	115.843097	48.621486		
		65.426883	117.943773	63.326208	59.124859	50.722161	54.92351	52.822835	42.319464	63.326208	65.426883	67.527558	44.420138		
		
5:00	24.50	267.091955	267.091955	403.636341	426.743878	201.970879	189.366807	508.670663	439.347993	1225.008903	264.991274	666.222439	307.004902		
		1395.16656	210.373595	84.332959	117.943773	88.53431	61.225534	231.38039	409.938396	193.568164	1374.15942	216.675633	99.037688		
		92.735661	61.225534	141.051218	78.030933	65.426883	264.991274	82.232284	63.326208	94.836337	71.728908	92.735661	403.636341		
		61.225534	54.92351	50.722161	63.326208	54.92351	52.822835	46.520812	29.71542	46.520812	38.118115	63.326208	65.426883		
		1017.038989	275.494679	397.334286	498.167224	577.993401	288.098766	189.366807	162.057992	147.353249	216.675633	195.668843	183.064772		
		134.749187	73.829583	63.326208	54.92351	84.332959	44.420138	69.628233	46.520812	54.92351	54.92351	48.621486	65.426883		
		1113.671398	380.528811	281.796722	101.138364	113.742421	628.409981	130.547833	61.225534	239.783109	214.574954	155.755959	52.822835		
		63.326208	38.118115	29.71542	46.520812	42.319464	71.728908	50.722161	67.527558	38.118115	57.024184	48.621486	52.822835		
		
6:00	24.70	214.574954	300.702856	258.689232	437.247307	220.876992	208.272916	424.643193	288.098766	1233.41174	157.856636	601.100996	264.991274		
		2296.37876	363.723339	88.53431	248.18583	319.608995	143.151895	533.878924	979.226343	370.025391	2178.737355	430.94525	262.890593		
		279.696041	57.024184	317.508313	122.145126	174.662059	370.025391	168.360025	180.964093	346.917872	31.816094	46.520812	935.111615		
		69.628233	52.822835	105.339716	54.92351	44.420138	48.621486	48.621486	57.024184	69.628233	63.326208	67.527558	48.621486		
		1773.296154	470.858289	956.118625	1082.160815	989.729853	664.121746	344.817188	298.602174	256.588552	430.94525	443.549365	603.201687		
		153.655281	57.024184	63.326208	54.92351	46.520812	38.118115	65.426883	38.118115	86.433635	42.319464	61.225534	96.937013		
		2302.680983	918.306011	649.4169	250.28651	321.709678	1237.613159	233.48107	71.728908	361.622655	296.501493	363.723339	78.030933		
		65.426883	92.735661	50.722161	50.722161	46.520812	57.024184	46.520812	59.124859	40.21879	40.21879	61.225534	65.426883		
		
7:00	24.70	201.970879	212.474275	277.59536	460.354855	252.387191	216.675633	384.730179	269.192636	1256.519549	126.34648	563.288572	267.091955		
		3439.19117	603.201687	105.339716	531.778235	800.666899	292.300129	1065.355177	1716.576586	584.295472	2991.727493	689.330062	510.771351		
		611.60445	204.071558	462.455542	168.360025	313.306948	846.882241	304.90422	288.098766	914.104611	92.735661	69.628233	1804.807045		
		38.118115	42.319464	52.822835	54.92351	46.520812	57.024184	63.326208	69.628233	57.024184	40.21879	48.621486	36.017441		
		2218.651381	806.968989	1569.526066	1630.446959	1279.627365	1525.41097	512.872039	514.972727	546.483057	970.823535	823.774566	1063.254472		
		126.34648	80.131608	48.621486	48.621486	61.225534	65.426883	54.92351	42.319464	40.21879	57.024184	38.118115	94.836337		
		4161.861493	1432.979428	1382.562275	542.281679	699.83353	1970.764635	519.174104	132.64851	718.739776	586.396162	462.455542	170.460703		
		73.829583	71.728908	54.92351	57.024184	57.024184	61.225534	38.118115	80.131608	67.527558	48.621486	38.118115	38.118115		
		
8:00	24.80	344.817188	260.789913	422.542507	441.448679	481.361724	252.387191	412.039081	317.508313	1254.418839	187.266129	783.861328	302.803538		
		4750.086978	949.816521	178.863415	979.226343	1582.130384	664.121746	1428.777998	2615.692132	1006.535474	4014.805887	1378.360847	1031.743912		
		1304.835901	246.08515	788.06272	233.48107	659.920361	1487.598052	584.295472	533.878924	1991.771952	105.339716	141.051218	2857.278866		
		88.53431	84.332959	40.21879	52.822835	52.822835	42.319464	48.621486	65.426883	63.326208	31.816094	59.124859	84.332959		
		3483.307461	1416.173707	2241.759512	2264.86765	1580.029664	2802.659184	855.285034	890.996914	943.514418	1582.130384	1483.396618	1760.691802		
		145.252572	73.829583	54.92351	57.024184	65.426883	48.621486	54.92351	36.017441	46.520812	67.527558	40.21879	61.225534		
		6489.582402	2346.796565	2346.796565	748.149501	1388.864417	2956.014551	968.722833	220.876992	1155.68553	706.135611	689.330062	267.091955		
		61.225534	107.440392	44.420138	46.520812	54.92351	86.433635	59.124859	86.433635	50.722161	71.728908	33.916768	40.21879		
		
9:00	24.90	189.366807	214.574954	491.865161	395.233602	443.549365	164.158669	487.663786	264.991274	1321.641596	212.474275	603.201687	323.81036		
		5638.736901	1374.15942	328.011725	1605.238307	2678.714679	1161.987652	1813.209951	3441.291945	1424.576567	4521.098618	2117.815989	1582.130384		
		2117.815989	372.126074	998.132663	487.663786	962.420729	2401.415894	1233.41174	798.566202	3191.300145	115.843097	80.131608	3703.889327		
		71.728908	50.722161	63.326208	57.024184	63.326208	42.319464	73.829583	84.332959	40.21879	67.527558	38.118115	52.822835		
		4500.090549	1821.612859	3113.571782	3065.254194	1617.842632	4302.615003	1277.526654	1321.641596	1269.123812	2479.143474	2393.012918	2374.106224		
		82.232284	54.92351	57.024184	63.326208	61.225534	75.930258	67.527558	59.124859	52.822835	65.426883	48.621486	52.822835		
		8489.634867	3132.478673	3306.842464	1269.123812	2294.278019	3815.230911	1540.115999	330.112408	1874.131054	1033.844615	937.212315	573.792021		
		38.118115	57.024184	38.118115	54.92351	31.816094	48.621486	33.916768	71.728908	50.722161	44.420138	52.822835	61.225534		
		
10:00	24.90	164.158669	351.119238	567.489952	325.911043	365.824023	193.568164	470.858289	315.407631	1187.196145	231.38039	535.979612	267.091955		
		7298.420335	1903.54126	458.254169	2630.397388	3995.89876	1842.620132	2819.465236	4187.071057	2115.715254	5126.133691	2901.394794	2054.793943		
		3090.463366	573.792021	1246.015999	601.100996	1178.793313	3546.330781	1754.389626	1229.210321	4540.005886	145.252572	111.641745	5292.099078		
		65.426883	50.722161	67.527558	42.319464	57.024184	44.420138	46.520812	54.92351	46.520812	69.628233	65.426883	48.621486		
		4850.926123	2531.662158	4237.49021	3752.207351	1880.43324	6021.090897	1521.209533	1802.706318	1916.145638	3661.87368	3271.129363	3479.105908		
		155.755959	92.735661	65.426883	75.930258	73.829583	57.024184	65.426883	36.017441	48.621486	52.822835	63.326208	61.225534		
		11107.436084	4262.6998	4323.623014	1758.591077	3670.276807	5031.596619	2329.990626	514.972727	2586.28163	1693.468627	1285.929498	962.420729		
		69.628233	67.527558	38.118115	71.728908	52.822835	92.735661	52.822835	103.23904	61.225534	42.319464	84.332959	73.829583		
		
11:00	25.00	132.64851	340.615822	514.972727	372.126074	344.817188	187.266129	565.389262	311.206266	1077.959405	105.339716	468.757602	206.172237		
		8111.469349	2393.012918	594.798924	3350.958672	4867.732662	2281.673573	3434.98962	5250.082487	2661.908661	5491.678223	3966.487683	2617.792883		
		4132.450348	683.027983	1903.54126	1014.938285	1575.828225	4651.348787	2645.102647	1321.641596	6290.00044	189.366807	73.829583	6504.288464		
		90.634986	54.92351	63.326208	27.614746	40.21879	90.634986	78.030933	115.843097	50.722161	54.92351	67.527558	46.520812		
		6048.401975	3000.13054	4733.280467	4888.74084	1830.015768	7939.194617	2231.255815	2338.393595	2531.662158	4701.768271	3863.549011	4479.082486		
		124.245803	65.426883	75.930258	80.131608	48.621486	59.124859	59.124859	36.017441	69.628233	48.621486	40.21879	67.527558		
		13189.56067	5231.17503	6002.183233	2453.93452	4705.969896	5888.737357	3050.548847	912.003911	3245.920126	2052.693209	1981.268293	1187.196145		
		57.024184	50.722161	59.124859	36.017441	52.822835	187.266129	67.527558	78.030933	59.124859	44.420138	38.118115	44.420138		
		
12:00	25.10	262.890593	248.18583	508.670663	328.011725	399.434971	216.675633	493.965849	252.387191	1067.455881	153.655281	365.824023	201.970879		
		9697.677157	3176.594772	821.673869	4586.223672	6247.983256	3058.951902	4187.071057	6130.335275	3292.137067	6155.54554	4842.522856	3285.834755		
		5794.199265	1010.736879	2161.931455	1206.102522	1739.684553	5567.308362	3493.811343	1790.101961	7729.104049	243.98447	115.843097	7949.699162		
		57.024184	65.426883	75.930258	61.225534	63.326208	59.124859	73.829583	50.722161	52.822835	61.225534	61.225534	54.92351		
		7117.744046	3676.579153	5687.056248	5768.989129	2000.174881	9855.249412	2575.777882	3243.819357	3256.423974	5508.484914	5466.468195	5468.56903		
		147.353249	122.145126	71.728908	75.930258	96.937013	71.728908	82.232284	46.520812	44.420138	69.628233	69.628233	65.426883		
		15046.926375	6311.009041	7212.283907	3157.687869	6281.597001	6897.151529	4117.744779	1269.123812	4086.232858	2468.639742	2254.36395	1514.907379		
		31.816094	73.829583	75.930258	57.024184	59.124859	65.426883	46.520812	143.151895	48.621486	50.722161	48.621486	36.017441		
		
13:00	25.20	162.057992	330.112408	514.972727	256.588552	370.025391	185.16545	403.636341	267.091955	827.975961	162.057992	340.615822	136.849864		
		10727.155572	3876.153739	970.823535	5781.594196	7880.369195	3495.91212	5042.100732	6901.353284	3766.912843	6311.009041	6346.723677	3888.758468		
		7958.102799	1449.785154	2636.699642	1451.88587	2105.211576	6813.116465	4275.304599	2044.290274	9334.211827	336.414456	153.655281	8752.251		
		38.118115	52.822835	46.520812	65.426883	44.420138	52.822835	71.728908	46.520812	57.024184	65.426883	65.426883	86.433635		
		8040.038312	4231.187814	6611.432719	6441.262507	1882.533969	10821.700259	3100.96719	3600.951037	3787.920695	7010.599023	6063.107945	6518.994528		
		136.849864	61.225534	61.225534	48.621486	94.836337	75.930258	88.53431	67.527558	75.930258	67.527558	36.017441	57.024184		
		16734.145886	7304.723004	8718.636081	3642.966647	7806.837486	7836.25016	5287.897417	1674.562121	4642.945543	3025.339689	2937.107707	1970.764635		
		59.124859	109.541068	65.426883	52.822835	36.017441	155.755959	52.822835	164.158669	52.822835	65.426883	101.138364	65.426883		
		
14:00	25.20	195.668843	229.27971	477.16035	231.38039	323.81036	225.078351	336.414456	183.064772	848.982939	183.064772	267.091955	212.474275		
		11323.839719	4336.227823	1227.109612	6521.095395	9540.105253	4121.94637	6098.822456	7640.866196	4462.27604	6277.395282	7403.464901	4720.675587		
		9014.868109	1674.562121	3155.587102	1947.656593	2493.848702	7752.213981	5065.209786	2262.76691	10222.919373	313.306948	157.856636	9783.816613		
		71.728908	80.131608	94.836337	61.225534	54.92351	75.930258	94.836337	52.822835	52.822835	57.024184	57.024184	61.225534		
		8680.819315	5054.70567	7443.381877	7245.89811	1836.31795	12481.505369	3565.237788	4161.861493	4407.655118	7918.185532	7201.779472	7325.731907		
		164.158669	113.742421	99.037688	69.628233	92.735661	69.628233	80.131608	59.124859	44.420138	65.426883	48.621486	59.124859		
		18047.389435	8743.847269	9512.792825	4138.752735	9653.556988	7899.277361	6193.360955	2014.880009	5392.938996	3321.547863	3214.408593	2218.651381		
		46.520812	166.259347	113.742421	52.822835	46.520812	149.453926	59.124859	69.628233	59.124859	63.326208	57.024184	59.124859		
		
15:00	25.20	307.004902	279.696041	388.931548	225.078351	191.467486	237.68243	321.709678	206.172237	725.041859	187.266129	233.48107	151.554604		
		12302.916872	5023.19333	1611.540469	7145.055548	10348.978086	4556.81235	6687.064057	8485.433017	4697.566646	6359.328847	7628.260797	5340.418187		
		10382.59378	2040.088807	3495.91212	2603.08763	2600.98688	8924.527713	5397.140663	2649.30415	11271.314504	388.931548	126.34648	10458.229152		
		2361.501765	71.728908	80.131608	73.829583	80.131608	71.728908	90.634986	71.728908	65.426883	65.426883	67.527558	71.728908		
		9409.846077	5731.173941	8361.478548	7277.41144	1935.052209	13443.789972	3918.169512	4680.760148	4695.465834	8435.010834	7636.664396	8029.533753		
		128.447156	75.930258	111.641745	61.225534	71.728908	105.339716	111.641745	67.527558	54.92351	54.92351	52.822835	54.92351		
		18349.964206	9233.366287	10855.316179	4552.610734	10546.47052	8529.552456	7489.601562	2353.098793	5739.577315	3705.99011	3405.578777	2674.513174		
		84.332959	111.641745	54.92351	71.728908	48.621486	122.145126	73.829583	191.467486	48.621486	69.628233	65.426883	92.735661		
		
16:00	25.30	214.574954	204.071558	361.622655	201.970879	191.467486	195.668843	374.226758	187.266129	710.336999	178.863415	319.608995	99.037688		
		12748.338433	5619.82934	1863.627412	7510.61052	10662.024861	5031.596619	7079.928137	8535.855236	5439.157341	6485.380671	8273.239906	5651.341945		
		11512.930817	2130.420406	3441.291945	3012.735114	2718.628988	9321.606127	6151.343829	2869.883414	12273.50234	359.521972	147.353249	10708.246649		
		78.030933	67.527558	61.225534	103.23904	59.124859	75.930258	107.440392	54.92351	50.722161	67.527558	44.420138	69.628233		
		9390.937507	6098.822456	9103.107676	7447.583666	1794.303413	13895.521977	4149.256715	4874.035115	5065.209786	8964.445548	8418.203448	8533.754309		
		136.849864	101.138364	117.943773	92.735661	61.225534	84.332959	71.728908	71.728908	75.930258	92.735661	82.232284	65.426883		
		19297.619958	10214.515467	11151.55716	5182.855994	11611.678591	8252.230722	8407.698833	2590.483129	6201.764383	3863.549011	3361.462535	2884.588723		
		99.037688	134.749187	52.822835	65.426883	59.124859	109.541068	57.024184	63.326208	101.138364	42.319464	61.225534	36.017441		
		
17:00	25.40	151.554604	210.373595	330.112408	191.467486	180.964093	216.675633	401.535656	170.460703	683.027983	157.856636	183.064772	109.541068		
		13084.507507	5523.190771	2082.10349	8000.120999	11265.011481	5264.788291	7277.41144	8800.572475	5416.048165	6277.395282	8785.865936	5951.762821		
		11737.73978	2443.430792	3451.795822	3420.284197	3056.851138	9411.94703	6367.732295	2993.828255	12281.90649	380.528811	132.64851	10895.235104		
		107.440392	71.728908	57.024184	71.728908	65.426883	67.527558	84.332959	82.232284	46.520812	69.628233	54.92351	94.836337		
		9823.734933	6611.432719	9292.192834	7367.749731	1634.648401	14420.795381	4386.647083	5250.082487	5666.047833	8636.699781	8584.176563	8645.1035		
		208.272916	128.447156	92.735661	67.527558	94.836337	71.728908	88.53431	50.722161	63.326208	84.332959	84.332959	67.527558		
		19123.216726	10376.290836	11336.445777	5298.401568	11372.162952	8554.763577	9573.720563	2811.06221	6395.043507	4082.031269	3222.811667	3134.579439		
		86.433635	141.051218	80.131608	59.124859	57.024184	101.138364	63.326208	103.23904	33.916768	42.319464	48.621486	67.527558		
		
18:00	25.40	124.245803	136.849864	258.689232	204.071558	155.755959	206.172237	290.199448	269.192636	540.18099	136.849864	206.172237	126.34648		
		12584.456589	5983.275574	2140.924087	7766.920305	11201.98128	5233.275858	7779.525728	9109.410507	5789.997575	5972.771322	8103.065694	5836.216179		
		12166.349503	2729.132757	3611.454937	3666.075244	2995.929016	9563.215776	6205.966097	3119.874078	12418.474083	336.414456	206.172237	10842.710207		
		54.92351	90.634986	86.433635	86.433635	94.836337	69.628233	84.332959	67.527558	59.124859	63.326208	69.628233	86.433635		
		9065.290705	7033.70872	9231.265339	6970.682291	1453.986586	14311.538191	4548.409117	5617.7285	5283.695757	9193.4483	8842.591175	8365.680391		
		155.755959	99.037688	78.030933	84.332959	111.641745	67.527558	75.930258	65.426883	73.829583	82.232284	48.621486	54.92351		
		18845.853436	10183.000828	11596.971467	5275.292438	10886.831118	8037.9374	10514.955733	3065.254194	6460.170288	4121.94637	3487.509014	3416.082648		
		103.23904	136.849864	73.829583	54.92351	50.722161	157.856636	42.319464	65.426883	44.420138	59.124859	59.124859	86.433635		
		
19:00	25.40	166.259347	157.856636	254.487871	172.561381	149.453926	225.078351	281.796722	170.460703	527.576858	149.453926	199.8702	101.138364		
		11643.193867	5712.266355	2350.99805	7928.690074	10552.77348	5243.780001	7269.007884	8315.258294	5422.350667	5518.989097	8239.625215	6037.897713		
		12208.370204	2920.301628	3745.904998	3766.912843	2777.450115	9214.457764	6294.202159	3107.269486	12515.122077	380.528811	132.64851	10260.736963		
		90.634986	54.92351	136.849864	88.53431	84.332959	107.440392	88.53431	75.930258	80.131608	61.225534	113.742421	52.822835		
		9472.87468	6958.077012	9138.823723	6279.496141	1443.483007	13903.926321	4598.828528	5764.787441	5350.922346	8813.178082	8682.920246	8315.258294		
		124.245803	90.634986	86.433635	90.634986	75.930258	69.628233	92.735661	73.829583	84.332959	59.124859	90.634986	48.621486		
		17891.900126	10231.32328	11391.072052	5256.384974	10296.453595	7737.507659	10059.043383	3350.958672	6325.715065	4155.559104	3084.161072	3363.563307		
		33.916768	193.568164	65.426883	46.520812	52.822835	80.131608	59.124859	44.420138	73.829583	52.822835	50.722161	82.232284		
		
20:00	25.40	159.957314	157.856636	183.064772	117.943773	130.547833	185.16545	264.991274	193.568164	412.039081	138.950541	235.58175	130.547833		
		11183.072231	5565.207524	2283.774314	7676.581504	10302.756532	5000.08429	7439.180089	8796.370606	5170.251034	5405.543996	7998.020088	5542.098307		
		11987.761803	3134.579439	3334.152494	4105.140009	2748.039545	8760.654733	6231.17639	2874.08493	11657.901001	336.414456	126.34648	9993.913287		
		229.27971	84.332959	52.822835	78.030933	67.527558	57.024184	94.836337	67.527558	50.722161	57.024184	33.916768	82.232284		
		8718.636081	7182.871492	8834.187433	5621.93018	1241.814579	12832.380552	4506.392969	5579.913393	5073.61308	8214.414206	8262.735313	8037.9374		
		94.836337	122.145126	71.728908	52.822835	71.728908	80.131608	80.131608	84.332959	46.520812	130.547833	84.332959	40.21879		
		16521.928018	9638.850271	11021.295015	5233.275858	9598.932056	7296.319445	10254.43403	3283.733985	6229.075532	4040.015398	3096.76566	3315.245549		
		67.527558	178.863415	65.426883	57.024184	42.319464	40.21879	36.017441	50.722161	48.621486	63.326208	59.124859	90.634986		
		
21:00	25.40	151.554604	103.23904	225.078351	210.373595	109.541068	141.051218	248.18583	248.18583	582.194782	122.145126	195.668843	120.04445		
		10447.724234	5231.17503	2260.66617	6918.16031	9052.685053	4579.921245	7203.880359	8403.496988	4895.043295	4659.752032	7600.949108	5901.342445		
		11412.082169	3056.851138	3208.106288	4447.570403	2710.225973	8397.19422	5874.031423	2823.666749	11130.54712	292.300129	94.836337	9754.403128		
		84.332959	57.024184	103.23904	33.916768	78.030933	65.426883	84.332959	75.930258	63.326208	75.930258	67.527558	96.937013		
		8857.297727	7184.972379	8199.707789	5182.855994	1080.06011	12307.118949	4336.227823	5598.820944	4771.095121	7771.122112	7609.352704	7252.200775		
		111.641745	46.520812	78.030933	52.822835	44.420138	59.124859	63.326208	99.037688	42.319464	122.145126	54.92351	57.024184		
		15175.094813	8811.077148	10010.721048	4960.168694	8510.644122	6890.848895	9601.033014	3094.664895	5829.913641	3525.323001	2956.014551	3187.098609		
		94.836337	107.440392	42.319464	99.037688	75.930258	57.024184	54.92351	86.433635	52.822835	48.621486	69.628233	113.742421		
		
22:00	25.50	111.641745	164.158669	201.970879	193.568164	147.353249	183.064772	206.172237	153.655281	529.677546	170.460703	170.460703	94.836337		
		9993.913287	5252.183316	2390.912174	6760.594601	8632.497922	4275.304599	7203.880359	7848.855596	4630.340679	4033.713019	6428.657322	5445.459845		
		10867.922153	3287.935526	3239.617819	4773.195936	2514.856175	7911.882808	5659.745309	2621.994385	10277.544788	254.487871	120.04445	8825.783692		
		101.138364	71.728908	94.836337	82.232284	42.319464	59.124859	48.621486	57.024184	82.232284	82.232284	63.326208	42.319464		
		8378.285921	6693.366672	7626.159898	4584.122863	838.479449	11210.385304	4142.954327	5592.518427	4382.445476	6876.142753	6947.572615	6663.954473		
		65.426883	159.957314	101.138364	80.131608	57.024184	84.332959	90.634986	46.520812	63.326208	111.641745	46.520812	50.722161		
		13655.998601	8506.44227	9689.273313	4932.858035	7705.994124	6025.2926	8895.114586	3134.579439	5237.477515	3283.733985	2689.218442	3163.990169		
		46.520812	84.332959	65.426883	46.520812	63.326208	99.037688	48.621486	63.326208	65.426883	46.520812	52.822835	105.339716		
		
23:00	25.50	317.508313	92.735661	220.876992	189.366807	115.843097	300.702856	237.68243	172.561381	401.535656	141.051218	151.554604	120.04445		
		8781.664068	4481.183292	2546.367396	6079.914772	7172.367061	3558.935451	6371.934019	7239.595446	4269.002199	3678.679936	6010.586638	4729.07884		
		10395.19967	2836.271291	3126.176375	4855.127758	2367.803994	6903.454162	5336.216524	2359.401022	9647.254109	328.011725	120.04445	7794.232058		
		69.628233	63.326208	96.937013	78.030933	59.124859	65.426883	92.735661	59.124859	75.930258	54.92351	59.124859	170.460703		
		7792.131154	6687.064057	7016.901667	3651.369772	806.968989	9951.893902	4058.922537	5117.73039	4050.519363	6174.453245	5775.291662	6245.882397		
		174.662059	82.232284	90.634986	71.728908	61.225534	57.024184	69.628233	78.030933	71.728908	88.53431	63.326208	46.520812		
		12290.310642	7359.346164	8935.032405	4779.49838	6411.850413	5512.686587	8031.634665	2951.81303	5016.890864	2960.216073	2195.543258	2731.233511		
		44.420138	96.937013	67.527558	101.138364	84.332959	44.420138	67.527558	48.621486	29.71542	46.520812	50.722161	122.145126		
		
24:00	25.60	124.245803	134.749187	273.393998	109.541068	115.843097	176.762737	246.08515	204.071558	489.764474	134.749187	208.272916	107.440392		
		7659.774298	4235.389411	2676.613927	5558.90501	6405.547823	3126.176375	6195.461812	6357.227985	3540.028446	3004.332065	5201.763439	4428.66316		
		9556.912906	2987.525969	2766.946339	4661.852843	2090.506429	6241.680681	4691.264209	2245.960991	8947.638036	246.08515	124.245803	6918.16031		
		50.722161	94.836337	48.621486	46.520812	44.420138	71.728908	80.131608	40.21879	36.017441	40.21879	42.319464	201.970879		
		6821.519967	6512.691929	6153.444684	3313.144777	712.437693	8533.754309	3712.292459	5073.61308	3558.935451	5401.34233	5632.43438	5651.341945		
		149.453926	94.836337	61.225534	82.232284	54.92351	38.118115	67.527558	52.822835	69.628233	84.332959	63.326208	75.930258		
		10571.68236	6300.504739	8065.249258	4296.312601	5726.972255	5079.915551	7615.655401	2874.08493	4155.559104	2892.991758	2105.211576	2374.106224		
		80.131608	103.23904	42.319464	44.420138	78.030933	84.332959	52.822835	48.621486	36.017441	33.916768	69.628233	63.326208		
		
25:00	25.50	191.467486	153.655281	195.668843	132.64851	115.843097	330.112408	130.547833	141.051218	388.931548	136.849864	113.742421	92.735661		
		6703.871031	3682.8815	2399.31515	4922.353939	5407.64483	2745.938791	5659.745309	6098.822456	3245.920126	2479.143474	4355.135041	4355.135041		
		8897.215523	2775.34936	2355.199536	4697.566646	1901.440531	5229.074201	4216.482225	2096.808634	8058.94652	233.48107	107.440392	5932.855176		
		75.930258	59.124859	78.030933	90.634986	23.413399	54.92351	65.426883	57.024184	71.728908	59.124859	61.225534	111.641745		
		6405.547823	5825.711948	5170.251034	2724.931249	531.778235	7338.337252	3342.555582	4626.139058	2905.596312	4907.648206	4907.648206	4876.135932		
		103.23904	78.030933	105.339716	101.138364	50.722161	50.722161	48.621486	57.024184	48.621486	61.225534	86.433635	33.916768		
		9048.483169	5773.190818	7201.779472	4016.906679	4260.599001	4453.872818	6561.011873	2775.34936	3781.618339	2386.710686	1779.598331	2355.199536		
		67.527558	90.634986	48.621486	78.030933	59.124859	107.440392	44.420138	82.232284	36.017441	54.92351	59.124859	61.225534		
		
26:00	25.60	80.131608	101.138364	166.259347	145.252572	117.943773	103.23904	235.58175	134.749187	382.629495	103.23904	138.950541	63.326208		
		5655.543627	3174.494005	2275.371352	4056.821743	4487.48571	2191.341781	5042.100732	5544.199145	3050.548847	2170.334405	3811.029338	3613.555717		
		7825.745633	2577.878631	2350.99805	4500.090549	1769.094703	4790.002456	3995.89876	1788.001235	7199.678585	298.602174	80.131608	5222.771717		
		50.722161	96.937013	57.024184	65.426883	75.930258	54.92351	44.420138	46.520812	61.225534	71.728908	42.319464	120.04445		
		5613.526821	5289.998247	4634.5423	2340.494337	506.569975	6281.597001	2892.991758	4250.095004	2838.372048	4184.970259	4008.503511	4247.994205		
		151.554604	84.332959	65.426883	67.527558	44.420138	61.225534	75.930258	42.319464	38.118115	42.319464	84.332959	63.326208		
		7863.56194	4901.34575	6346.723677	3628.261181	3579.943241	3890.859257	6306.80732	2439.229301	2964.417595	2124.118197	1466.590884	2033.786607		
		57.024184	149.453926	67.527558	46.520812	61.225534	99.037688	59.124859	57.024184	40.21879	38.118115	71.728908	128.447156		
		
27:00	25.60	86.433635	134.749187	141.051218	113.742421	65.426883	302.803538	134.749187	162.057992	254.487871	101.138364	120.04445	65.426883		
		4607.231767	2697.621454	2128.319669	3632.462742	3586.245579	1920.347098	4378.24387	4892.942477	2558.971889	1565.324627	3033.742741	3371.966399		
		7334.13547	2386.710686	1712.375138	3903.463989	1678.763566	3760.610489	3220.710899	1510.705944	6294.202159	241.88379	84.332959	4315.219809		
		71.728908	71.728908	82.232284	52.822835	44.420138	52.822835	78.030933	59.124859	65.426883	54.92351	59.124859	71.728908		
		4943.362133	4964.370334	3947.580569	1914.044908	323.81036	5342.519019	2451.833774	3895.060834	2453.93452	3466.501252	3460.198924	3411.881099		
		172.561381	65.426883	63.326208	75.930258	92.735661	63.326208	48.621486	54.92351	105.339716	46.520812	46.520812	44.420138		
		6689.164928	4292.111	5718.568883	3342.555582	2855.178108	3283.733985	4880.337568	1960.260978	2586.28163	1882.533969	1416.173707	1741.785277		
		67.527558	122.145126	69.628233	61.225534	36.017441	88.53431	38.118115	71.728908	48.621486	31.816094	61.225534	82.232284		
		
28:00	25.60	107.440392	122.145126	183.064772	107.440392	71.728908	264.991274	176.762737	94.836337	481.361724	88.53431	166.259347	80.131608		
		3981.19322	2474.941981	2140.924087	3323.648635	2916.100109	1556.92175	3941.278199	4037.914605	2002.275614	1208.20323	2537.964402	3000.13054		
		5783.695041	2073.700551	1609.439748	3720.695592	1233.41174	3357.260989	2777.450115	1277.526654	5594.619266	174.662059	67.527558	3638.765085		
		57.024184	82.232284	69.628233	36.017441	57.024184	38.118115	61.225534	80.131608	54.92351	48.621486	73.829583	130.547833		
		4334.127021	4271.102999	3439.19117	1508.605226	311.206266	4332.02622	2025.383674	3594.648697	2054.793943	3058.951902	2794.25616	3008.533589		
		94.836337	54.92351	46.520812	57.024184	69.628233	73.829583	67.527558	57.024184	36.017441	52.822835	94.836337	25.514072		
		5481.174044	3420.284197	4764.792677	2985.425208	2256.46469	2743.838036	4256.397402	1876.231783	2199.744734	1739.684553	1117.87281	1615.741911		
		75.930258	134.749187	71.728908	48.621486	40.21879	63.326208	61.225534	54.92351	31.816094	46.520812	63.326208	71.728908		
		
29:00	25.70	197.769522	75.930258	162.057992	96.937013	111.641745	298.602174	162.057992	162.057992	357.421288	94.836337	132.64851	84.332959		
		3353.059444	1926.649288	1861.526684	2752.241054	2277.472092	1256.519549	3248.020896	3691.28463	1712.375138	1115.772104	2275.371352	2477.042728		
		5039.999909	1680.864289	1357.353712	3235.41628	1283.828787	2573.677133	2458.136012	1019.139692	4739.582908	180.964093	59.124859	2991.727493		
		54.92351	69.628233	42.319464	65.426883	38.118115	78.030933	54.92351	40.21879	48.621486	54.92351	69.628233	82.232284		
		3687.083065	3670.276807	2691.319195	1075.8587	204.071558	3697.586978	1846.821588	3222.811667	1613.64119	2426.62483	2315.285433	2376.206968		
		103.23904	63.326208	48.621486	38.118115	42.319464	75.930258	63.326208	103.23904	63.326208	78.030933	36.017441	61.225534		
		4575.719627	2777.450115	4090.434446	2430.82632	1861.526684	2250.16247	3369.865626	1617.842632	1766.993978	1271.224522	943.514418	1256.519549		
		59.124859	90.634986	46.520812	82.232284	71.728908	78.030933	50.722161	52.822835	44.420138	57.024184	48.621486	105.339716		
		
30:00	25.70	214.574954	54.92351	164.158669	111.641745	78.030933	193.568164	145.252572	86.433635	346.917872	132.64851	151.554604	107.440392		
		2691.319195	1697.670074	1691.367904	2350.99805	1815.310678	1048.549542	2897.193275	3115.672547	1519.108815	922.507412	1655.655619	2191.341781		
		4544.207501	1533.813843	1214.505357	2897.193275	1046.448838	2260.66617	2275.371352	1025.441801	3829.936416	151.554604	84.332959	2458.136012		
		84.332959	54.92351	42.319464	54.92351	65.426883	54.92351	40.21879	54.92351	50.722161	46.520812	44.420138	69.628233		
		3281.633214	3434.98962	2117.815989	939.313016	214.574954	2842.573563	1718.67731	2874.08493	1483.396618	2048.491741	1855.224499	1899.339802		
		159.957314	57.024184	40.21879	44.420138	54.92351	40.21879	73.829583	54.92351	59.124859	31.816094	40.21879	48.621486		
		3621.958839	2409.818872	3449.695046	2222.852859	1588.432544	1968.663903	2794.25616	1302.735189	1426.677282	1027.542505	676.725903	1014.938285		
		46.520812	107.440392	69.628233	31.816094	42.319464	96.937013	71.728908	36.017441	46.520812	52.822835	33.916768	199.8702		
		
31:00	25.60	80.131608	69.628233	126.34648	145.252572	103.23904	275.494679	134.749187	71.728908	321.709678	115.843097	132.64851	101.138364		
		2302.680983	1447.684438	1474.99375	2149.327034	1411.972277	903.601111	2401.415894	2720.729741	1248.116709	630.510672	1456.087302	1857.325227		
		3550.532337	1174.591898	943.514418	2687.117689	815.371777	1788.001235	1788.001235	790.163416	3214.408593	149.453926	65.426883	1960.260978		
		78.030933	80.131608	61.225534	101.138364	57.024184	46.520812	46.520812	54.92351	50.722161	44.420138	40.21879	59.124859		
		2670.31167	2779.55087	1859.425956	641.014131	210.373595	2239.658772	1187.196145	2390.912174	1197.699687	1453.986586	1430.878713	1519.108815		
		94.836337	67.527558	69.628233	46.520812	67.527558	31.816094	80.131608	54.92351	57.024184	84.332959	63.326208	50.722161		
		3319.447092	1876.231783	2987.525969	1804.807045	1174.591898	1601.036866	2271.169871	1029.643208	1151.484116	851.083637	632.611364	1054.851655		
		61.225534	111.641745	63.326208	40.21879	59.124859	105.339716	31.816094	52.822835	48.621486	38.118115	44.420138	86.433635		
		
32:00	25.70	82.232284	52.822835	111.641745	103.23904	105.339716	233.48107	101.138364	88.53431	409.938396	122.145126	153.655281	59.124859		
		1693.468627	1174.591898	1138.879874	1783.799783	983.427747	630.510672	2058.995411	2187.140306	962.420729	561.187883	1000.233366	1456.087302		
		3130.377907	985.528449	848.982939	2115.715254	777.559239	1477.094467	1456.087302	643.114823	2783.752381	151.554604	46.520812	1407.770847		
		50.722161	50.722161	90.634986	71.728908	59.124859	61.225534	69.628233	40.21879	38.118115	46.520812	88.53431	42.319464		
		2224.953598	2357.300279	1643.051288	542.281679	134.749187	1813.209951	1082.160815	2107.312311	899.399712	1311.138036	1241.814579	1136.779167		
		147.353249	44.420138	54.92351	38.118115	40.21879	71.728908	52.822835	46.520812	57.024184	44.420138	57.024184	50.722161		
		2487.546461	1487.598052	2542.165899	1668.259953	933.010914	1420.375137	1893.037614	1023.341098	836.378752	699.83353	544.382368	674.62521		
		78.030933	92.735661	36.017441	33.916768	27.614746	71.728908	31.816094	57.024184	46.520812	90.634986	46.520812	67.527558		
		
33:00	25.70	86.433635	128.447156	117.943773	78.030933	86.433635	206.172237	99.037688	101.138364	580.094091	105.339716	103.23904	73.829583		
		1374.15942	937.212315	1010.736879	1601.036866	762.854369	521.274792	1632.54768	1876.231783	798.566202	538.080301	869.989924	1250.217419		
		2313.184691	876.29202	672.524517	2128.319669	630.510672	1027.542505	1206.102522	493.965849	2432.927065	117.943773	50.722161	1222.908193		
		50.722161	57.024184	50.722161	57.024184	44.420138	44.420138	71.728908	67.527558	36.017441	48.621486	75.930258	48.621486		
		2004.376346	2182.93883	1157.786237	426.743878	168.360025	1449.785154	901.500412	1827.91504	750.250197	1054.851655	958.219326	924.608112		
		115.843097	44.420138	50.722161	40.21879	33.916768	46.520812	48.621486	46.520812	50.722161	86.433635	61.225534	54.92351		
		2155.629244	1185.095437	1972.865366	1283.828787	834.278054	1170.390482	1483.396618	727.142553	821.673869	504.469287	485.563099	720.84047		
		71.728908	75.930258	36.017441	52.822835	65.426883	111.641745	46.520812	48.621486	38.118115	54.92351	67.527558	80.131608		
		
34:00	25.70	176.762737	96.937013	138.950541	90.634986	65.426883	233.48107	195.668843	143.151895	321.709678	99.037688	136.849864	73.829583		
		1122.074222	882.594117	941.413717	1403.569418	802.767596	412.039081	1281.728076	1453.986586	699.83353	332.213091	754.451587	1113.671398		
		1830.015768	762.854369	586.396162	1674.562121	500.267912	848.982939	1082.160815	365.824023	1842.620132	172.561381	69.628233	800.666899		
		46.520812	57.024184	54.92351	31.816094	42.319464	50.722161	46.520812	86.433635	48.621486	92.735661	50.722161	63.326208		
		1676.662843	1752.288901	1014.938285	340.615822	254.487871	1164.088359	710.336999	1601.036866	739.746721	800.666899	779.659935	699.83353		
		71.728908	42.319464	44.420138	31.816094	40.21879	54.92351	65.426883	52.822835	75.930258	52.822835	48.621486	50.722161		
		1815.310678	1046.448838	1510.705944	1098.966457	632.611364	1115.772104	1105.268574	733.444637	615.805833	454.052796	384.730179	441.448679		
		38.118115	80.131608	50.722161	54.92351	46.520812	130.547833	52.822835	44.420138	48.621486	78.030933	57.024184	65.426883		
		
35:00	25.80	109.541068	50.722161	128.447156	105.339716	103.23904	214.574954	132.64851	151.554604	307.004902	86.433635	136.849864	130.547833		
		872.090622	540.18099	760.753673	1098.966457	546.483057	292.300129	1031.743912	1159.886945	556.986504	365.824023	718.739776	979.226343		
		1531.713125	609.503759	462.455542	1414.072992	380.528811	712.437693	817.472474	376.327442	1651.454175	71.728908	57.024184	649.4169		
		52.822835	54.92351	38.118115	46.520812	57.024184	40.21879	69.628233	44.420138	44.420138	42.319464	36.017441	38.118115		
		1260.72097	1477.094467	872.090622	296.501493	185.16545	888.896215	712.437693	1416.173707	634.712056	662.021054	611.60445	477.16035		
		82.232284	42.319464	61.225534	33.916768	63.326208	46.520812	61.225534	36.017441	48.621486	50.722161	96.937013	61.225534		
		1275.425944	760.753673	1342.648721	905.701811	504.469287	874.191321	857.385732	540.18099	475.059663	401.535656	275.494679	361.622655		
		54.92351	61.225534	48.621486	46.520812	36.017441	115.843097	46.520812	52.822835	44.420138	61.225534	25.514072	69.628233		
		
36:00	25.70	172.561381	57.024184	67.527558	78.030933	94.836337	225.078351	69.628233	54.92351	359.521972	157.856636	136.849864	71.728908		
		729.243248	491.865161	638.913439	1006.535474	449.851423	256.588552	863.687828	1040.146727	428.844564	199.8702	470.858289	729.243248		
		1227.109612	479.261037	405.737026	1111.570692	372.126074	645.215515	722.941164	229.27971	1269.123812	86.433635	44.420138	491.865161		
		113.742421	57.024184	109.541068	63.326208	54.92351	27.614746	61.225534	38.118115	42.319464	59.124859	50.722161	50.722161		
		1052.75095	1180.894021	626.309289	199.8702	166.259347	615.805833	365.824023	1073.757995	485.563099	546.483057	399.434971	380.528811		
		36.017441	52.822835	42.319464	36.017441	33.916768	44.420138	52.822835	75.930258	38.118115	54.92351	69.628233	46.520812		
		1038.046023	569.590641	1082.160815	769.156456	466.656915	771.257152	720.84047	393.132917	409.938396	279.696041	267.091955	304.90422		
		71.728908	63.326208	52.822835	57.024184	59.124859	54.92351	36.017441	67.527558	29.71542	27.614746	31.816094	96.937013		
		
37:00	25.70	63.326208	54.92351	136.849864	94.836337	84.332959	334.313773	105.339716	195.668843	183.064772	101.138364	136.849864	84.332959		
		561.187883	430.94525	535.979612	821.673869	334.313773	218.776312	769.156456	746.048806	344.817188	227.179031	430.94525	704.034918		
		893.097614	475.059663	342.716505	1084.26152	313.306948	500.267912	601.100996	252.387191	1080.06011	73.829583	88.53431	382.629495		
		113.742421	44.420138	84.332959	50.722161	50.722161	36.017441	48.621486	48.621486	44.420138	46.520812	52.822835	52.822835		
		851.083637	914.104611	506.569975	164.158669	109.541068	502.368599	367.924707	1031.743912	319.608995	418.341136	361.622655	302.803538		
		40.21879	36.017441	59.124859	48.621486	48.621486	61.225534	42.319464	38.118115	73.829583	111.641745	31.816094	69.628233		
		893.097614	407.837711	890.996914	567.489952	342.716505	577.993401	519.174104	346.917872	309.105584	296.501493	225.078351	227.179031		
		48.621486	50.722161	46.520812	40.21879	42.319464	138.950541	48.621486	40.21879	36.017441	65.426883	38.118115	80.131608		
		
38:00	25.80	185.16545	90.634986	80.131608	105.339716	120.04445	84.332959	109.541068	48.621486	283.897404	183.064772	120.04445	82.232284		
		443.549365	391.032233	433.045935	594.798924	264.991274	176.762737	620.007215	615.805833	271.293317	170.460703	328.011725	653.618284		
		798.566202	309.105584	252.387191	783.861328	210.373595	386.830864	422.542507	172.561381	720.84047	65.426883	59.124859	319.608995		
		78.030933	29.71542	52.822835	36.017441	54.92351	40.21879	65.426883	42.319464	46.520812	36.017441	31.816094	36.017441		
		653.618284	794.364809	487.663786	157.856636	59.124859	456.153482	332.213091	924.608112	283.897404	372.126074	269.192636	271.293317		
		88.53431	61.225534	61.225534	46.520812	57.024184	33.916768	40.21879	42.319464	38.118115	59.124859	42.319464	61.225534		
		683.027983	365.824023	809.069686	556.986504	315.407631	561.187883	477.16035	248.18583	283.897404	222.977671	199.8702	229.27971		
		78.030933	103.23904	46.520812	33.916768	46.520812	96.937013	33.916768	65.426883	57.024184	40.21879	38.118115	57.024184		
		
39:00	25.80	126.34648	73.829583	155.755959	96.937013	61.225534	447.750737	54.92351	176.762737	239.783109	117.943773	136.849864	113.742421		
		386.830864	355.320605	386.830864	580.094091	233.48107	222.977671	462.455542	550.684436	208.272916	134.749187	313.306948	441.448679		
		556.986504	378.428127	195.668843	632.611364	258.689232	292.300129	378.428127	162.057992	622.107906	94.836337	52.822835	254.487871		
		63.326208	54.92351	44.420138	65.426883	42.319464	42.319464	52.822835	52.822835	42.319464	42.319464	36.017441	54.92351		
		620.007215	550.684436	351.119238	107.440392	319.608995	330.112408	239.783109	722.941164	307.004902	388.931548	250.28651	233.48107		
		80.131608	40.21879	52.822835	29.71542	40.21879	48.621486	52.822835	42.319464	71.728908	96.937013	52.822835	44.420138		
		563.288572	258.689232	569.590641	382.629495	227.179031	554.885814	361.622655	269.192636	189.366807	159.957314	166.259347	183.064772		
		71.728908	73.829583	48.621486	38.118115	48.621486	42.319464	61.225534	69.628233	38.118115	38.118115	27.614746	73.829583		
		
40:00	25.80	101.138364	46.520812	78.030933	99.037688	120.04445	94.836337	147.353249	138.950541	319.608995	82.232284	151.554604	101.138364		
		271.293317	317.508313	281.796722	391.032233	145.252572	174.662059	420.441822	380.528811	237.68243	132.64851	262.890593	328.011725		
		487.663786	248.18583	162.057992	508.670663	176.762737	279.696041	311.206266	149.453926	435.146621	54.92351	50.722161	218.776312		
		59.124859	36.017441	33.916768	40.21879	48.621486	52.822835	80.131608	57.024184	61.225534	42.319464	40.21879	71.728908		
		554.885814	603.201687	290.199448	128.447156	99.037688	258.689232	315.407631	649.4169	296.501493	222.977671	206.172237	176.762737		
		73.829583	46.520812	65.426883	48.621486	50.722161	46.520812	46.520812	46.520812	50.722161	50.722161	46.520812	38.118115		
		420.441822	275.494679	386.830864	346.917872	193.568164	468.757602	220.876992	204.071558	225.078351	183.064772	128.447156	126.34648		
		86.433635	105.339716	44.420138	44.420138	54.92351	86.433635	29.71542	42.319464	27.614746	42.319464	46.520812	61.225534		
		
41:00	25.80	109.541068	61.225534	50.722161	101.138364	117.943773	300.702856	57.024184	80.131608	218.776312	132.64851	88.53431	65.426883		
		281.796722	313.306948	302.803538	372.126074	162.057992	99.037688	294.400811	355.320605	197.769522	115.843097	189.366807	349.018555		
		493.965849	187.266129	195.668843	433.045935	195.668843	227.179031	237.68243	136.849864	361.622655	54.92351	52.822835	159.957314		
		44.420138	40.21879	31.816094	61.225534	36.017441	57.024184	44.420138	44.420138	67.527558	38.118115	38.118115	40.21879		
		451.95211	435.146621	246.08515	101.138364	292.300129	227.179031	204.071558	527.576858	208.272916	210.373595	109.541068	183.064772		
		40.21879	57.024184	52.822835	61.225534	36.017441	50.722161	36.017441	48.621486	33.916768	54.92351	38.118115	54.92351		
		338.515139	172.561381	388.931548	292.300129	193.568164	355.320605	208.272916	155.755959	141.051218	153.655281	147.353249	120.04445		
		61.225534	40.21879	40.21879	65.426883	44.420138	113.742421	54.92351	48.621486	52.822835	48.621486	40.21879	36.017441		
		
42:00	25.90	166.259347	111.641745	75.930258	67.527558	69.628233	166.259347	78.030933	92.735661	235.58175	86.433635	164.158669	101.138364		
		199.8702	168.360025	208.272916	372.126074	145.252572	138.950541	273.393998	271.293317	157.856636	94.836337	162.057992	288.098766		
		311.206266	176.762737	159.957314	388.931548	134.749187	105.339716	227.179031	124.245803	313.306948	44.420138	50.722161	122.145126		
		86.433635	36.017441	82.232284	46.520812	31.816094	36.017441	40.21879	71.728908	50.722161	23.413399	54.92351	48.621486		
		328.011725	273.393998	216.675633	88.53431	141.051218	315.407631	178.863415	445.650051	128.447156	105.339716	107.440392	180.964093		
		57.024184	40.21879	46.520812	61.225534	52.822835	50.722161	33.916768	50.722161	23.413399	67.527558	48.621486	42.319464		
		262.890593	153.655281	380.528811	206.172237	208.272916	277.59536	157.856636	164.158669	132.64851	115.843097	103.23904	122.145126		
		54.92351	124.245803	50.722161	59.124859	92.735661	94.836337	40.21879	48.621486	59.124859	38.118115	33.916768	40.21879		
		
43:00	25.80	65.426883	63.326208	82.232284	128.447156	82.232284	82.232284	86.433635	88.53431	279.696041	130.547833	126.34648	99.037688		
		117.943773	143.151895	193.568164	264.991274	128.447156	99.037688	237.68243	262.890593	126.34648	101.138364	149.453926	252.387191		
		294.400811	136.849864	90.634986	277.59536	111.641745	168.360025	231.38039	159.957314	300.702856	63.326208	42.319464	109.541068		
		109.541068	75.930258	54.92351	52.822835	50.722161	46.520812	78.030933	50.722161	101.138364	50.722161	48.621486	52.822835		
		243.98447	243.98447	145.252572	88.53431	99.037688	143.151895	145.252572	349.018555	136.849864	134.749187	105.339716	138.950541		
		44.420138	48.621486	48.621486	46.520812	33.916768	42.319464	50.722161	38.118115	54.92351	57.024184	52.822835	86.433635		
		250.28651	111.641745	328.011725	212.474275	124.245803	222.977671	185.16545	99.037688	124.245803	130.547833	92.735661	99.037688		
		38.118115	82.232284	52.822835	52.822835	44.420138	94.836337	40.21879	92.735661	44.420138	31.816094	42.319464	61.225534		
		
44:00	25.90	84.332959	48.621486	67.527558	86.433635	96.937013	241.88379	96.937013	46.520812	269.192636	73.829583	136.849864	96.937013		
		166.259347	71.728908	136.849864	252.387191	103.23904	96.937013	157.856636	176.762737	90.634986	44.420138	149.453926	176.762737		
		187.266129	88.53431	103.23904	285.998085	124.245803	151.554604	172.561381	117.943773	208.272916	42.319464	52.822835	94.836337		
		69.628233	27.614746	82.232284	27.614746	57.024184	25.514072	52.822835	40.21879	29.71542	52.822835	50.722161	42.319464		
		178.863415	250.28651	176.762737	73.829583	180.964093	143.151895	212.474275	346.917872	111.641745	84.332959	78.030933	96.937013		
		63.326208	54.92351	46.520812	46.520812	59.124859	44.420138	69.628233	33.916768	36.017441	54.92351	48.621486	52.822835		
		201.970879	128.447156	208.272916	155.755959	136.849864	178.863415	172.561381	124.245803	128.447156	109.541068	103.23904	84.332959		
		57.024184	73.829583	48.621486	38.118115	75.930258	111.641745	48.621486	61.225534	23.413399	36.017441	65.426883	48.621486		
		
45:00	25.90	103.23904	107.440392	63.326208	75.930258	88.53431	183.064772	84.332959	94.836337	290.199448	122.145126	187.266129	120.04445		
		113.742421	99.037688	92.735661	191.467486	59.124859	107.440392	170.460703	153.655281	136.849864	84.332959	103.23904	166.259347		
		166.259347	126.34648	86.433635	246.08515	90.634986	69.628233	176.762737	63.326208	162.057992	29.71542	31.816094	75.930258		
		46.520812	40.21879	29.71542	48.621486	38.118115	46.520812	57.024184	48.621486	38.118115	44.420138	38.118115	46.520812		
		285.998085	170.460703	73.829583	69.628233	149.453926	105.339716	132.64851	296.501493	75.930258	78.030933	73.829583	84.332959		
		73.829583	69.628233	40.21879	40.21879	36.017441	52.822835	40.21879	46.520812	38.118115	88.53431	46.520812	46.520812		
		212.474275	124.245803	187.266129	147.353249	143.151895	180.964093	134.749187	120.04445	136.849864	88.53431	75.930258	80.131608		
		57.024184	75.930258	38.118115	50.722161	44.420138	63.326208	113.742421	71.728908	29.71542	36.017441	40.21879	40.21879		
		
46:00	25.90	149.453926	90.634986	84.332959	208.272916	164.158669	212.474275	94.836337	117.943773	313.306948	130.547833	75.930258	82.232284		
		92.735661	92.735661	101.138364	136.849864	71.728908	71.728908	157.856636	109.541068	88.53431	42.319464	80.131608	141.051218		
		162.057992	120.04445	109.541068	197.769522	96.937013	107.440392	105.339716	99.037688	138.950541	50.722161	40.21879	90.634986		
		61.225534	52.822835	67.527558	63.326208	46.520812	52.822835	73.829583	44.420138	27.614746	42.319464	52.822835	46.520812		
		157.856636	151.554604	103.23904	61.225534	315.407631	94.836337	115.843097	189.366807	92.735661	52.822835	92.735661	86.433635		
		63.326208	48.621486	65.426883	36.017441	40.21879	50.722161	65.426883	42.319464	63.326208	94.836337	46.520812	31.816094		
		124.245803	128.447156	178.863415	92.735661	107.440392	166.259347	159.957314	99.037688	113.742421	88.53431	65.426883	99.037688		
		61.225534	57.024184	33.916768	46.520812	50.722161	63.326208	38.118115	67.527558	44.420138	33.916768	42.319464	46.520812		
		
47:00	25.90	92.735661	75.930258	75.930258	80.131608	82.232284	164.158669	73.829583	225.078351	399.434971	174.662059	132.64851	99.037688		
		126.34648	46.520812	54.92351	149.453926	63.326208	80.131608	105.339716	94.836337	52.822835	54.92351	88.53431	120.04445		
		90.634986	88.53431	71.728908	183.064772	86.433635	86.433635	103.23904	92.735661	225.078351	63.326208	57.024184	54.92351		
		42.319464	42.319464	33.916768	46.520812	52.822835	27.614746	50.722161	52.822835	38.118115	54.92351	36.017441	36.017441		
		252.387191	155.755959	86.433635	52.822835	67.527558	73.829583	94.836337	166.259347	115.843097	90.634986	69.628233	82.232284		
		63.326208	36.017441	50.722161	54.92351	44.420138	65.426883	63.326208	50.722161	44.420138	42.319464	59.124859	48.621486		
		132.64851	84.332959	147.353249	88.53431	130.547833	115.843097	113.742421	73.829583	101.138364	69.628233	63.326208	65.426883		
		235.58175	59.124859	38.118115	80.131608	65.426883	48.621486	42.319464	50.722161	48.621486	38.118115	38.118115	50.722161		
		
48:00	25.90	94.836337	57.024184	84.332959	128.447156	90.634986	145.252572	130.547833	159.957314	344.817188	80.131608	111.641745	86.433635		
		88.53431	75.930258	69.628233	124.245803	63.326208	67.527558	120.04445	136.849864	86.433635	46.520812	107.440392	92.735661		
		113.742421	103.23904	84.332959	208.272916	80.131608	65.426883	130.547833	84.332959	103.23904	36.017441	42.319464	90.634986		
		61.225534	33.916768	42.319464	38.118115	38.118115	50.722161	57.024184	80.131608	54.92351	36.017441	42.319464	65.426883		
		134.749187	107.440392	99.037688	61.225534	67.527558	105.339716	99.037688	143.151895	82.232284	75.930258	75.930258	99.037688		
		78.030933	48.621486	42.319464	54.92351	33.916768	33.916768	38.118115	44.420138	33.916768	59.124859	48.621486	38.118115		
		117.943773	63.326208	101.138364	82.232284	59.124859	96.937013	105.339716	126.34648	115.843097	134.749187	71.728908	67.527558		
		63.326208	42.319464	50.722161	80.131608	40.21879	90.634986	38.118115	65.426883	42.319464	44.420138	50.722161	84.332959		
		
49:00	25.90	141.051218	44.420138	65.426883	84.332959	57.024184	103.23904	115.843097	157.856636	233.48107	109.541068	130.547833	65.426883		
		138.950541	50.722161	111.641745	145.252572	78.030933	96.937013	105.339716	94.836337	50.722161	61.225534	120.04445	103.23904		
		115.843097	63.326208	65.426883	155.755959	94.836337	78.030933	78.030933	84.332959	197.769522	57.024184	78.030933	52.822835		
		52.822835	31.816094	90.634986	38.118115	38.118115	36.017441	33.916768	33.916768	27.614746	46.520812	29.71542	44.420138		
		172.561381	78.030933	65.426883	71.728908	73.829583	84.332959	96.937013	111.641745	80.131608	57.024184	69.628233	78.030933		
		57.024184	42.319464	65.426883	27.614746	67.527558	61.225534	50.722161	40.21879	31.816094	75.930258	57.024184	67.527558		
		159.957314	86.433635	88.53431	67.527558	103.23904	80.131608	99.037688	136.849864	94.836337	50.722161	69.628233	67.527558		
		191.467486	54.92351	44.420138	69.628233	75.930258	99.037688	59.124859	78.030933	94.836337	42.319464	61.225534	44.420138		
		
~End
Original Filename: data_inhib_5nm_30min_10-04-18-181839_pta+pta_dw+pta_59+pta_59+dw_1297+pta_1297+dw_20+pta_20+dw.pda   Date Last Saved: 10/4/2018
