##BLOCKS= 1          
Plate:	Plate#1	1.3	PlateFormat	Kinetic	Luminescence	Raw	FALSE	51	3000	60				1	450	1	12	96	405	Automatic	435			6	Automatic			1	8	None	
Time(hh:mm:ss)	Temperature(¡C)	1	2	3	4	5	6	7	8	9	10	11	12		
0:00	22.20	1151.524563	532.36035	453.090575	298.836128	243.133214	148.866843	116.730608	140.297179	133.869931	103.876118	118.873023	86.736802		
		1085.10877	588.063487	337.399709	251.70289	225.993865	185.287926	187.430343	112.445778	84.594387	80.309559	78.167145	65.312662		
		864.437381	515.220932	356.681507	277.411925	148.866843	170.291007	142.439594	142.439594	112.445778	101.733703	61.027835	127.442684		
		819.44621	538.787633	333.114865	309.548231	198.14243	153.151675	174.575841	123.157854	157.436508	76.024731	127.442684	52.458181		
		815.161338	562.354341	318.117916	232.42112	223.851446	174.575841	174.575841	114.588193	129.5851	56.743008	91.02163	185.287926		
		753.030723	455.233	333.114865	294.551287	236.705957	151.009259	131.727516	144.58201	97.448874	144.58201	54.600594	101.733703		
		609.487782	568.781627	318.117916	245.275633	230.278701	140.297179	114.588193	136.012347	84.594387	99.591288	67.455076	82.451973		
		673.760705	446.6633	333.114865	206.712101	210.996937	155.294091	138.154763	108.160948	93.164045	118.873023	86.736802	142.439594		
		
1:00	22.50	80.309559	69.597489	48.173355	41.746116	37.46129	71.739903	63.170248	56.743008	33.176464	52.458181	118.873023	46.030942		
		88.879216	80.309559	67.455076	41.746116	39.603703	20.321989	56.743008	24.606814	58.885421	50.315768	58.885421	41.746116		
		183.145509	93.164045	54.600594	48.173355	33.176464	80.309559	22.464402	39.603703	52.458181	11.752341	80.309559	67.455076		
		73.882317	37.46129	52.458181	46.030942	52.458181	35.318877	35.318877	37.46129	65.312662	41.746116	20.321989	52.458181		
		69.597489	20.321989	86.736802	101.733703	20.321989	31.034052	33.176464	52.458181	18.179577	52.458181	50.315768	82.451973		
		103.876118	48.173355	41.746116	80.309559	52.458181	48.173355	50.315768	61.027835	54.600594	58.885421	73.882317	84.594387		
		76.024731	52.458181	61.027835	46.030942	50.315768	24.606814	48.173355	39.603703	37.46129	63.170248	24.606814	37.46129		
		91.02163	50.315768	129.5851	52.458181	52.458181	39.603703	43.888529	43.888529	24.606814	39.603703	63.170248	56.743008		
		
2:00	22.60	309.548231	50.315768	787.309676	48.173355	166.006174	22.464402	84.594387	82.451973	63.170248	217.424191	125.300269	50.315768		
		61.027835	9.609929	35.318877	67.455076	28.891639	46.030942	78.167145	46.030942	9.609929	61.027835	41.746116	50.315768		
		4046.027105	178.860675	292.408866	328.830022	221.709028	665.190979	249.560471	590.205916	88.879216	210.996937	215.281773	474.51483		
		41.746116	39.603703	33.176464	39.603703	22.464402	33.176464	16.037165	125.300269	54.600594	43.888529	18.179577	26.749227		
		41.746116	41.746116	33.176464	52.458181	20.321989	28.891639	76.024731	46.030942	31.034052	28.891639	28.891639	52.458181		
		39.603703	35.318877	37.46129	16.037165	41.746116	50.315768	31.034052	46.030942	22.464402	26.749227	56.743008	58.885421		
		76.024731	24.606814	35.318877	95.306459	39.603703	24.606814	48.173355	13.894753	31.034052	13.894753	35.318877	20.321989		
		20.321989	28.891639	50.315768	16.037165	26.749227	285.981605	9.609929	26.749227	48.173355	37.46129	5.325105	80.309559		
		
3:00	22.70	1453.610071	748.745855	4153.153782	123.157854	1487.889358	356.681507	579.493771	354.539084	433.808751	1410.760986	1260.789388	296.693707		
		39.603703	13.894753	24.606814	46.030942	33.176464	7.467517	22.464402	58.885421	61.027835	22.464402	26.749227	43.888529		
		10823.174099	622.342362	2184.190894	4202.432106	1774.979023	4277.420925	3051.899142	2732.666992	947.992488	2179.905941	4922.327991	4178.864208		
		22.464402	31.034052	13.894753	54.600594	37.46129	18.179577	71.739903	37.46129	31.034052	33.176464	26.749227	33.176464		
		26.749227	26.749227	24.606814	54.600594	41.746116	31.034052	24.606814	31.034052	20.321989	35.318877	1.040281	22.464402		
		76.024731	28.891639	26.749227	26.749227	26.749227	39.603703	48.173355	18.179577	41.746116	26.749227	24.606814	54.600594		
		9.609929	20.321989	18.179577	26.749227	39.603703	26.749227	41.746116	33.176464	11.752341	37.46129	24.606814	35.318877		
		315.975494	185.287926	969.41689	605.202922	63.170248	4545.238774	153.151675	155.294091	65.312662	41.746116	52.458181	50.315768		
		
4:00	22.80	3540.391342	2715.527051	8712.612666	607.345352	4470.249676	1378.624189	2295.599763	1127.957662	2601.975043	4354.552364	4620.22795	2372.729082		
		31.034052	37.46129	31.034052	24.606814	46.030942	43.888529	35.318877	31.034052	31.034052	35.318877	26.749227	22.464402		
		18402.420176	2059.927357	5961.476096	12185.96537	4930.898224	9985.370238	8309.791718	6377.139531	4300.988856	7247.040867	12263.105269	10491.051199		
		13.894753	48.173355	20.321989	31.034052	22.464402	9.609929	9.609929	20.321989	13.894753	24.606814	28.891639	48.173355		
		16.037165	26.749227	22.464402	28.891639	18.179577	24.606814	28.891639	35.318877	20.321989	43.888529	24.606814	48.173355		
		84.594387	50.315768	28.891639	50.315768	46.030942	20.321989	13.894753	37.46129	26.749227	9.609929	54.600594	39.603703		
		16.037165	43.888529	37.46129	46.030942	35.318877	18.179577	33.176464	63.170248	26.749227	18.179577	16.037165	16.037165		
		2499.135643	1117.245437	5025.170847	2293.457284	493.796665	19086.027196	551.6422	1217.940417	628.769653	935.13785	570.924056	521.648213		
		
5:00	22.90	8751.180747	5577.953712	14581.626296	1367.911926	8686.900623	4005.31901	5867.202248	2719.812035	7313.462337	9139.005377	11217.438108	7587.719374		
		240.990795	22.464402	39.603703	24.606814	31.034052	9.609929	22.464402	3.182693	41.746116	46.030942	16.037165	67.455076		
		24756.572242	3990.321297	9805.382955	19206.034113	9209.71396	15190.196848	13381.643075	10645.327453	9584.684875	12878.084636	18310.273017	18618.859315		
		1732.129746	63.170248	9.609929	9.609929	31.034052	50.315768	24.606814	24.606814	13.894753	56.743008	22.464402	48.173355		
		780.882371	18.179577	50.315768	24.606814	48.173355	20.321989	18.179577	20.321989	7.467517	33.176464	18.179577	48.173355		
		112.445778	22.464402	46.030942	24.606814	11.752341	18.179577	28.891639	24.606814	13.894753	20.321989	48.173355	11.752341		
		88.879216	16.037165	35.318877	22.464402	61.027835	9.609929	22.464402	20.321989	22.464402	37.46129	28.891639	35.318877		
		6282.86514	3949.613233	10521.049334	7330.603371	2805.511787	34812.92096	1663.570957	3726.790554	2991.9091	4054.597234	4168.151529	2912.636621		
		
6:00	23.00	13538.068327	9323.276374	20965.444158	3056.184147	13788.778001	7774.129049	10649.612909	4523.813309	13820.92033	14401.62754	18567.428174	14116.630428		
		22.464402	28.891639	5.325105	54.600594	41.746116	33.176464	50.315768	24.606814	22.464402	22.464402	22.464402	50.315768		
		29047.280969	5869.344834	13610.92404	24060.052703	13216.646944	20243.245072	17455.238715	15518.055647	15044.482304	16499.498087	23241.382953	24805.864649		
		13.894753	18.179577	28.891639	28.891639	31.034052	33.176464	9.609929	67.455076	33.176464	18.179577	24.606814	37.46129		
		26.749227	22.464402	24.606814	26.749227	7.467517	50.315768	28.891639	58.885421	26.749227	31.034052	24.606814	26.749227		
		46.030942	24.606814	26.749227	28.891639	33.176464	24.606814	16.037165	35.318877	18.179577	33.176464	37.46129	18.179577		
		28.891639	18.179577	33.176464	22.464402	52.458181	41.746116	3.182693	13.894753	26.749227	18.179577	31.034052	22.464402		
		11309.576204	8161.948424	14198.05806	13855.205497	6505.695718	44141.802475	4200.28957	7195.617837	7688.423391	8551.91255	11206.724384	8770.464796		
		
7:00	23.00	19831.7877	12693.804554	26295.368489	5284.421198	18863.157738	11579.562929	15308.054414	6434.989787	19574.628034	19188.890255	24293.653891	20067.518199		
		37.46129	35.318877	31.034052	142.439594	22.464402	54.600594	54.600594	48.173355	65.312662	50.315768	48.173355	46.030942		
		32504.466271	7467.731792	17035.225578	27859.916443	16141.63434	23078.507357	20914.011343	19518.910228	18455.99416	19769.640697	26299.654875	28586.478335		
		11.752341	24.606814	22.464402	28.891639	24.606814	22.464402	22.464402	20.321989	5.325105	18.179577	43.888529	31.034052		
		24.606814	28.891639	22.464402	1.040281	16.037165	20.321989	11.752341	24.606814	20.321989	7.467517	18.179577	39.603703		
		61.027835	5.325105	3.182693	39.603703	20.321989	39.603703	43.888529	28.891639	11.752341	52.458181	41.746116	13.894753		
		50.315768	46.030942	20.321989	24.606814	33.176464	7.467517	52.458181	37.46129	26.749227	24.606814	35.318877	37.46129		
		15818.058469	13683.779826	16527.355818	20854.006439	10829.6023	47166.659835	7996.964236	11185.29694	14030.917231	13169.505261	18119.550202	15063.768036		
		
8:00	23.10	25637.4112	15843.773054	29651.687028	8033.389284	23059.219482	14924.482313	20174.668681	7870.548036	24797.292054	24621.554082	29045.137695	24109.344633		
		2194.903278	43.888529	71.739903	273.127085	63.170248	22.464402	28.891639	69.597489	69.597489	7.467517	106.018533	63.170248		
		35203.029237	9141.14806	18826.727219	29958.17856	18203.125306	25594.547742	22457.011753	22821.336113	21267.612688	22152.69517	27611.301075	31829.305468		
		768.027763	43.888529	41.746116	46.030942	24.606814	52.458181	16.037165	26.749227	33.176464	33.176464	50.315768	11.752341		
		588.063487	22.464402	35.318877	28.891639	26.749227	26.749227	46.030942	22.464402	26.749227	54.600594	39.603703	48.173355		
		52.458181	26.749227	20.321989	26.749227	22.464402	20.321989	20.321989	18.179577	13.894753	13.894753	37.46129	24.606814		
		65.312662	13.894753	26.749227	26.749227	37.46129	20.321989	37.46129	37.46129	7.467517	37.46129	11.752341	26.749227		
		18621.00228	18578.142992	18243.841417	26168.920205	14093.059289	49713.555193	11909.548077	14033.06006	19293.896446	17495.954404	23708.580781	19921.7938		
		
9:00	23.10	29516.659703	18035.975194	33087.467352	10313.205372	27096.927173	17888.111957	23708.580781	9089.723678	28271.419625	27994.940665	32438.021594	26567.554529		
		67.455076	84.594387	82.451973	534.502777	91.02163	24.606814	61.027835	58.885421	73.882317	67.455076	206.712101	181.003092		
		33961.97781	9946.801496	20322.536607	30806.931141	20568.983824	27399.121395	24735.140771	24317.228364	22943.492339	23961.468942	29797.431091	34272.774522		
		26.749227	58.885421	22.464402	20.321989	65.312662	35.318877	52.458181	28.891639	33.176464	9.609929	20.321989	37.46129		
		43.888529	13.894753	20.321989	24.606814	22.464402	16.037165	1.040281	24.606814	37.46129	18.179577	22.464402	28.891639		
		76.024731	13.894753	26.749227	31.034052	18.179577	22.464402	18.179577	1.040281	31.034052	28.891639	43.888529	7.467517		
		24.606814	16.037165	28.891639	22.464402	50.315768	16.037165	13.894753	9.609929	20.321989	20.321989	22.464402	11.752341		
		20813.288854	22030.540283	18745.29436	29887.44963	16756.646786	46680.015821	16195.206644	16823.077015	23850.026592	20288.248365	26198.924862	23425.689991		
		
10:00	23.20	32543.047079	19752.496705	35005.831383	12263.105269	30738.344703	21145.4593	26528.976918	9811.811064	30423.276591	30577.595494	32675.936688	28440.73672		
		140.297179	161.721341	114.588193	688.757729	133.869931	41.746116	37.46129	46.030942	131.727516	69.597489	270.984665	320.260337		
		33342.531807	10553.190206	21338.333165	31512.089241	21959.819127	28931.544217	25163.771396	26625.420985	24173.638507	25673.84516	30369.693716	35910.373802		
		26.749227	37.46129	16.037165	7.467517	28.891639	11.752341	26.749227	24.606814	13.894753	24.606814	22.464402	48.173355		
		26.749227	18.179577	24.606814	31.034052	24.606814	26.749227	28.891639	33.176464	35.318877	37.46129	24.606814	26.749227		
		93.164045	31.034052	54.600594	26.749227	43.888529	7.467517	28.891639	33.176464	28.891639	22.464402	31.034052	16.037165		
		24.606814	43.888529	24.606814	43.888529	22.464402	16.037165	22.464402	24.606814	16.037165	13.894753	20.321989	37.46129		
		22919.918315	24580.83437	18078.83416	31477.795679	18841.728018	42493.297905	19141.744668	18871.729627	26895.465061	22701.323179	26886.892217	25667.415637		
		
11:00	23.20	34118.447712	20232.530007	35809.630365	14459.484234	33156.056024	23196.377817	27971.364989	10101.076586	31724.281022	32075.792012	34439.962273	30335.400696		
		151.009259	206.712101	168.14859	1035.832576	285.981605	46.030942	136.012347	61.027835	213.139355	140.297179	311.690652	463.802702		
		33261.082555	11688.843558	22114.11992	30929.100896	23033.502323	29660.2602	26732.581212	26854.744064	24962.314685	26166.777016	30813.361123	35599.570033		
		31.034052	46.030942	1.040281	11.752341	41.746116	18.179577	31.034052	31.034052	26.749227	37.46129	26.749227	5.325105		
		41.746116	39.603703	76.024731	46.030942	26.749227	31.034052	11.752341	22.464402	39.603703	24.606814	31.034052	39.603703		
		67.455076	22.464402	22.464402	39.603703	22.464402	37.46129	41.746116	46.030942	31.034052	39.603703	13.894753	1.040281		
		24.606814	18.179577	46.030942	1.040281	20.321989	33.176464	13.894753	56.743008	7.467517	41.746116	26.749227	22.464402		
		23237.096748	25781.003973	16844.506135	32435.878218	20003.227986	35012.261739	21726.225499	20236.816033	28485.745128	23301.389844	27757.041014	25806.722111		
		
12:00	23.20	35162.303549	20907.582244	36450.532505	15854.487468	34437.818838	25607.406777	29077.286824	10572.474736	33218.214565	34011.27651	34549.27755	30451.139702		
		125.300269	215.281773	251.70289	1117.245437	318.117916	73.882317	86.736802	50.315768	245.275633	127.442684	305.26339	855.867632		
		31756.431346	11658.844937	22345.571729	31522.805983	22904.916666	29120.152353	26329.659587	28106.389421	25009.464078	27236.236409	30952.677539	37001.41281		
		56.743008	35.318877	5.325105	24.606814	28.891639	31.034052	11.752341	26.749227	24.606814	5.325105	26.749227	22.464402		
		16.037165	16.037165	16.037165	7.467517	3.182693	50.315768	22.464402	43.888529	7.467517	22.464402	28.891639	50.315768		
		69.597489	41.746116	43.888529	26.749227	76.024731	46.030942	22.464402	20.321989	13.894753	39.603703	46.030942	33.176464		
		26.749227	33.176464	18.179577	28.891639	20.321989	50.315768	20.321989	3.182693	33.176464	18.179577	16.037165	35.318877		
		23489.983255	25082.331382	15597.341986	32961.007158	20455.403698	29315.190831	22201.985797	20714.709532	29433.071486	24036.478313	26949.045355	25650.270243		
		
13:00	23.30	36619.868805	20716.852559	36806.353544	17654.531518	35205.172695	26878.319375	30704.051508	10696.752944	33606.170805	32624.49552	34564.281621	30922.670903		
		183.145509	236.705957	485.22696	1104.390768	352.396662	101.733703	170.291007	48.173355	290.266446	172.433424	326.687601	894.431511		
		29988.184794	12526.667212	22592.02586	30811.217796	24079.340845	30268.958018	26811.879882	27787.046332	25585.975053	27949.932563	30819.791106	36429.097559		
		11.752341	63.170248	22.464402	33.176464	26.749227	28.891639	41.746116	13.894753	22.464402	50.315768	24.606814	16.037165		
		26.749227	39.603703	16.037165	41.746116	26.749227	37.46129	22.464402	18.179577	22.464402	24.606814	63.170248	20.321989		
		65.312662	26.749227	7.467517	7.467517	37.46129	5.325105	16.037165	50.315768	31.034052	7.467517	22.464402	20.321989		
		5.325105	18.179577	13.894753	3.182693	73.882317	9.609929	52.458181	41.746116	43.888529	31.034052	43.888529	54.600594		
		22566.308868	25080.188225	13047.365591	32690.940369	20356.824865	23961.468942	23316.391574	20288.248365	27887.778563	24660.130674	25058.756658	24752.285947		
		
14:00	23.30	36870.658738	20907.582244	36561.994329	18438.850481	36268.335665	27819.194901	30787.641199	10199.641399	32791.67945	34330.647161	33796.934583	30710.481481		
		174.575841	298.836128	390.960272	1097.963435	476.657256	151.009259	161.721341	86.736802	322.402758	157.436508	380.248156	1102.248324		
		28451.453005	12361.673038	23357.110573	30178.939003	23125.655518	29720.272432	26814.02309	29025.848223	25230.209371	27724.892473	30468.286237	36519.124376		
		33.176464	73.882317	35.318877	18.179577	28.891639	35.318877	26.749227	13.894753	22.464402	18.179577	39.603703	28.891639		
		48.173355	22.464402	43.888529	16.037165	46.030942	28.891639	31.034052	31.034052	26.749227	43.888529	31.034052	48.173355		
		67.455076	24.606814	20.321989	35.318877	48.173355	39.603703	16.037165	3.182693	16.037165	31.034052	16.037165	20.321989		
		22.464402	31.034052	22.464402	48.173355	18.179577	9.609929	35.318877	11.752341	28.891639	39.603703	18.179577	3.182693		
		21111.170667	23740.727532	11001.021184	30924.814234	20009.657005	18916.732064	22821.336113	20153.238572	26942.615717	23764.301825	22889.915021	22924.2045		
		
15:00	23.30	36686.317335	20941.87078	35646.72638	19298.182417	37187.898536	28067.810986	31569.959665	9865.378666	32341.569753	34620.011054	32701.657286	30418.989959		
		1457.894981	339.54213	463.802702	975.844212	390.960272	155.294091	258.130148	54.600594	288.124026	215.281773	283.839185	1091.536102		
		28710.787593	12644.520426	23033.502323	30616.175272	22994.926602	29529.519437	27186.942341	29034.421321	24921.59478	27041.203553	30054.627214	35663.874151		
		1125.815217	54.600594	33.176464	52.458181	13.894753	9.609929	37.46129	39.603703	33.176464	7.467517	33.176464	13.894753		
		405.957237	11.752341	5.325105	22.464402	22.464402	26.749227	5.325105	56.743008	13.894753	20.321989	31.034052	16.037165		
		116.730608	24.606814	20.321989	24.606814	31.034052	33.176464	39.603703	16.037165	18.179577	41.746116	37.46129	48.173355		
		37.46129	11.752341	61.027835	48.173355	24.606814	48.173355	37.46129	26.749227	35.318877	9.609929	22.464402	50.315768		
		19593.914977	21544.065856	9303.992178	29630.254102	18543.85558	15297.340082	21837.664567	19512.481253	25483.102868	22699.180093	20024.658051	20388.970122		
		
16:00	23.40	37565.158491	20382.541069	35263.046082	19431.04762	36889.950308	28852.243216	31422.068674	9801.097549	31816.445323	33987.698866	32585.914668	29452.361066		
		151.009259	345.969396	495.939091	798.021852	534.502777	131.727516	191.715178	76.024731	285.981605	354.539084	234.563539	1037.975019		
		24580.83437	12443.098687	23511.414356	29821.007364	22306.996376	29103.006139	26586.843343	29263.752061	25738.140429	27690.600711	29396.635626	34817.207853		
		9.609929	33.176464	48.173355	18.179577	31.034052	20.321989	37.46129	35.318877	22.464402	1.040281	11.752341	7.467517		
		26.749227	58.885421	58.885421	26.749227	31.034052	22.464402	35.318877	18.179577	13.894753	39.603703	41.746116	26.749227		
		140.297179	7.467517	54.600594	28.891639	31.034052	41.746116	18.179577	24.606814	3.182693	5.325105	24.606814	56.743008		
		28.891639	16.037165	11.752341	5.325105	24.606814	58.885421	5.325105	20.321989	3.182693	33.176464	9.609929	22.464402		
		17808.823099	20048.231129	7427.021765	27049.776415	17547.384781	11637.417359	20613.98732	17975.972684	23562.849024	21109.027628	17453.095785	18766.724051		
		
17:00	23.40	37200.759639	20650.418742	34947.958202	19949.652853	36431.241054	28595.051381	31529.236028	9805.382955	30892.664281	33466.849263	30313.967568	29105.149415		
		63.170248	247.418052	521.648213	660.906116	463.802702	144.58201	273.127085	73.882317	309.548231	247.418052	238.848376	1132.242553		
		23177.08991	12948.796885	23404.258916	29351.626649	22461.297912	27849.200245	26196.781672	28277.84938	24829.43929	27146.221179	27658.452199	34015.563355		
		35.318877	33.176464	67.455076	13.894753	20.321989	16.037165	50.315768	18.179577	11.752341	13.894753	26.749227	26.749227		
		18.179577	11.752341	26.749227	22.464402	3.182693	39.603703	20.321989	50.315768	18.179577	33.176464	31.034052	11.752341		
		221.709028	39.603703	20.321989	41.746116	22.464402	28.891639	7.467517	13.894753	24.606814	56.743008	52.458181	26.749227		
		46.030942	37.46129	22.464402	22.464402	41.746116	48.173355	18.179577	46.030942	0	26.749227	7.467517	39.603703		
		16433.068155	18055.261726	5802.924695	25221.636726	16711.645697	9132.577327	18998.165116	16876.649826	21792.660307	20588.271033	15374.48331	16379.495674		
		
18:00	23.40	36949.968557	20487.548998	35070.134972	20466.118796	35575.99187	29475.937226	31019.120847	9421.840124	30783.354546	32568.76763	30024.620953	27311.249186		
		106.018533	335.257287	547.357344	515.220932	468.087553	193.857595	247.418052	58.885421	281.696765	270.984665	140.297179	1037.975019		
		21612.64355	13163.076852	23470.69527	28792.231706	22416.293263	26655.425833	25688.847384	28629.343572	24315.08523	27881.348842	25973.890236	33921.252823		
		26.749227	22.464402	33.176464	46.030942	20.321989	24.606814	28.891639	69.597489	24.606814	39.603703	3.182693	7.467517		
		18.179577	18.179577	35.318877	22.464402	43.888529	31.034052	13.894753	28.891639	20.321989	18.179577	7.467517	46.030942		
		159.578924	33.176464	46.030942	20.321989	22.464402	9.609929	26.749227	16.037165	11.752341	24.606814	24.606814	26.749227		
		20.321989	41.746116	33.176464	16.037165	43.888529	0	50.315768	16.037165	28.891639	35.318877	24.606814	1.040281		
		14118.77326	16407.353359	4333.126956	22264.134897	15145.196737	7611.288387	18209.554164	16096.633635	19797.499691	18897.445302	12393.81473	13810.206219		
		
19:00	23.40	36686.317335	20196.098796	33505.430586	20393.256157	35042.270076	28817.950918	31233.454517	9141.14806	30646.18178	32101.512396	28674.352099	26865.460114		
		106.018533	262.414987	551.6422	373.820887	399.529966	221.709028	240.990795	37.46129	330.972444	217.424191	116.730608	999.411063		
		19371.043949	13291.645138	23202.80712	28177.116605	21387.623235	26751.870069	25095.190325	28451.453005	24231.503042	26796.877424	25120.908219	32375.863726		
		1802.831066	28.891639	24.606814	18.179577	20.321989	43.888529	22.464402	31.034052	31.034052	24.606814	3.182693	13.894753		
		1577.872563	11.752341	52.458181	18.179577	71.739903	26.749227	39.603703	22.464402	28.891639	26.749227	43.888529	20.321989		
		326.687601	26.749227	31.034052	41.746116	37.46129	26.749227	46.030942	11.752341	39.603703	22.464402	20.321989	5.325105		
		61.027835	24.606814	31.034052	18.179577	41.746116	35.318877	35.318877	20.321989	11.752341	63.170248	20.321989	22.464402		
		12402.385851	14123.058922	3401.127877	20502.550143	13812.349041	6032.181563	16023.775411	14851.625273	16705.216973	17412.380119	10426.769524	11384.572415		
		
20:00	23.40	34680.027414	19823.215696	31287.038035	20097.520318	34838.64232	28434.306949	30393.270176	8609.76455	29795.287793	30373.980344	27270.527954	25740.283605		
		91.02163	262.414987	547.357344	294.551287	435.951176	163.863757	217.424191	20.321989	223.851446	266.699826	71.739903	905.143703		
		18580.285956	12713.089657	22570.595033	26715.435565	21089.74028	25230.209371	25328.794866	27099.07039	23622.856182	26014.610736	22844.910105	31100.567567		
		1.040281	58.885421	39.603703	7.467517	11.752341	31.034052	18.179577	22.464402	35.318877	56.743008	11.752341	16.037165		
		1.040281	28.891639	22.464402	0	9.609929	20.321989	37.46129	22.464402	35.318877	43.888529	20.321989	28.891639		
		264.557406	7.467517	18.179577	24.606814	22.464402	9.609929	24.606814	35.318877	33.176464	37.46129	5.325105	26.749227		
		26.749227	31.034052	22.464402	9.609929	69.597489	26.749227	1.040281	9.609929	5.325105	28.891639	31.034052	52.458181		
		10413.913196	12365.958596	2706.957081	17380.23619	11815.266452	4778.77675	14045.917034	13094.507194	14405.91322	15785.915249	8110.52474	9237.568875		
		
21:00	23.50	33884.814696	19124.600826	29623.824226	19375.329924	33998.415976	28149.254372	30230.378426	8108.382087	28779.372103	29199.453649	25819.581184	24516.540133		
		41.746116	247.418052	442.37845	225.993865	367.393619	168.14859	264.557406	37.46129	221.709028	264.557406	39.603703	699.46989		
		16587.357122	12608.093048	21938.388487	25834.583439	20427.544449	24047.193944	24235.789306	26623.277782	22765.615797	26284.652524	21404.767615	30318.254193		
		11.752341	35.318877	33.176464	39.603703	26.749227	18.179577	18.179577	20.321989	13.894753	18.179577	3.182693	11.752341		
		28.891639	33.176464	16.037165	16.037165	20.321989	82.451973	9.609929	28.891639	22.464402	20.321989	46.030942	18.179577		
		255.987729	11.752341	24.606814	16.037165	5.325105	3.182693	7.467517	11.752341	28.891639	1.040281	26.749227	24.606814		
		13.894753	16.037165	13.894753	26.749227	33.176464	18.179577	18.179577	16.037165	39.603703	18.179577	5.325105	26.749227		
		8832.60232	10593.901998	1959.231201	15368.054704	10473.909414	3833.916756	12061.684596	11564.56364	12085.255071	14217.343565	6529.264377	7309.177079		
		
22:00	23.50	32032.924727	19480.336387	29208.026767	19874.647733	32920.282736	27986.367691	29677.406547	7549.151915	27214.804201	28747.223106	24195.069811	22772.045062		
		22.464402	285.981605	418.81178	185.287926	322.402758	174.575841	176.718258	31.034052	178.860675	181.003092	48.173355	568.781627		
		15267.339961	12286.67581	21552.638064	24765.144832	19321.755257	22774.188151	23637.85798	26254.647831	22195.556583	24951.598918	19859.646719	28305.711662		
		13.894753	28.891639	0	31.034052	13.894753	35.318877	9.609929	33.176464	20.321989	35.318877	5.325105	35.318877		
		26.749227	7.467517	11.752341	16.037165	26.749227	26.749227	20.321989	13.894753	7.467517	16.037165	1.040281	7.467517		
		1022.977922	7.467517	9.609929	9.609929	78.167145	18.179577	26.749227	18.179577	9.609929	9.609929	22.464402	16.037165		
		2019.220384	24.606814	20.321989	48.173355	52.458181	22.464402	35.318877	18.179577	54.600594	13.894753	43.888529	26.749227		
		7405.595444	8894.739897	1580.015021	12464.526505	9374.700922	3013.334109	10396.771429	10557.475657	10347.488871	12865.22787	5031.598531	5509.391266		
		
23:00	23.50	30483.289459	18320.987797	27163.366929	19184.604292	31681.413945	26882.605796	28610.054213	6893.50827	25742.426782	26790.4478	21916.957854	21473.345177		
		37.46129	183.145509	320.260337	138.154763	255.987729	181.003092	172.433424	52.458181	176.718258	174.575841	33.176464	536.645205		
		14157.344232	12485.954329	21136.88714	22804.191396	17943.828503	21006.16183	22461.297912	25521.67992	20965.444158	24420.098886	18670.290493	26850.457645		
		31.034052	9.609929	33.176464	39.603703	11.752341	37.46129	26.749227	22.464402	20.321989	39.603703	18.179577	37.46129		
		31.034052	11.752341	41.746116	35.318877	71.739903	1.040281	7.467517	11.752341	20.321989	28.891639	28.891639	50.315768		
		270.984665	50.315768	26.749227	3.182693	22.464402	33.176464	22.464402	33.176464	16.037165	35.318877	28.891639	48.173355		
		48.173355	31.034052	31.034052	18.179577	24.606814	33.176464	20.321989	28.891639	13.894753	13.894753	16.037165	22.464402		
		5852.204147	7189.18996	1179.376366	10686.039297	7611.288387	2321.309527	8596.908546	8594.765879	8316.219694	10936.739055	3983.893706	4480.9624		
		
24:00	23.50	28558.615945	17849.538988	25924.597031	18301.701194	30476.859506	25678.13151	27184.799121	6627.824308	24840.155039	25618.122641	20693.279262	20084.662265		
		37.46129	176.718258	258.130148	131.727516	200.284848	93.164045	185.287926	56.743008	142.439594	127.442684	22.464402	433.808751		
		12479.525981	11465.996961	19216.749026	21329.760982	16784.504617	19349.614079	20796.144614	23762.158707	19808.214692	23380.684741	16546.641946	25283.788428		
		35.318877	56.743008	28.891639	11.752341	26.749227	35.318877	28.891639	50.315768	7.467517	5.325105	5.325105	11.752341		
		35.318877	9.609929	26.749227	18.179577	33.176464	35.318877	31.034052	0	11.752341	28.891639	28.891639	50.315768		
		258.130148	16.037165	35.318877	7.467517	33.176464	9.609929	37.46129	7.467517	18.179577	13.894753	28.891639	37.46129		
		31.034052	9.609929	46.030942	39.603703	24.606814	22.464402	22.464402	7.467517	5.325105	11.752341	56.743008	37.46129		
		4476.67731	5511.533841	877.292007	8256.225272	6587.114755	1993.510728	6762.808779	7874.833327	6647.107788	9363.987472	3084.036685	3135.456783		
		
25:00	23.50	25888.162944	17133.79987	23421.403776	18035.975194	28194.262599	24850.870789	26698.289922	5667.942021	23436.405531	23742.870649	18790.296718	17952.400284		
		22.464402	159.578924	234.563539	110.303363	185.287926	99.591288	133.869931	61.027835	168.14859	110.303363	46.030942	352.396662		
		11592.419465	11086.73078	18263.128005	18618.859315	15638.056626	17461.667506	19223.177974	22345.571729	18970.30643	21837.664567	14746.625551	24139.348434		
		28.891639	16.037165	63.170248	16.037165	22.464402	16.037165	18.179577	9.609929	22.464402	37.46129	31.034052	22.464402		
		24.606814	41.746116	18.179577	31.034052	26.749227	41.746116	24.606814	33.176464	20.321989	41.746116	3.182693	13.894753		
		253.845309	9.609929	20.321989	20.321989	13.894753	16.037165	24.606814	11.752341	24.606814	35.318877	18.179577	33.176464		
		20.321989	7.467517	41.746116	13.894753	22.464402	26.749227	76.024731	22.464402	50.315768	16.037165	7.467517	26.749227		
		3698.937768	4675.934245	731.606385	6621.396482	5447.256605	1539.308318	5535.102175	6649.250398	5012.315482	7821.267204	2494.850671	2520.560506		
		
26:00	23.50	24087.913355	16572.356792	21796.946426	17343.80642	27420.553658	23882.173406	24402.953789	5061.594394	20896.86708	22208.415012	16463.068762	16930.222676		
		63.170248	99.591288	198.14243	112.445778	157.436508	95.306459	123.157854	26.749227	80.309559	118.873023	20.321989	264.557406		
		10761.03486	10540.333856	16938.794336	16724.503148	14628.768902	15927.345521	17506.669063	21574.068589	17543.098915	20661.13387	13278.788299	20941.87078		
		28.891639	33.176464	24.606814	9.609929	7.467517	11.752341	5.325105	33.176464	35.318877	33.176464	9.609929	48.173355		
		16.037165	37.46129	26.749227	37.46129	26.749227	28.891639	11.752341	20.321989	80.309559	22.464402	46.030942	7.467517		
		281.696765	39.603703	26.749227	43.888529	26.749227	26.749227	18.179577	1.040281	52.458181	11.752341	31.034052	9.609929		
		20.321989	28.891639	28.891639	22.464402	13.894753	33.176464	16.037165	16.037165	18.179577	22.464402	50.315768	50.315768		
		3011.191608	3527.536242	517.363359	4898.759857	4590.23227	1260.789388	4226.000012	5530.817023	3966.753467	6807.803659	1785.691346	1779.263952		
		
27:00	23.60	21844.093749	15633.770873	20423.258411	16568.070983	25144.482964	23001.355887	23239.23985	4697.359755	19801.785692	21175.461867	15376.626178	15089.482353		
		13.894753	65.312662	136.012347	80.309559	129.5851	50.315768	52.458181	41.746116	76.024731	142.439594	31.034052	191.715178		
		9809.668361	9608.254541	15237.339851	13835.920088	13218.789748	14195.915226	15618.770741	19306.754358	15950.91726	19456.763494	11716.699431	18576.000028		
		11.752341	7.467517	24.606814	16.037165	11.752341	20.321989	31.034052	7.467517	46.030942	26.749227	11.752341	26.749227		
		37.46129	22.464402	18.179577	16.037165	28.891639	28.891639	18.179577	56.743008	28.891639	28.891639	26.749227	18.179577		
		258.130148	28.891639	18.179577	35.318877	13.894753	22.464402	3.182693	11.752341	69.597489	20.321989	11.752341	13.894753		
		46.030942	9.609929	11.752341	5.325105	28.891639	5.325105	37.46129	16.037165	31.034052	18.179577	33.176464	43.888529		
		2314.882085	2820.509254	470.229978	3808.206453	3838.201807	1100.105879	3362.562658	4367.407612	3236.154583	5427.973446	1312.208187	1492.17427		
		
28:00	23.60	19002.451068	15395.911999	18762.438112	15751.629165	23252.098465	21516.206186	21803.375605	3643.232227	18125.979052	19203.89113	13274.502687	13415.928033		
		33.176464	54.600594	155.294091	43.888529	118.873023	78.167145	91.02163	35.318877	69.597489	82.451973	31.034052	157.436508		
		8860.457089	9072.582226	13488.783622	12046.685206	12046.685206	12346.673586	13662.351646	17639.530966	14600.911904	16973.080985	10229.639412	16553.070657		
		31.034052	16.037165	35.318877	13.894753	11.752341	26.749227	20.321989	39.603703	13.894753	43.888529	5.325105	7.467517		
		16.037165	31.034052	26.749227	31.034052	1.040281	22.464402	3.182693	50.315768	7.467517	41.746116	13.894753	13.894753		
		309.548231	35.318877	22.464402	13.894753	35.318877	20.321989	33.176464	7.467517	26.749227	18.179577	24.606814	1.040281		
		24.606814	35.318877	5.325105	33.176464	88.879216	33.176464	28.891639	7.467517	16.037165	7.467517	31.034052	16.037165		
		1727.84482	2167.051083	320.260337	2841.934213	3169.73687	945.850048	2473.425816	3555.388962	2389.868942	4305.273935	1055.114561	1001.553505		
		
29:00	23.60	17140.228633	13994.489154	16973.080985	14525.912348	21297.615306	20142.523519	20039.6591	3146.169309	16081.633406	17975.972684	11682.415281	11530.279563		
		50.315768	69.597489	136.012347	11.752341	73.882317	76.024731	58.885421	39.603703	99.591288	54.600594	71.739903	103.876118		
		8273.36653	8202.658866	11562.420885	9944.658789	10131.074558	10458.910355	11723.127711	15644.485255	13128.792015	15481.626818	8616.192553	15113.053818		
		1.040281	33.176464	26.749227	33.176464	18.179577	46.030942	35.318877	16.037165	65.312662	41.746116	35.318877	26.749227		
		20.321989	16.037165	9.609929	20.321989	18.179577	50.315768	5.325105	22.464402	31.034052	7.467517	28.891639	16.037165		
		232.42112	50.315768	18.179577	37.46129	46.030942	24.606814	28.891639	52.458181	24.606814	41.746116	24.606814	20.321989		
		26.749227	26.749227	31.034052	16.037165	37.46129	11.752341	37.46129	20.321989	22.464402	31.034052	7.467517	35.318877		
		1423.615709	1625.006667	315.975494	2154.196227	2437.003577	905.143703	2141.341374	2934.061606	2038.502631	3718.220465	843.01301	810.876466		
		
30:00	23.60	14549.483628	13055.936789	15288.768618	13375.214647	19585.343002	19216.749026	18338.131448	2614.829978	13848.777027	16124.491211	10306.777218	10223.211265		
		5.325105	28.891639	151.009259	35.318877	106.018533	26.749227	65.312662	31.034052	71.739903	50.315768	54.600594	86.736802		
		7696.993953	7199.903088	10248.923856	8029.103983	9059.726139	9001.873778	10332.489838	13598.067144	11813.12369	14210.915062	7911.258313	12689.518976		
		16.037165	18.179577	22.464402	22.464402	35.318877	13.894753	48.173355	7.467517	20.321989	33.176464	16.037165	20.321989		
		33.176464	43.888529	13.894753	28.891639	31.034052	18.179577	13.894753	22.464402	39.603703	24.606814	22.464402	39.603703		
		277.411925	48.173355	20.321989	24.606814	13.894753	31.034052	31.034052	9.609929	20.321989	18.179577	22.464402	50.315768		
		9.609929	67.455076	11.752341	22.464402	13.894753	26.749227	48.173355	33.176464	37.46129	0	22.464402	5.325105		
		1085.10877	1310.065736	232.42112	1717.132506	1948.518852	928.710531	1487.889358	2269.890009	1457.894981	2916.921617	605.202922	581.6362		
		
31:00	23.60	12395.95751	12453.812595	14150.915736	13167.362458	17838.824278	17607.386934	16066.633181	2466.998361	11990.973216	15222.339801	8986.875025	9074.724907		
		43.888529	31.034052	84.594387	5.325105	63.170248	33.176464	63.170248	39.603703	56.743008	73.882317	13.894753	106.018533		
		6674.961714	6392.137741	8669.759267	6722.09915	7799.840766	7795.555479	8414.782067	11693.129076	10615.329267	12149.538225	6681.389544	10964.594637		
		26.749227	20.321989	48.173355	28.891639	13.894753	24.606814	35.318877	9.609929	41.746116	37.46129	33.176464	1.040281		
		22.464402	48.173355	26.749227	13.894753	33.176464	9.609929	5.325105	43.888529	13.894753	1.040281	9.609929	22.464402		
		294.551287	13.894753	26.749227	43.888529	13.894753	33.176464	3.182693	22.464402	33.176464	5.325105	28.891639	26.749227		
		43.888529	9.609929	50.315768	28.891639	35.318877	20.321989	5.325105	11.752341	26.749227	39.603703	41.746116	35.318877		
		862.294944	997.268622	213.139355	1117.245437	1770.694094	800.164288	1222.225313	1890.672196	1147.239672	2089.921985	508.793651	478.799682		
		
32:00	23.60	11474.567971	10983.879278	12166.680408	12509.524943	16124.491211	17013.796402	15018.768004	1995.653199	10675.325652	13979.489362	7527.725558	8018.390732		
		50.315768	20.321989	61.027835	13.894753	43.888529	33.176464	67.455076	20.321989	52.458181	28.891639	18.179577	50.315768		
		6505.695718	5933.622446	7551.294551	5295.134042	6908.506588	6422.134171	6289.292936	10083.934893	9021.157893	11101.729969	5642.231064	9976.799405		
		43.888529	99.591288	16.037165	43.888529	26.749227	18.179577	39.603703	5.325105	16.037165	46.030942	65.312662	37.46129		
		16.037165	9.609929	9.609929	20.321989	22.464402	22.464402	13.894753	24.606814	18.179577	28.891639	1.040281	9.609929		
		277.411925	22.464402	9.609929	11.752341	43.888529	31.034052	28.891639	3.182693	13.894753	28.891639	5.325105	11.752341		
		39.603703	43.888529	48.173355	26.749227	22.464402	26.749227	54.600594	41.746116	7.467517	7.467517	11.752341	13.894753		
		744.460987	665.190979	273.127085	1027.262807	1404.333625	789.452111	990.841298	1783.548881	986.556416	1792.11874	435.951176	380.248156		
		
33:00	23.60	9839.666212	10227.496696	11153.155786	11037.44775	14264.485932	15280.197154	13220.932553	1719.274968	9479.692822	12460.240941	6625.681699	7189.18996		
		37.46129	48.173355	58.885421	28.891639	24.606814	26.749227	69.597489	52.458181	48.173355	63.170248	31.034052	43.888529		
		5839.348635	5235.142134	6252.868769	4382.405404	5631.518168	5483.680365	5556.52794	8828.316972	7390.597023	9621.110725	4748.781004	7915.543607		
		18.179577	13.894753	37.46129	9.609929	7.467517	28.891639	5.325105	5.325105	20.321989	18.179577	33.176464	16.037165		
		20.321989	9.609929	50.315768	24.606814	41.746116	24.606814	48.173355	9.609929	35.318877	35.318877	33.176464	24.606814		
		213.139355	9.609929	7.467517	22.464402	52.458181	13.894753	7.467517	37.46129	73.882317	9.609929	18.179577	50.315768		
		24.606814	13.894753	24.606814	28.891639	9.609929	13.894753	43.888529	24.606814	52.458181	16.037165	39.603703	7.467517		
		654.478822	540.93006	189.572761	843.01301	1329.347794	748.745855	708.039621	1322.920441	729.463952	1419.330801	300.978548	266.699826		
		
34:00	23.70	8380.499487	9678.963584	9134.720011	10668.897465	12725.946395	14225.914902	11545.278845	1447.182707	8269.081215	11613.84703	5661.514281	6130.740814		
		48.173355	24.606814	76.024731	50.315768	24.606814	63.170248	31.034052	26.749227	37.46129	39.603703	35.318877	31.034052		
		5226.571865	4478.819855	5352.98343	3771.783539	4975.89196	4575.234435	4551.666415	7574.863552	6655.678226	8264.7959	4065.309895	7152.765339		
		16.037165	43.888529	11.752341	22.464402	58.885421	20.321989	24.606814	35.318877	26.749227	22.464402	13.894753	20.321989		
		35.318877	18.179577	5.325105	37.46129	33.176464	39.603703	22.464402	31.034052	9.609929	11.752341	16.037165	11.752341		
		219.56661	20.321989	26.749227	11.752341	26.749227	33.176464	31.034052	37.46129	46.030942	33.176464	31.034052	56.743008		
		31.034052	24.606814	31.034052	18.179577	33.176464	31.034052	5.325105	54.600594	56.743008	5.325105	33.176464	22.464402		
		714.466919	506.651224	176.718258	630.912083	1025.120365	808.73403	615.915072	1192.231047	701.612323	1093.678547	292.408866	303.120969		
		
35:00	23.70	7107.770244	8502.631253	7992.678937	9741.101891	11795.98159	13248.789018	10679.61111	1419.330801	7041.348964	9953.229618	4551.666415	5374.409141		
		20.321989	24.606814	93.164045	33.176464	37.46129	35.318877	33.176464	33.176464	7.467517	31.034052	26.749227	56.743008		
		4873.049175	3793.20878	4303.131396	3017.619111	4101.732957	3906.762664	3808.206453	6321.431922	5824.35054	7294.178678	3465.403289	6100.744506		
		26.749227	52.458181	11.752341	28.891639	26.749227	33.176464	31.034052	26.749227	31.034052	35.318877	33.176464	31.034052		
		33.176464	22.464402	28.891639	7.467517	26.749227	20.321989	13.894753	24.606814	7.467517	35.318877	18.179577	5.325105		
		249.560471	24.606814	9.609929	26.749227	11.752341	20.321989	18.179577	39.603703	37.46129	41.746116	54.600594	20.321989		
		24.606814	26.749227	106.018533	1.040281	22.464402	20.321989	13.894753	13.894753	28.891639	26.749227	7.467517	43.888529		
		453.090575	403.814813	127.442684	652.336391	920.140775	703.754756	624.484792	937.280289	680.188001	971.55933	255.987729	283.839185		
		
36:00	23.70	6445.702803	7714.135078	7182.762085	9036.156653	9906.09007	11637.417359	9580.399483	1065.826777	6075.033395	9166.860265	4061.02483	4534.526041		
		11.752341	13.894753	16.037165	18.179577	11.752341	56.743008	13.894753	26.749227	39.603703	16.037165	46.030942	33.176464		
		4468.107132	3141.884298	4024.601789	2511.99056	3313.284907	3069.039163	2914.779119	5151.582059	5001.60268	6342.85792	2826.936741	5301.56175		
		37.46129	18.179577	24.606814	9.609929	13.894753	3.182693	13.894753	26.749227	26.749227	7.467517	18.179577	67.455076		
		9.609929	16.037165	18.179577	9.609929	26.749227	18.179577	35.318877	35.318877	39.603703	22.464402	39.603703	33.176464		
		206.712101	28.891639	43.888529	5.325105	58.885421	37.46129	18.179577	11.752341	5.325105	33.176464	46.030942	11.752341		
		26.749227	39.603703	31.034052	41.746116	1.040281	37.46129	41.746116	13.894753	33.176464	22.464402	41.746116	9.609929		
		408.09966	303.120969	129.5851	577.351342	688.757729	641.624236	393.102695	858.010069	600.918063	768.027763	236.705957	245.275633		
		
37:00	23.70	5449.399179	7202.045713	6400.708149	8016.248082	8809.032908	10851.029638	8639.761902	858.010069	5138.726671	7883.40391	3356.135123	4103.875491		
		48.173355	22.464402	48.173355	26.749227	82.451973	11.752341	37.46129	31.034052	26.749227	13.894753	35.318877	61.027835		
		3628.234589	2732.666992	3165.451858	2083.494563	2747.664444	2749.806937	2325.594489	4311.701555	3913.190248	5342.270577	2484.138243	4363.122529		
		7.467517	31.034052	13.894753	5.325105	50.315768	46.030942	24.606814	13.894753	50.315768	5.325105	16.037165	3.182693		
		48.173355	52.458181	33.176464	18.179577	11.752341	37.46129	16.037165	13.894753	16.037165	18.179577	37.46129	3.182693		
		176.718258	26.749227	9.609929	24.606814	11.752341	20.321989	31.034052	18.179577	7.467517	24.606814	54.600594	43.888529		
		20.321989	20.321989	11.752341	22.464402	20.321989	35.318877	24.606814	18.179577	28.891639	13.894753	39.603703	16.037165		
		551.6422	378.105733	93.164045	461.660276	590.205916	650.19396	461.660276	834.443264	495.939091	720.894219	200.284848	230.278701		
		
38:00	23.70	4868.764062	6377.139531	5310.132027	7367.028082	7797.698123	10158.929829	7109.912866	770.170197	4510.958034	6966.35727	3028.331619	3523.251209		
		13.894753	24.606814	54.600594	39.603703	18.179577	20.321989	69.597489	61.027835	18.179577	33.176464	20.321989	26.749227		
		3197.589452	2475.568301	2537.700401	1772.836558	2141.341374	2317.024566	1888.529728	3776.068587	3611.094435	5042.311337	1974.228492	3921.76036		
		24.606814	16.037165	37.46129	31.034052	20.321989	31.034052	24.606814	35.318877	0	26.749227	0	20.321989		
		20.321989	39.603703	26.749227	24.606814	9.609929	31.034052	26.749227	31.034052	28.891639	37.46129	20.321989	16.037165		
		136.012347	24.606814	3.182693	16.037165	24.606814	5.325105	39.603703	20.321989	24.606814	9.609929	22.464402	33.176464		
		22.464402	9.609929	13.894753	9.609929	56.743008	13.894753	28.891639	22.464402	39.603703	26.749227	9.609929	35.318877		
		429.523902	303.120969	112.445778	476.657256	603.060493	568.781627	395.245119	746.603421	429.523902	609.487782	247.418052	187.430343		
		
39:00	23.70	4245.28285	5595.094333	4598.802463	6614.968657	6548.547831	9049.012736	6357.856123	600.918063	3786.781207	6445.702803	2496.993157	2901.92413		
		50.315768	31.034052	58.885421	3.182693	52.458181	18.179577	26.749227	20.321989	43.888529	71.739903	9.609929	24.606814		
		3084.036685	2115.631675	2449.858483	1410.760986	2027.790271	1916.381815	1834.968052	3193.304438	2972.626597	4480.9624	1972.086021	3152.596824		
		24.606814	35.318877	20.321989	11.752341	5.325105	22.464402	20.321989	3.182693	18.179577	18.179577	52.458181	22.464402		
		41.746116	50.315768	3.182693	22.464402	26.749227	18.179577	37.46129	22.464402	43.888529	7.467517	13.894753	33.176464		
		200.284848	22.464402	35.318877	26.749227	0	31.034052	9.609929	24.606814	35.318877	13.894753	52.458181	1.040281		
		39.603703	7.467517	24.606814	24.606814	37.46129	31.034052	18.179577	80.309559	20.321989	9.609929	20.321989	18.179577		
		442.37845	294.551287	125.300269	345.969396	585.921058	607.345352	333.114865	609.487782	476.657256	639.481806	219.56661	183.145509		
		
40:00	23.70	3788.923732	4995.174999	4200.28957	6130.740814	5622.947852	8142.664538	5740.789782	575.208913	3210.444493	5888.628112	2010.650497	2484.138243		
		56.743008	18.179577	33.176464	41.746116	11.752341	43.888529	65.312662	48.173355	13.894753	33.176464	71.739903	22.464402		
		2741.236964	1601.439611	2064.212303	1213.655522	1779.263952	1475.034624	1475.034624	2996.194101	2428.433641	3938.900588	1470.749713	2829.079237		
		26.749227	22.464402	5.325105	11.752341	28.891639	13.894753	33.176464	9.609929	9.609929	13.894753	31.034052	31.034052		
		22.464402	26.749227	58.885421	20.321989	28.891639	26.749227	39.603703	43.888529	7.467517	26.749227	18.179577	48.173355		
		240.990795	11.752341	31.034052	18.179577	9.609929	46.030942	13.894753	31.034052	11.752341	16.037165	26.749227	20.321989		
		31.034052	26.749227	33.176464	13.894753	24.606814	20.321989	35.318877	35.318877	9.609929	43.888529	18.179577	3.182693		
		386.675425	330.972444	103.876118	489.511812	600.918063	549.499772	309.548231	684.472865	401.672389	575.208913	290.266446	307.405811		
		
41:00	23.70	3461.11826	4590.23227	3508.253596	5708.651055	4740.210793	7577.006189	4937.325899	350.25424	2762.661899	5072.307205	1841.395451	2149.911276		
		35.318877	18.179577	48.173355	28.891639	11.752341	22.464402	20.321989	18.179577	39.603703	9.609929	20.321989	3.182693		
		2422.00619	1387.194	1723.559894	982.271534	1342.202503	1363.627022	1147.239672	2561.267763	2102.776829	3321.854948	1224.367761	2259.177614		
		37.46129	22.464402	9.609929	24.606814	3.182693	20.321989	16.037165	56.743008	22.464402	5.325105	16.037165	26.749227		
		26.749227	26.749227	43.888529	11.752341	39.603703	18.179577	11.752341	26.749227	11.752341	16.037165	20.321989	18.179577		
		163.863757	54.600594	3.182693	39.603703	18.179577	22.464402	18.179577	28.891639	16.037165	13.894753	54.600594	13.894753		
		20.321989	16.037165	22.464402	26.749227	22.464402	35.318877	11.752341	50.315768	13.894753	18.179577	11.752341	33.176464		
		444.520875	427.381477	78.167145	618.057502	562.354341	633.054514	418.81178	648.051529	427.381477	579.493771	375.96331	365.251196		
		
42:00	23.70	2674.819706	3741.788213	3199.731958	4870.906618	4101.732957	6882.795188	4521.670763	386.675425	2477.710787	4536.668587	1487.889358	1980.655903		
		28.891639	33.176464	18.179577	35.318877	11.752341	37.46129	26.749227	24.606814	58.885421	37.46129	28.891639	26.749227		
		2141.341374	1226.51021	1584.299939	858.010069	1213.655522	1091.536102	986.556416	2017.077912	2089.921985	3015.47661	1132.242553	2137.056424		
		7.467517	31.034052	13.894753	37.46129	3.182693	31.034052	54.600594	9.609929	22.464402	11.752341	28.891639	3.182693		
		37.46129	33.176464	22.464402	39.603703	11.752341	13.894753	16.037165	28.891639	9.609929	20.321989	22.464402	9.609929		
		178.860675	39.603703	9.609929	7.467517	24.606814	50.315768	31.034052	11.752341	22.464402	0	31.034052	43.888529		
		20.321989	18.179577	46.030942	54.600594	18.179577	18.179577	18.179577	31.034052	50.315768	26.749227	22.464402	16.037165		
		416.669356	577.351342	63.170248	645.909098	562.354341	755.173157	395.245119	643.766667	457.375425	521.648213	463.802702	408.09966		
		
43:00	23.70	2574.122691	3739.64569	2582.692644	4658.793842	3786.781207	6347.143121	4018.174196	277.411925	2057.784885	4095.305357	1415.045893	1597.154693		
		20.321989	31.034052	67.455076	18.179577	22.464402	5.325105	26.749227	20.321989	13.894753	37.46129	37.46129	41.746116		
		1978.513433	1067.969221	1217.940417	776.597501	1057.257004	995.12618	875.149569	1800.688601	1879.959857	2668.392233	984.413975	1828.540654		
		5.325105	7.467517	39.603703	31.034052	16.037165	22.464402	24.606814	31.034052	7.467517	16.037165	22.464402	18.179577		
		9.609929	16.037165	31.034052	7.467517	33.176464	33.176464	7.467517	13.894753	16.037165	28.891639	13.894753	35.318877		
		157.436508	7.467517	16.037165	16.037165	26.749227	31.034052	35.318877	31.034052	54.600594	16.037165	56.743008	31.034052		
		16.037165	31.034052	5.325105	31.034052	33.176464	1.040281	22.464402	16.037165	28.891639	80.309559	24.606814	7.467517		
		408.09966	510.936078	103.876118	555.927056	523.79064	746.603421	453.090575	690.900161	485.22696	566.639198	663.048547	478.799682		
		
44:00	23.70	2293.457284	3184.734412	2242.037785	4178.864208	3298.287338	5601.522068	3495.398501	245.275633	1819.97079	3551.103927	1247.934694	1573.587646		
		9.609929	24.606814	52.458181	3.182693	46.030942	13.894753	13.894753	39.603703	39.603703	31.034052	24.606814	24.606814		
		1967.801081	825.873518	1123.672772	622.342362	1025.120365	789.452111	879.434444	1580.015021	1520.026204	2143.48385	917.998336	1502.886551		
		18.179577	33.176464	5.325105	16.037165	22.464402	22.464402	20.321989	24.606814	35.318877	13.894753	3.182693	11.752341		
		7.467517	26.749227	22.464402	5.325105	20.321989	26.749227	20.321989	28.891639	26.749227	67.455076	7.467517	24.606814		
		142.439594	41.746116	43.888529	28.891639	39.603703	16.037165	31.034052	20.321989	18.179577	37.46129	46.030942	13.894753		
		24.606814	43.888529	5.325105	20.321989	11.752341	26.749227	24.606814	31.034052	0	5.325105	3.182693	16.037165		
		435.951176	630.912083	95.306459	528.075495	568.781627	740.176119	566.639198	498.081518	495.939091	442.37845	476.657256	399.529966		
		
45:00	23.70	1796.40367	2889.069144	2023.505327	3868.197174	2762.661899	5168.722579	3120.459251	292.408866	1515.74129	3390.415314	1168.664133	1262.931837		
		33.176464	31.034052	18.179577	37.46129	28.891639	13.894753	65.312662	7.467517	58.885421	1.040281	3.182693	11.752341		
		1796.40367	793.736982	836.5857	605.202922	858.010069	851.582758	630.912083	1425.758163	1462.179891	2002.080612	783.024806	1265.074287		
		28.891639	24.606814	18.179577	20.321989	24.606814	43.888529	13.894753	18.179577	11.752341	33.176464	18.179577	16.037165		
		33.176464	33.176464	26.749227	37.46129	18.179577	28.891639	13.894753	0	18.179577	3.182693	48.173355	11.752341		
		198.14243	1.040281	7.467517	13.894753	46.030942	26.749227	16.037165	11.752341	13.894753	11.752341	35.318877	20.321989		
		7.467517	9.609929	18.179577	9.609929	28.891639	16.037165	43.888529	9.609929	3.182693	33.176464	3.182693	31.034052		
		453.090575	568.781627	95.306459	504.508797	596.633204	759.458025	508.793651	607.345352	555.927056	468.087553	536.645205	431.666326		
		
46:00	23.80	1813.543393	2385.583976	1937.806505	3396.842852	2649.109817	4853.766169	2672.677215	196.000013	1466.464802	2893.354139	999.411063	1170.806579		
		20.321989	11.752341	35.318877	16.037165	20.321989	41.746116	26.749227	22.464402	33.176464	31.034052	35.318877	50.315768		
		1714.990043	645.909098	877.292007	401.672389	810.876466	684.472865	570.924056	1303.638384	1460.037436	1719.274968	701.612323	1059.399447		
		16.037165	13.894753	22.464402	43.888529	18.179577	43.888529	22.464402	48.173355	13.894753	9.609929	13.894753	31.034052		
		22.464402	5.325105	1.040281	11.752341	13.894753	39.603703	31.034052	26.749227	43.888529	11.752341	16.037165	11.752341		
		200.284848	16.037165	22.464402	13.894753	11.752341	7.467517	22.464402	35.318877	5.325105	18.179577	31.034052	33.176464		
		31.034052	9.609929	33.176464	13.894753	7.467517	18.179577	11.752341	20.321989	13.894753	33.176464	54.600594	13.894753		
		386.675425	474.51483	116.730608	474.51483	513.078505	823.731082	540.93006	519.505786	517.363359	540.93006	382.390579	352.396662		
		
47:00	23.70	1434.32798	2119.916624	1571.445187	3026.189117	2137.056424	4579.51953	2466.998361	151.009259	1179.376366	2809.796778	873.007131	937.280289		
		22.464402	24.606814	31.034052	16.037165	7.467517	46.030942	20.321989	16.037165	28.891639	31.034052	35.318877	22.464402		
		1470.749713	532.36035	783.024806	440.236025	791.594546	583.778629	525.933068	1020.83548	1239.3649	1524.311118	658.763685	969.41689		
		13.894753	7.467517	11.752341	37.46129	1.040281	11.752341	48.173355	18.179577	26.749227	20.321989	13.894753	46.030942		
		16.037165	20.321989	39.603703	43.888529	20.321989	9.609929	43.888529	13.894753	16.037165	20.321989	24.606814	35.318877		
		174.575841	39.603703	3.182693	26.749227	50.315768	41.746116	54.600594	22.464402	5.325105	35.318877	39.603703	11.752341		
		22.464402	11.752341	16.037165	20.321989	33.176464	9.609929	43.888529	24.606814	26.749227	9.609929	43.888529	16.037165		
		371.678464	551.6422	71.739903	468.087553	564.49677	765.885328	585.921058	607.345352	448.805725	408.09966	367.393619	236.705957		
		
48:00	23.80	1290.783683	1669.998341	1644.28881	2726.239513	1995.653199	3709.650376	2126.344048	125.300269	977.986652	2306.312164	731.606385	962.989568		
		9.609929	31.034052	61.027835	22.464402	52.458181	54.600594	18.179577	37.46129	35.318877	13.894753	48.173355	11.752341		
		1408.618532	448.805725	633.054514	433.808751	652.336391	468.087553	470.229978	1042.259904	1183.661259	1331.490245	688.757729	956.562248		
		16.037165	39.603703	16.037165	18.179577	18.179577	9.609929	56.743008	18.179577	9.609929	43.888529	28.891639	24.606814		
		18.179577	3.182693	13.894753	26.749227	35.318877	24.606814	65.312662	11.752341	11.752341	5.325105	43.888529	7.467517		
		225.993865	9.609929	1.040281	9.609929	7.467517	13.894753	13.894753	33.176464	52.458181	22.464402	18.179577	3.182693		
		31.034052	13.894753	28.891639	39.603703	26.749227	18.179577	39.603703	18.179577	20.321989	33.176464	26.749227	26.749227		
		448.805725	375.96331	76.024731	384.533002	536.645205	744.460987	530.217922	478.799682	395.245119	470.229978	330.972444	200.284848		
		
49:00	23.80	1192.231047	1438.612889	1423.615709	2582.692644	1727.84482	3604.666878	1779.263952	114.588193	821.588646	2079.209616	667.33341	840.870574		
		11.752341	20.321989	69.597489	7.467517	22.464402	22.464402	16.037165	26.749227	20.321989	20.321989	31.034052	20.321989		
		1389.336453	521.648213	605.202922	345.969396	665.190979	570.924056	513.078505	965.132009	973.701771	1245.792246	491.654238	832.300827		
		50.315768	33.176464	5.325105	11.752341	26.749227	16.037165	16.037165	5.325105	37.46129	13.894753	22.464402	26.749227		
		35.318877	43.888529	28.891639	35.318877	7.467517	9.609929	18.179577	24.606814	26.749227	43.888529	35.318877	9.609929		
		191.715178	41.746116	24.606814	41.746116	24.606814	58.885421	26.749227	18.179577	7.467517	22.464402	22.464402	61.027835		
		16.037165	28.891639	48.173355	28.891639	63.170248	11.752341	20.321989	46.030942	22.464402	22.464402	20.321989	39.603703		
		337.399709	405.957237	88.879216	356.681507	498.081518	680.188001	388.817848	480.942108	431.666326	491.654238	300.978548	136.012347		
		
50:00	23.70	1089.393658	1445.040252	1192.231047	2282.744885	1672.140802	3103.319217	1869.24752	73.882317	832.300827	1832.825586	605.202922	725.179085		
		7.467517	18.179577	22.464402	28.891639	18.179577	1.040281	20.321989	31.034052	33.176464	28.891639	54.600594	26.749227		
		1211.513074	510.936078	609.487782	339.54213	594.490775	442.37845	356.681507	783.024806	845.155447	1228.652658	420.954205	667.33341		
		0	26.749227	0	18.179577	31.034052	18.179577	31.034052	11.752341	22.464402	13.894753	48.173355	16.037165		
		41.746116	13.894753	50.315768	16.037165	22.464402	58.885421	26.749227	26.749227	33.176464	20.321989	18.179577	37.46129		
		196.000013	20.321989	20.321989	28.891639	31.034052	37.46129	11.752341	22.464402	9.609929	37.46129	26.749227	46.030942		
		18.179577	56.743008	37.46129	16.037165	31.034052	22.464402	35.318877	18.179577	18.179577	35.318877	11.752341	13.894753		
		337.399709	382.390579	54.600594	292.408866	483.084534	590.205916	320.260337	427.381477	341.684552	277.411925	133.869931	123.157854		
		
~End
