##BLOCKS= 1          
Plate:	Plate#1	1.3	PlateFormat	Kinetic	Luminescence	Raw	FALSE	51	3000	60				1	450	1	12	96	405	Automatic	435			6	Automatic			1	8	None	
Time(hh:mm:ss)	Temperature(¡C)	1	2	3	4	5	6	7	8	9	10	11	12		
0:00	22.80	798.021852	523.79064	354.539084	277.411925	193.857595	142.439594	84.594387	91.02163	123.157854	91.02163	97.448874	33.176464		
		810.876466	465.945127	298.836128	133.869931	163.863757	131.727516	144.58201	133.869931	91.02163	84.594387	43.888529	43.888529		
		765.885328	429.523902	348.111818	206.712101	151.009259	153.151675	123.157854	99.591288	54.600594	88.879216	71.739903	71.739903		
		761.600459	330.972444	193.857595	219.56661	133.869931	140.297179	106.018533	73.882317	82.451973	67.455076	65.312662	43.888529		
		740.176119	313.833073	240.990795	206.712101	131.727516	91.02163	99.591288	80.309559	48.173355	69.597489	67.455076	95.306459		
		695.185026	290.266446	260.272567	213.139355	208.854519	163.863757	127.442684	121.015438	101.733703	93.164045	78.167145	46.030942		
		605.202922	365.251196	178.860675	151.009259	114.588193	112.445778	112.445778	123.157854	84.594387	91.02163	84.594387	73.882317		
		560.211913	472.372404	245.275633	178.860675	230.278701	140.297179	151.009259	131.727516	88.879216	84.594387	61.027835	86.736802		
		
1:00	22.90	56.743008	78.167145	63.170248	50.315768	35.318877	33.176464	56.743008	28.891639	58.885421	39.603703	46.030942	43.888529		
		91.02163	71.739903	31.034052	56.743008	73.882317	65.312662	67.455076	82.451973	52.458181	20.321989	43.888529	67.455076		
		84.594387	63.170248	39.603703	39.603703	46.030942	88.879216	52.458181	39.603703	91.02163	82.451973	39.603703	20.321989		
		58.885421	26.749227	31.034052	48.173355	18.179577	24.606814	33.176464	52.458181	41.746116	88.879216	26.749227	18.179577		
		58.885421	54.600594	22.464402	73.882317	58.885421	118.873023	52.458181	35.318877	35.318877	37.46129	50.315768	35.318877		
		73.882317	37.46129	41.746116	56.743008	65.312662	50.315768	46.030942	28.891639	33.176464	39.603703	48.173355	35.318877		
		54.600594	41.746116	54.600594	22.464402	69.597489	86.736802	22.464402	43.888529	46.030942	78.167145	31.034052	39.603703		
		131.727516	41.746116	54.600594	43.888529	73.882317	41.746116	65.312662	80.309559	46.030942	67.455076	41.746116	24.606814		
		
2:00	22.90	144.58201	86.736802	58.885421	112.445778	729.463952	155.294091	33.176464	69.597489	493.796665	153.151675	48.173355	131.727516		
		78.167145	35.318877	35.318877	52.458181	33.176464	41.746116	35.318877	7.467517	69.597489	58.885421	20.321989	52.458181		
		210.996937	727.321518	133.869931	95.306459	318.117916	568.781627	181.003092	453.090575	870.864693	3381.845265	153.151675	294.551287		
		56.743008	20.321989	33.176464	20.321989	35.318877	37.46129	28.891639	56.743008	39.603703	71.739903	7.467517	28.891639		
		35.318877	48.173355	69.597489	48.173355	58.885421	80.309559	69.597489	43.888529	39.603703	50.315768	33.176464	50.315768		
		71.739903	35.318877	50.315768	35.318877	35.318877	37.46129	58.885421	69.597489	41.746116	24.606814	37.46129	35.318877		
		41.746116	71.739903	52.458181	33.176464	69.597489	63.170248	33.176464	35.318877	61.027835	13.894753	43.888529	16.037165		
		48.173355	54.600594	63.170248	46.030942	48.173355	39.603703	24.606814	93.164045	41.746116	31.034052	46.030942	28.891639		
		
3:00	23.00	1012.265713	420.954205	155.294091	847.297884	3491.11347	645.909098	159.578924	943.707608	2199.188232	1997.79567	196.000013	1147.239672		
		43.888529	33.176464	33.176464	63.170248	18.179577	48.173355	37.46129	52.458181	33.176464	18.179577	39.603703	9.609929		
		1625.006667	3632.519628	667.33341	564.49677	6482.127067	3122.601755	2571.980203	3169.73687	4412.400997	18293.129373	1680.710648	6644.965179		
		16.037165	43.888529	54.600594	61.027835	22.464402	28.891639	33.176464	39.603703	16.037165	24.606814	35.318877	39.603703		
		46.030942	52.458181	35.318877	41.746116	50.315768	73.882317	20.321989	54.600594	31.034052	41.746116	26.749227	35.318877		
		46.030942	20.321989	39.603703	18.179577	56.743008	20.321989	31.034052	61.027835	26.749227	50.315768	22.464402	26.749227		
		50.315768	73.882317	35.318877	50.315768	39.603703	52.458181	35.318877	20.321989	28.891639	48.173355	16.037165	20.321989		
		46.030942	365.251196	183.145509	153.151675	193.857595	43.888529	112.445778	780.882371	86.736802	532.36035	386.675425	110.303363		
		
4:00	23.00	3298.287338	1721.417431	787.309676	3467.545804	8504.773917	2012.792969	620.199932	5173.00771	4268.850771	7212.758843	714.466919	3533.963792		
		28.891639	39.603703	26.749227	39.603703	24.606814	48.173355	33.176464	43.888529	63.170248	41.746116	61.027835	31.034052		
		4656.651292	9336.132508	2407.008805	1168.664133	17127.371108	8404.068759	9027.585933	7681.995471	9612.539936	29793.144496	5492.250664	16199.49243		
		50.315768	33.176464	43.888529	20.321989	37.46129	63.170248	18.179577	50.315768	24.606814	37.46129	31.034052	13.894753		
		46.030942	63.170248	48.173355	22.464402	24.606814	56.743008	54.600594	52.458181	73.882317	41.746116	39.603703	37.46129		
		52.458181	56.743008	63.170248	46.030942	46.030942	48.173355	39.603703	69.597489	24.606814	26.749227	76.024731	65.312662		
		88.879216	9.609929	69.597489	20.321989	31.034052	16.037165	35.318877	69.597489	26.749227	43.888529	52.458181	43.888529		
		326.687601	2216.32805	639.481806	1440.755343	1241.507348	144.58201	380.248156	3411.840442	757.315591	2764.804393	4688.78955	592.348345		
		
5:00	23.00	7759.130552	4206.717179	1976.370962	8069.81435	14723.054206	4311.701555	1804.973531	12119.539412	7079.916151	13700.922375	1530.738489	6925.647526		
		43.888529	43.888529	50.315768	61.027835	43.888529	37.46129	28.891639	69.597489	37.46129	73.882317	61.027835	48.173355		
		7926.256842	14013.774604	5220.144164	2066.354776	25279.502102	13696.636738	15676.628411	12929.511719	13720.207747	37950.994576	8699.756644	21460.486879		
		22.464402	46.030942	54.600594	28.891639	46.030942	22.464402	46.030942	24.606814	13.894753	54.600594	41.746116	43.888529		
		48.173355	24.606814	43.888529	46.030942	43.888529	50.315768	28.891639	22.464402	22.464402	46.030942	50.315768	20.321989		
		24.606814	80.309559	20.321989	67.455076	58.885421	18.179577	22.464402	56.743008	48.173355	54.600594	33.176464	78.167145		
		9.609929	28.891639	31.034052	11.752341	31.034052	26.749227	28.891639	35.318877	22.464402	31.034052	13.894753	26.749227		
		1449.325162	6599.970401	1813.543393	7731.276207	3576.814139	693.042593	1262.931837	9096.151724	2456.285936	8031.246633	14123.058922	2756.234418		
		
6:00	23.00	12286.67581	6679.246934	3296.144828	13861.633967	19632.488879	8249.797301	3833.916756	18513.854107	8772.607468	19992.512957	2392.011424	11116.729162		
		63.170248	84.594387	73.882317	54.600594	46.030942	46.030942	67.455076	54.600594	69.597489	76.024731	18.179577	37.46129		
		10891.741598	17380.23619	7949.825966	3341.137545	30749.06133	18318.844841	20684.707156	16321.637439	16938.794336	41925.226387	11693.129076	23813.593554		
		37.46129	33.176464	31.034052	35.318877	37.46129	35.318877	33.176464	20.321989	31.034052	56.743008	28.891639	28.891639		
		33.176464	39.603703	22.464402	31.034052	26.749227	114.588193	31.034052	41.746116	48.173355	18.179577	22.464402	37.46129		
		26.749227	18.179577	39.603703	76.024731	35.318877	22.464402	26.749227	28.891639	54.600594	41.746116	63.170248	46.030942		
		33.176464	37.46129	28.891639	48.173355	28.891639	22.464402	20.321989	24.606814	26.749227	16.037165	28.891639	11.752341		
		3499.683532	12852.371108	3855.342015	16355.923795	6809.946273	2066.354776	3313.284907	15228.768394	5447.256605	13193.076099	22246.990312	6923.504908		
		
7:00	23.00	16045.204292	9788.241332	4500.245306	18050.975829	23039.931612	11609.561517	6334.28752	24222.930515	10737.464817	23950.753324	3041.18663	13928.06153		
		76.024731	88.879216	46.030942	71.739903	41.746116	37.46129	58.885421	22.464402	159.578924	93.164045	56.743008	43.888529		
		13340.929709	19797.499691	9745.387293	4446.68169	33111.044701	21357.62058	24889.447503	20061.089175	19197.462184	41989.536145	12882.370225	26198.924862		
		16.037165	71.739903	39.603703	26.749227	28.891639	31.034052	26.749227	20.321989	24.606814	41.746116	48.173355	33.176464		
		35.318877	26.749227	41.746116	48.173355	73.882317	41.746116	48.173355	41.746116	39.603703	31.034052	37.46129	73.882317		
		46.030942	35.318877	50.315768	58.885421	50.315768	43.888529	37.46129	31.034052	24.606814	46.030942	46.030942	63.170248		
		56.743008	39.603703	50.315768	18.179577	31.034052	41.746116	26.749227	31.034052	35.318877	67.455076	18.179577	52.458181		
		5440.828885	17360.949839	6445.702803	23736.441298	10368.916066	3214.729507	5890.770699	20365.396932	8543.341887	16238.064516	28438.593463	12093.826155		
		
8:00	23.10	18419.563847	12440.955906	5702.223311	20843.291283	25658.842939	15070.196614	8558.340548	28087.100201	11847.407902	26974.76391	3874.624754	17086.655627		
		161.721341	108.160948	54.600594	50.315768	97.448874	103.876118	54.600594	48.173355	277.411925	187.430343	118.873023	41.746116		
		15355.197495	20989.017544	11348.145674	5704.365892	34671.453645	24150.06408	27026.201048	21925.530107	20650.418742	43132.115751	14626.626056	28440.73672		
		39.603703	28.891639	39.603703	35.318877	35.318877	56.743008	52.458181	26.749227	37.46129	18.179577	41.746116	39.603703		
		69.597489	37.46129	37.46129	26.749227	26.749227	101.733703	24.606814	39.603703	43.888529	39.603703	24.606814	54.600594		
		28.891639	52.458181	58.885421	39.603703	108.160948	39.603703	46.030942	35.318877	20.321989	61.027835	31.034052	33.176464		
		20.321989	31.034052	35.318877	26.749227	24.606814	35.318877	33.176464	20.321989	46.030942	18.179577	43.888529	41.746116		
		7512.727112	21051.165598	8656.903252	29741.705385	13055.936789	4817.342727	8892.597221	24441.530263	10953.88095	18464.566001	32780.96252	16707.359881		
		
9:00	23.00	21166.889704	14363.056437	6914.934439	22990.640412	27641.306332	17714.533761	10491.051199	30273.24464	12843.799934	29465.220789	4560.236603	19133.172747		
		363.108774	283.839185	24.606814	114.588193	157.436508	127.442684	157.436508	129.5851	337.399709	213.139355	193.857595	61.027835		
		16173.777717	22778.474328	12668.091091	6533.549589	36478.397945	25354.512844	29752.421863	24184.354158	21713.367156	42403.263631	15361.626099	30575.452174		
		37.46129	20.321989	43.888529	54.600594	13.894753	26.749227	33.176464	54.600594	16.037165	84.594387	43.888529	26.749227		
		18.179577	24.606814	28.891639	50.315768	48.173355	67.455076	52.458181	48.173355	43.888529	24.606814	39.603703	52.458181		
		65.312662	16.037165	24.606814	20.321989	58.885421	65.312662	41.746116	20.321989	52.458181	31.034052	11.752341	46.030942		
		37.46129	22.464402	35.318877	39.603703	46.030942	52.458181	16.037165	67.455076	37.46129	50.315768	31.034052	37.46129		
		9584.684875	24098.628993	10784.60491	32270.838484	16280.922413	6272.152149	11181.011452	27471.991114	12278.104703	19347.471092	36101.143676	20275.390279		
		
10:00	23.00	22197.699654	15983.060553	7394.882286	25148.769281	28672.208835	19902.506769	12438.813124	30935.530888	13169.505261	30633.321846	4860.193837	21593.356067		
		581.6362	399.529966	61.027835	159.578924	191.715178	153.151675	215.281773	196.000013	628.769653	204.569683	397.387542	123.157854		
		17635.245094	23485.697036	13433.070518	7296.321307	36019.691308	26218.213577	30646.18178	25341.653854	22866.341014	41470.772393	15627.342245	31904.323023		
		58.885421	52.458181	37.46129	52.458181	58.885421	18.179577	26.749227	58.885421	52.458181	33.176464	82.451973	28.891639		
		31.034052	26.749227	39.603703	26.749227	41.746116	61.027835	7.467517	35.318877	46.030942	56.743008	69.597489	54.600594		
		13.894753	43.888529	13.894753	24.606814	26.749227	13.894753	41.746116	58.885421	46.030942	22.464402	18.179577	71.739903		
		18.179577	33.176464	39.603703	35.318877	35.318877	33.176464	13.894753	54.600594	95.306459	37.46129	26.749227	35.318877		
		11429.570179	24992.318841	13094.507194	34180.607082	18350.989189	7645.570601	12905.940968	29964.608467	13559.49647	19904.649772	38377.560206	23511.414356		
		
11:00	23.10	22915.632129	17963.11501	7887.689202	25665.272462	28466.455807	22015.53882	13876.633734	31557.099567	12944.511292	31945.046871	5445.114032	22934.919966		
		1016.550596	508.793651	76.024731	305.26339	234.563539	170.291007	238.848376	348.111818	825.873518	296.693707	671.618273	268.842246		
		18215.983023	24090.056483	13677.351372	7566.293005	36527.698365	27735.608651	31595.679868	25425.237329	23564.992136	40630.468778	16336.637718	33398.260295		
		33.176464	46.030942	33.176464	33.176464	61.027835	28.891639	22.464402	50.315768	43.888529	46.030942	28.891639	9.609929		
		28.891639	35.318877	50.315768	56.743008	18.179577	46.030942	48.173355	22.464402	22.464402	31.034052	54.600594	37.46129		
		50.315768	28.891639	65.312662	26.749227	50.315768	73.882317	48.173355	22.464402	24.606814	35.318877	35.318877	41.746116		
		63.170248	65.312662	54.600594	31.034052	43.888529	67.455076	24.606814	48.173355	31.034052	35.318877	33.176464	46.030942		
		12125.967728	25903.165213	14980.19657	35297.341445	20071.804215	8796.176868	13758.778507	29190.880532	13786.63518	20202.527832	38992.762318	24649.414952		
		
12:00	23.10	23374.255422	18691.720162	8191.945589	25675.988335	29274.468468	23813.593554	15273.768557	32142.236356	13098.792795	31882.889427	5796.496943	24070.768337		
		1498.601638	695.185026	114.588193	382.390579	388.817848	268.842246	371.678464	611.630212	1067.969221	448.805725	870.864693	530.217922		
		18856.728821	23189.948514	14333.056704	8099.811477	35901.799887	27712.03306	31066.2742	26183.922532	24162.922857	38898.445277	16780.218796	34845.072661		
		54.600594	28.891639	41.746116	41.746116	41.746116	50.315768	54.600594	26.749227	33.176464	33.176464	56.743008	35.318877		
		26.749227	31.034052	22.464402	28.891639	41.746116	33.176464	28.891639	18.179577	33.176464	39.603703	41.746116	91.02163		
		41.746116	35.318877	24.606814	13.894753	33.176464	50.315768	48.173355	65.312662	20.321989	20.321989	37.46129	103.876118		
		41.746116	22.464402	58.885421	24.606814	61.027835	31.034052	37.46129	18.179577	31.034052	61.027835	11.752341	112.445778		
		13698.779556	25330.938031	16563.785175	35389.510313	20309.678514	9220.427387	14183.058226	27812.765186	14060.916839	19218.892009	38268.239126	25403.805659		
		
13:00	23.10	23691.435853	19448.191535	8239.084017	26676.857874	28269.276373	25463.81435	16178.063502	31955.763677	12595.236331	32551.620595	6180.02049	29379.489346		
		1920.666752	907.286142	187.430343	628.769653	350.25424	315.975494	459.517851	686.615297	1181.518812	575.208913	1115.102992	2083.494563		
		19356.043039	23262.813979	14234.48624	8472.633958	34832.211979	27913.497453	31529.236028	27478.420798	23760.01559	37050.713588	16420.210756	40103.140387		
		99.591288	58.885421	52.458181	56.743008	24.606814	18.179577	35.318877	24.606814	24.606814	56.743008	20.321989	19621.773904		
		50.315768	26.749227	52.458181	39.603703	43.888529	48.173355	33.176464	58.885421	67.455076	11.752341	50.315768	24645.128663		
		48.173355	41.746116	48.173355	24.606814	43.888529	18.179577	24.606814	67.455076	37.46129	24.606814	26.749227	24115.774018		
		20.321989	54.600594	58.885421	41.746116	39.603703	37.46129	22.464402	33.176464	67.455076	63.170248	31.034052	16085.919185		
		13992.346326	25828.153901	17172.372456	33886.958115	20643.989666	9329.704441	14815.196781	25530.252601	13411.642412	18018.831615	37610.172594	33589.023524		
		
14:00	23.10	24201.499203	20223.957956	8841.173017	26869.746534	29366.629639	26168.920205	16932.365591	31413.495293	11903.119781	32545.190458	6330.00232	26385.382656		
		2092.064458	1127.957662	187.430343	753.030723	500.223944	457.375425	598.775634	894.431511	1449.325162	650.19396	1115.102992	838.728137		
		19981.797928	22609.170527	14637.340288	8558.340548	33301.807169	27885.635323	30397.556806	27081.924655	23991.472681	35007.974835	17007.36765	35976.821678		
		24.606814	50.315768	35.318877	35.318877	46.030942	54.600594	33.176464	50.315768	46.030942	43.888529	43.888529	26.749227		
		31.034052	31.034052	43.888529	52.458181	39.603703	43.888529	31.034052	50.315768	39.603703	48.173355	58.885421	108.160948		
		24.606814	93.164045	16.037165	13.894753	18.179577	48.173355	41.746116	46.030942	28.891639	39.603703	26.749227	50.315768		
		50.315768	43.888529	41.746116	46.030942	56.743008	54.600594	80.309559	37.46129	71.739903	24.606814	48.173355	65.312662		
		14485.198335	22887.77193	18078.83416	32862.411229	20594.700104	9618.968028	15005.910857	22847.053196	12751.659878	17039.511414	36208.317983	25408.091993		
		
15:00	23.10	24182.211028	20108.235363	8329.075648	26788.304592	28402.158106	26408.957814	17628.816287	31415.638638	12432.384781	31175.584364	6385.709937	26331.802781		
		2424.148673	1194.373494	305.26339	817.303774	513.078505	513.078505	605.202922	1095.820991	1590.727315	678.045569	1355.057213	1119.387882		
		19975.368912	22583.453528	14206.629395	9184.00174	32287.985452	27101.213607	29898.16613	26644.709814	23106.36763	32896.70545	16850.934872	36049.700065		
		41.746116	46.030942	41.746116	69.597489	26.749227	33.176464	35.318877	33.176464	37.46129	26.749227	58.885421	28.891639		
		22.464402	43.888529	54.600594	16.037165	50.315768	56.743008	11.752341	33.176464	39.603703	50.315768	26.749227	39.603703		
		13.894753	37.46129	39.603703	48.173355	37.46129	39.603703	31.034052	28.891639	13.894753	22.464402	61.027835	52.458181		
		52.458181	16.037165	37.46129	48.173355	58.885421	37.46129	48.173355	24.606814	20.321989	37.46129	26.749227	16.037165		
		14579.483451	21636.217147	17975.972684	29518.802992	20547.553598	9809.668361	14643.768829	19566.056061	11684.55804	15927.345521	34296.352258	25727.424547		
		
16:00	23.20	23620.713069	20498.264102	8363.358203	26623.277782	28605.767689	26719.721976	17933.113779	30594.742059	11266.721261	32060.78846	6569.973898	27289.816956		
		2702.672097	1286.498783	326.687601	997.268622	573.066484	611.630212	643.766667	1172.949026	1747.12699	753.030723	1290.783683	1620.721747		
		20292.534394	22006.966557	13812.349041	9036.156653	31471.365637	26809.736673	30020.334345	27094.783956	23294.960532	31006.260847	16060.204513	36101.143676		
		58.885421	26.749227	33.176464	41.746116	33.176464	24.606814	11.752341	39.603703	22.464402	58.885421	26.749227	26.749227		
		80.309559	71.739903	52.458181	48.173355	37.46129	69.597489	20.321989	31.034052	26.749227	50.315768	73.882317	138.154763		
		24.606814	35.318877	13.894753	50.315768	39.603703	20.321989	33.176464	28.891639	31.034052	35.318877	50.315768	31.034052		
		26.749227	63.170248	24.606814	63.170248	24.606814	41.746116	39.603703	35.318877	33.176464	22.464402	39.603703	93.164045		
		14999.482284	19392.473826	17133.79987	28616.483999	19491.05134	9886.805718	14275.200111	16711.645697	10853.172372	14459.484234	32412.30109	25523.823091		
		
17:00	23.20	23691.435853	20648.275717	8834.744994	26550.408922	26966.191057	26599.702555	18016.688668	30365.407087	11508.852022	31134.86095	6482.127067	27268.384732		
		2863.359178	1318.635539	440.236025	1067.969221	761.600459	493.796665	785.167241	1374.339284	1974.228492	853.725195	1372.196831	2064.212303		
		19855.360715	21306.187485	13743.778765	9209.71396	29544.522464	26246.075064	28046.378531	27189.08556	23063.505676	29015.131853	16495.212283	35936.095553		
		26.749227	63.170248	39.603703	28.891639	43.888529	24.606814	43.888529	24.606814	71.739903	20.321989	48.173355	31.034052		
		33.176464	16.037165	35.318877	9.609929	50.315768	48.173355	20.321989	46.030942	37.46129	41.746116	24.606814	178.860675		
		33.176464	13.894753	46.030942	31.034052	43.888529	22.464402	63.170248	48.173355	56.743008	31.034052	28.891639	144.58201		
		52.458181	41.746116	37.46129	26.749227	33.176464	39.603703	28.891639	26.749227	43.888529	28.891639	43.888529	262.414987		
		14249.486085	17144.514475	16428.782355	25498.105053	18250.270279	9792.526737	13370.929029	13662.351646	9430.410891	13334.501285	29662.403493	24443.673401		
		
18:00	23.20	23029.216131	20414.686337	8376.214166	25813.151647	27872.775881	25588.118225	18267.413913	30080.346877	10690.324756	31239.884537	6334.28752	26739.01083		
		3120.459251	1260.789388	500.223944	1134.384998	761.600459	611.630212	753.030723	1453.610071	1884.244792	716.609352	1648.573731	2242.037785		
		19737.495716	20568.983824	13306.644787	9291.13605	28374.295787	25324.508538	27697.030415	25738.140429	22502.016427	27343.397543	15668.056902	35989.682565		
		18.179577	46.030942	33.176464	28.891639	24.606814	43.888529	71.739903	48.173355	33.176464	28.891639	58.885421	41.746116		
		24.606814	39.603703	33.176464	52.458181	43.888529	71.739903	16.037165	31.034052	28.891639	46.030942	1.040281	118.873023		
		65.312662	48.173355	39.603703	71.739903	28.891639	16.037165	37.46129	11.752341	43.888529	26.749227	20.321989	31.034052		
		78.167145	58.885421	9.609929	28.891639	20.321989	48.173355	67.455076	31.034052	43.888529	61.027835	46.030942	24.606814		
		14200.200893	15468.769588	15715.200218	22932.776873	17453.095785	9241.854247	12580.236831	11172.440477	8768.322123	11896.691485	27174.083024	22896.344297		
		
19:00	23.20	22750.614181	20811.145823	8292.650451	25774.574439	26145.345126	25095.190325	18252.413233	28537.183344	10167.500684	30196.085473	6788.520136	26721.865182		
		2942.631602	1273.644084	590.205916	1076.538995	783.024806	703.754756	815.161338	1406.476079	1847.822851	723.036652	1432.185526	2642.682346		
		19776.069695	20084.662265	13186.647688	8905.453278	27306.962739	24252.934363	27094.783956	25483.102868	21196.89228	25290.217918	15931.631291	36137.582922		
		35.318877	18.179577	58.885421	52.458181	37.46129	22.464402	37.46129	54.600594	52.458181	28.891639	9.609929	80.309559		
		16.037165	41.746116	18.179577	33.176464	58.885421	82.451973	33.176464	50.315768	24.606814	41.746116	43.888529	416.669356		
		18.179577	28.891639	33.176464	11.752341	41.746116	35.318877	28.891639	35.318877	33.176464	39.603703	28.891639	493.796665		
		52.458181	35.318877	39.603703	50.315768	18.179577	33.176464	50.315768	39.603703	24.606814	24.606814	52.458181	753.030723		
		13638.780656	13167.362458	14078.059477	20129.665459	16347.352205	8991.160383	11763.840163	8944.021463	8041.959886	9944.658789	24687.991558	21931.959297		
		
20:00	23.20	22032.683349	20035.373086	8213.372144	25300.933735	25669.558811	24711.566161	17558.099448	27555.577058	9683.248983	29098.719586	6289.292936	25941.74249		
		2931.919107	1149.382117	656.621253	1082.966326	800.164288	622.342362	667.33341	1528.596032	1905.669472	774.455067	1545.735691	2563.410251		
		19557.484089	19126.743806	13053.793989	8663.331259	26308.227648	23322.820888	26479.683333	25474.530193	20380.398052	23760.01559	15466.626717	35700.313177		
		33.176464	26.749227	31.034052	31.034052	33.176464	54.600594	26.749227	69.597489	50.315768	28.891639	13.894753	71.739903		
		33.176464	11.752341	37.46129	43.888529	50.315768	52.458181	46.030942	61.027835	91.02163	20.321989	24.606814	330.972444		
		22.464402	43.888529	52.458181	28.891639	37.46129	39.603703	26.749227	76.024731	48.173355	37.46129	35.318877	253.845309		
		54.600594	43.888529	16.037165	13.894753	41.746116	20.321989	39.603703	22.464402	37.46129	16.037165	16.037165	46.030942		
		12803.086871	11202.438895	13484.497997	17997.402146	15706.628703	8331.218307	10726.751164	7439.87756	7013.494897	8924.737368	23106.36763	19313.183314		
		
21:00	23.20	21571.925536	19917.507792	7746.274699	24090.056483	24081.483973	23432.119315	17234.517221	27529.858296	8721.183349	29229.459567	6312.861524	25414.521493		
		2657.679779	975.844212	680.188001	1162.236794	690.900161	493.796665	701.612323	1333.632697	1759.981773	665.190979	1511.456377	2627.684916		
		19583.200008	18539.569654	12256.676941	8828.316972	25243.068341	22208.415012	25030.89563	24072.911464	19619.63091	22000.53736	14753.054101	34407.810752		
		26.749227	67.455076	82.451973	56.743008	18.179577	26.749227	54.600594	35.318877	54.600594	20.321989	37.46129	43.888529		
		110.303363	61.027835	22.464402	50.315768	63.170248	67.455076	35.318877	41.746116	54.600594	26.749227	31.034052	153.151675		
		24.606814	20.321989	20.321989	112.445778	28.891639	22.464402	39.603703	67.455076	20.321989	39.603703	35.318877	24.606814		
		33.176464	52.458181	18.179577	26.749227	37.46129	54.600594	39.603703	71.739903	31.034052	43.888529	46.030942	31.034052		
		12211.678661	9663.96469	12854.513901	15659.485393	13891.633504	7733.418849	9717.532182	5946.477976	6233.585394	7911.258313	20063.232183	18353.132146		
		
22:00	23.20	20869.00766	19298.182417	7298.463935	22932.776873	24482.249897	23389.257167	17150.943239	25315.935881	8155.520461	28457.882777	6072.890802	25337.367525		
		2514.133046	1031.547691	720.894219	1018.693038	750.888289	575.208913	605.202922	1329.347794	1618.579287	575.208913	1588.584856	2730.524499		
		18601.715597	17615.958675	12432.384781	8560.483214	23007.785173	21029.735229	23830.738511	22881.342654	18203.125306	19898.220763	14478.769809	33983.412023		
		22.464402	52.458181	20.321989	22.464402	31.034052	43.888529	50.315768	13.894753	61.027835	37.46129	11.752341	43.888529		
		61.027835	82.451973	31.034052	46.030942	46.030942	41.746116	52.458181	39.603703	50.315768	18.179577	28.891639	97.448874		
		48.173355	18.179577	39.603703	43.888529	26.749227	24.606814	50.315768	46.030942	33.176464	48.173355	56.743008	28.891639		
		41.746116	67.455076	26.749227	11.752341	43.888529	48.173355	26.749227	37.46129	41.746116	7.467517	37.46129	52.458181		
		11118.871904	7720.563001	11495.995501	13113.792403	12959.510868	7313.462337	8725.468691	4817.342727	5466.53977	6488.55488	17618.10161	15811.629824		
		
23:00	23.30	19630.345884	18627.431176	7129.196476	23069.934967	23378.541634	22457.011753	16360.209591	24452.245954	7872.690681	26972.620697	6098.601913	24158.636598		
		2145.626325	783.024806	903.001264	1078.681439	738.033686	579.493771	463.802702	1299.353484	1312.208187	590.205916	1513.598834	2756.234418		
		17918.113169	16475.926168	11778.839494	8393.355453	21653.361587	19896.07776	22326.28405	23020.643747	17663.103264	18192.410543	13756.635686	33623.31809		
		80.309559	39.603703	20.321989	20.321989	61.027835	37.46129	43.888529	48.173355	22.464402	54.600594	33.176464	13.894753		
		48.173355	20.321989	18.179577	31.034052	33.176464	56.743008	63.170248	13.894753	52.458181	31.034052	41.746116	112.445778		
		35.318877	37.46129	58.885421	26.749227	37.46129	37.46129	13.894753	31.034052	37.46129	37.46129	39.603703	46.030942		
		52.458181	39.603703	26.749227	26.749227	52.458181	48.173355	35.318877	65.312662	39.603703	35.318877	26.749227	22.464402		
		10911.026219	6321.431922	10713.894783	11532.422317	11785.267779	6599.970401	7812.696628	3936.75806	4405.973369	5695.795568	15715.200218	13433.070518		
		
24:00	23.20	18835.299104	17950.257338	7388.454392	21488.346527	23423.546884	21638.360202	16025.918298	23202.80712	7861.977454	25849.585696	5772.928524	23335.679518		
		1950.661321	727.321518	875.149569	1020.83548	712.324487	463.802702	468.087553	950.134928	1316.493088	480.942108	1254.362041	2771.231874		
		17536.670116	15481.626818	11009.592139	7645.570601	19956.081867	18513.854107	21201.178364	21959.819127	16317.351646	16960.22349	12704.518499	31332.04822		
		33.176464	9.609929	24.606814	18.179577	56.743008	26.749227	26.749227	31.034052	37.46129	28.891639	61.027835	22.464402		
		46.030942	37.46129	20.321989	35.318877	24.606814	61.027835	37.46129	16.037165	35.318877	48.173355	16.037165	114.588193		
		26.749227	9.609929	28.891639	54.600594	24.606814	48.173355	7.467517	24.606814	52.458181	35.318877	28.891639	43.888529		
		24.606814	54.600594	46.030942	48.173355	16.037165	71.739903	9.609929	9.609929	37.46129	13.894753	78.167145	61.027835		
		9781.813225	5102.303086	9588.970269	9741.101891	10373.201506	5747.217529	6889.223037	3557.531479	4101.732957	5027.313408	13473.783936	11650.273905		
		
25:00	23.30	18383.133552	17789.536634	6739.240044	20959.015055	22099.11844	20866.864628	15155.911046	22690.607748	7127.053852	24604.408937	5749.360112	22793.47595		
		1637.861428	671.618273	763.742894	928.710531	605.202922	416.669356	386.675425	960.847128	1012.265713	429.523902	1387.194	2841.934213		
		16317.351646	14476.626967	10336.775276	7789.12755	18541.712617	17247.374765	19872.504731	20806.859763	15723.771733	15250.197039	12933.797311	30251.81153		
		16.037165	16.037165	24.606814	41.746116	37.46129	26.749227	26.749227	67.455076	24.606814	50.315768	33.176464	41.746116		
		33.176464	33.176464	61.027835	7.467517	37.46129	110.303363	43.888529	50.315768	61.027835	18.179577	61.027835	157.436508		
		65.312662	65.312662	54.600594	24.606814	37.46129	43.888529	33.176464	26.749227	22.464402	35.318877	58.885421	22.464402		
		65.312662	61.027835	95.306459	37.46129	46.030942	31.034052	26.749227	76.024731	48.173355	24.606814	37.46129	20.321989		
		9451.837814	4703.787409	8671.901936	8097.668825	9436.838967	5425.830873	6021.468609	2955.486598	3212.587	3953.898291	11840.979611	10188.927825		
		
26:00	23.30	17114.513585	16413.782057	6469.271442	19904.649772	20298.963439	20271.10425	15055.196599	21160.460582	6482.127067	23078.507357	5273.708355	21325.474891		
		1432.185526	465.945127	819.44621	885.861758	523.79064	296.693707	283.839185	759.458025	926.568092	307.405811	1262.931837	2719.812035		
		15708.771582	12873.799047	10321.776245	7000.639177	17236.660145	16049.49007	18616.71635	20157.524593	14427.341621	14015.917433	11930.975737	27746.324832		
		52.458181	31.034052	28.891639	37.46129	18.179577	24.606814	35.318877	54.600594	43.888529	16.037165	22.464402	41.746116		
		39.603703	41.746116	48.173355	35.318877	35.318877	39.603703	20.321989	22.464402	31.034052	65.312662	31.034052	172.433424		
		39.603703	63.170248	50.315768	37.46129	39.603703	24.606814	65.312662	22.464402	18.179577	16.037165	41.746116	13.894753		
		39.603703	26.749227	37.46129	16.037165	31.034052	39.603703	28.891639	46.030942	41.746116	35.318877	43.888529	39.603703		
		7962.681855	3801.778879	7607.003111	6552.833044	7771.986406	4723.070375	5541.529904	2501.278129	2839.791717	3461.11826	10270.351021	8273.36653		
		
27:00	23.30	16345.209307	15273.768557	6156.451945	18346.703275	20178.954703	18918.875038	14236.629075	19793.213692	6653.535616	22487.014866	5128.01385	20024.658051		
		1288.641233	455.233	780.882371	684.472865	540.93006	260.272567	251.70289	710.182054	813.018902	296.693707	1063.684334	2445.573514		
		14678.054386	11870.978307	9798.954846	7197.760462	15226.62553	14570.912072	17048.083087	18633.860072	13199.50451	12760.231041	10782.462178	25416.66466		
		54.600594	28.891639	43.888529	18.179577	16.037165	24.606814	41.746116	37.46129	20.321989	61.027835	24.606814	39.603703		
		28.891639	39.603703	24.606814	71.739903	33.176464	50.315768	69.597489	33.176464	41.746116	9.609929	26.749227	129.5851		
		50.315768	18.179577	35.318877	35.318877	22.464402	43.888529	16.037165	43.888529	54.600594	56.743008	28.891639	31.034052		
		41.746116	48.173355	28.891639	54.600594	35.318877	52.458181	56.743008	13.894753	69.597489	65.312662	18.179577	93.164045		
		6953.501559	3026.189117	7109.912866	5565.098248	6940.64585	4052.454701	4399.545741	2351.304263	2387.726459	2882.641651	8401.926098	6741.382656		
		
28:00	23.30	15629.485121	15190.196848	5897.198459	17140.228633	18741.008423	18963.877504	12985.224435	18513.854107	5839.348635	20800.430673	5038.026215	18865.30071		
		977.986652	414.526932	847.297884	748.745855	457.375425	270.984665	206.712101	607.345352	690.900161	249.560471	900.858826	2319.167046		
		13362.357793	11174.58322	8849.743715	6439.274993	14144.487239	13105.221198	15953.060146	17108.084824	12374.529713	11534.565071	10214.640404	23470.69527		
		52.458181	39.603703	18.179577	35.318877	33.176464	31.034052	16.037165	26.749227	18.179577	7.467517	41.746116	18.179577		
		28.891639	69.597489	58.885421	28.891639	43.888529	84.594387	41.746116	18.179577	37.46129	39.603703	67.455076	129.5851		
		11.752341	24.606814	41.746116	41.746116	22.464402	28.891639	39.603703	50.315768	50.315768	28.891639	7.467517	54.600594		
		43.888529	54.600594	43.888529	16.037165	28.891639	18.179577	61.027835	35.318877	48.173355	41.746116	35.318877	13.894753		
		5978.616809	2492.708185	6152.166756	4620.22795	5792.211775	3660.372389	3728.933076	1738.557136	1828.540654	2351.304263	7412.023339	5661.514281		
		
29:00	23.30	14159.487065	14221.629233	5554.385363	15957.345917	18053.118777	17247.374765	12558.808979	16895.936047	5065.879518	19143.887649	4680.219347	17954.543229		
		815.161338	397.387542	798.021852	573.066484	388.817848	183.145509	144.58201	489.511812	470.229978	225.993865	862.294944	2177.763464		
		12263.105269	9659.679293	8121.238005	5886.485525	12290.961364	12385.243611	14380.199147	16364.495387	11399.571667	10107.504721	9295.421426	20929.012577		
		28.891639	50.315768	18.179577	73.882317	37.46129	50.315768	41.746116	33.176464	43.888529	22.464402	39.603703	22.464402		
		39.603703	11.752341	41.746116	33.176464	37.46129	39.603703	20.321989	18.179577	33.176464	16.037165	28.891639	136.012347		
		48.173355	43.888529	31.034052	58.885421	22.464402	16.037165	33.176464	28.891639	20.321989	3.182693	56.743008	22.464402		
		52.458181	73.882317	24.606814	20.321989	22.464402	18.179577	16.037165	16.037165	67.455076	31.034052	43.888529	26.749227		
		5601.522068	1965.658611	5556.52794	3803.921403	4755.208663	3049.756639	3075.466672	1586.442398	1567.16027	1852.107784	6229.3002	4161.723923		
		
30:00	23.30	13036.651595	14005.203292	5211.573898	14639.483135	16745.932238	16786.647527	11982.402145	16448.068457	5072.307205	17892.397843	4204.574643	16362.352489		
		684.472865	339.54213	759.458025	459.517851	395.245119	191.715178	144.58201	339.54213	498.081518	204.569683	789.452111	2023.505327		
		11020.305834	8686.900623	7529.868193	5920.766919	11423.141926	10840.315968	13259.503045	14673.768691	10036.795258	9869.664076	8706.184655	18359.561018		
		43.888529	46.030942	43.888529	31.034052	37.46129	28.891639	41.746116	52.458181	33.176464	24.606814	69.597489	16.037165		
		39.603703	13.894753	33.176464	41.746116	46.030942	69.597489	48.173355	16.037165	22.464402	28.891639	37.46129	157.436508		
		58.885421	37.46129	18.179577	50.315768	9.609929	9.609929	18.179577	31.034052	16.037165	35.318877	20.321989	18.179577		
		28.891639	52.458181	35.318877	43.888529	39.603703	63.170248	28.891639	33.176464	61.027835	48.173355	22.464402	7.467517		
		4695.217204	1616.436828	5091.59027	2814.081768	4022.459258	2631.969895	2533.415427	1267.216736	1237.222451	1601.439611	5391.549714	3351.850101		
		
31:00	23.30	11686.700799	13145.934431	5020.885725	13591.638697	16006.63231	15910.202443	11138.156586	14898.768056	4596.659915	16610.929077	3902.477609	15543.770126		
		558.069485	245.275633	772.312632	448.805725	365.251196	159.578924	101.733703	247.418052	416.669356	155.294091	727.321518	1652.858652		
		10364.630626	7829.837781	6584.972148	5301.56175	10017.510871	9918.946307	12265.248045	13520.925817	9406.841284	8644.047239	7776.271692	15376.626178		
		35.318877	24.606814	41.746116	11.752341	41.746116	31.034052	43.888529	33.176464	13.894753	13.894753	31.034052	3.182693		
		43.888529	31.034052	33.176464	48.173355	22.464402	50.315768	16.037165	41.746116	16.037165	22.464402	18.179577	163.863757		
		35.318877	33.176464	33.176464	69.597489	18.179577	39.603703	41.746116	28.891639	31.034052	58.885421	9.609929	18.179577		
		28.891639	37.46129	33.176464	7.467517	33.176464	22.464402	39.603703	54.600594	13.894753	54.600594	31.034052	13.894753		
		4086.735224	1389.336453	4515.243125	2638.397365	3463.260775	2235.610351	1843.537918	1299.353484	965.132009	1301.495934	4742.353346	2747.664444		
		
32:00	23.40	12035.971359	12252.391389	4605.230108	11748.840836	14748.768401	15342.340288	10512.478437	13900.204803	4500.245306	14849.48242	3917.475304	13889.49068		
		382.390579	264.557406	716.609352	369.536042	315.975494	187.430343	106.018533	234.563539	427.381477	142.439594	611.630212	1472.892168		
		8740.467389	6912.791822	6488.55488	4830.198057	8609.76455	8320.505012	10568.189285	12203.107563	8592.623212	7202.045713	6882.795188	13443.784573		
		770.170197	35.318877	18.179577	26.749227	73.882317	26.749227	28.891639	28.891639	50.315768	22.464402	22.464402	48.173355		
		1205.085731	43.888529	13.894753	28.891639	24.606814	22.464402	41.746116	16.037165	9.609929	58.885421	41.746116	234.563539		
		1357.199665	28.891639	31.034052	52.458181	35.318877	20.321989	56.743008	20.321989	22.464402	24.606814	11.752341	43.888529		
		127.442684	46.030942	39.603703	43.888529	18.179577	50.315768	26.749227	56.743008	33.176464	28.891639	43.888529	33.176464		
		3514.681144	1136.527443	3844.629385	2079.209616	2696.244622	1946.376382	1515.74129	1260.789388	780.882371	1142.95478	4151.011246	2312.739605		
		
33:00	23.40	10019.653581	11408.142669	4585.947174	11416.713672	13840.205734	14208.772228	9923.23172	12344.530807	4086.735224	12880.22743	3426.838035	13190.933295		
		313.833073	208.854519	523.79064	253.845309	240.990795	101.733703	82.451973	183.145509	300.978548	127.442684	579.493771	1318.635539		
		7866.262745	6143.596378	5700.08073	4444.539146	7776.271692	7452.733358	10176.07154	11352.431172	7694.851312	6854.941183	6488.55488	11757.41188		
		13.894753	33.176464	26.749227	28.891639	65.312662	56.743008	28.891639	16.037165	33.176464	39.603703	56.743008	18.179577		
		35.318877	11.752341	41.746116	11.752341	37.46129	54.600594	20.321989	43.888529	61.027835	16.037165	7.467517	251.70289		
		37.46129	46.030942	5.325105	31.034052	18.179577	46.030942	58.885421	13.894753	18.179577	11.752341	22.464402	35.318877		
		67.455076	48.173355	16.037165	52.458181	33.176464	13.894753	50.315768	50.315768	43.888529	116.730608	41.746116	20.321989		
		3000.479103	1050.829675	3214.729507	1678.568187	2323.452008	1595.012233	1277.928984	1037.975019	624.484792	952.277368	3758.928398	1811.400927		
		
34:00	23.30	8881.883842	10501.764817	4163.866458	10073.221337	12668.091091	13304.50198	9235.426189	11399.571667	3990.321297	12102.39724	3514.681144	11774.553971		
		266.699826	140.297179	588.063487	243.133214	210.996937	43.888529	50.315768	123.157854	270.984665	110.303363	442.37845	1213.655522		
		7090.629262	5359.411142	5380.836855	3887.479917	6981.355602	6520.693955	8860.457089	10122.503707	7026.350619	6312.861524	6111.457472	9923.23172		
		37.46129	13.894753	28.891639	33.176464	22.464402	48.173355	24.606814	35.318877	13.894753	11.752341	24.606814	20.321989		
		41.746116	28.891639	9.609929	31.034052	26.749227	67.455076	61.027835	28.891639	26.749227	20.321989	28.891639	221.709028		
		37.46129	46.030942	7.467517	31.034052	26.749227	16.037165	46.030942	11.752341	26.749227	24.606814	24.606814	35.318877		
		63.170248	39.603703	16.037165	13.894753	16.037165	26.749227	52.458181	46.030942	39.603703	37.46129	54.600594	54.600594		
		2443.431029	828.015955	2531.27294	1344.344954	1899.242068	1412.90344	954.419808	1020.83548	532.36035	845.155447	3150.454319	1462.179891		
		
35:00	23.40	8978.30431	9818.239174	3823.204129	8785.463503	11603.133247	12537.381133	8541.199221	10167.500684	3833.916756	10709.609323	3165.451858	10604.615632		
		215.281773	112.445778	390.960272	234.563539	260.272567	95.306459	61.027835	106.018533	204.569683	99.591288	461.660276	1100.105879		
		6008.613066	4785.204411	4937.325899	3754.643351	6105.029692	6010.755657	8294.793109	9128.291961	6158.59454	5415.118009	5119.443594	8481.204612		
		54.600594	54.600594	13.894753	11.752341	26.749227	26.749227	16.037165	41.746116	37.46129	33.176464	20.321989	35.318877		
		35.318877	24.606814	48.173355	26.749227	20.321989	48.173355	33.176464	35.318877	54.600594	20.321989	26.749227	285.981605		
		63.170248	73.882317	33.176464	61.027835	39.603703	13.894753	7.467517	46.030942	33.176464	9.609929	13.894753	41.746116		
		63.170248	54.600594	33.176464	13.894753	56.743008	41.746116	24.606814	43.888529	26.749227	39.603703	13.894753	22.464402		
		2064.212303	665.190979	2323.452008	1112.960547	1477.177079	1288.641233	851.582758	868.722256	455.233	795.879417	2831.221733	1322.920441		
		
36:00	23.40	7373.455974	9104.722453	3698.937768	8316.219694	10756.749397	12104.540011	8230.513392	9246.13962	3144.026803	9903.947364	2972.626597	9603.969147		
		144.58201	140.297179	360.966351	170.291007	183.145509	84.594387	67.455076	73.882317	185.287926	76.024731	489.511812	1016.550596		
		5423.6883	4348.124741	4200.28957	3407.555416	5678.654922	5119.443594	7071.345663	8245.511987	5691.510406	5057.30927	4725.212927	7229.899853		
		65.312662	16.037165	33.176464	18.179577	24.606814	18.179577	43.888529	76.024731	28.891639	1.040281	22.464402	28.891639		
		189.572761	18.179577	26.749227	52.458181	33.176464	16.037165	67.455076	41.746116	58.885421	46.030942	26.749227	163.863757		
		54.600594	26.749227	37.46129	58.885421	26.749227	16.037165	18.179577	16.037165	16.037165	41.746116	37.46129	22.464402		
		71.739903	95.306459	43.888529	26.749227	20.321989	33.176464	28.891639	39.603703	46.030942	37.46129	18.179577	54.600594		
		1766.409165	660.906116	1978.513433	1018.693038	1132.242553	1142.95478	748.745855	913.713458	369.536042	800.164288	2569.837715	1080.823882		
		
37:00	23.40	6527.121772	8389.070131	3555.388962	7249.183495	9944.658789	11292.434224	7598.43256	8562.62588	3184.734412	8935.450753	2541.985375	8346.216924		
		163.863757	95.306459	328.830022	161.721341	183.145509	58.885421	67.455076	127.442684	121.015438	133.869931	382.390579	776.597501		
		4603.08756	3949.613233	3821.061603	2904.066628	4800.20229	4345.9822	6332.14492	6880.652572	5068.022081	4463.822043	4106.018024	5877.915179		
		26.749227	69.597489	13.894753	24.606814	46.030942	28.891639	28.891639	39.603703	24.606814	33.176464	24.606814	39.603703		
		33.176464	26.749227	48.173355	39.603703	24.606814	61.027835	67.455076	43.888529	20.321989	31.034052	76.024731	191.715178		
		48.173355	9.609929	24.606814	78.167145	20.321989	22.464402	11.752341	50.315768	16.037165	31.034052	39.603703	24.606814		
		18.179577	31.034052	33.176464	22.464402	39.603703	26.749227	46.030942	16.037165	26.749227	28.891639	73.882317	9.609929		
		1524.311118	592.348345	1809.258462	832.300827	1020.83548	1074.396551	675.903137	911.571019	320.260337	598.775634	2265.605051	973.701771		
		
38:00	23.40	6085.746357	8084.812912	3270.434717	6824.944573	9378.986303	10240.352991	6880.652572	7868.40539	2833.364229	7999.106885	2526.987966	7553.437187		
		133.869931	56.743008	288.124026	114.588193	166.006174	50.315768	84.594387	86.736802	131.727516	54.600594	435.951176	705.897188		
		3930.330474	3236.154583	3313.284907	2854.789191	4403.830826	3799.636354	5764.358191	6218.587217	4778.77675	4140.298572	3951.755762	5027.313408		
		31.034052	22.464402	84.594387	46.030942	52.458181	22.464402	16.037165	1.040281	37.46129	48.173355	37.46129	31.034052		
		18.179577	13.894753	41.746116	35.318877	3.182693	35.318877	31.034052	13.894753	13.894753	28.891639	46.030942	283.839185		
		61.027835	18.179577	41.746116	39.603703	31.034052	26.749227	20.321989	20.321989	37.46129	26.749227	46.030942	41.746116		
		35.318877	48.173355	39.603703	24.606814	20.321989	26.749227	26.749227	69.597489	37.46129	24.606814	39.603703	39.603703		
		1359.342117	455.233	1436.470434	725.179085	804.449159	1121.530327	506.651224	896.573949	234.563539	603.060493	2186.33337	892.289073		
		
39:00	23.40	5318.702306	7139.909594	2989.766599	5809.352448	8421.210053	10045.366099	6207.874235	7401.31018	2876.214159	7122.768605	2197.045754	6737.097432		
		71.739903	95.306459	303.120969	118.873023	138.154763	50.315768	52.458181	37.46129	88.879216	50.315768	313.833073	652.336391		
		3394.700339	2889.069144	3152.596824	2293.457284	3812.491503	3193.304438	5663.656861	5393.692286	4230.285087	3452.548202	3345.422567	4358.837446		
		84.594387	37.46129	13.894753	24.606814	28.891639	33.176464	37.46129	26.749227	28.891639	3.182693	26.749227	13.894753		
		46.030942	24.606814	37.46129	31.034052	13.894753	26.749227	31.034052	28.891639	28.891639	26.749227	58.885421	183.145509		
		24.606814	20.321989	24.606814	50.315768	39.603703	28.891639	67.455076	58.885421	26.749227	18.179577	13.894753	41.746116		
		37.46129	50.315768	46.030942	9.609929	41.746116	37.46129	63.170248	0	41.746116	37.46129	28.891639	28.891639		
		1138.669889	489.511812	1235.080003	652.336391	690.900161	875.149569	418.81178	909.42858	249.560471	485.22696	1834.968052	620.199932		
		
40:00	23.40	4740.210793	6647.107788	2799.084302	5222.286731	7842.693649	9453.980506	5965.761274	6473.55665	2670.534724	6578.544326	2145.626325	6143.596378		
		61.027835	54.600594	288.124026	76.024731	103.876118	48.173355	50.315768	69.597489	73.882317	65.312662	345.969396	500.223944		
		2859.074184	2589.12011	2679.104689	2085.637037	3428.980549	3212.587	5016.600604	5029.455969	3810.348978	3006.906605	3152.596824	3542.533859		
		52.458181	22.464402	24.606814	11.752341	43.888529	46.030942	43.888529	37.46129	41.746116	24.606814	37.46129	31.034052		
		9.609929	52.458181	22.464402	33.176464	50.315768	46.030942	9.609929	26.749227	61.027835	28.891639	31.034052	270.984665		
		16.037165	11.752341	35.318877	9.609929	20.321989	31.034052	33.176464	33.176464	16.037165	28.891639	46.030942	26.749227		
		73.882317	33.176464	28.891639	28.891639	28.891639	16.037165	18.179577	37.46129	65.312662	20.321989	26.749227	26.749227		
		941.565168	450.94815	1031.547691	635.196944	618.057502	744.460987	435.951176	821.588646	196.000013	485.22696	1723.559894	780.882371		
		
41:00	23.40	4800.20229	6092.174135	2368.444118	4950.18125	6923.504908	8410.496744	5290.848904	6154.309351	2214.185572	5875.772593	1931.379097	5310.132027		
		95.306459	63.170248	221.709028	39.603703	103.876118	76.024731	39.603703	108.160948	93.164045	69.597489	288.124026	438.0936		
		2524.845479	2374.871564	2565.552739	2002.080612	2852.646694	2709.099574	4088.877757	4328.841875	3315.427418	3156.881835	2730.524499	3129.029269		
		46.030942	37.46129	39.603703	26.749227	22.464402	33.176464	7.467517	20.321989	20.321989	16.037165	28.891639	33.176464		
		18.179577	16.037165	20.321989	11.752341	35.318877	61.027835	54.600594	20.321989	69.597489	33.176464	13.894753	243.133214		
		31.034052	16.037165	31.034052	50.315768	16.037165	31.034052	41.746116	16.037165	18.179577	20.321989	16.037165	35.318877		
		39.603703	31.034052	9.609929	33.176464	65.312662	13.894753	22.464402	31.034052	31.034052	18.179577	24.606814	31.034052		
		1102.248324	468.087553	1016.550596	579.493771	637.339375	937.280289	298.836128	723.036652	206.712101	532.36035	1655.001113	678.045569		
		
42:00	23.40	4069.59496	5820.065371	2353.446744	4440.254059	6385.709937	7887.689202	5119.443594	5802.924695	2332.021931	5389.407142	1798.546135	4665.221493		
		88.879216	65.312662	118.873023	80.309559	133.869931	80.309559	56.743008	11.752341	112.445778	35.318877	305.26339	354.539084		
		2164.908607	2137.056424	2265.605051	1757.839309	2743.379457	2430.576125	4223.857475	3981.751176	3191.161932	2726.239513	2537.700401	2904.066628		
		16.037165	28.891639	20.321989	20.321989	22.464402	58.885421	52.458181	39.603703	20.321989	48.173355	63.170248	31.034052		
		22.464402	52.458181	22.464402	31.034052	22.464402	56.743008	28.891639	31.034052	13.894753	35.318877	41.746116	303.120969		
		35.318877	26.749227	16.037165	16.037165	22.464402	3.182693	24.606814	16.037165	52.458181	58.885421	46.030942	28.891639		
		39.603703	41.746116	28.891639	16.037165	35.318877	69.597489	26.749227	18.179577	28.891639	33.176464	31.034052	31.034052		
		718.751785	600.918063	911.571019	648.051529	718.751785	787.309676	373.820887	873.007131	255.987729	545.214916	1545.735691	703.754756		
		
43:00	23.40	3563.959032	5310.132027	2263.462572	3842.486859	6040.751927	7720.563001	4768.063982	5271.565787	2261.320093	4791.632073	1633.576508	4168.151529		
		61.027835	84.594387	146.724426	86.736802	103.876118	61.027835	33.176464	63.170248	95.306459	61.027835	243.133214	275.269505		
		1789.976275	1702.135268	2057.784885	1487.889358	2434.861093	2227.040439	3544.676376	3574.671621	2839.791717	2417.721222	2317.024566	2460.570906		
		16.037165	39.603703	18.179577	46.030942	41.746116	16.037165	43.888529	11.752341	3.182693	24.606814	50.315768	3.182693		
		48.173355	16.037165	41.746116	48.173355	22.464402	73.882317	39.603703	9.609929	31.034052	43.888529	13.894753	309.548231		
		16.037165	39.603703	28.891639	35.318877	54.600594	13.894753	39.603703	20.321989	11.752341	31.034052	26.749227	63.170248		
		20.321989	43.888529	35.318877	20.321989	43.888529	24.606814	39.603703	48.173355	24.606814	52.458181	33.176464	50.315768		
		701.612323	568.781627	834.443264	493.796665	701.612323	650.19396	478.799682	892.289073	187.430343	538.787633	1322.920441	620.199932		
		
44:00	23.40	2949.0591	4888.047072	1999.938141	3606.809397	5389.407142	6807.803659	4410.258454	4626.655597	2214.185572	4367.407612	1571.445187	3724.648032		
		35.318877	50.315768	138.154763	35.318877	61.027835	18.179577	50.315768	37.46129	69.597489	61.027835	234.563539	303.120969		
		1560.732896	2017.077912	1871.389987	1410.760986	2154.196227	2227.040439	3533.963792	2985.481598	2792.656818	2092.064458	1918.524284	2149.911276		
		28.891639	20.321989	61.027835	20.321989	50.315768	24.606814	28.891639	18.179577	31.034052	26.749227	26.749227	20.321989		
		26.749227	11.752341	24.606814	7.467517	18.179577	63.170248	7.467517	18.179577	22.464402	43.888529	48.173355	264.557406		
		11.752341	20.321989	28.891639	37.46129	26.749227	13.894753	26.749227	46.030942	18.179577	63.170248	26.749227	26.749227		
		26.749227	54.600594	69.597489	31.034052	7.467517	33.176464	50.315768	18.179577	35.318877	31.034052	22.464402	20.321989		
		714.466919	656.621253	793.736982	566.639198	575.208913	785.167241	435.951176	746.603421	208.854519	532.36035	1543.593233	695.185026		
		
45:00	23.40	2769.08938	4309.559015	1766.409165	3469.688319	4643.795993	6394.280343	4393.118114	4016.031664	1944.233913	3932.473002	1290.783683	3281.147262		
		35.318877	41.746116	133.869931	48.173355	101.733703	20.321989	33.176464	24.606814	39.603703	41.746116	238.848376	148.866843		
		1406.476079	1607.866989	1622.864207	1142.95478	1948.518852	1952.803791	2994.0516	2518.418019	2644.824836	1927.094159	1749.269454	1721.417431		
		22.464402	33.176464	37.46129	16.037165	41.746116	13.894753	31.034052	65.312662	5.325105	16.037165	5.325105	31.034052		
		43.888529	31.034052	54.600594	9.609929	31.034052	52.458181	24.606814	18.179577	22.464402	13.894753	39.603703	273.127085		
		11.752341	9.609929	16.037165	35.318877	28.891639	39.603703	20.321989	35.318877	69.597489	37.46129	11.752341	37.46129		
		41.746116	39.603703	26.749227	20.321989	26.749227	24.606814	39.603703	18.179577	20.321989	16.037165	16.037165	22.464402		
		577.351342	716.609352	665.190979	555.927056	787.309676	650.19396	420.954205	763.742894	208.854519	573.066484	1275.786534	483.084534		
		
46:00	23.50	2484.138243	4157.438852	1768.55163	2996.194101	4435.968972	6334.28752	3930.330474	3885.337389	1916.381815	3568.244067	1301.495934	2951.201599		
		39.603703	22.464402	69.597489	46.030942	76.024731	22.464402	63.170248	84.594387	37.46129	73.882317	206.712101	193.857595		
		1207.228179	1442.897798	1410.760986	1127.957662	1860.677652	1796.40367	2829.079237	2462.713391	2272.032488	1766.409165	1847.822851	1839.252985		
		22.464402	18.179577	35.318877	37.46129	16.037165	22.464402	24.606814	26.749227	5.325105	28.891639	5.325105	50.315768		
		22.464402	39.603703	31.034052	16.037165	46.030942	31.034052	9.609929	20.321989	20.321989	24.606814	39.603703	279.554345		
		7.467517	61.027835	13.894753	31.034052	50.315768	28.891639	35.318877	41.746116	24.606814	20.321989	26.749227	33.176464		
		9.609929	9.609929	18.179577	31.034052	9.609929	26.749227	22.464402	18.179577	18.179577	48.173355	9.609929	39.603703		
		667.33341	843.01301	656.621253	502.366371	718.751785	669.475842	393.102695	727.321518	183.145509	545.214916	1256.50449	581.6362		
		
47:00	23.40	2428.433641	3581.099175	1723.559894	2719.812035	3878.909808	5475.110067	3557.531479	3705.365333	1719.274968	3377.560241	1087.251214	2400.581356		
		35.318877	35.318877	121.015438	16.037165	73.882317	54.600594	93.164045	65.312662	58.885421	46.030942	174.575841	166.006174		
		1070.111664	1220.082865	1241.507348	892.289073	1526.453575	1648.573731	2462.713391	2244.180264	2216.32805	1665.713418	1627.149127	1453.610071		
		33.176464	28.891639	35.318877	31.034052	22.464402	48.173355	9.609929	63.170248	22.464402	9.609929	35.318877	22.464402		
		22.464402	1.040281	56.743008	26.749227	24.606814	58.885421	11.752341	1.040281	18.179577	39.603703	11.752341	345.969396		
		50.315768	9.609929	11.752341	13.894753	48.173355	16.037165	65.312662	9.609929	18.179577	20.321989	16.037165	16.037165		
		9.609929	13.894753	28.891639	9.609929	31.034052	28.891639	33.176464	16.037165	18.179577	43.888529	22.464402	16.037165		
		459.517851	733.748818	637.339375	478.799682	652.336391	566.639198	393.102695	761.600459	153.151675	358.823929	1145.097226	570.924056		
		
48:00	23.50	2182.048417	3559.673997	1543.593233	2349.161781	3613.236954	5239.427268	3482.543409	3396.842852	1642.146349	2904.066628	980.129093	2134.913949		
		48.173355	35.318877	118.873023	95.306459	71.739903	61.027835	20.321989	33.176464	71.739903	50.315768	181.003092	138.154763		
		958.704688	1226.51021	1192.231047	819.44621	1404.333625	1590.727315	2419.863706	1875.674922	1972.086021	1331.490245	1370.054379	1359.342117		
		52.458181	22.464402	11.752341	13.894753	48.173355	31.034052	39.603703	13.894753	16.037165	5.325105	18.179577	35.318877		
		35.318877	58.885421	18.179577	13.894753	1.040281	43.888529	52.458181	7.467517	82.451973	54.600594	24.606814	358.823929		
		39.603703	7.467517	22.464402	24.606814	37.46129	31.034052	16.037165	5.325105	0	20.321989	13.894753	13.894753		
		41.746116	35.318877	39.603703	33.176464	31.034052	52.458181	7.467517	56.743008	33.176464	13.894753	35.318877	39.603703		
		560.211913	641.624236	667.33341	420.954205	650.19396	517.363359	393.102695	705.897188	204.569683	365.251196	1115.102992	498.081518		
		
49:00	23.40	1952.803791	3073.324169	1466.464802	2192.760801	3268.292208	4939.468457	3204.016972	3270.434717	1762.124237	2777.659357	1005.838388	2132.771473		
		41.746116	58.885421	71.739903	16.037165	76.024731	5.325105	26.749227	54.600594	35.318877	48.173355	204.569683	99.591288		
		770.170197	1181.518812	1310.065736	774.455067	1320.77799	1382.909094	2323.452008	1854.250251	1914.239346	1370.054379	1299.353484	1277.928984		
		3.182693	20.321989	39.603703	26.749227	54.600594	33.176464	35.318877	18.179577	28.891639	20.321989	20.321989	1.040281		
		9.609929	26.749227	5.325105	13.894753	31.034052	33.176464	20.321989	9.609929	24.606814	9.609929	43.888529	307.405811		
		22.464402	16.037165	5.325105	22.464402	33.176464	28.891639	35.318877	13.894753	37.46129	50.315768	43.888529	28.891639		
		33.176464	31.034052	31.034052	43.888529	26.749227	16.037165	28.891639	16.037165	35.318877	39.603703	11.752341	24.606814		
		498.081518	545.214916	594.490775	446.6633	654.478822	506.651224	345.969396	669.475842	183.145509	307.405811	1020.83548	498.081518		
		
50:00	23.50	1794.261205	3041.18663	1335.775148	1976.370962	3032.616623	4240.997775	3041.18663	2989.766599	1612.151908	2537.700401	1020.83548	1663.570957		
		35.318877	52.458181	84.594387	31.034052	76.024731	43.888529	52.458181	43.888529	103.876118	39.603703	144.58201	73.882317		
		776.597501	1160.094347	1078.681439	789.452111	1303.638384	1363.627022	1995.653199	1738.557136	1588.584856	1112.960547	1260.789388	977.986652		
		33.176464	50.315768	22.464402	18.179577	20.321989	5.325105	13.894753	24.606814	56.743008	5.325105	11.752341	37.46129		
		26.749227	43.888529	52.458181	76.024731	24.606814	65.312662	63.170248	58.885421	24.606814	16.037165	41.746116	326.687601		
		37.46129	33.176464	22.464402	35.318877	16.037165	26.749227	18.179577	26.749227	43.888529	63.170248	39.603703	58.885421		
		18.179577	18.179577	24.606814	20.321989	78.167145	26.749227	16.037165	39.603703	31.034052	13.894753	52.458181	33.176464		
		551.6422	508.793651	590.205916	579.493771	583.778629	483.084534	322.402758	710.182054	131.727516	408.09966	836.5857	498.081518		
		
~End
