Name,Time,A1,A2,A3,A4,A5,A6,A7,A8,A9,A10,A11,A12
Pa,0,5969.937884,5461.061987,4985.479961,4956.94513,4819.02692,4895.119696,4838.050107,4690.620525
Pa,60,4678.731054,4614.527944,4526.545987,4505.144985,4785.736354,4455.209336,4578.859571,4581.237462
Pa,120,4419.541034,4595.50481,4647.818439,4402.895832,4597.882701,4780.980559,4590.749027,4719.155262
Pa,180,4426.674693,4498.011319,4338.692943,4350.582363,4262.600696,4555.080665,4429.05258,4469.476661
Pa,240,4374.361208,4467.098773,4752.445801,4645.440546,4429.05258,4600.260593,4609.77216,4395.762175
Pa,300,4478.988212,5061.572896,4909.3871,5090.107764,5111.508923,5192.357795,5151.933349,5149.555441
Pa,360,5049.68337,5137.665902,5030.660132,5225.648531,5572.824173,5237.538083,5111.508923,5287.47422
Pa,420,5399.236164,5622.760519,5777.325598,5829.64,6728.501888,6236.266746,5941.402701,5606.115067
Pa,480,6136.393319,5717.877456,5822.506216,6431.258083,7220.740057,6861.66747,6262.424093,5767.813893
Pa,540,6305.227043,5513.376182,5829.64,7225.495996,7991.205878,7770.052892,6393.210955,5760.680114
Pa,600,6676.186898,5556.178731,6164.928571,8687.960678,9192.101039,8407.355626,6671.430991,5924.757183
Pa,660,7353.906458,6214.865287,6994.833275,10052.951828,10331.184588,9812.76877,7177.936617,6438.391921
Pa,720,8359.795545,6828.376054,8136.263544,11408.453885,11498.821505,10944.726913,8024.497778,7049.526437
Pa,780,9372.831376,7967.425958,9023.261225,12664.097328,12079.079182,11750.900143,8578.572151,7051.904401
Pa,840,9712.890879,7822.368597,9717.646967,13427.481096,12155.178861,12502.384567,8737.898968,6792.706694
Pa,900,9420.392059,7993.58387,10433.441316,14131.417753,11962.551688,12495.250188,8825.885555,6994.833275
Pa,960,9634.415481,8578.572151,10783.017627,13841.280949,11306.195912,12140.910166,8961.432649,6999.5892
Pa,1020,9567.830355,8385.953586,10775.883401,13368.02727,10978.020042,11444.125302,8569.060112,7099.463705
Pa,1080,8852.043748,8514.365911,10730.699986,12792.516518,10052.951828,10913.811877,8245.651467,6776.060999
Pa,1140,8209.981476,8195.713484,11177.779107,11976.820351,9563.074277,9827.037051,8240.895467,6488.328808
Pa,1200,7520.364772,8416.867645,10706.919252,11420.344356,8887.714026,9318.136626,7620.239927,6169.684448
Pa,1260,7339.638619,8542.902011,10547.588515,10721.187692,8478.6958,9001.85902,7855.660427,6324.250583
Pa,1320,7011.479016,7867.55037,9831.793145,9646.305688,7798.588727,8243.273467,7244.519755,6167.306509
Pa,1380,6699.966434,7796.21074,10067.220151,9760.451764,7330.126727,7943.646044,7363.418353,6029.386214
Pa,1440,6407.478626,7303.969032,9203.99118,8305.101487,6825.998096,7420.489742,6821.242181,5786.837305
Pa,1500,6164.928571,7218.362087,8840.15366,8129.129555,6619.116039,6935.384227,6571.557021,5934.268907
Pa,1560,5903.355807,6481.194965,7893.70825,7223.118026,6079.322845,6543.021624,5920.001321,5411.125741
Pa,1620,5601.359224,6065.055233,7185.070522,6707.100297,5874.820648,6364.675622,5981.827546,5365.945356
Pa,1680,5651.295588,6169.684448,7237.385845,6386.077121,5763.05804,6155.416819,5701.231984,5344.544129
Pa,1740,5411.125741,5682.208591,6928.250345,6445.52576,5808.23865,6176.818263,5679.830668,5506.242426
Pa,1800,5565.690412,5675.07482,6566.801121,6134.015382,5549.044971,5760.680114,5401.614079,5361.189527
Pa,1860,5480.085327,5584.713776,6100.724268,5646.539743,5480.085327,5537.155373,5285.096308,5116.264737
Pa,1920,4961.700934,4973.590447,5480.085327,5228.026441,4911.765,4971.212544,4904.631298,4842.805905
Pa,1980,4845.183804,4880.852295,5363.567441,5242.293904,5087.729858,4983.102058,5028.282228,4838.050107
Pa,2040,4728.666843,4854.6954,5168.578707,5218.514801,5056.817085,4997.369478,4971.212544,4854.6954
Pa,2100,4788.114251,4978.346253,5306.497519,5247.049726,4921.276605,5318.387082,4892.741796,4992.613671
Pa,2160,5063.950801,5280.340484,5266.073015,5251.805547,5232.782262,5173.334524,5118.642644,5078.218235
Pa,2220,4899.875497,5380.212843,5337.410388,5156.689165,5021.148515,4978.346253,5023.526419,5061.572896
Pa,2280,4959.323032,5078.218235,5354.055785,5194.735704,5085.351952,5330.276648,4985.479961,5218.514801
Pa,2340,5044.92756,5175.712432,5194.735704,5304.119606,5211.381071,5170.956615,5151.933349,5142.421717
Pa,2400,5097.241483,5047.305465,5261.317192,5249.427636,5166.200798,5213.758981,5204.247342,5101.997296
Pa,2460,5163.82289,5087.729858,5387.346588,5515.754101,5282.718396,5201.869433,5389.724503,5358.811613
Pa,2520,5349.299957,5289.852132,5377.834928,5368.32327,5332.654561,5323.142908,5204.247342,5282.718396
Pa,2580,5292.230044,5239.915993,5239.915993,5370.701184,5223.270621,5318.387082,5287.47422,5408.747826
Pa,2640,6657.163274,6440.769867,6443.147814,6664.297132,6393.210955,6141.149194,6376.565343,5979.449614
Pa,2700,5518.13202,5496.730753,5465.817821,5789.215232,5530.021615,5637.028053,5584.713776,5553.800811
Pa,2760,5560.934571,5458.68407,5560.934571,5356.433699,5522.887858,5287.47422,5401.614079,5320.764995
Pa,2820,5335.032475,5280.340484,5361.189527,5242.293904,5304.119606,5270.828837,5339.788302,5028.282228
Pa,2880,5187.601977,5178.090341,5430.149069,5261.317192,5292.230044,5420.637405,5289.852132,5370.701184
Pa,2940,4942.677718,5323.142908,5090.107764,5109.131016,5197.113614,5023.526419,5161.444981,5197.113614
Pa20,0,5862.931001,5261.317192,5018.770611,5033.038037,4814.271124,4871.340696,4800.003738,4771.468972
Pa20,60,4847.561703,4635.928975,4559.836446,4512.278651,4448.075674,4597.882701,4552.702775,4571.725898
Pa20,120,4431.430466,4614.527944,4616.905836,4564.592226,4457.587223,4650.196332,4635.928975,4517.03443
Pa20,180,4526.545987,4395.762175,4371.983323,4291.13528,4433.808353,4181.752763,4352.960247,4243.577646
Pa20,240,4362.471785,4381.494863,4612.150052,4462.342998,4538.435435,4531.301766,4464.720886,4483.743989
Pa20,300,4421.91892,4994.991574,4985.479961,5087.729858,4968.834642,5232.782262,5206.625252,5049.68337
Pa20,360,5159.067073,5049.68337,4847.561703,4864.206997,5009.258996,4854.6954,4980.724155,5166.200798
Pa20,420,5228.026441,5525.265777,5520.509939,5256.561369,5698.854059,5760.680114,5463.439904,5489.596998
Pa20,480,5679.830668,5563.312491,5499.108671,5209.003161,5403.991994,5375.457014,5130.53218,5304.119606
Pa20,540,5275.584661,5004.503188,5128.154272,4685.864737,4797.62584,4847.561703,5035.415941,4761.957386
Pa20,600,5135.287994,4964.078837,5116.264737,4619.283728,4550.324884,4833.29431,4780.980559,4833.29431
Pa20,660,5270.828837,5461.061987,5608.492989,5225.648531,4752.445801,4814.271124,5097.241483,5040.17175
Pa20,720,6086.456652,6264.802034,6283.825565,5955.670291,5097.241483,5375.457014,5898.599946,5922.379252
Pa20,780,7106.597603,7101.841671,7028.12476,6733.257797,5411.125741,5939.02477,7037.636616,6592.958576
Pa20,840,7158.912874,7960.291983,7177.936617,7151.778971,5166.200798,6119.74776,7361.040379,7139.889135
Pa20,900,7534.632644,8435.891688,7208.85021,7784.320808,5503.864508,6386.077121,7979.315917,8041.143733
Pa20,960,7732.005128,9981.61025,7537.010623,7888.952271,5798.726941,6878.313184,8944.786503,8495.34185
Pa20,1020,7974.559933,10214.659639,7708.225285,8198.091482,6188.707956,7363.418353,9168.320762,9032.773317
Pa20,1080,8181.445494,10666.49202,7658.287637,7929.3781,6457.415493,8167.177507,9372.831376,8904.360161
Pa20,1140,7862.794392,11508.333892,7917.488148,7696.335366,6866.423388,8495.34185,9843.683381,9546.428005
Pa20,1200,7634.507816,11700.959972,8055.411698,7351.528485,7211.228179,8849.665731,9727.159142,8901.982141
Pa20,1260,7325.370782,11484.552927,8233.761468,7874.684336,7682.067466,9546.428005,10067.220151,8887.714026
Pa20,1320,7194.582396,11163.510586,8086.325629,7698.71335,7762.918935,9639.171564,9919.780935,8276.565472
Pa20,1380,7066.172189,10540.45431,7858.038415,7922.244129,7653.531673,9410.87992,10062.464043,7888.952271
Pa20,1440,6718.990069,9969.719994,7905.598198,7503.718925,7665.421585,9042.285411,9308.624499,7187.448491
Pa20,1500,6733.257797,9382.34351,7410.977841,8295.589481,7479.93915,8745.033012,8897.226102,6875.935224
Pa20,1560,6355.163846,8371.685563,6790.328738,7853.282439,7099.463705,8426.379666,7927.000109,6314.738812
Pa20,1620,5836.773785,7458.537358,6462.171387,8133.885548,7004.345126,7720.115206,7715.359237,6060.299363
Pa20,1680,5836.773785,7059.038295,6393.210955,8072.057659,6619.116039,7063.794225,7232.629905,5860.553072
Pa20,1740,5912.867529,6478.817017,6076.94491,7848.526462,6628.627846,6944.896072,6676.186898,5841.529642
Pa20,1800,5629.894286,6488.328808,5984.205479,7356.284432,6305.227043,6312.36087,6205.353529,5843.907571
Pa20,1860,5705.987832,6084.078717,5415.881573,7127.9993,6107.858077,6022.252412,5860.553072,5270.828837
Pa20,1920,5147.177533,5463.439904,5209.003161,6397.966845,5268.450926,5363.567441,5275.584661,5009.258996
Pa20,1980,4997.369478,4968.834642,4771.468972,6390.833011,5442.038651,5389.724503,5247.049726,5099.61939
Pa20,2040,4814.271124,5230.404351,5061.572896,6027.00828,5223.270621,5301.741693,5166.200798,5006.881092
Pa20,2100,4926.032407,5082.974046,5149.555441,5953.29236,5320.764995,5446.794485,5299.363781,5071.084517
Pa20,2160,5135.287994,5147.177533,5142.421717,5753.546336,5553.800811,5361.189527,5358.811613,5151.933349
Pa20,2220,5099.61939,5434.904902,5444.416568,5851.041357,5239.915993,5396.858248,5178.090341,5116.264737
Pa20,2280,4959.323032,5239.915993,5320.764995,5513.376182,5351.677871,5420.637405,5168.578707,5351.677871
Pa20,2340,5101.997296,5423.015321,5301.741693,5518.13202,5218.514801,5187.601977,5225.648531,5358.811613
Pa20,2400,5363.567441,5230.404351,5311.253344,5594.22546,5235.160172,5323.142908,5223.270621,5080.59614
Pa20,2460,5237.538083,5399.236164,5432.526986,5615.626754,5349.299957,5477.707409,5268.450926,5299.363781
Pa20,2520,5170.956615,5375.457014,5577.580014,5606.115067,5475.329491,5344.544129,5230.404351,5113.88683
Pa20,2580,5187.601977,5418.259489,5508.620345,5475.329491,5204.247342,5159.067073,5392.102418,5349.299957
Pa20,2640,6588.202674,6552.533422,6647.651463,6825.998096,6455.037546,6143.527131,6126.881571,6210.109408
Pa20,2700,5613.248832,5627.516363,5689.342363,5872.442719,5342.166215,5582.335855,5658.429357,5622.760519
Pa20,2760,5575.202093,5568.068332,5634.65013,5534.777454,5553.800811,5556.178731,5456.306153,5194.735704
Pa20,2820,5463.439904,5406.36991,5320.764995,5382.590758,5192.357795,5354.055785,5201.869433,5280.340484
Pa20,2880,5254.183458,5356.433699,5522.887858,5491.974916,5287.47422,5299.363781,5346.922043,5494.352834
Pa20,2940,5132.910087,5287.47422,5216.136891,5232.782262,5192.357795,5135.287994,5014.014803,5156.689165
1584,0,5967.559952,5258.939281,5033.038037,5021.148515,4868.962796,4964.078837,4890.363896,4880.852295
1584,60,4583.615353,4733.422634,4450.453561,4493.255542,4364.849669,4495.63343,4714.399472,4797.62584
1584,120,4395.762175,4761.957386,4609.77216,4414.785262,4505.144985,4488.499765,4745.312113,4614.527944
1584,180,4552.702775,4424.296807,4500.389207,4333.937175,4367.227554,4414.785262,4457.587223,4426.674693
1584,240,4471.854549,4659.707905,4616.905836,5144.799625,5028.282228,4852.317501,4776.224766,4937.921914
1584,300,5159.067073,6198.219712,6478.817017,7351.528485,7001.967163,6107.858077,5822.506216,6623.871942
1584,360,7092.329807,7893.70825,8844.909695,10019.659084,10324.050403,7472.805219,6509.73034,8269.43147
1584,420,8780.703242,10633.199021,12466.712679,13693.834779,14098.123313,8659.424526,8402.599617,10357.343273
1584,480,10766.371101,12238.412968,15418.020685,15953.120416,16176.674252,9325.270721,9824.659004,11280.036916
1584,540,11643.88553,13370.405422,16464.44128,18664.347376,17472.823162,9494.111173,10714.053472,12205.119315
1584,600,12837.701097,14269.352013,17615.519738,19710.810419,18302.845141,9446.550446,11689.06946,12923.314053
1584,660,13819.877456,14780.662119,18873.63889,21378.044579,18902.178684,9363.319243,12932.826609,13629.624435
1584,720,14340.697413,16055.384328,18707.156959,21965.509113,19641.83857,10226.549932,13318.086091,14207.519385
1584,780,15653.464126,16088.679583,18885.530469,22177.187674,19180.442212,10326.428464,13318.086091,14825.84782
1584,840,15177.821525,15743.83654,18055.502447,21513.612935,18202.956653,10152.830143,13467.909723,14169.46856
1584,900,15192.090762,14904.32831,17061.382794,21030.800364,18138.742692,9919.780935,13184.909764,14041.047161
1584,960,14718.829095,15170.686908,16488.223725,20100.859236,16721.292063,9456.062589,13520.229153,13646.271556
1584,1020,14954.270479,14202.763031,15886.530033,19411.140058,16050.627864,8685.582665,12571.350263,13907.869631
1584,1080,14098.123313,13755.667011,14809.200454,18383.707341,14978.052476,8426.379666,11900.720841,13453.640794
1584,1140,13824.633787,13398.943254,14057.694367,17085.165416,13793.717638,7693.957383,11643.88553,13089.783952
1584,1200,13227.716416,12566.594007,12552.325238,16362.176846,13104.052816,7468.049265,11320.464458,11912.611385
1584,1260,12528.543962,12259.816039,12024.382582,14633.214218,12269.328516,7465.671288,10416.794863,11646.263631
1584,1320,12029.138806,11253.877929,10790.151853,13962.567518,11420.344356,7032.880688,9879.3541,10842.469532
1584,1380,11444.125302,10502.405229,10461.9781,12652.206673,10155.2082,6747.525529,9208.747237,10238.440227
1584,1440,10887.65301,9703.378706,9006.615065,11089.789934,9408.501885,6576.312922,8535.767985,9467.95277
1584,1500,10481.002629,9154.052599,8661.802538,10450.087772,8816.373487,6607.226282,7984.071901,8825.885555
1584,1560,9819.90291,8252.785467,7907.976188,9306.246467,7736.761098,6067.433168,7001.967163,7674.933517
1584,1620,8400.221612,7410.977841,7085.195911,8350.283532,7189.826459,6141.149194,6716.612114,7384.820119
1584,1680,8081.569639,7173.180681,7056.66033,8017.363798,6716.612114,5784.459378,6267.179975,6897.33686
1584,1740,7648.775708,6985.321424,6680.942805,7365.796326,6390.833011,5829.64,6138.771256,6757.037351
1584,1800,7641.641762,6514.486237,6447.903707,6959.163841,6155.416819,5606.115067,5765.435966,6462.171387
1584,1860,7025.746797,6043.65382,5920.001321,6414.612462,5758.302188,5518.13202,5610.87091,5656.051434
1584,1920,6145.905069,5418.259489,5280.340484,5639.405975,5263.695103,4942.677718,5028.282228,5420.637405
1584,1980,5665.563127,5306.497519,5275.584661,5487.21908,5510.998263,5159.067073,5094.863577,5044.92756
1584,2040,5575.202093,5239.915993,5237.538083,5499.108671,5192.357795,5097.241483,4923.654506,5059.19499
1584,2100,5458.68407,5273.206749,5239.915993,5318.387082,5059.19499,5061.572896,5118.642644,5344.544129
1584,2160,5663.185203,5420.637405,5446.794485,5392.102418,5503.864508,5354.055785,5358.811613,5247.049726
1584,2220,5722.633305,5437.282818,5363.567441,5289.852132,5239.915993,5296.985869,5268.450926,5475.329491
1584,2280,5411.125741,5368.32327,5344.544129,5261.317192,5396.858248,5294.607956,5430.149069,5420.637405
1584,2340,5572.824173,5261.317192,5384.968673,5389.724503,5425.393237,5247.049726,5399.236164,5332.654561
1584,2400,5568.068332,5230.404351,5420.637405,5296.985869,5560.934571,5294.607956,5332.654561,5370.701184
1584,2460,5335.032475,5553.800811,5544.289132,5591.847539,5606.115067,5549.044971,5658.429357,5499.108671
1584,2520,5641.783897,5598.981303,5537.155373,5784.459378,5722.633305,5425.393237,5525.265777,5515.754101
1584,2580,5449.172402,5430.149069,5694.098211,5648.917665,5560.934571,5491.974916,5591.847539,5510.998263
1584,2640,6845.02176,6721.368023,6707.100297,6963.919765,6424.124245,6226.754986,6386.077121,6436.013975
1584,2700,5817.750361,5736.900857,5948.536496,5993.717211,5618.004675,5684.586515,5860.553072,5532.399534
1584,2760,5601.359224,5475.329491,5713.121606,5665.563127,5667.94105,5722.633305,5456.306153,5470.573656
1584,2820,5482.463244,5163.82289,5594.22546,5456.306153,5140.04381,5346.922043,5382.590758,5325.520822
1584,2880,5470.573656,5510.998263,5570.446252,5544.289132,5180.46825,5496.730753,5453.928236,5453.928236
1584,2940,5365.945356,5085.351952,5109.131016,5346.922043,5299.363781,5268.450926,5054.43918,5173.334524
2008,0,5696.476135,5220.892711,5061.572896,5085.351952,4904.631298,4911.765,4933.166111,4873.718596
2008,60,4678.731054,4512.278651,4521.790208,4410.02949,4540.813324,4284.001633,4550.324884,4547.946994
2008,120,4483.743989,4605.016376,4498.011319,4609.77216,4488.499765,4597.882701,4502.767096,4445.697787
2008,180,4436.18624,4371.983323,4528.923876,4419.541034,4248.333408,4305.402576,4395.762175,4405.273718
2008,240,4374.361208,4723.911052,4414.785262,4671.597373,4507.522874,4483.743989,4571.725898,4379.116978
2008,300,4566.970117,4983.102058,5130.53218,5197.113614,4952.189325,5104.375203,5239.915993,5287.47422
2008,360,5594.22546,5432.526986,5094.863577,5729.767081,5125.776365,5182.846159,5220.892711,6326.628526
2008,420,6545.399573,6357.54179,5931.890976,7365.796326,6595.336526,5870.064789,6433.636029,8726.008896
2008,480,9020.883202,7399.087966,6559.667271,9368.075309,7204.094272,6084.078717,7294.457144,10761.614952
2008,540,10609.418315,8657.046513,6859.289511,11769.924978,8169.555505,6081.700781,8003.095841,12687.878644
2008,600,12435.797055,10057.707935,7256.409607,14454.850186,9089.845898,6493.084703,9819.90291,14813.956844
2008,660,14312.159246,11439.369112,8300.345484,17437.149058,11220.584685,7187.448491,11774.681187,16100.570749
2008,720,16404.985198,13196.800498,8987.590887,18992.554767,12283.597234,8207.603477,13246.741602,17853.347929
2008,780,18554.945211,14859.142564,10554.72272,21228.206137,13884.087952,8714.118826,14799.687674,17513.253833
2008,840,19508.651719,14656.996119,10198.013232,20588.42293,14597.54138,8959.054628,15132.635625,17534.658314
2008,900,19587.136801,14626.079649,10509.53943,20200.750092,15027.994691,9413.257954,15624.92549,17265.913579
2008,960,19817.83582,14466.741109,10426.307121,19018.716283,14911.462903,9422.770094,15627.30371,16578.597082
2008,1020,19049.63445,13227.716416,10752.102653,17515.632108,14959.026878,9605.878992,15418.020685,15237.276696
2008,1080,18612.024583,12428.662682,10086.244586,16243.264878,13983.971049,9192.101039,15170.686908,13731.885377
2008,1140,17475.201436,11379.916763,10357.343273,14899.571914,13598.708362,8859.177803,13931.651316,12521.409581
2008,1200,15836.587281,10794.908004,9613.013113,13275.27939,12697.391172,8794.971338,13434.615558,10985.154286
2008,1260,14932.866688,9717.646967,9396.611714,11603.457824,11660.532238,8300.345484,12335.91589,9876.976052
2008,1320,13011.305242,8545.28002,8961.432649,10530.942038,10797.28608,8309.857491,11627.238825,8911.49422
2008,1380,12324.025283,8355.039539,8454.915735,9636.793522,9808.012677,7724.871175,10371.611651,7941.268053
2008,1440,10488.136828,7537.010623,8017.363798,8804.483403,9346.673012,7425.245693,9582.098592,6975.809575
2008,1500,9636.793522,7127.9993,7401.465941,7938.890063,8464.42776,7061.41626,8792.593322,6906.8487
2008,1560,8485.829821,6723.745978,7063.794225,7139.889135,7779.564836,6754.659395,7979.315917,5884.332366
2008,1620,7896.086239,6255.29027,6569.179071,6776.060999,7177.936617,6935.384227,7624.99589,5984.205479
2008,1680,6859.289511,6072.189039,6290.95939,6129.259508,6980.565499,6164.928571,6742.769618,5774.947672
2008,1740,6821.242181,5965.18202,6226.754986,6407.478626,6576.312922,6231.510866,6438.391921,5546.667051
2008,1800,6433.636029,5905.733737,6143.527131,5922.379252,6329.006469,5958.048223,6098.346332,5465.817821
2008,1860,6091.212524,5565.690412,5620.382597,5791.593159,5955.670291,5755.924262,5556.178731,5052.061275
2008,1920,5708.365757,5163.82289,5216.136891,5080.59614,5425.393237,5187.601977,5239.915993,4940.299816
2008,1980,5361.189527,4764.335282,5313.631257,5014.014803,5375.457014,5427.771153,5049.68337,4757.201593
2008,2040,5063.950801,5209.003161,5121.020551,5216.136891,5159.067073,5209.003161,4992.613671,4838.050107
2008,2100,4961.700934,5042.549655,5161.444981,5071.084517,5168.578707,5180.46825,5154.311257,5078.218235
2008,2160,5140.04381,5035.415941,5413.503657,5144.799625,5399.236164,5392.102418,5104.375203,5018.770611
2008,2220,5487.21908,5496.730753,5282.718396,5123.398458,5201.869433,5335.032475,5042.549655,5230.404351
2008,2280,5285.096308,5161.444981,5470.573656,4997.369478,5206.625252,5396.858248,5306.497519,5330.276648
2008,2340,5175.712432,5280.340484,5161.444981,5092.485671,5239.915993,5277.962572,5149.555441,5311.253344
2008,2400,5147.177533,5109.131016,5285.096308,5237.538083,5513.376182,5042.549655,5254.183458,5289.852132
2008,2460,5151.933349,5325.520822,5365.945356,5375.457014,5273.206749,5247.049726,5430.149069,5449.172402
2008,2520,5258.939281,5373.079099,5413.503657,5389.724503,5515.754101,5232.782262,5244.671815,5496.730753
2008,2580,5268.450926,5406.36991,5228.026441,5327.898735,5342.166215,5503.864508,5482.463244,5515.754101
2008,2640,6592.958576,6585.824723,6590.580625,6274.313799,6383.699176,6333.762355,6298.093216,6150.660944
2008,2700,5760.680114,5522.887858,5656.051434,5736.900857,5496.730753,5606.115067,5522.887858,5658.429357
2008,2760,5634.65013,5358.811613,5339.788302,5258.939281,5384.968673,5482.463244,5546.667051,5401.614079
2008,2820,5154.311257,5130.53218,5256.561369,5261.317192,5118.642644,5244.671815,5194.735704,5403.991994
2008,2880,5268.450926,5294.607956,5263.695103,5301.741693,5239.915993,5365.945356,5522.887858,5327.898735
2008,2940,5135.287994,5178.090341,5063.950801,5109.131016,5173.334524,5175.712432,5220.892711,5016.392707
2011,0,5722.633305,5194.735704,5132.910087,4964.078837,5044.92756,4954.567228,4897.497597,4714.399472
2011,60,4564.592226,4738.178425,4495.63343,4502.767096,4438.564126,4436.18624,4619.283728,4628.795297
2011,120,4471.854549,4391.006404,4597.882701,4678.731054,4588.371136,4688.242631,4526.545987,4621.66162
2011,180,4331.559292,4488.499765,4436.18624,4379.116978,4253.08917,4352.960247,4507.522874,4436.18624
2011,240,4369.605439,4607.394268,4424.296807,5130.53218,4483.743989,4502.767096,4842.805905,4605.016376
2011,300,4474.232436,5204.247342,5228.026441,8000.717848,5782.081452,5365.945356,6626.249894,6088.834588
2011,360,5558.556651,5734.522931,6264.802034,13398.943254,7874.684336,6747.525529,9330.026785,9275.332064
2011,420,6000.85101,7311.102948,8371.685563,20029.5087,12702.147437,9356.185144,14630.836029,14725.963672
2011,480,7223.118026,8783.081257,9574.964473,27000.756507,18212.469837,11420.344356,19432.545047,18673.860615
2011,540,7893.70825,9976.854148,10557.100789,32407.399851,23811.174733,13655.784199,21936.968226,22303.243712
2011,600,8302.723486,11536.87106,11696.203767,36218.196773,28266.158991,15108.853583,24360.601457,24719.752567
2011,660,9394.23368,13101.674672,13239.607157,37876.259319,31722.332005,16714.157308,25847.164533,26170.644316
2011,720,10238.440227,14326.428328,14333.56287,38214.061066,33727.599218,18043.610991,26277.678356,26206.322313
2011,780,11125.461208,15548.822511,15401.373195,38033.265588,33349.377714,18210.091541,25687.80365,26196.808179
2011,840,10799.664156,15786.644561,15995.928549,35423.671083,32048.214242,18148.255868,24962.358864,24070.427566
2011,900,10469.112298,15311.001168,15824.696155,33320.832767,29916.920876,17841.456503,22419.786264,23416.350931
2011,960,10071.976259,15791.401009,15536.931427,30349.835248,27742.869823,17387.205339,20716.854836,21035.557124
2011,1020,9867.463859,14623.70146,15142.148444,27383.705147,25131.232309,16825.935211,18878.395521,18671.482305
2011,1080,9327.648753,13662.918681,14357.344682,24267.840837,22888.336602,15748.592986,17506.119007,16490.60197
2011,1140,8742.654997,12735.441297,14155.199505,21608.74876,19853.510985,14295.511986,15308.622959,14442.959264
2011,1200,8000.717848,12126.641473,12640.316019,18947.366713,17774.864548,12785.382113,13237.229009,12102.860324
2011,1260,7732.005128,11551.139648,12098.104095,16321.746757,15827.07438,11850.780577,11857.914899,10656.979733
2011,1320,7192.204428,10031.549348,11046.984425,14630.836029,13560.657827,11370.404391,10252.708583,9220.637381
2011,1380,7394.332017,9232.527526,10062.464043,13085.027664,12062.432386,10033.927401,9339.538915,8226.627469
2011,1440,6752.28144,8421.623656,9846.061428,11106.436526,10799.664156,9513.135471,8390.709594,7270.677431
2011,1500,6645.273511,8007.851826,8925.762339,9791.366355,9311.00253,8925.762339,7720.115206,6887.825021
2011,1560,6036.520017,7449.025452,8324.125503,8369.307559,8678.448626,7489.451059,6792.706694,6224.377046
2011,1620,6017.496544,6723.745978,7418.111767,7608.350021,7686.823432,7563.168395,6768.92713,5920.001321
2011,1680,5739.278782,6564.423171,7094.707773,6992.455312,7254.031636,6783.194868,6376.565343,5725.01123
2011,1740,5981.827546,6355.163846,6928.250345,6859.289511,6890.202981,6685.698712,5965.18202,5696.476135
2011,1800,5789.215232,5936.646839,6571.557021,6074.566974,6550.155472,6157.794757,5996.095144,5770.191819
2011,1860,5741.656707,5812.994505,5972.315816,6069.811104,6112.61395,6138.771256,5439.660735,5066.328706
2011,1920,5423.015321,5294.607956,5560.934571,5275.584661,5403.991994,5494.352834,5273.206749,5063.950801
2011,1980,4945.05562,5111.508923,5513.376182,5332.654561,5382.590758,5534.777454,5185.224068,5170.956615
2011,2040,4983.102058,5211.381071,5263.695103,5235.160172,5232.782262,5458.68407,5168.578707,5346.922043
2011,2100,4964.078837,5242.293904,5480.085327,5085.351952,5299.363781,5451.550319,5049.68337,5337.410388
2011,2160,5101.997296,5375.457014,5470.573656,5273.206749,5591.847539,5513.376182,5332.654561,5777.325598
2011,2220,5168.578707,5304.119606,5432.526986,5296.985869,5270.828837,5239.915993,5142.421717,5946.158564
2011,2280,5075.840329,5275.584661,5377.834928,5166.200798,5406.36991,5187.601977,5306.497519,6038.897951
2011,2340,5225.648531,5327.898735,5237.538083,5282.718396,5285.096308,5239.915993,5363.567441,6024.630346
2011,2400,5137.665902,5316.009169,5287.47422,5396.858248,5323.142908,5175.712432,5456.306153,5627.516363
2011,2460,5273.206749,5263.695103,5665.563127,5832.017929,5501.486589,5503.864508,5751.16841,5843.907571
2011,2520,5377.834928,5394.480333,5401.614079,5758.302188,5532.399534,5496.730753,5434.904902,5732.145006
2011,2580,5308.875431,5301.741693,5403.991994,6079.322845,5629.894286,5387.346588,5556.178731,5720.255381
2011,2640,6478.817017,6447.903707,6735.635752,6944.896072,6690.454619,6357.54179,6274.313799,6564.423171
2011,2700,5663.185203,5786.837305,5710.743682,6076.94491,5874.820648,5836.773785,5672.696897,5634.65013
2011,2760,5434.904902,5667.94105,5530.021615,5767.813893,5713.121606,5782.081452,5508.620345,5482.463244
2011,2820,5608.492989,5318.387082,5306.497519,5384.968673,5572.824173,5375.457014,5285.096308,5472.951574
2011,2880,5506.242426,5406.36991,5339.788302,5698.854059,5777.325598,5518.13202,5375.457014,5822.506216
2011,2940,5323.142908,5275.584661,5159.067073,5558.556651,5591.847539,5396.858248,5320.764995,5515.754101
2001,0,5489.596998,5211.381071,4907.009199,4849.939602,4992.613671,4854.6954,4871.340696,4654.952119
2001,60,4597.882701,4657.330012,4478.988212,4341.070827,4481.3661,4398.140061,4462.342998,4531.301766
2001,120,4505.144985,4562.214336,4547.946994,4543.191214,4452.831449,4690.620525,4681.108948,4566.970117
2001,180,4512.278651,4407.651604,4367.227554,4241.199765,4243.577646,4402.895832,4448.075674,4424.296807
2001,240,4478.988212,4602.638484,4493.255542,4616.905836,4742.934217,4576.48168,4469.476661,4547.946994
2001,300,4490.877653,4949.811423,5075.840329,4983.102058,5451.550319,5121.020551,5023.526419,6022.252412
2001,360,5748.790484,5677.452744,5465.817821,5223.270621,6416.990408,5651.295588,5273.206749,10297.891728
2001,420,6949.651995,6975.809575,6909.226661,5729.767081,10383.501967,6982.943462,6024.630346,17922.318237
2001,480,9299.112373,9070.8217,7646.397726,6243.400567,15096.962564,8048.277715,7037.636616,24477.147005
2001,540,10816.310689,11008.935103,7896.086239,5934.268907,20081.83242,8785.459273,7572.680314,29443.572127
2001,600,12409.63769,12906.667082,8576.194141,6509.73034,23658.953278,9924.537034,8799.72737,32723.769968
2001,660,13208.691234,15413.264259,9634.415481,6963.919765,27067.356139,11746.143935,9898.37849,34802.804701
2001,720,14447.715633,18095.933412,10371.611651,8038.765739,28270.916181,12186.094377,10885.274932,34648.183554
2001,780,15337.161482,18780.884629,11225.340862,8978.078799,28872.702989,13719.994563,12533.300217,34334.184606
2001,840,15111.231786,19558.596762,11472.662447,8944.786503,28677.656966,13655.784199,13272.901241,32383.612675
2001,900,14407.286511,19453.950041,11453.637682,9127.894307,26869.935962,13261.010495,13389.430643,29862.212083
2001,960,13598.708362,19232.765377,10947.104993,9398.989748,24907.653458,13094.54024,13477.422344,26941.292596
2001,1020,12925.692192,18286.197051,11085.033765,9253.929792,22312.757383,12293.109715,13351.380207,24581.800294
2001,1080,11912.611385,17258.778776,10466.734232,9101.736024,20519.450324,11551.139648,12699.769304,21727.668701
2001,1140,10680.760453,15762.862324,9943.561435,8749.789042,17981.775446,10861.494152,12704.525569,19653.730264
2001,1200,9643.927646,14521.439378,9313.380562,8711.740812,15934.094587,10093.37875,11741.387727,16880.635092
2001,1260,8813.99547,13394.186948,9253.929792,8590.462201,14395.395596,9315.758594,11370.404391,14913.841101
2001,1320,8281.321474,11603.457824,8345.527526,7903.220208,12461.956428,8414.48964,10440.575511,12535.678344
2001,1380,7596.460117,10630.82095,7953.158009,7869.928358,11001.800857,8271.80947,9905.512638,11106.436526
2001,1440,6928.250345,9727.159142,7644.019744,7242.141785,9639.171564,7353.906458,9001.85902,10093.37875
2001,1500,6880.691143,9008.993088,7213.606148,7028.12476,8787.837289,7206.472241,8036.387746,8828.263572
2001,1560,6471.683175,8129.129555,6840.265844,6512.108288,7912.732168,6490.706755,7358.662405,7624.99589
2001,1620,5827.262072,7303.969032,6274.313799,6374.187398,7349.150512,6471.683175,7082.817945,7211.228179
2001,1680,5893.844086,7025.746797,6402.722736,5974.693749,6585.824723,6065.055233,6695.210527,6875.935224
2001,1740,5889.088226,6695.210527,6212.487348,5943.780633,6557.289321,6124.503634,6317.116755,6504.974443
2001,1800,5677.452744,6343.274128,6062.677298,5663.185203,5910.489598,5751.16841,6105.480141,5958.048223
2001,1860,5694.098211,5969.937884,5753.546336,5651.295588,6060.299363,5677.452744,5522.887858,5513.376182
2001,1920,5396.858248,5396.858248,5135.287994,4940.299816,5442.038651,5118.642644,5244.671815,5282.718396
2001,1980,4933.166111,4971.212544,5263.695103,5085.351952,5273.206749,5151.933349,5225.648531,5178.090341
2001,2040,4859.451198,5209.003161,5266.073015,5106.753109,5078.218235,5087.729858,5235.160172,5078.218235
2001,2100,4940.299816,5327.898735,5121.020551,5182.846159,5311.253344,5192.357795,4928.410308,5118.642644
2001,2160,5121.020551,5244.671815,5530.021615,5078.218235,5434.904902,5311.253344,5140.04381,5325.520822
2001,2220,5123.398458,5532.399534,5292.230044,5170.956615,5187.601977,5118.642644,5106.753109,5427.771153
2001,2280,5101.997296,5335.032475,5282.718396,5218.514801,5199.491523,5166.200798,4985.479961,5560.934571
2001,2340,5144.799625,5446.794485,5235.160172,5125.776365,5192.357795,5199.491523,5159.067073,5720.255381
2001,2400,5097.241483,5254.183458,5320.764995,5261.317192,5306.497519,5068.706612,5294.607956,5705.987832
2001,2460,5496.730753,5299.363781,5708.365757,5384.968673,5401.614079,5225.648531,5237.538083,5936.646839
2001,2520,5220.892711,5365.945356,5199.491523,5522.887858,5480.085327,5323.142908,5342.166215,5881.954437
2001,2580,5275.584661,5277.962572,5332.654561,5225.648531,5456.306153,5442.038651,5382.590758,5934.268907
2001,2640,6692.832573,6457.415493,6566.801121,6340.896185,6474.061123,6276.69174,6029.386214,6659.541226
2001,2700,5472.951574,5698.854059,5632.272208,5641.783897,5720.255381,5789.215232,5568.068332,5860.553072
2001,2760,5539.533293,5499.108671,5568.068332,5287.47422,5639.405975,5634.65013,5204.247342,5843.907571
2001,2820,5437.282818,5282.718396,5323.142908,5199.491523,5277.962572,5327.898735,5159.067073,5568.068332
2001,2880,5225.648531,5294.607956,5330.276648,5239.915993,5399.236164,5691.720287,5235.160172,5829.64
2001,2940,5068.706612,5335.032475,5082.974046,5201.869433,5553.800811,5375.457014,5123.398458,5332.654561
2009,0,5805.860723,4959.323032,5035.415941,4857.073299,5082.974046,4811.893226,4845.183804,4700.132103
2009,60,4662.085799,4657.330012,4376.739093,4450.453561,4519.412319,4631.17319,4759.579489,4469.476661
2009,120,4459.965111,4590.749027,4452.831449,4566.970117,4645.440546,4631.17319,4752.445801,4747.690009
2009,180,4438.564126,4393.38429,4343.448711,4286.379515,4260.222814,4229.310361,4462.342998,4329.181408
2009,240,4509.900762,4659.707905,4621.66162,4645.440546,4652.574225,4571.725898,4445.697787,4626.417405
2009,300,4298.268928,4885.608095,5059.19499,4838.050107,4947.433521,5116.264737,4961.700934,5078.218235
2009,360,5030.660132,5082.974046,5047.305465,5056.817085,4959.323032,5087.729858,4987.857865,5075.840329
2009,420,5030.660132,5458.68407,5449.172402,5601.359224,5644.16182,5558.556651,5503.864508,5494.352834
2009,480,5675.07482,5142.421717,5584.713776,5327.898735,5268.450926,5380.212843,5285.096308,5408.747826
2009,540,5537.155373,4921.276605,4809.515328,5021.148515,4952.189325,4971.212544,4688.242631,4873.718596
2009,600,5149.555441,4723.911052,4445.697787,4621.66162,4745.312113,4788.114251,4828.538513,4769.091075
2009,660,5080.59614,4899.875497,4935.544013,4921.276605,4769.091075,4945.05562,4935.544013,4928.410308
2009,720,5494.352834,5228.026441,5232.782262,5332.654561,5151.933349,5175.712432,5135.287994,5130.53218
2009,780,5955.670291,5558.556651,5484.841162,5620.382597,5399.236164,5639.405975,5675.07482,5434.904902
2009,840,5824.884144,5601.359224,5644.16182,5268.450926,5434.904902,5570.446252,5415.881573,5396.858248
2009,900,5658.429357,5675.07482,5439.660735,5615.626754,5658.429357,5667.94105,5491.974916,5394.480333
2009,960,5843.907571,5874.820648,5537.155373,5401.614079,5432.526986,5644.16182,5510.998263,5285.096308
2009,1020,5881.954437,5812.994505,5477.707409,5346.922043,5691.720287,5632.272208,5729.767081,5546.667051
2009,1080,5672.696897,5625.138441,5420.637405,5506.242426,5301.741693,5701.231984,5575.202093,5358.811613
2009,1140,5651.295588,5774.947672,5437.282818,5418.259489,5306.497519,5549.044971,5506.242426,5434.904902
2009,1200,5556.178731,5634.65013,5401.614079,5439.660735,5342.166215,5439.660735,5772.569745,5380.212843
2009,1260,5598.981303,5874.820648,5596.603382,5900.977877,5551.422891,5734.522931,5541.911212,5382.590758
2009,1320,5515.754101,5734.522931,5544.289132,5793.971086,5501.486589,5653.673511,5656.051434,5470.573656
2009,1380,5708.365757,5924.757183,5506.242426,5468.195739,5696.476135,5618.004675,5710.743682,5401.614079
2009,1440,5601.359224,5553.800811,5646.539743,5453.928236,5515.754101,5565.690412,5622.760519,5610.87091
2009,1500,5777.325598,5877.198577,5598.981303,5648.917665,5556.178731,5744.034633,5939.02477,5641.783897
2009,1560,5411.125741,5463.439904,5434.904902,5318.387082,5477.707409,5330.276648,5061.572896,5218.514801
2009,1620,5204.247342,5270.828837,5432.526986,5344.544129,5463.439904,5377.834928,5377.834928,5118.642644
2009,1680,5094.863577,5430.149069,5189.979886,5275.584661,5235.160172,5330.276648,5387.346588,5470.573656
2009,1740,5292.230044,5365.945356,5358.811613,5425.393237,5603.737146,5475.329491,5370.701184,5546.667051
2009,1800,5484.841162,5556.178731,5037.793846,5258.939281,5258.939281,5261.317192,5537.155373,5085.351952
2009,1860,5468.195739,5094.863577,5140.04381,5316.009169,4952.189325,5106.753109,5099.61939,5109.131016
2009,1920,5018.770611,4814.271124,4895.119696,4750.067905,4728.666843,4864.206997,5082.974046,4792.870045
2009,1980,4685.864737,4690.620525,4911.765,4719.155262,4947.433521,4838.050107,4926.032407,4885.608095
2009,2040,4726.288948,4902.253398,4740.556321,4840.428006,4712.021577,4926.032407,4940.299816,4752.445801
2009,2100,4578.859571,5028.282228,4933.166111,5037.793846,4945.05562,4921.276605,5028.282228,4797.62584
2009,2160,4990.235768,5028.282228,5159.067073,5004.503188,5049.68337,5180.46825,5173.334524,4952.189325
2009,2220,5049.68337,5411.125741,5044.92756,4994.991574,4971.212544,5118.642644,5066.328706,4983.102058
2009,2280,5042.549655,5080.59614,5247.049726,5132.910087,5047.305465,5220.892711,5225.648531,5142.421717
2009,2340,5099.61939,5149.555441,5054.43918,5170.956615,5244.671815,5178.090341,5071.084517,5059.19499
2009,2400,4814.271124,5037.793846,5156.689165,5308.875431,5273.206749,5132.910087,5113.88683,5078.218235
2009,2460,5289.852132,5277.962572,5377.834928,5318.387082,5037.793846,5140.04381,5249.427636,5287.47422
2009,2520,5261.317192,5130.53218,5099.61939,5266.073015,5116.264737,5323.142908,5456.306153,5242.293904
2009,2580,5280.340484,5282.718396,5137.665902,5237.538083,5337.410388,5363.567441,5339.788302,5254.183458
2009,2640,6428.880137,6523.998031,6509.73034,6457.415493,6267.179975,6217.243227,6110.236014,6053.165558
2009,2700,5446.794485,5513.376182,5546.667051,5399.236164,5330.276648,5670.318973,5468.195739,5537.155373
2009,2760,5451.550319,5337.410388,5549.044971,5339.788302,5296.985869,5180.46825,5344.544129,5235.160172
2009,2820,5206.625252,5140.04381,5161.444981,5189.979886,5128.154272,5185.224068,5063.950801,5170.956615
2009,2880,5282.718396,5166.200798,5287.47422,5132.910087,5256.561369,5211.381071,5266.073015,5520.509939
2009,2940,5306.497519,5099.61939,5037.793846,5201.869433,5063.950801,5025.904324,5261.317192,5078.218235
1410,0,5308.875431,4987.857865,5082.974046,5028.282228,4828.538513,4930.78821,4800.003738,4766.713179
1410,60,4624.039512,4685.864737,4498.011319,4433.808353,4595.50481,4626.417405,4593.126918,4540.813324
1410,120,4633.551082,4645.440546,4590.749027,4498.011319,4483.743989,4633.551082,4595.50481,4483.743989
1410,180,4616.905836,4421.91892,4272.112223,4398.140061,4300.64681,4481.3661,4574.103789,4445.697787
1410,240,4488.499765,4452.831449,4566.970117,4488.499765,4533.679655,4562.214336,4569.348008,4517.03443
1410,300,4436.18624,5016.392707,5170.956615,5066.328706,5180.46825,4928.410308,5011.636899,5189.979886
1410,360,4826.160615,5054.43918,5075.840329,5094.863577,4992.613671,5161.444981,5130.53218,5075.840329
1410,420,5166.200798,5603.737146,5461.061987,5427.771153,5675.07482,5496.730753,5311.253344,5463.439904
1410,480,5506.242426,5387.346588,5387.346588,5472.951574,5294.607956,5373.079099,5387.346588,5289.852132
1410,540,5199.491523,4904.631298,4859.451198,4759.579489,4792.870045,4871.340696,4645.440546,4868.962796
1410,600,4878.474395,4597.882701,4638.306868,4400.517946,4574.103789,4868.962796,4621.66162,4716.777367
1410,660,4505.144985,4899.875497,5004.503188,4638.306868,4702.509997,4800.003738,4959.323032,4838.050107
1410,720,4930.78821,5097.241483,5270.828837,5228.026441,5101.997296,4999.747381,5166.200798,4866.584897
1410,780,5296.985869,5579.957935,5461.061987,5382.590758,5423.015321,5337.410388,5394.480333,5192.357795
1410,840,5130.53218,5342.166215,5525.265777,5044.92756,5339.788302,5223.270621,5256.561369,5059.19499
1410,900,5016.392707,5223.270621,5225.648531,5418.259489,5149.555441,5209.003161,5239.915993,5075.840329
1410,960,5061.572896,5270.828837,5522.887858,5275.584661,5387.346588,5249.427636,5256.561369,5213.758981
1410,1020,5168.578707,5275.584661,5354.055785,5237.538083,5192.357795,5235.160172,5401.614079,5213.758981
1410,1080,5280.340484,5121.020551,5154.311257,5170.956615,5235.160172,5299.363781,5346.922043,5109.131016
1410,1140,5094.863577,5494.352834,5318.387082,5173.334524,5109.131016,5099.61939,5501.486589,5323.142908
1410,1200,5166.200798,5142.421717,5113.88683,5244.671815,5211.381071,5078.218235,5323.142908,5037.793846
1410,1260,5078.218235,5159.067073,5477.707409,5382.590758,5327.898735,5475.329491,5358.811613,5225.648531
1410,1320,5113.88683,5432.526986,5468.195739,5520.509939,5318.387082,5406.36991,5596.603382,5432.526986
1410,1380,5684.586515,5434.904902,5508.620345,5442.038651,5394.480333,5392.102418,5532.399534,5289.852132
1410,1440,5216.136891,5201.869433,5399.236164,5232.782262,5418.259489,5510.998263,5553.800811,5532.399534
1410,1500,5587.091697,5684.586515,5589.469618,5603.737146,5449.172402,5603.737146,5653.673511,5525.265777
1410,1560,5275.584661,5251.805547,5461.061987,5247.049726,5327.898735,5123.398458,5068.706612,5073.462423
1410,1620,5066.328706,5168.578707,5335.032475,5361.189527,5396.858248,5237.538083,5361.189527,5218.514801
1410,1680,5230.404351,5494.352834,5216.136891,5161.444981,5294.607956,5170.956615,5289.852132,5427.771153
1410,1740,5075.840329,5204.247342,5387.346588,5373.079099,5725.01123,5294.607956,5518.13202,5249.427636
1410,1800,5242.293904,5591.847539,5225.648531,5206.625252,5135.287994,5266.073015,5304.119606,5204.247342
1410,1860,5244.671815,5113.88683,4999.747381,5351.677871,5068.706612,4935.544013,5023.526419,4911.765
1410,1920,5009.258996,4859.451198,4823.782717,4659.707905,4685.864737,4778.602663,4842.805905,4819.02692
1410,1980,4754.823697,4602.638484,4849.939602,4780.980559,4895.119696,4942.677718,4809.515328,4754.823697
1410,2040,4807.137431,4759.579489,4840.428006,4852.317501,4852.317501,4747.690009,4821.404818,4731.044738
1410,2100,4740.556321,4854.6954,4795.247943,4880.852295,4940.299816,4983.102058,4885.608095,4833.29431
1410,2160,4871.340696,5066.328706,4947.433521,5189.979886,5211.381071,5094.863577,5175.712432,5059.19499
1410,2220,5068.706612,5285.096308,5030.660132,4940.299816,4952.189325,4926.032407,4992.613671,5185.224068
1410,2280,5101.997296,5068.706612,5220.892711,5213.758981,5130.53218,5325.520822,5023.526419,5147.177533
1410,2340,4980.724155,5047.305465,5090.107764,5071.084517,5232.782262,5056.817085,5116.264737,5149.555441
1410,2400,5116.264737,5082.974046,4961.700934,5337.410388,5356.433699,5111.508923,5037.793846,5137.665902
1410,2460,5204.247342,5178.090341,5311.253344,5242.293904,5151.933349,5197.113614,5287.47422,5318.387082
1410,2520,5078.218235,5159.067073,5132.910087,5439.660735,5282.718396,5299.363781,5242.293904,5358.811613
1410,2580,5125.776365,5209.003161,5306.497519,4999.747381,5216.136891,5247.049726,5228.026441,5451.550319
1410,2640,6395.5889,6519.242134,6635.761702,6521.620083,6383.699176,6288.581449,6176.818263,6129.259508
1410,2700,5368.32327,5446.794485,5570.446252,5610.87091,5544.289132,5627.516363,5518.13202,5413.503657
1410,2760,5484.841162,5235.160172,5346.922043,5273.206749,5530.021615,5418.259489,5377.834928,5349.299957
1410,2820,5249.427636,5296.985869,5218.514801,5285.096308,5228.026441,5228.026441,4985.479961,5151.933349
1410,2880,5270.828837,5356.433699,5370.701184,5304.119606,5472.951574,5308.875431,5230.404351,5354.055785
1410,2940,5149.555441,5014.014803,4902.253398,5170.956615,5047.305465,5175.712432,5235.160172,5023.526419
