Name,Time,A1,A2,A3,A4,A5,A6,A7,A8,A9,A10,A11,A12
Pa,0,6079.322845,5316.009169,4997.369478,4795.247943,4735.80053,5002.125285,4883.230195,4597.882701,4892.741796,4937.921914,4930.78821,4971.212544
Pa,60,4752.445801,4576.48168,4847.561703,4816.649022,4975.96835,4802.381635,4780.980559,4716.777367,4771.468972,5052.061275,4833.29431,4771.468972
Pa,120,4728.666843,4626.417405,4673.975267,4690.620525,4652.574225,4821.404818,4880.852295,4845.183804,4707.265787,4871.340696,4873.718596,4895.119696
Pa,180,4800.003738,4678.731054,4657.330012,4690.620525,4662.085799,4842.805905,4788.114251,4700.132103,5042.549655,4947.433521,4999.747381,5104.375203
Pa,240,4778.602663,4845.183804,5028.282228,4676.353161,4835.672209,4902.253398,4897.497597,4757.201593,4638.306868,5063.950801,4949.811423,5040.17175
Pa,300,4719.155262,4835.672209,4911.765,4769.091075,4745.312113,5016.392707,4745.312113,5033.038037,5023.526419,5113.88683,5071.084517,4892.741796
Pa,360,4907.009199,5275.584661,4947.433521,4800.003738,4983.102058,4795.247943,4937.921914,4918.898703,4968.834642,4978.346253,5434.904902,5090.107764
Pa,420,5494.352834,5601.359224,5125.776365,4864.206997,5101.997296,5403.991994,5487.21908,4983.102058,5023.526419,5173.334524,5622.760519,5277.962572
Pa,480,5725.01123,5996.095144,5380.212843,5220.892711,5477.707409,5948.536496,6046.031754,5363.567441,5030.660132,5377.834928,6167.306509,5487.21908
Pa,540,6088.834588,7063.794225,5446.794485,5453.928236,5851.041357,6169.684448,6079.322845,5335.032475,5361.189527,5285.096308,6502.596495,5461.061987
Pa,600,6757.037351,7962.669974,5934.268907,5656.051434,5900.977877,6569.179071,6407.478626,5380.212843,5513.376182,5705.987832,6975.809575,5506.242426
Pa,660,6925.872384,8390.709594,5729.767081,5708.365757,6481.194965,6485.95086,6578.690872,5558.556651,5522.887858,5767.813893,7781.942822,5782.081452
Pa,720,7479.93915,8980.456821,5682.208591,5748.790484,6343.274128,6887.825021,6897.33686,5563.312491,5584.713776,5698.854059,7603.594059,5893.844086
Pa,780,8100.593602,8818.751504,6221.999106,5943.780633,6847.399719,6833.13197,7049.526437,5853.419285,5744.034633,5881.954437,7591.704156,5905.733737
Pa,840,7879.440314,9196.857095,6219.621167,6167.306509,6778.438955,6971.05365,7215.984118,5767.813893,5905.733737,5974.693749,7772.430878,5908.111668
Pa,900,7862.794392,8980.456821,6338.518242,6457.415493,6657.163274,6747.525529,6730.879842,5689.342363,5950.914428,6110.236014,6982.943462,5760.680114
Pa,960,7774.808864,8730.764925,6191.085895,6124.503634,6768.92713,6650.029416,6704.722343,5594.22546,5953.29236,5962.804087,7177.936617,5939.02477
Pa,1020,7579.814254,8357.417542,5839.151714,5920.001321,6557.289321,6469.305228,6495.462651,5824.884144,5960.426155,6024.630346,6516.864185,5796.349013
Pa,1080,7639.26378,7701.091334,5758.302188,5670.318973,6371.809454,6150.660944,6395.5889,5465.817821,5556.178731,5689.342363,6364.675622,5582.335855
Pa,1140,7082.817945,7356.284432,5981.827546,5839.151714,6314.738812,6103.102204,6376.565343,5732.145006,5765.435966,5553.800811,6359.919734,5717.877456
Pa,1200,6978.187537,6999.5892,5658.429357,6079.322845,6416.990408,5815.372433,6167.306509,5615.626754,5615.626754,5905.733737,6114.991887,5510.998263
Pa,1260,6516.864185,6635.761702,5401.614079,5470.573656,6019.874478,5763.05804,5993.717211,5434.904902,5465.817821,5439.660735,6162.550633,5591.847539
Pa,1320,6041.275885,6474.061123,5461.061987,5577.580014,5782.081452,5430.149069,5972.315816,5598.981303,5553.800811,5627.516363,5977.071681,5301.741693
Pa,1380,6107.858077,5886.710296,5235.160172,5275.584661,5998.473077,5403.991994,5736.900857,5491.974916,5644.16182,5316.009169,5896.222016,5577.580014
Pa,1440,6003.228943,6119.74776,5373.079099,5477.707409,5755.924262,5387.346588,5506.242426,5430.149069,5810.616578,5484.841162,5772.569745,5537.155373
Pa,1500,5653.673511,5734.522931,5420.637405,5461.061987,5620.382597,5575.202093,5487.21908,5256.561369,5708.365757,5620.382597,5767.813893,5560.934571
Pa,1560,5751.16841,5632.272208,5170.956615,5598.981303,5725.01123,5377.834928,5508.620345,5598.981303,5556.178731,5453.928236,5820.128288,5824.884144
Pa,1620,5822.506216,5767.813893,5520.509939,5002.125285,5446.794485,5289.852132,5294.607956,5175.712432,5204.247342,5311.253344,5568.068332,5501.486589
Pa,1680,5335.032475,5394.480333,5292.230044,5282.718396,5415.881573,5163.82289,5299.363781,5294.607956,5225.648531,5413.503657,5603.737146,5389.724503
Pa,1740,5163.82289,5268.450926,5187.601977,5159.067073,5656.051434,5225.648531,5332.654561,5256.561369,5377.834928,5629.894286,5765.435966,5596.603382
Pa,1800,5147.177533,5282.718396,5192.357795,5258.939281,5427.771153,5197.113614,5342.166215,5463.439904,5280.340484,5363.567441,5501.486589,5458.68407
Pa,1860,5339.788302,5282.718396,5113.88683,5251.805547,5420.637405,4987.857865,5018.770611,5118.642644,5292.230044,5387.346588,5579.957935,5434.904902
Pa,1920,5168.578707,5339.788302,5161.444981,5111.508923,5335.032475,5118.642644,5289.852132,5230.404351,5351.677871,5192.357795,5556.178731,5399.236164
Pa,1980,5163.82289,4999.747381,5021.148515,5049.68337,5201.869433,5087.729858,5225.648531,5242.293904,5406.36991,5280.340484,5408.747826,5403.991994
Pa,2040,5216.136891,5197.113614,5130.53218,5197.113614,5287.47422,5037.793846,5061.572896,5097.241483,5149.555441,5185.224068,5399.236164,5527.643696
Pa,2100,5130.53218,5023.526419,5151.933349,5135.287994,5130.53218,5323.142908,5071.084517,5182.846159,5228.026441,5375.457014,5613.248832,5399.236164
Pa,2160,5118.642644,5068.706612,4978.346253,4978.346253,5377.834928,5040.17175,5023.526419,5289.852132,5180.46825,5175.712432,5413.503657,5411.125741
Pa,2220,5270.828837,5042.549655,5094.863577,4852.317501,5035.415941,5094.863577,5085.351952,5154.311257,5213.758981,5463.439904,5301.741693,5346.922043
Pa,2280,4911.765,4954.567228,5097.241483,5090.107764,5135.287994,5185.224068,5075.840329,5163.82289,5216.136891,5209.003161,5289.852132,5159.067073
Pa,2340,4914.142901,4978.346253,5002.125285,5014.014803,5180.46825,5037.793846,5054.43918,4975.96835,5033.038037,5066.328706,5392.102418,5068.706612
Pa,2400,5125.776365,5018.770611,5104.375203,4880.852295,5030.660132,4985.479961,5216.136891,5220.892711,5330.276648,5204.247342,5270.828837,5403.991994
Pa,2460,4911.765,5071.084517,4897.497597,5016.392707,5121.020551,5166.200798,5018.770611,5218.514801,5178.090341,4947.433521,5187.601977,5294.607956
Pa,2520,5087.729858,4873.718596,4899.875497,4909.3871,5061.572896,5071.084517,4909.3871,4892.741796,5137.665902,5339.788302,5337.410388,5194.735704
Pa,2580,4987.857865,4890.363896,5078.218235,5123.398458,5121.020551,5014.014803,4897.497597,4964.078837,5159.067073,5432.526986,5370.701184,5244.671815
Pa,2640,4956.94513,5168.578707,5033.038037,5180.46825,5142.421717,5180.46825,5080.59614,5154.311257,5056.817085,5175.712432,5415.881573,5254.183458
Pa,2700,4890.363896,5002.125285,5023.526419,5004.503188,5156.689165,5066.328706,4980.724155,4883.230195,5201.869433,5220.892711,5316.009169,5249.427636
Pa,2760,5118.642644,5199.491523,5370.701184,5318.387082,5149.555441,5187.601977,5220.892711,5332.654561,5456.306153,5370.701184,5368.32327,5292.230044
Pa,2820,5054.43918,5251.805547,5232.782262,5097.241483,5016.392707,5311.253344,5216.136891,5149.555441,5323.142908,5453.928236,5675.07482,5472.951574
Pa,2880,5028.282228,5175.712432,5216.136891,5223.270621,5121.020551,5180.46825,5154.311257,5044.92756,5192.357795,5244.671815,5268.450926,5434.904902
Pa,2940,5354.055785,5128.154272,5337.410388,5206.625252,5237.538083,5342.166215,5168.578707,5461.061987,5354.055785,5308.875431,5446.794485,5394.480333
Pa20,0,6157.794757,5375.457014,5111.508923,4861.829098,4861.829098,4866.584897,4697.754208,4840.428006,4657.330012,4795.247943,4899.875497,4980.724155
Pa20,60,4659.707905,4640.68476,4864.206997,4728.666843,4764.335282,4733.422634,4778.602663,4769.091075,4778.602663,4942.677718,4830.916412,4704.887892
Pa20,120,4614.527944,4745.312113,4723.911052,4783.358456,4638.306868,4783.358456,4790.492148,4740.556321,4904.631298,4959.323032,4923.654506,4909.3871
Pa20,180,4643.062653,4876.096495,4690.620525,4823.782717,4802.381635,4728.666843,4712.021577,4733.422634,4909.3871,5035.415941,4928.410308,5009.258996
Pa20,240,4868.962796,4907.009199,4857.073299,4652.574225,4800.003738,4904.631298,4797.62584,4876.096495,4821.404818,5087.729858,5080.59614,4964.078837
Pa20,300,4766.713179,4930.78821,4624.039512,4654.952119,4712.021577,4954.567228,4983.102058,5021.148515,4902.253398,4945.05562,5028.282228,5132.910087
Pa20,360,4716.777367,4895.119696,4788.114251,4776.224766,4714.399472,4666.841586,4681.108948,4764.335282,4845.183804,4880.852295,5308.875431,5166.200798
Pa20,420,4923.654506,4902.253398,4780.980559,4871.340696,4792.870045,4795.247943,4914.142901,4828.538513,4952.189325,4980.724155,5263.695103,5289.852132
Pa20,480,4954.567228,4752.445801,4833.29431,4985.479961,5144.799625,5189.979886,5175.712432,5170.956615,5161.444981,5292.230044,5299.363781,5275.584661
Pa20,540,4997.369478,4987.857865,4937.921914,4973.590447,4992.613671,5123.398458,4916.520802,5025.904324,5006.881092,4985.479961,5251.805547,5197.113614
Pa20,600,4835.672209,5035.415941,4949.811423,5111.508923,4978.346253,5173.334524,4964.078837,5016.392707,5308.875431,5261.317192,5220.892711,5111.508923
Pa20,660,4854.6954,5056.817085,4971.212544,4997.369478,4923.654506,5014.014803,5101.997296,5125.776365,5154.311257,5351.677871,5439.660735,5318.387082
Pa20,720,5071.084517,5151.933349,4847.561703,4885.608095,4830.916412,5059.19499,5173.334524,5125.776365,5140.04381,5244.671815,5356.433699,5423.015321
Pa20,780,5113.88683,5313.631257,5232.782262,5144.799625,5078.218235,5396.858248,5170.956615,5123.398458,5161.444981,5489.596998,5292.230044,5465.817821
Pa20,840,5606.115067,5380.212843,5506.242426,5232.782262,5380.212843,5453.928236,5237.538083,5520.509939,5408.747826,5860.553072,5727.389156,5601.359224
Pa20,900,5725.01123,5472.951574,5587.091697,5544.289132,5420.637405,5266.073015,5287.47422,5147.177533,5135.287994,6084.078717,5644.16182,5361.189527
Pa20,960,5912.867529,5532.399534,5672.696897,5482.463244,5587.091697,5475.329491,5059.19499,5178.090341,5313.631257,6017.496544,6307.604985,5285.096308
Pa20,1020,5934.268907,5715.499531,5691.720287,5851.041357,5625.138441,5625.138441,5342.166215,5491.974916,5249.427636,6778.438955,6421.746299,5427.771153
Pa20,1080,6065.055233,6003.228943,5855.797214,5568.068332,5427.771153,5867.68686,5066.328706,5437.282818,5354.055785,6761.793262,6631.005798,5327.898735
Pa20,1140,5996.095144,5948.536496,6012.740677,5872.442719,5713.121606,5991.339278,5394.480333,5423.015321,5534.777454,6880.691143,6980.565499,5634.65013
Pa20,1200,6053.165558,5637.028053,5881.954437,6238.644687,6105.480141,5843.907571,5558.556651,5786.837305,5361.189527,7085.195911,7075.68405,5753.546336
Pa20,1260,5946.158564,5708.365757,6131.637445,6017.496544,6119.74776,5824.884144,5575.202093,5846.285499,5560.934571,6790.328738,7020.990869,5587.091697
Pa20,1320,5741.656707,5867.68686,5779.703525,6305.227043,5955.670291,5789.215232,5770.191819,5748.790484,5465.817821,6673.808945,7339.638619,5425.393237
Pa20,1380,5967.559952,5810.616578,5701.231984,6224.377046,5984.205479,5739.278782,5560.934571,5746.412559,5565.690412,6088.834588,7082.817945,5487.21908
Pa20,1440,5784.459378,5689.342363,5915.245459,6119.74776,5670.318973,5644.16182,5672.696897,5867.68686,5572.824173,6150.660944,6875.935224,5625.138441
Pa20,1500,5694.098211,5798.726941,5734.522931,6074.566974,5820.128288,5651.295588,5582.335855,5922.379252,5774.947672,6124.503634,6840.265844,5508.620345
Pa20,1560,5691.720287,5691.720287,5853.419285,5746.412559,5915.245459,5805.860723,5651.295588,5943.780633,5701.231984,5701.231984,6397.966845,5634.65013
Pa20,1620,5717.877456,5877.198577,5503.864508,5603.737146,5434.904902,5577.580014,5496.730753,5812.994505,5496.730753,5425.393237,6126.881571,5513.376182
Pa20,1680,5494.352834,5382.590758,5477.707409,5634.65013,5166.200798,5235.160172,5453.928236,5694.098211,5299.363781,5534.777454,5898.599946,5494.352834
Pa20,1740,5415.881573,5489.596998,5565.690412,5382.590758,5325.520822,5434.904902,5380.212843,5527.643696,5598.981303,5579.957935,6012.740677,5558.556651
Pa20,1800,5461.061987,5349.299957,5351.677871,5332.654561,5270.828837,5525.265777,5344.544129,5637.028053,5408.747826,5527.643696,6000.85101,5213.758981
Pa20,1860,5206.625252,5159.067073,5282.718396,5218.514801,5399.236164,5071.084517,5273.206749,5306.497519,5342.166215,5487.21908,5646.539743,5406.36991
Pa20,1920,5282.718396,5280.340484,5313.631257,5161.444981,5304.119606,5218.514801,5006.881092,5247.049726,5311.253344,5373.079099,5572.824173,5280.340484
Pa20,1980,5151.933349,5035.415941,5194.735704,5149.555441,5054.43918,5223.270621,5204.247342,5225.648531,5456.306153,5363.567441,5665.563127,5530.021615
Pa20,2040,5166.200798,5211.381071,5097.241483,5206.625252,5025.904324,5030.660132,5118.642644,5142.421717,5094.863577,5149.555441,5491.974916,5261.317192
Pa20,2100,5087.729858,4997.369478,4997.369478,4923.654506,5030.660132,5280.340484,5140.04381,5090.107764,5389.724503,5375.457014,5482.463244,5242.293904
Pa20,2160,5209.003161,5085.351952,4928.410308,4928.410308,5163.82289,5161.444981,4990.235768,5059.19499,5090.107764,5213.758981,5423.015321,5463.439904
Pa20,2220,5099.61939,5071.084517,5180.46825,5040.17175,4800.003738,5132.910087,5161.444981,5306.497519,5194.735704,5413.503657,5434.904902,5206.625252
Pa20,2280,4999.747381,4954.567228,5192.357795,4840.428006,4990.235768,5213.758981,5085.351952,4930.78821,5135.287994,5149.555441,5249.427636,5156.689165
Pa20,2340,4904.631298,4835.672209,4911.765,5016.392707,4914.142901,5078.218235,5189.979886,4930.78821,4937.921914,5151.933349,5375.457014,5266.073015
Pa20,2400,4971.212544,5002.125285,4983.102058,5092.485671,5056.817085,5204.247342,5097.241483,5168.578707,5209.003161,5244.671815,5263.695103,5154.311257
Pa20,2460,4868.962796,5137.665902,5097.241483,4895.119696,5101.997296,4940.299816,5151.933349,5194.735704,5180.46825,5016.392707,5220.892711,5194.735704
Pa20,2520,5052.061275,4975.96835,5042.549655,4828.538513,5054.43918,4978.346253,5014.014803,5087.729858,5116.264737,5349.299957,5465.817821,5254.183458
Pa20,2580,4928.410308,5028.282228,5132.910087,5163.82289,5109.131016,4987.857865,5132.910087,5054.43918,5249.427636,5470.573656,5306.497519,5273.206749
Pa20,2640,5156.689165,4994.991574,5137.665902,5180.46825,5097.241483,5242.293904,5021.148515,5306.497519,5206.625252,5004.503188,5335.032475,5320.764995
Pa20,2700,5173.334524,4921.276605,4790.492148,5023.526419,5192.357795,5047.305465,5211.381071,5059.19499,5327.898735,5223.270621,5258.939281,5320.764995
Pa20,2760,5130.53218,5159.067073,5475.329491,5368.32327,5318.387082,5168.578707,5080.59614,5242.293904,5277.962572,5356.433699,5365.945356,5235.160172
Pa20,2820,5085.351952,5106.753109,5149.555441,5099.61939,5028.282228,5223.270621,5168.578707,5209.003161,5306.497519,5320.764995,5613.248832,5444.416568
Pa20,2880,4935.544013,5140.04381,5287.47422,5204.247342,5097.241483,5063.950801,5239.915993,5030.660132,5325.520822,5232.782262,5411.125741,5425.393237
Pa20,2940,5223.270621,5140.04381,5142.421717,5071.084517,5106.753109,5247.049726,5218.514801,5368.32327,5178.090341,5365.945356,5572.824173,5510.998263
2009,0,5541.911212,5456.306153,5113.88683,4892.741796,4852.317501,4942.677718,4747.690009,4769.091075,4983.102058,4918.898703,5030.660132,4956.94513
2009,60,4650.196332,4738.178425,4780.980559,4750.067905,4907.009199,4885.608095,4797.62584,4790.492148,4769.091075,4780.980559,5004.503188,4883.230195
2009,120,4692.998419,4564.592226,4659.707905,4752.445801,4778.602663,4742.934217,5006.881092,4766.713179,4776.224766,4876.096495,5059.19499,4916.520802
2009,180,4692.998419,4707.265787,4809.515328,4714.399472,4735.80053,4650.196332,4628.795297,4866.584897,5071.084517,4975.96835,4994.991574,5040.17175
2009,240,4902.253398,4838.050107,4968.834642,4766.713179,4771.468972,4868.962796,4764.335282,4811.893226,4823.782717,4940.299816,5025.904324,5049.68337
2009,300,4859.451198,4916.520802,4761.957386,4552.702775,4666.841586,4935.544013,5033.038037,5006.881092,4990.235768,4923.654506,4959.323032,4997.369478
2009,360,5104.375203,4804.759533,4616.905836,4845.183804,4683.486843,4712.021577,4759.579489,4811.893226,4897.497597,5044.92756,5023.526419,5085.351952
2009,420,5211.381071,4638.306868,4738.178425,4780.980559,4864.206997,5016.392707,4771.468972,4921.276605,5082.974046,5140.04381,5201.869433,5358.811613
2009,480,5178.090341,5011.636899,5035.415941,5025.904324,5216.136891,4999.747381,5144.799625,5025.904324,5242.293904,5254.183458,5194.735704,5380.212843
2009,540,5163.82289,4994.991574,4992.613671,5042.549655,5042.549655,4945.05562,4883.230195,5078.218235,5149.555441,5142.421717,5330.276648,5299.363781
2009,600,5425.393237,4990.235768,4930.78821,5346.922043,5201.869433,4994.991574,4885.608095,5275.584661,5249.427636,5263.695103,5289.852132,5249.427636
2009,660,5380.212843,5090.107764,5235.160172,5244.671815,5192.357795,5368.32327,5187.601977,5458.68407,5289.852132,5625.138441,5579.957935,5430.149069
2009,720,5667.94105,4945.05562,5201.869433,5392.102418,5175.712432,5161.444981,5175.712432,5427.771153,5456.306153,5563.312491,5432.526986,5546.667051
2009,780,5629.894286,5415.881573,5349.299957,5553.800811,4997.369478,5437.282818,5299.363781,5506.242426,5296.985869,5527.643696,5648.917665,5851.041357
2009,840,5744.034633,5225.648531,5320.764995,5579.957935,5256.561369,5646.539743,5537.155373,5748.790484,5560.934571,6148.283006,5682.208591,5860.553072
2009,900,5705.987832,5085.351952,5530.021615,5696.476135,5277.962572,5518.13202,5423.015321,5791.593159,5301.741693,6010.362744,5610.87091,5908.111668
2009,960,5734.522931,5170.956615,5430.149069,5641.783897,5318.387082,5634.65013,5137.665902,5651.295588,5242.293904,5872.442719,5748.790484,5763.05804
2009,1020,5406.36991,5132.910087,5242.293904,5753.546336,5275.584661,5579.957935,5161.444981,5748.790484,5320.764995,5877.198577,5629.894286,5689.342363
2009,1080,5373.079099,5228.026441,5413.503657,5484.841162,5087.729858,5553.800811,5237.538083,5368.32327,5249.427636,5746.412559,5456.306153,5672.696897
2009,1140,5280.340484,5247.049726,5387.346588,5772.569745,5349.299957,5660.80728,5273.206749,5618.004675,5346.922043,5791.593159,5565.690412,5777.325598
2009,1200,5270.828837,5301.741693,5301.741693,5558.556651,5368.32327,5832.017929,5413.503657,5651.295588,5610.87091,5606.115067,5537.155373,5832.017929
2009,1260,5040.17175,5237.538083,5427.771153,5670.318973,5166.200798,5596.603382,5097.241483,5470.573656,5401.614079,5927.135114,5530.021615,5722.633305
2009,1320,5225.648531,5192.357795,5075.840329,5632.272208,5508.620345,5686.964439,5180.46825,5453.928236,5537.155373,5839.151714,5346.922043,5613.248832
2009,1380,5491.974916,5168.578707,5342.166215,5732.145006,5209.003161,5725.01123,5289.852132,5182.846159,5059.19499,5591.847539,5418.259489,5541.911212
2009,1440,5258.939281,5344.544129,5587.091697,5694.098211,5239.915993,5237.538083,5313.631257,5266.073015,5225.648531,5342.166215,5161.444981,5584.713776
2009,1500,5075.840329,5161.444981,5356.433699,5423.015321,5294.607956,5575.202093,5394.480333,5337.410388,5365.945356,5510.998263,5660.80728,5689.342363
2009,1560,5437.282818,5327.898735,5408.747826,5392.102418,5270.828837,5318.387082,5304.119606,5384.968673,5375.457014,5763.05804,5682.208591,5558.556651
2009,1620,5163.82289,5370.701184,5247.049726,5344.544129,5006.881092,5508.620345,5249.427636,5201.869433,5327.898735,5489.596998,5320.764995,5465.817821
2009,1680,5078.218235,5061.572896,5099.61939,5216.136891,4949.811423,5249.427636,5144.799625,5342.166215,5323.142908,5268.450926,5653.673511,5327.898735
2009,1740,5040.17175,5170.956615,5142.421717,5178.090341,5313.631257,5239.915993,5316.009169,5363.567441,5344.544129,5472.951574,5572.824173,5382.590758
2009,1800,5289.852132,5066.328706,5130.53218,5194.735704,5232.782262,5530.021615,5285.096308,5494.352834,5368.32327,5648.917665,5537.155373,5346.922043
2009,1860,5113.88683,5501.486589,4968.834642,5066.328706,4942.677718,5168.578707,5282.718396,5142.421717,5142.421717,5401.614079,5342.166215,5591.847539
2009,1920,5282.718396,5192.357795,5213.758981,5068.706612,5204.247342,5151.933349,5216.136891,5130.53218,5197.113614,5211.381071,5249.427636,5392.102418
2009,1980,4968.834642,5156.689165,5025.904324,5273.206749,5052.061275,5004.503188,5401.614079,5166.200798,5273.206749,5480.085327,5556.178731,5401.614079
2009,2040,5073.462423,5030.660132,5090.107764,5087.729858,5073.462423,5266.073015,5090.107764,5094.863577,5121.020551,5263.695103,5394.480333,5330.276648
2009,2100,4942.677718,5128.154272,4980.724155,4949.811423,5173.334524,5189.979886,5294.607956,5109.131016,5223.270621,5363.567441,5387.346588,5468.195739
2009,2160,4983.102058,5047.305465,5144.799625,5082.974046,5140.04381,5118.642644,4990.235768,5109.131016,5056.817085,5225.648531,5361.189527,5318.387082
2009,2220,5035.415941,5166.200798,5068.706612,5014.014803,4994.991574,4978.346253,5159.067073,5287.47422,5261.317192,5413.503657,5327.898735,5320.764995
2009,2280,5002.125285,5154.311257,5140.04381,5002.125285,5137.665902,4990.235768,5123.398458,5066.328706,5189.979886,5128.154272,5339.788302,5113.88683
2009,2340,4914.142901,4864.206997,4826.160615,4933.166111,4959.323032,4921.276605,4892.741796,4961.700934,4947.433521,5142.421717,5137.665902,5101.997296
2009,2400,4994.991574,4940.299816,5090.107764,5137.665902,4997.369478,5054.43918,5166.200798,5047.305465,5068.706612,5251.805547,5458.68407,5209.003161
2009,2460,4959.323032,4897.497597,4956.94513,4859.451198,5066.328706,5009.258996,4952.189325,4971.212544,5161.444981,5168.578707,5149.555441,5256.561369
2009,2520,4975.96835,4987.857865,5118.642644,4930.78821,5116.264737,4971.212544,4873.718596,4833.29431,5094.863577,5225.648531,5201.869433,5266.073015
2009,2580,4861.829098,5106.753109,5054.43918,5059.19499,4887.985995,4966.456739,4990.235768,4942.677718,5375.457014,5325.520822,5330.276648,5230.404351
2009,2640,5099.61939,4968.834642,5037.793846,5251.805547,5263.695103,5187.601977,4983.102058,5166.200798,5161.444981,5118.642644,5254.183458,5327.898735
2009,2700,5073.462423,4959.323032,4823.782717,5277.962572,5332.654561,5028.282228,5009.258996,4980.724155,5151.933349,5030.660132,5239.915993,5052.061275
2009,2760,5244.671815,5392.102418,5144.799625,5201.869433,5249.427636,5223.270621,5135.287994,5244.671815,5270.828837,5192.357795,5178.090341,5261.317192
2009,2820,5228.026441,5289.852132,5125.776365,4992.613671,5156.689165,5318.387082,5299.363781,5301.741693,5199.491523,5380.212843,5558.556651,5544.289132
2009,2880,5154.311257,5161.444981,5199.491523,5033.038037,4933.166111,5116.264737,5042.549655,5182.846159,5325.520822,5151.933349,5430.149069,5339.788302
2009,2940,5296.985869,5123.398458,4947.433521,5194.735704,5197.113614,5135.287994,5275.584661,5349.299957,5244.671815,5482.463244,5665.563127,5510.998263
1410,0,5927.135114,5085.351952,5092.485671,4842.805905,4828.538513,4895.119696,4814.271124,4911.765,4945.05562,4971.212544,5014.014803,4973.590447
1410,60,4702.509997,4802.381635,4830.916412,4631.17319,4880.852295,4778.602663,4847.561703,4800.003738,4697.754208,4942.677718,4994.991574,4975.96835
1410,120,4733.422634,4459.965111,4624.039512,4628.795297,4914.142901,4809.515328,4921.276605,4712.021577,4892.741796,4876.096495,4956.94513,4868.962796
1410,180,4531.301766,4673.975267,4605.016376,4569.348008,4809.515328,4802.381635,4609.77216,4926.032407,4904.631298,5014.014803,5018.770611,4907.009199
1410,240,4685.864737,4961.700934,4871.340696,4671.597373,4864.206997,4752.445801,4785.736354,4776.224766,4780.980559,5068.706612,5085.351952,5137.665902
1410,300,4809.515328,4628.795297,4792.870045,4631.17319,4809.515328,4975.96835,4942.677718,4747.690009,4776.224766,4923.654506,4918.898703,5213.758981
1410,360,4907.009199,4745.312113,4733.422634,4735.80053,4533.679655,4650.196332,4754.823697,4887.985995,4909.3871,4866.584897,5209.003161,5149.555441
1410,420,4975.96835,4873.718596,4700.132103,4576.48168,4731.044738,5056.817085,4916.520802,4852.317501,5040.17175,4921.276605,5235.160172,5092.485671
1410,480,4942.677718,4987.857865,4952.189325,4942.677718,4952.189325,5137.665902,5213.758981,5151.933349,5251.805547,5201.869433,5239.915993,5235.160172
1410,540,5173.334524,4754.823697,5016.392707,4978.346253,5080.59614,5116.264737,4868.962796,5147.177533,4914.142901,5047.305465,5299.363781,5235.160172
1410,600,4940.299816,4978.346253,4849.939602,5137.665902,5113.88683,4966.456739,5018.770611,5192.357795,5111.508923,5068.706612,5275.584661,5170.956615
1410,660,4997.369478,5054.43918,4966.456739,5035.415941,5028.282228,5049.68337,5078.218235,5232.782262,5216.136891,5299.363781,5323.142908,5339.788302
1410,720,4994.991574,4754.823697,4842.805905,4964.078837,4902.253398,4999.747381,4971.212544,5199.491523,5251.805547,5263.695103,5420.637405,5406.36991
1410,780,4923.654506,5125.776365,5061.572896,5399.236164,5094.863577,5118.642644,5140.04381,5273.206749,5375.457014,5408.747826,5311.253344,5389.724503
1410,840,5087.729858,5099.61939,5415.881573,5275.584661,5004.503188,5301.741693,5325.520822,5204.247342,5439.660735,5629.894286,5608.492989,5434.904902
1410,900,5123.398458,5116.264737,5365.945356,5235.160172,5194.735704,5144.799625,5118.642644,4987.857865,5063.950801,5335.032475,5292.230044,5263.695103
1410,960,5228.026441,5078.218235,5209.003161,5320.764995,5213.758981,5092.485671,5082.974046,5294.607956,5296.985869,5251.805547,5484.841162,5320.764995
1410,1020,5101.997296,4966.456739,5161.444981,5075.840329,4987.857865,5106.753109,5182.846159,5296.985869,5197.113614,5427.771153,5342.166215,5434.904902
1410,1080,5106.753109,5037.793846,5092.485671,4959.323032,5178.090341,5121.020551,5061.572896,5018.770611,5270.828837,5123.398458,5213.758981,5337.410388
1410,1140,5116.264737,5239.915993,5254.183458,5182.846159,5323.142908,5349.299957,5230.404351,5489.596998,5197.113614,5170.956615,5482.463244,5418.259489
1410,1200,5197.113614,5059.19499,5023.526419,5308.875431,5480.085327,5318.387082,5304.119606,5192.357795,5344.544129,5598.981303,5637.028053,5582.335855
1410,1260,4978.346253,5085.351952,5268.450926,5075.840329,5510.998263,5021.148515,5125.776365,5192.357795,5489.596998,5477.707409,5468.195739,5703.609908
1410,1320,5128.154272,5166.200798,5249.427636,5211.381071,5337.410388,5270.828837,5111.508923,5311.253344,5456.306153,5546.667051,5387.346588,5292.230044
1410,1380,5387.346588,5232.782262,5292.230044,5277.962572,5237.538083,5601.359224,5380.212843,5306.497519,5268.450926,5285.096308,5415.881573,5213.758981
1410,1440,5263.695103,5501.486589,5387.346588,5591.847539,5344.544129,5197.113614,5427.771153,5230.404351,5242.293904,5282.718396,5461.061987,5327.898735
1410,1500,5175.712432,5194.735704,5299.363781,5382.590758,5256.561369,5213.758981,5237.538083,5308.875431,5382.590758,5061.572896,5608.492989,5629.894286
1410,1560,5175.712432,5280.340484,5313.631257,5144.799625,5287.47422,5170.956615,5446.794485,5392.102418,5489.596998,5534.777454,5734.522931,5584.713776
1410,1620,5342.166215,5273.206749,4992.613671,5144.799625,5090.107764,5306.497519,5061.572896,5258.939281,5439.660735,5444.416568,5458.68407,5249.427636
1410,1680,5030.660132,5304.119606,5182.846159,5021.148515,5075.840329,5090.107764,5254.183458,5354.055785,5239.915993,5411.125741,5463.439904,5484.841162
1410,1740,5130.53218,5230.404351,5142.421717,5092.485671,5132.910087,5154.311257,5384.968673,5320.764995,5382.590758,5458.68407,5713.121606,5525.265777
1410,1800,5218.514801,5147.177533,5266.073015,5185.224068,5387.346588,5316.009169,5147.177533,5170.956615,5453.928236,5468.195739,5396.858248,5589.469618
1410,1860,4980.724155,5228.026441,5140.04381,5261.317192,5270.828837,5061.572896,5113.88683,5201.869433,5311.253344,5349.299957,5501.486589,5456.306153
1410,1920,5313.631257,5128.154272,5311.253344,5042.549655,5187.601977,5159.067073,5225.648531,5394.480333,5185.224068,5228.026441,5244.671815,5280.340484
1410,1980,5101.997296,5213.758981,5075.840329,4968.834642,5075.840329,5056.817085,5282.718396,5192.357795,5449.172402,5228.026441,5532.399534,5365.945356
1410,2040,4992.613671,5021.148515,4975.96835,5363.567441,5218.514801,5071.084517,5104.375203,5087.729858,5168.578707,5211.381071,5311.253344,5461.061987
1410,2100,4952.189325,5018.770611,5030.660132,5123.398458,5206.625252,5225.648531,5101.997296,5213.758981,5308.875431,5251.805547,5375.457014,5356.433699
1410,2160,5021.148515,5085.351952,5075.840329,4999.747381,5068.706612,5175.712432,5044.92756,4975.96835,5040.17175,5434.904902,5418.259489,5368.32327
1410,2220,4923.654506,5125.776365,5037.793846,5068.706612,4987.857865,4945.05562,5097.241483,5206.625252,5244.671815,5522.887858,5499.108671,5351.677871
1410,2280,4973.590447,4842.805905,5054.43918,5049.68337,5213.758981,5128.154272,5358.811613,5154.311257,5282.718396,5082.974046,5296.985869,5054.43918
1410,2340,4864.206997,4973.590447,4688.242631,4959.323032,5004.503188,4987.857865,5147.177533,5035.415941,5094.863577,5075.840329,5189.979886,5235.160172
1410,2400,4864.206997,5052.061275,5018.770611,5106.753109,5151.933349,5049.68337,5004.503188,5218.514801,5218.514801,5394.480333,5396.858248,5232.782262
1410,2460,4928.410308,4887.985995,4959.323032,4921.276605,5054.43918,4899.875497,5071.084517,5006.881092,5230.404351,5170.956615,5237.538083,5287.47422
1410,2520,5097.241483,5097.241483,5066.328706,5033.038037,4692.998419,5002.125285,5066.328706,4999.747381,5156.689165,5318.387082,5251.805547,5332.654561
1410,2580,5014.014803,5033.038037,4907.009199,4985.479961,5128.154272,4999.747381,5068.706612,4942.677718,5363.567441,5406.36991,5189.979886,5339.788302
1410,2640,4930.78821,5002.125285,5059.19499,5282.718396,5163.82289,5135.287994,5033.038037,5144.799625,5123.398458,5140.04381,5375.457014,5206.625252
1410,2700,4942.677718,5025.904324,4809.515328,4956.94513,5249.427636,5054.43918,4847.561703,4973.590447,5166.200798,5256.561369,5277.962572,5439.660735
1410,2760,5014.014803,5237.538083,5294.607956,5049.68337,5327.898735,5270.828837,5237.538083,5423.015321,5282.718396,5311.253344,5266.073015,5063.950801
1410,2820,4959.323032,5209.003161,5182.846159,5078.218235,5185.224068,5206.625252,5263.695103,5247.049726,5125.776365,5363.567441,5568.068332,5413.503657
1410,2880,5187.601977,5244.671815,5092.485671,5211.381071,5006.881092,5327.898735,5201.869433,5180.46825,5358.811613,5140.04381,5546.667051,5437.282818
1410,2940,5258.939281,5209.003161,5180.46825,5125.776365,5175.712432,5225.648531,5220.892711,5151.933349,5239.915993,5522.887858,5442.038651,5546.667051
1186,0,5577.580014,5042.549655,5021.148515,4852.317501,4631.17319,4971.212544,4859.451198,4859.451198,4873.718596,4807.137431,4918.898703,4973.590447
1186,60,4664.463692,4740.556321,4883.230195,4949.811423,4940.299816,4821.404818,4854.6954,4754.823697,4747.690009,4930.78821,5087.729858,4914.142901
1186,120,4842.805905,4664.463692,4731.044738,4797.62584,4866.584897,4621.66162,4814.271124,4747.690009,4688.242631,5004.503188,4885.608095,4842.805905
1186,180,4647.818439,4902.253398,4585.993244,4840.428006,4809.515328,4731.044738,4657.330012,4942.677718,5049.68337,4990.235768,5037.793846,4992.613671
1186,240,4728.666843,4921.276605,4933.166111,4866.584897,4733.422634,4902.253398,4635.928975,4847.561703,4821.404818,5082.974046,4975.96835,5132.910087
1186,300,4890.363896,4645.440546,4761.957386,4731.044738,4819.02692,4802.381635,4883.230195,4945.05562,4973.590447,4802.381635,4992.613671,5223.270621
1186,360,4883.230195,4752.445801,4747.690009,4842.805905,4707.265787,4780.980559,4849.939602,4771.468972,5002.125285,5059.19499,5173.334524,5137.665902
1186,420,4899.875497,4804.759533,4847.561703,4704.887892,4704.887892,5006.881092,4914.142901,4864.206997,5216.136891,5121.020551,5748.790484,5228.026441
1186,480,4945.05562,5192.357795,5004.503188,5211.381071,5092.485671,5301.741693,5130.53218,5113.88683,5472.951574,5705.987832,6873.557265,5751.16841
1186,540,5078.218235,4859.451198,5116.264737,5313.631257,5025.904324,5458.68407,4904.631298,5149.555441,5625.138441,6298.093216,8673.6926,6129.259508
1186,600,5159.067073,5128.154272,5118.642644,5824.884144,5337.410388,5641.783897,5151.933349,5263.695103,6493.084703,6999.5892,10547.588515,6540.643674
1186,660,5308.875431,5382.590758,5377.834928,5943.780633,5598.981303,5739.278782,4964.078837,5423.015321,7223.118026,7943.646044,12086.213524,6680.942805
1186,720,5613.248832,5420.637405,5629.894286,6502.596495,5822.506216,6295.715274,5161.444981,5332.654561,7810.478661,8906.73818,13498.825746,6978.187537
1186,780,5682.208591,5786.837305,6267.179975,7325.370782,6202.97559,6811.730351,5427.771153,5541.911212,8248.029467,9748.56154,14243.192049,6645.273511
1186,840,6110.236014,5905.733737,6764.171218,8045.899721,6628.627846,6707.100297,5727.389156,5841.529642,8733.142939,10804.420308,15027.994691,7296.835116
1186,900,6519.242134,6117.369823,7415.733792,8664.18055,6904.47074,7311.102948,5779.703525,5727.389156,8968.566713,11467.906255,15106.475379,7372.930248
1186,960,6909.226661,6409.856571,7406.221891,9201.613152,7510.852859,7931.75609,5774.947672,6117.369823,9551.184082,11346.623467,15534.553211,7299.213088
1186,1020,7125.621334,6397.966845,8062.545681,9341.916947,7446.647476,8312.235493,5900.977877,6012.740677,9363.319243,11831.755723,15572.604684,7539.388602
1186,1080,7208.85021,6699.966434,8450.159723,9346.673012,7406.221891,8385.953586,6034.142082,6162.550633,9477.464915,11325.220641,13891.222455,7254.031636
1186,1140,7570.302334,6821.242181,8823.507538,9846.061428,8007.851826,8509.609895,6557.289321,6690.454619,9548.806043,11479.796735,14186.115794,7120.865401
1186,1200,8112.483581,6892.580941,8633.266395,9510.757434,8338.393518,8680.826639,6683.320758,6619.116039,9522.647622,11082.655681,13475.044189,7303.969032
1186,1260,7570.302334,6861.66747,8911.49422,9415.635989,7957.913991,8469.183773,6787.950781,6747.525529,9092.223923,10906.67764,12452.443928,7158.912874
1186,1320,7855.660427,6871.179306,8928.140359,9320.514657,8081.569639,8471.56178,6904.47074,6426.502191,8742.654997,10247.952464,11798.462239,6640.517606
1186,1380,7829.50256,6921.116463,8692.716704,8932.8964,8029.253765,8345.527526,7215.984118,6611.982184,8714.118826,10112.403191,10602.284105,6495.462651
1186,1440,7696.335366,6659.541226,8355.039539,8754.545072,7684.445449,8110.105585,7144.645069,6699.966434,8286.077476,9453.684553,9639.171564,6726.123933
1186,1500,7610.728002,6773.683043,8433.513682,8212.359474,7946.024035,7322.99281,7066.172189,6576.312922,8022.119785,8956.676607,9170.698789,6521.620083
1186,1560,7363.418353,6814.108308,7817.612623,8034.009752,7727.249159,7382.442145,7059.038295,6550.155472,7919.866138,9023.261225,8388.33159,6309.982927
1186,1620,7322.99281,6840.265844,7299.213088,7123.243367,7560.790415,7330.126727,6887.825021,6269.557917,7375.308222,8093.459615,8007.851826,6041.275885
1186,1680,6766.549174,6740.391663,6968.675688,6864.045429,6952.029956,6609.604233,7018.612906,6212.487348,6949.651995,7608.350021,7470.427242,5960.426155
1186,1740,6607.226282,6519.242134,6825.998096,6821.242181,6695.210527,6409.856571,6785.572824,6193.463834,6854.533594,7422.867718,7634.507816,5931.890976
1186,1800,6412.234517,6669.053038,6319.494698,6395.5889,6609.604233,6260.046152,6721.368023,5884.332366,6438.391921,7144.645069,7085.195911,5772.569745
1186,1860,6143.527131,6279.069682,5908.111668,6233.888806,6343.274128,6095.968396,6516.864185,5349.299957,6224.377046,6861.66747,6573.934971,5689.342363
1186,1920,6214.865287,6419.368353,5832.017929,5755.924262,6219.621167,5950.914428,6145.905069,5729.767081,6412.234517,6376.565343,6400.34479,5589.469618
1186,1980,5931.890976,6114.991887,5798.726941,5739.278782,5777.325598,5632.272208,5931.890976,5551.422891,6233.888806,6345.652072,6326.628526,5663.185203
1186,2040,5658.429357,6048.409689,5558.556651,5722.633305,5653.673511,5525.265777,5763.05804,5313.631257,5722.633305,6207.731469,6050.787624,5603.737146
1186,2100,5560.934571,5822.506216,5344.544129,5589.469618,5720.255381,5582.335855,5843.907571,5377.834928,5893.844086,6286.203507,6107.858077,5539.533293
1186,2160,5380.212843,5696.476135,5375.457014,5365.945356,5491.974916,5615.626754,5558.556651,5439.660735,5900.977877,6186.330017,6079.322845,5625.138441
1186,2220,5537.155373,5858.175143,5339.788302,5318.387082,5427.771153,5465.817821,5565.690412,5277.962572,5587.091697,6091.212524,5936.646839,5539.533293
1186,2280,5244.671815,5746.412559,5296.985869,5423.015321,5637.028053,5541.911212,5453.928236,5296.985869,5694.098211,5748.790484,5589.469618,5170.956615
1186,2340,5068.706612,5522.887858,5275.584661,5470.573656,5294.607956,5316.009169,5042.549655,5199.491523,5387.346588,5601.359224,5546.667051,5285.096308
1186,2400,5239.915993,5437.282818,5292.230044,5370.701184,5427.771153,5437.282818,5280.340484,5387.346588,5637.028053,5965.18202,5898.599946,5263.695103
1186,2460,5109.131016,5304.119606,5287.47422,5211.381071,5244.671815,5313.631257,5301.741693,5211.381071,5263.695103,5629.894286,5556.178731,5401.614079
1186,2520,5204.247342,5565.690412,5330.276648,5116.264737,5140.04381,5280.340484,5263.695103,5175.712432,5451.550319,5803.482795,5582.335855,5180.46825
1186,2580,5149.555441,5332.654561,5213.758981,5209.003161,5192.357795,5254.183458,5237.538083,4997.369478,5629.894286,5613.248832,5656.051434,5480.085327
1186,2640,5154.311257,5301.741693,5187.601977,5213.758981,5166.200798,5489.596998,5206.625252,5189.979886,5444.416568,5449.172402,5482.463244,5465.817821
1186,2700,5180.46825,5149.555441,5237.538083,5335.032475,5408.747826,5470.573656,5128.154272,5147.177533,5235.160172,5316.009169,5465.817821,5527.643696
1186,2760,5427.771153,5496.730753,5603.737146,5344.544129,5335.032475,5748.790484,5401.614079,5151.933349,5496.730753,5544.289132,5444.416568,5439.660735
1186,2820,5382.590758,5318.387082,5358.811613,5268.450926,5325.520822,5713.121606,5501.486589,5294.607956,5418.259489,5591.847539,5774.947672,5549.044971
1186,2880,5318.387082,5308.875431,5118.642644,5201.869433,5194.735704,5546.667051,5306.497519,5344.544129,5223.270621,5484.841162,5672.696897,5584.713776
1186,2940,5325.520822,5482.463244,5365.945356,5394.480333,5311.253344,5568.068332,5235.160172,5316.009169,5418.259489,5563.312491,5591.847539,5582.335855
5014,0,5606.115067,5101.997296,4959.323032,4942.677718,4759.579489,4964.078837,4628.795297,4895.119696,4847.561703,4954.567228,5030.660132,4923.654506
5014,60,4890.363896,4597.882701,4804.759533,4830.916412,4828.538513,4792.870045,4757.201593,4766.713179,4745.312113,4937.921914,4914.142901,5147.177533
5014,120,4778.602663,4645.440546,4505.144985,4780.980559,4714.399472,4788.114251,4840.428006,4740.556321,4868.962796,4899.875497,4964.078837,4921.276605
5014,180,4714.399472,4790.492148,4876.096495,4792.870045,4802.381635,4702.509997,4685.864737,4866.584897,4937.921914,4830.916412,5025.904324,5249.427636
5014,240,5128.154272,4942.677718,5066.328706,4709.643682,4780.980559,4776.224766,4890.363896,4842.805905,4754.823697,4978.346253,5004.503188,5097.241483
5014,300,5113.88683,4761.957386,4716.777367,4688.242631,4814.271124,4802.381635,4930.78821,4911.765,5018.770611,4880.852295,4945.05562,4964.078837
5014,360,5018.770611,4830.916412,4766.713179,4735.80053,4673.975267,4788.114251,4871.340696,4966.456739,5116.264737,5002.125285,5140.04381,5066.328706
5014,420,5318.387082,4783.358456,5113.88683,4895.119696,4926.032407,5037.793846,4978.346253,4990.235768,5560.934571,5154.311257,5620.382597,5396.858248
5014,480,5532.399534,5370.701184,5579.957935,5777.325598,5304.119606,5518.13202,5287.47422,5116.264737,6010.362744,5496.730753,6000.85101,5748.790484
5014,540,5522.887858,5332.654561,6062.677298,6381.321232,5491.974916,5846.285499,5384.968673,4983.102058,6031.764148,5853.419285,6628.627846,5960.426155
5014,600,5905.733737,5591.847539,6314.738812,7268.29946,5701.231984,5991.339278,5893.844086,5280.340484,6438.391921,5763.05804,7013.856979,5782.081452
5014,660,5881.954437,5832.017929,6476.43907,6933.006266,5969.937884,6424.124245,5965.18202,5270.828837,6229.132926,6107.858077,6925.872384,5872.442719
5014,720,5751.16841,5993.717211,6543.021624,6590.580625,6193.463834,6269.557917,5986.583412,5468.195739,6110.236014,6523.998031,6723.745978,5572.824173
5014,780,5822.506216,6093.59046,6785.572824,6245.778508,6195.841773,6592.958576,6293.337332,5382.590758,5896.222016,6364.675622,6457.415493,5527.643696
5014,840,5865.308931,6117.369823,6516.864185,6212.487348,6252.91233,6669.053038,6324.250583,5570.446252,5703.609908,6519.242134,6416.990408,5789.215232
5014,900,5910.489598,5798.726941,6252.91233,5874.820648,6062.677298,6433.636029,6183.952078,5258.939281,5525.265777,6397.966845,5805.860723,5510.998263
5014,960,5544.289132,5829.64,6098.346332,5546.667051,5810.616578,6057.921428,5969.937884,5527.643696,5499.108671,6022.252412,5977.071681,5463.439904
5014,1020,5392.102418,5525.265777,6036.520017,5408.747826,5522.887858,5910.489598,5843.907571,5356.433699,5510.998263,5765.435966,5658.429357,5651.295588
5014,1080,5456.306153,5316.009169,5560.934571,5182.846159,5456.306153,5394.480333,5618.004675,5189.979886,5510.998263,5537.155373,5361.189527,5437.282818
5014,1140,5444.416568,5475.329491,5715.499531,5625.138441,5682.208591,5848.663428,5513.376182,5235.160172,5235.160172,5572.824173,5532.399534,5337.410388
5014,1200,5491.974916,5242.293904,5801.104868,5499.108671,5568.068332,5228.026441,5627.516363,5320.764995,5275.584661,5166.200798,5705.987832,5539.533293
5014,1260,5439.660735,5527.643696,5413.503657,5335.032475,5287.47422,5456.306153,5594.22546,5199.491523,5189.979886,5534.777454,5739.278782,5344.544129
5014,1320,5461.061987,5373.079099,5629.894286,5572.824173,5308.875431,5140.04381,5349.299957,4966.456739,5415.881573,5625.138441,5587.091697,5332.654561
5014,1380,4992.613671,5361.189527,5320.764995,5373.079099,5392.102418,5532.399534,5453.928236,5306.497519,5518.13202,5527.643696,5532.399534,5444.416568
5014,1440,5430.149069,5434.904902,5480.085327,5273.206749,5339.788302,5403.991994,5313.631257,5211.381071,5206.625252,5289.852132,5384.968673,5420.637405
5014,1500,5068.706612,5251.805547,5216.136891,5247.049726,5370.701184,5197.113614,5087.729858,5287.47422,5365.945356,5491.974916,5686.964439,5713.121606
5014,1560,5361.189527,5116.264737,5327.898735,5311.253344,5113.88683,5401.614079,5589.469618,5294.607956,5622.760519,5705.987832,5827.262072,5537.155373
5014,1620,5477.707409,5261.317192,5135.287994,5092.485671,5175.712432,5432.526986,5232.782262,5289.852132,5173.334524,5487.21908,5308.875431,5520.509939
5014,1680,5135.287994,5132.910087,5301.741693,5104.375203,5218.514801,5192.357795,5306.497519,5325.520822,5230.404351,5206.625252,5530.021615,5413.503657
5014,1740,5130.53218,5099.61939,5033.038037,5170.956615,5061.572896,5249.427636,5285.096308,5437.282818,5537.155373,5549.044971,5563.312491,5570.446252
5014,1800,5161.444981,5206.625252,5218.514801,5192.357795,5225.648531,5111.508923,5323.142908,5218.514801,5439.660735,5313.631257,5266.073015,5446.794485
5014,1860,5339.788302,5132.910087,5199.491523,5316.009169,5132.910087,5142.421717,5256.561369,4968.834642,5066.328706,5123.398458,5501.486589,5472.951574
5014,1920,5223.270621,5199.491523,5016.392707,5044.92756,5018.770611,5163.82289,5147.177533,5294.607956,5361.189527,5256.561369,5499.108671,5323.142908
5014,1980,5192.357795,5073.462423,4926.032407,5090.107764,5049.68337,5040.17175,5237.538083,5273.206749,5399.236164,5289.852132,5637.028053,5399.236164
5014,2040,5097.241483,5113.88683,5161.444981,5225.648531,5082.974046,5116.264737,5149.555441,4966.456739,5035.415941,5163.82289,5325.520822,5403.991994
5014,2100,5009.258996,5156.689165,4985.479961,5161.444981,5168.578707,5204.247342,5151.933349,5156.689165,5316.009169,5316.009169,5325.520822,5499.108671
5014,2160,4975.96835,4916.520802,5118.642644,4935.544013,4933.166111,5232.782262,4990.235768,5111.508923,5142.421717,5318.387082,5489.596998,5258.939281
5014,2220,5256.561369,5220.892711,4987.857865,4937.921914,5025.904324,5061.572896,5109.131016,5180.46825,5237.538083,5332.654561,5258.939281,5399.236164
5014,2280,4926.032407,4849.939602,5192.357795,5121.020551,5016.392707,5006.881092,5242.293904,5261.317192,5304.119606,5111.508923,5168.578707,5052.061275
5014,2340,4866.584897,5125.776365,4954.567228,5047.305465,4999.747381,5040.17175,5061.572896,4926.032407,4985.479961,5301.741693,5346.922043,5444.416568
5014,2400,5066.328706,5042.549655,5104.375203,5040.17175,5087.729858,5049.68337,5078.218235,5163.82289,5094.863577,5254.183458,5254.183458,5204.247342
5014,2460,4942.677718,5125.776365,5125.776365,5092.485671,5028.282228,5220.892711,5118.642644,5054.43918,5035.415941,5168.578707,5437.282818,5268.450926
5014,2520,5014.014803,4942.677718,4978.346253,5009.258996,4940.299816,4902.253398,4916.520802,5023.526419,5199.491523,5292.230044,5337.410388,5280.340484
5014,2580,4961.700934,4866.584897,4949.811423,5042.549655,4933.166111,5016.392707,5232.782262,4945.05562,5461.061987,5425.393237,5254.183458,5434.904902
5014,2640,5037.793846,5218.514801,5147.177533,5232.782262,5080.59614,5071.084517,5075.840329,5004.503188,5166.200798,5002.125285,5263.695103,5392.102418
5014,2700,4830.916412,5056.817085,5035.415941,5135.287994,5204.247342,5273.206749,4935.544013,4994.991574,4999.747381,5206.625252,5144.799625,5316.009169
5014,2760,5225.648531,5373.079099,5292.230044,5209.003161,5075.840329,5006.881092,5437.282818,5192.357795,5251.805547,5308.875431,5344.544129,5363.567441
5014,2820,5123.398458,5182.846159,5135.287994,5049.68337,5396.858248,5282.718396,5159.067073,5149.555441,5220.892711,5465.817821,5541.911212,5584.713776
5014,2880,5223.270621,5009.258996,5144.799625,5161.444981,5094.863577,5137.665902,5116.264737,5180.46825,4973.590447,5244.671815,5584.713776,5415.881573
5014,2940,5118.642644,5232.782262,5242.293904,5223.270621,5111.508923,5061.572896,5232.782262,5099.61939,5318.387082,5361.189527,5339.788302,5335.032475
1949,0,5629.894286,5073.462423,4828.538513,4845.183804,4788.114251,4766.713179,4795.247943,4628.795297,5054.43918,4992.613671,5049.68337,5047.305465
1949,60,4861.829098,4726.288948,4742.934217,4966.456739,4650.196332,4859.451198,4773.846869,4731.044738,4847.561703,4750.067905,4940.299816,4899.875497
1949,120,4445.697787,4685.864737,4581.237462,4707.265787,4785.736354,4581.237462,4761.957386,4574.103789,4847.561703,4747.690009,4980.724155,4911.765
1949,180,4524.168097,4616.905836,4807.137431,4909.3871,4859.451198,4719.155262,4676.353161,4904.631298,4947.433521,5002.125285,4994.991574,5166.200798
1949,240,4833.29431,4838.050107,4918.898703,4719.155262,4788.114251,4814.271124,4733.422634,4707.265787,4593.126918,4842.805905,5097.241483,4966.456739
1949,300,4866.584897,4654.952119,4842.805905,4845.183804,4738.178425,4840.428006,4897.497597,4935.544013,4985.479961,4776.224766,4975.96835,5035.415941
1949,360,4904.631298,4816.649022,4861.829098,4709.643682,4702.509997,4935.544013,4830.916412,4880.852295,4800.003738,4971.212544,5016.392707,5377.834928
1949,420,4873.718596,4930.78821,4833.29431,4814.271124,5052.061275,5199.491523,4807.137431,5011.636899,5111.508923,5330.276648,5052.061275,6243.400567
1949,480,5059.19499,5415.881573,5154.311257,5501.486589,5651.295588,6072.189039,5254.183458,5189.979886,5399.236164,5477.707409,5235.160172,7660.66562
1949,540,5168.578707,5320.764995,5192.357795,6055.543493,6000.85101,6685.698712,5261.317192,5430.149069,5579.957935,6117.369823,5358.811613,8921.006299
1949,600,5280.340484,5867.68686,5168.578707,6811.730351,6678.564851,7800.966714,5601.359224,5710.743682,5886.710296,6780.816911,5442.038651,9225.393439
1949,660,5263.695103,6257.668211,5558.556651,8000.717848,7256.409607,8916.250259,6217.243227,5870.064789,6119.74776,7900.842218,5613.248832,9137.406412
1949,720,5589.469618,6431.258083,5525.265777,8255.163467,7318.236865,9553.562121,6818.864223,6086.456652,6336.140298,8590.462201,5739.278782,7993.58387
1949,780,5853.419285,7201.716303,6186.330017,8540.524002,8012.607812,10633.199021,7655.909655,6343.274128,6402.722736,9396.611714,5725.01123,7313.48092
1949,840,6141.149194,7139.889135,6305.227043,8783.081257,8300.345484,10775.883401,8014.985805,6386.077121,6395.5889,9377.587443,5727.389156,7070.928119
1949,900,6072.189039,7451.403429,6198.219712,8435.891688,7986.449893,10509.53943,8114.861577,6336.140298,6129.259508,8685.582665,5465.817821,6459.79344
1949,960,5988.961345,7487.073082,6207.731469,8336.015515,8186.20149,10602.284105,7886.574282,6193.463834,6231.510866,8141.019538,5694.098211,6038.897951
1949,1020,5841.529642,7061.41626,6374.187398,7563.168395,7522.742751,10445.331641,7470.427242,6136.393319,6091.212524,7846.148474,5639.405975,5822.506216
1949,1080,5884.332366,6859.289511,5948.536496,7308.724976,7270.677431,9375.209409,7268.29946,5984.205479,6029.386214,7294.457144,5323.142908,5779.703525
1949,1140,5912.867529,6757.037351,6276.69174,7344.394565,7006.723089,8685.582665,6952.029956,6053.165558,5851.041357,6771.305086,5632.272208,5608.492989
1949,1200,5917.62339,6364.675622,6010.362744,6845.02176,6949.651995,8347.905529,6975.809575,5786.837305,5549.044971,6516.864185,5606.115067,6024.630346
1949,1260,5853.419285,6452.6596,5839.151714,6614.360136,6676.186898,7506.096903,6600.092428,5789.215232,5708.365757,6260.046152,5803.482795,5739.278782
1949,1320,5705.987832,5881.954437,5841.529642,6224.377046,6290.95939,7292.079173,6516.864185,5565.690412,5703.609908,6305.227043,5513.376182,5556.178731
1949,1380,5753.546336,6022.252412,5663.185203,6478.817017,6129.259508,6956.785879,6407.478626,5644.16182,5482.463244,6122.125697,5373.079099,5774.947672
1949,1440,5513.376182,5912.867529,5639.405975,6191.085895,6236.266746,6438.391921,6084.078717,5506.242426,5361.189527,6167.306509,5349.299957,5463.439904
1949,1500,5430.149069,5886.710296,5503.864508,5836.773785,5912.867529,6359.919734,5470.573656,5425.393237,5363.567441,5793.971086,5665.563127,5648.917665
1949,1560,5470.573656,5729.767081,5468.195739,5817.750361,5843.907571,6238.644687,5877.198577,5427.771153,5480.085327,5950.914428,5881.954437,5551.422891
1949,1620,5392.102418,5629.894286,5354.055785,5515.754101,5641.783897,6034.142082,5620.382597,5294.607956,5313.631257,5541.911212,5537.155373,5439.660735
1949,1680,4847.561703,5582.335855,5175.712432,5358.811613,5394.480333,5810.616578,5627.516363,5354.055785,5199.491523,5577.580014,5482.463244,5560.934571
1949,1740,5116.264737,5256.561369,5382.590758,5392.102418,5732.145006,5727.389156,5546.667051,5494.352834,5480.085327,5658.429357,5594.22546,5549.044971
1949,1800,5109.131016,5401.614079,5389.724503,5544.289132,5446.794485,5686.964439,5465.817821,5311.253344,5349.299957,5513.376182,5427.771153,5463.439904
1949,1860,5268.450926,5197.113614,5106.753109,5266.073015,5475.329491,5313.631257,5197.113614,5113.88683,5261.317192,5451.550319,5437.282818,5285.096308
1949,1920,5330.276648,5287.47422,5175.712432,5270.828837,5299.363781,5313.631257,5223.270621,5033.038037,5218.514801,5496.730753,5491.974916,5071.084517
1949,1980,5275.584661,5137.665902,4980.724155,4990.235768,4992.613671,5204.247342,5268.450926,5182.846159,5261.317192,5449.172402,5415.881573,5501.486589
1949,2040,5209.003161,5061.572896,5237.538083,5173.334524,5194.735704,5292.230044,5294.607956,4942.677718,5037.793846,5175.712432,5275.584661,5401.614079
1949,2100,5030.660132,5254.183458,4918.898703,4954.567228,5261.317192,5363.567441,5063.950801,5299.363781,5418.259489,5401.614079,5389.724503,5358.811613
1949,2160,5104.375203,5199.491523,5092.485671,4973.590447,5047.305465,5199.491523,5266.073015,4918.898703,5168.578707,5306.497519,5451.550319,5373.079099
1949,2220,5028.282228,5220.892711,5049.68337,5047.305465,5111.508923,5213.758981,5125.776365,5175.712432,5168.578707,5387.346588,5299.363781,5308.875431
1949,2280,5014.014803,5033.038037,5075.840329,4945.05562,5211.381071,5052.061275,5166.200798,5199.491523,5225.648531,5121.020551,5199.491523,5121.020551
1949,2340,5073.462423,4947.433521,5094.863577,4857.073299,5090.107764,5061.572896,5109.131016,5082.974046,5044.92756,5121.020551,5299.363781,5149.555441
1949,2400,4961.700934,5113.88683,4968.834642,5006.881092,5059.19499,4994.991574,5166.200798,5118.642644,5154.311257,5247.049726,5399.236164,5137.665902
1949,2460,4997.369478,5004.503188,4876.096495,5106.753109,5052.061275,5085.351952,5308.875431,5004.503188,4907.009199,5194.735704,5365.945356,5144.799625
1949,2520,4964.078837,5049.68337,5009.258996,4975.96835,5185.224068,5018.770611,5073.462423,5068.706612,5194.735704,5228.026441,5472.951574,5180.46825
1949,2580,4971.212544,5018.770611,5023.526419,4985.479961,4994.991574,5014.014803,5030.660132,5037.793846,5251.805547,5361.189527,5289.852132,5344.544129
1949,2640,4975.96835,5194.735704,5097.241483,5166.200798,5185.224068,5056.817085,5075.840329,5040.17175,5166.200798,5154.311257,5458.68407,5149.555441
1949,2700,5044.92756,4907.009199,4990.235768,5101.997296,4947.433521,4987.857865,4975.96835,5025.904324,5018.770611,5311.253344,5342.166215,5273.206749
1949,2760,5173.334524,5287.47422,5087.729858,5106.753109,5116.264737,5325.520822,5399.236164,5220.892711,5463.439904,5285.096308,5344.544129,5304.119606
1949,2820,5242.293904,5285.096308,5030.660132,4940.299816,5261.317192,5320.764995,5161.444981,5154.311257,5289.852132,5358.811613,5589.469618,5491.974916
1949,2880,4994.991574,5261.317192,5052.061275,5071.084517,4890.363896,5118.642644,5163.82289,5149.555441,5130.53218,5113.88683,5258.939281,5677.452744
1949,2940,5087.729858,5197.113614,5244.671815,5156.689165,5251.805547,5175.712432,5287.47422,5149.555441,5173.334524,5496.730753,5510.998263,5384.968673
2004,0,5491.974916,5016.392707,4868.962796,4738.178425,4752.445801,4828.538513,4790.492148,4868.962796,4835.672209,4816.649022,4964.078837,4978.346253
2004,60,4654.952119,4731.044738,4576.48168,4945.05562,4712.021577,4735.80053,4735.80053,4838.050107,4835.672209,4885.608095,4828.538513,4985.479961
2004,120,4495.63343,4555.080665,4697.754208,4773.846869,4628.795297,4607.394268,4899.875497,4685.864737,4826.160615,5023.526419,4990.235768,4954.567228
2004,180,4609.77216,4700.132103,4742.934217,4833.29431,4707.265787,4857.073299,4845.183804,4811.893226,4916.520802,4994.991574,4921.276605,5047.305465
2004,240,4994.991574,4773.846869,4745.312113,4692.998419,4738.178425,4719.155262,4795.247943,4723.911052,4752.445801,5121.020551,4949.811423,5201.869433
2004,300,4692.998419,4614.527944,4761.957386,4968.834642,4847.561703,4819.02692,4897.497597,4968.834642,4930.78821,4914.142901,5142.421717,4994.991574
2004,360,4904.631298,4688.242631,4830.916412,4740.556321,4868.962796,4861.829098,4804.759533,5147.177533,4918.898703,5116.264737,5147.177533,5349.299957
2004,420,5287.47422,5099.61939,4766.713179,4954.567228,4692.998419,5254.183458,4980.724155,5727.389156,5092.485671,5389.724503,5318.387082,5851.041357
2004,480,5534.777454,5123.398458,5282.718396,5472.951574,4885.608095,5544.289132,5337.410388,6728.501888,5318.387082,5577.580014,5325.520822,6383.699176
2004,540,6117.369823,5192.357795,5330.276648,5929.513045,5054.43918,5560.934571,5201.869433,7819.99061,5351.677871,5629.894286,5420.637405,6852.155636
2004,600,6481.194965,5437.282818,5587.091697,6393.210955,5047.305465,6081.700781,5277.962572,8816.373487,5698.854059,5801.104868,5629.894286,7330.126727
2004,660,6702.344388,5958.048223,5632.272208,6823.620138,5249.427636,6521.620083,5608.492989,9681.976319,5929.513045,6271.935858,5684.586515,8036.387746
2004,720,7120.865401,5820.128288,5812.994505,7073.306084,5275.584661,7011.479016,5682.208591,10324.050403,6333.762355,6388.455066,5941.402701,8616.620317
2004,780,7004.345126,6143.527131,6231.510866,7917.488148,5461.061987,7629.751853,5874.820648,11132.595465,6523.998031,6588.202674,5934.268907,8799.72737
2004,840,7372.930248,6466.927281,6336.140298,7974.559933,5644.16182,8160.043515,6076.94491,11793.706028,6509.73034,6469.305228,6069.811104,8892.470064
2004,900,7422.867718,6566.801121,6650.029416,8255.163467,5751.16841,8198.091482,5924.757183,11456.015778,6659.541226,6466.927281,5893.844086,8894.848083
2004,960,7375.308222,6400.34479,6633.38375,7912.732168,5713.121606,8200.469481,5924.757183,11401.319604,6604.848331,6352.785902,6015.118611,8219.493472
2004,1020,7108.975569,6688.076665,6621.493991,7867.55037,5810.616578,8267.053469,5996.095144,10871.006463,6680.942805,6633.38375,5801.104868,8152.909523
2004,1080,7018.612906,6871.179306,6243.400567,7698.71335,5820.128288,8105.349593,5969.937884,10169.476541,6426.502191,6067.433168,5584.713776,7468.049265
2004,1140,6657.163274,6754.659395,6721.368023,7396.709992,5950.914428,8255.163467,5858.175143,9734.293274,6352.785902,6005.606877,5465.817821,7080.43998
2004,1200,6519.242134,6528.753929,6585.824723,7372.930248,6050.787624,7684.445449,6000.85101,9256.307822,6043.65382,6022.252412,5765.435966,6852.155636
2004,1260,6148.283006,6623.871942,5969.937884,6787.950781,5694.098211,7558.412435,5625.138441,8169.555505,6307.604985,5682.208591,5832.017929,6671.430991
2004,1320,6065.055233,6238.644687,6145.905069,6740.391663,5891.466156,7353.906458,5782.081452,8457.293741,5950.914428,5965.18202,5758.302188,6457.415493
2004,1380,6122.125697,6005.606877,6019.874478,6804.596479,5741.656707,6880.691143,5796.349013,7394.332017,5796.349013,5639.405975,5729.767081,6426.502191
2004,1440,6072.189039,6072.189039,5558.556651,6493.084703,5791.593159,6538.265725,5351.677871,6742.769618,5610.87091,5565.690412,5510.998263,5988.961345
2004,1500,5577.580014,6012.740677,5703.609908,6302.8491,5651.295588,6167.306509,5256.561369,6738.013708,5772.569745,5142.421717,5499.108671,6112.61395
2004,1560,5727.389156,5946.158564,5610.87091,6124.503634,5774.947672,6224.377046,5496.730753,6550.155472,5841.529642,5753.546336,5601.359224,6072.189039
2004,1620,5670.318973,5691.720287,5392.102418,5746.412559,5387.346588,5910.489598,5275.584661,6038.897951,5503.864508,5501.486589,5339.788302,5606.115067
2004,1680,5323.142908,5629.894286,5401.614079,5765.435966,5282.718396,5587.091697,5375.457014,5679.830668,5244.671815,5370.701184,5596.603382,5698.854059
2004,1740,5551.422891,5577.580014,5449.172402,5613.248832,5273.206749,5546.667051,5335.032475,5784.459378,5491.974916,5270.828837,5532.399534,5839.151714
2004,1800,5363.567441,5335.032475,5356.433699,5646.539743,5263.695103,5396.858248,5399.236164,5434.904902,5418.259489,5510.998263,5420.637405,5720.255381
2004,1860,5427.771153,5301.741693,5332.654561,5606.115067,5451.550319,5296.985869,5156.689165,5316.009169,5430.149069,5477.707409,5363.567441,5696.476135
2004,1920,5170.956615,5180.46825,5173.334524,5401.614079,5204.247342,5159.067073,5178.090341,5337.410388,5332.654561,5213.758981,5339.788302,5508.620345
2004,1980,5225.648531,4978.346253,5090.107764,5339.788302,5154.311257,5228.026441,5213.758981,5270.828837,5323.142908,5327.898735,5480.085327,5408.747826
2004,2040,5223.270621,5170.956615,5218.514801,5258.939281,5220.892711,5197.113614,5056.817085,5225.648531,5268.450926,5294.607956,5258.939281,5432.526986
2004,2100,5025.904324,5182.846159,5170.956615,5185.224068,5175.712432,5223.270621,5125.776365,5244.671815,5413.503657,5449.172402,5285.096308,5335.032475
2004,2160,5056.817085,4926.032407,5135.287994,5014.014803,4994.991574,5159.067073,5101.997296,5154.311257,5275.584661,5225.648531,5349.299957,5361.189527
2004,2220,4975.96835,5037.793846,4966.456739,5251.805547,5149.555441,5071.084517,5082.974046,5273.206749,5182.846159,5472.951574,5237.538083,5434.904902
2004,2280,5054.43918,4937.921914,5135.287994,5082.974046,5465.817821,5092.485671,5116.264737,5097.241483,5094.863577,5339.788302,5194.735704,5092.485671
2004,2340,4983.102058,4838.050107,4928.410308,5159.067073,5123.398458,5073.462423,5030.660132,4968.834642,5135.287994,5149.555441,5318.387082,5261.317192
2004,2400,5080.59614,5011.636899,5242.293904,5178.090341,4911.765,5140.04381,5125.776365,5163.82289,5082.974046,5201.869433,5294.607956,5242.293904
2004,2460,5047.305465,4983.102058,5140.04381,5175.712432,4987.857865,5030.660132,5094.863577,5116.264737,5209.003161,5097.241483,5270.828837,5151.933349
2004,2520,5021.148515,4975.96835,5068.706612,5140.04381,4842.805905,5030.660132,5073.462423,5140.04381,5025.904324,5346.922043,5373.079099,5382.590758
2004,2580,4921.276605,5147.177533,4964.078837,5059.19499,4907.009199,4997.369478,5028.282228,5173.334524,5282.718396,5161.444981,5465.817821,5263.695103
2004,2640,5154.311257,5006.881092,5132.910087,5118.642644,5201.869433,5170.956615,5006.881092,5068.706612,5206.625252,5082.974046,5387.346588,5149.555441
2004,2700,4973.590447,4940.299816,4947.433521,5092.485671,5147.177533,5085.351952,5097.241483,5099.61939,5044.92756,5180.46825,5375.457014,5261.317192
2004,2760,5316.009169,5354.055785,5144.799625,5377.834928,5109.131016,5220.892711,5237.538083,5280.340484,5123.398458,5197.113614,5527.643696,5375.457014
2004,2820,5078.218235,5135.287994,5087.729858,5085.351952,5209.003161,5273.206749,5151.933349,5344.544129,5335.032475,5741.656707,5370.701184,5446.794485
2004,2880,5085.351952,5002.125285,5308.875431,4854.6954,5040.17175,4985.479961,5211.381071,5063.950801,5220.892711,5094.863577,5549.044971,5520.509939
2004,2940,5182.846159,5156.689165,5185.224068,5170.956615,5092.485671,5156.689165,5361.189527,5149.555441,5249.427636,5263.695103,5501.486589,5449.172402
